14502	189	14025
5912	189	14025
13061	827	14025
6503	1244	14025
165	189	14025
13452	34	14025
5661	189	14025
2756	189	14025
11933	34	14025
4586	1244	14025
14025	1447	8462
7782	189	14025
3975	827	14025
22144	1890	33413
23363	2021	33413
25049	1890	33413
33413	2295	32840
33742	2307	33413
33890	1890	33413
33413	2135	26432
25300	1890	33413
27170	1890	33413
26952	2528	33413
23863	2528	33413
19553	1890	33413
33413	2135	25468
33413	2135	32449
23363	2528	33413
25468	2528	33413
31276	2307	33413
25468	2021	33413
32449	2528	33413
2756	189	11221
11221	1210	1028
11221	1116	1028
5770	652	11221
14502	189	11221
5912	189	11221
419	641	11221
11221	1516	16332
11221	921	8105
11313	189	11221
6148	756	11221
11221	1395	6148
165	189	11221
14153	34	11221
4547	37	11221
11221	1659	6148
5661	189	11221
11221	1060	16332
11221	1030	17341
14502	189	10675
2756	189	10675
10675	301	16297
10675	728	8759
7782	189	10675
7566	189	10675
165	189	10675
11313	189	10675
33468	2350	21414
33468	2295	32840
33468	1875	37090
19553	1890	33468
25049	1890	33468
30701	1890	33468
33890	1890	33468
25300	1890	33468
22144	1890	33468
33468	2552	27850
33468	2135	26432
30701	1890	30063
30063	1735	27478
30063	1735	25139
19553	1890	30063
26954	1890	30063
33890	1890	30063
30063	2429	28147
27170	1890	30063
22144	1890	30063
30063	2002	35509
23600	2460	20961
20656	2141	20961
30006	2457	20961
20785	2402	20961
20961	2100	19807
32731	2141	20961
20273	1890	20961
20697	2509	20961
28179	1890	20961
21793	1944	20961
19939	2457	20961
25617	2141	20961
19832	2224	20961
30340	2509	20961
30272	2307	20961
30152	2509	20961
20961	1808	30006
31158	1890	20961
29866	2528	20961
32872	2402	20961
27835	2090	20961
34020	2141	20961
21084	2141	20961
26715	2307	20961
32872	2509	20961
19536	2457	20961
20961	1924	20656
27777	2307	20961
23239	2457	20961
20961	1924	21084
24926	2528	20961
32715	2457	20961
20651	1890	20961
19553	1890	20961
21084	2528	20961
20836	2141	20961
28085	2024	20961
20961	2230	34383
29855	2509	20961
21849	2528	30609
19807	2342	30609
22144	1890	30609
30609	2135	32963
25300	1890	30609
33890	1890	30609
20416	2074	30609
30609	2087	31288
27722	2524	30609
25536	2457	30609
34020	2528	30609
30609	1836	35895
30701	1890	30609
19553	1890	30609
25049	1890	30609
30609	1875	25536
32244	2141	32338
20651	1890	32338
22887	2074	32338
27232	2330	32338
27487	2509	32338
32338	1924	19713
27487	2141	32338
29526	2528	32338
21272	2528	32338
32143	2141	32338
24295	2626	32338
32332	2141	32338
29171	2141	32338
29577	2528	32338
19553	1890	32338
27835	2090	32338
19713	2172	32338
32338	1875	36723
28179	1890	32338
32338	1836	38515
28997	2141	32338
28085	2024	32338
28992	2528	32338
19713	2021	32338
19713	2528	32338
20955	2141	32338
31158	1890	32338
32275	2074	32338
21960	2158	32338
29526	2141	32338
32338	1924	29526
10670	1447	8462
10670	1270	8462
13452	34	10670
165	189	10670
11313	189	10670
7566	189	10670
8697	323	12950
12950	107	17405
11087	457	12950
12950	223	325
12950	46	14397
1432	1338	12950
8447	389	12950
8324	759	12950
1263	189	12950
1884	366	12950
11770	189	12950
3038	366	12950
10138	440	12950
12950	223	10138
165	189	12950
12950	223	14397
8791	189	12950
12856	440	12950
12950	174	17405
325	440	12950
9609	440	12950
8697	323	1573
165	189	1573
10952	808	1573
14533	756	1573
2405	243	1573
1573	107	10618
11770	189	1573
551	756	1573
11634	756	1573
3851	756	1573
8447	389	1573
885	189	1573
8324	759	1573
8389	606	1573
1573	223	5371
10764	808	1573
10819	1654	1573
8791	189	1573
1573	529	8462
10618	116	1573
13343	440	1573
7286	756	1573
8233	113	1573
13327	756	1573
10884	606	1573
1573	223	14397
4174	827	1573
1263	189	1573
1696	440	1573
6229	440	1573
1448	440	1573
1573	46	14397
148	756	1573
10618	756	1573
5912	189	14080
14080	1634	16096
5661	189	14080
14080	1447	8462
11313	189	14080
14502	189	14080
165	189	14080
14080	1112	16096
14080	1270	8462
30058	2135	26432
19553	1890	30058
30058	2552	27850
30701	1890	30058
26954	1890	30058
27310	2135	26432
30701	1890	27310
27310	2350	21414
19553	1890	27310
26954	1890	27310
27310	2552	27850
0	0	0
4669	795	12288
2476	579	12288
10974	579	12288
11947	579	12288
14708	579	12288
7608	37	12288
5151	795	12288
8850	37	12288
6886	795	12288
12288	342	6295
12288	611	6295
9113	1644	12288
2529	688	12288
6498	37	12288
5944	37	12288
1599	382	12288
5209	579	12288
6295	1644	12288
6586	37	12288
4383	795	12288
11087	457	12288
14522	1025	12288
9989	579	12288
7941	795	12288
4833	233	12288
7358	611	7941
7358	875	14983
7358	875	4383
7358	725	6696
12123	382	8925
8925	342	13232
8925	406	12123
8925	342	13573
8925	875	4383
8925	611	13573
31676	2768	27733
33910	2861	31676
30334	2496	31676
31676	2107	20912
25974	2496	31676
24221	1934	31676
25683	2496	31676
31676	2751	28545
29657	2496	31676
31335	2280	31676
33758	1738	31676
31676	2426	26230
20839	2496	31676
26274	1738	31676
23772	2426	31676
28501	1738	31676
20166	2496	31676
24597	2280	31676
27611	2280	31676
23771	2496	31676
24057	1738	31676
25332	1738	31676
25974	1738	28414
28414	2451	36522
28414	2576	19955
24846	2602	28414
28414	2454	31174
28414	2312	29704
28414	2535	25974
28414	2249	31174
28414	1727	20839
28414	2249	32226
28414	2535	30810
28414	2043	30810
28414	2454	32107
26274	1738	28414
28414	2043	32620
28414	2451	26129
28414	1849	26274
24846	2280	28414
28414	2454	32226
28414	2576	34371
28414	2312	26274
28835	2027	28414
28414	2312	25974
28414	2576	23771
28414	2265	21963
29704	1738	28414
26746	2538	30193
23771	1738	26746
26746	2312	27329
26746	2576	23771
26746	2451	30171
26746	2576	34371
33318	2075	26746
31511	2083	28313
28313	2265	24572
28313	2576	23771
30334	1738	28313
28313	1727	30334
28313	2576	36950
28313	2576	31334
31334	1738	28313
33600	2509	32619
31822	2307	32619
32275	1735	32619
28885	2528	32619
26198	2509	32619
21017	2528	32619
31253	2205	32619
24371	2457	32619
26378	2528	32619
28922	2528	32619
32521	2457	32619
34332	2307	32619
19807	2342	32619
28092	2528	32619
19633	1735	32619
22511	2307	32619
31408	2528	32619
22399	2528	32619
29437	2528	32619
19413	2528	32619
23830	2509	32619
33365	2528	32619
24244	2528	32619
25554	2457	32619
20891	1884	32619
20857	2457	32619
33061	2528	32619
21279	2528	32619
29426	2528	32619
20999	2528	32619
30340	2509	32619
28861	2509	32619
20511	2457	32619
31476	2528	32619
32907	1735	32619
34263	1884	32619
26263	2509	32619
25153	2528	32619
32592	2509	32619
25473	1884	32619
21121	2528	32619
32342	2457	32619
29657	2260	32619
21612	2074	32619
30815	2457	32619
25804	1944	32619
23205	2307	32619
21644	2528	32619
32621	2742	32619
24597	2528	32619
23137	2528	32619
22115	1884	32619
32569	1735	32619
22742	1735	32619
31591	2509	32619
21272	2528	32619
20388	1735	32619
30582	2307	32619
22206	2457	32619
21873	1857	32619
23182	1735	32619
31340	1735	32619
32488	2225	32619
31187	2509	32619
20123	2528	32619
31321	2307	32619
32619	2219	33472
20464	2528	32619
27174	2528	32619
25765	2389	32619
23583	2509	32619
20686	2509	32619
22233	2528	32619
32272	2528	32619
21795	1884	32619
22705	2528	32619
31589	2497	32619
30740	1944	32619
25600	2528	32619
20143	2509	32619
29594	2528	32619
31694	2393	32619
23345	2389	32619
34375	2528	32619
24539	2260	32619
33652	2509	32619
32850	1944	32619
24774	2528	32619
26515	2509	32619
32312	2457	32619
28951	1944	32619
30364	2528	32619
30001	2402	32619
29523	2528	32619
28125	2528	32619
32619	2350	28673
31567	2528	32619
29803	1735	32619
31999	2528	32619
21359	2528	32619
33535	1884	32619
22776	2528	32619
30589	2528	32619
27637	2528	32619
25535	2528	32619
21897	2457	32619
21928	1884	32619
19538	2528	32619
21349	2393	32619
32858	2528	32619
19508	2509	32619
27636	2528	32619
31253	1884	32619
33381	2528	32619
20037	1735	32619
20820	2509	32619
33058	2528	32619
31772	2307	32619
34313	2528	32619
34053	2509	32619
32517	2528	32619
33328	1735	32619
24201	2307	32619
27016	1735	32619
25003	2528	32619
29150	2528	32619
27774	2457	32619
21851	2509	32619
33045	1735	32619
21422	1884	32619
24839	1732	32619
19679	2509	32619
25673	2393	32619
23540	1735	32619
24367	2528	32619
27024	2386	32619
29910	2074	32619
23988	2457	32619
33696	2528	32619
21793	1944	32619
25513	1735	32619
28451	1944	32619
30797	2528	32619
29400	1735	32619
23551	1884	32619
31276	2307	32619
21967	2528	32619
29510	2528	32619
21193	2193	32619
27032	1884	32619
21404	1735	32619
21282	1857	32619
30505	2509	32619
29002	2528	32619
26920	2021	32619
25505	2393	32619
26765	2509	32619
26239	2528	32619
30152	2509	32619
20040	2260	32619
22415	2457	32619
28951	1735	32619
24154	2528	32619
27611	2389	32619
25915	2528	32619
32619	2350	27740
30178	1884	32619
32959	1944	32619
33973	2393	32619
31132	2457	32619
27086	2509	32619
20577	1735	32619
28382	2393	32619
29021	1735	32619
31139	2528	32619
27762	1884	32619
21570	2104	32619
22978	2528	32619
33904	2528	32619
31487	2509	32619
29568	2528	32619
23288	2509	32619
21631	2528	32619
28642	2528	32619
22628	2509	32619
22371	2528	32619
21780	2307	32619
19904	1891	32619
21851	2528	32619
24444	2509	32619
29819	2457	32619
32769	2528	32619
32081	2528	32619
31180	2158	32619
28610	1857	32619
26566	2509	32619
23647	2509	32619
30178	2402	32619
32218	2457	32619
27505	2528	32619
28463	2509	32619
30495	2528	32619
29330	1944	32619
21410	1884	32619
30434	2457	32619
33151	2528	32619
21148	2457	32619
24863	2457	32619
28347	2509	32619
20748	2528	32619
21597	1884	32619
29855	2509	32619
27028	1735	32619
20083	2509	32619
28732	2457	32619
30505	1884	32619
23254	2528	32619
23264	2528	32619
32504	2402	32619
32728	2528	32619
21631	2509	32619
23264	2509	32619
21332	2247	32619
30981	2457	32619
22297	2021	32619
31695	2528	32619
24920	2528	32619
23139	1891	32619
24392	2528	32619
25844	2528	32619
25791	2393	32619
25033	1884	32619
19750	2021	32619
34213	2528	32619
28902	2528	32619
31339	2528	32619
28854	2509	32619
22954	2528	32619
27057	2528	32619
33574	2528	32619
32595	2528	32619
26336	2528	32619
20110	2528	32619
21585	2528	32619
31778	2389	32619
31627	2402	32619
31187	1884	32619
23050	2509	32619
31616	2457	32619
23397	2074	32619
21747	2402	32619
22705	2509	32619
29653	2528	32619
32323	1884	32619
23872	2528	32619
32921	2457	32619
30152	2528	32619
25473	2402	32619
26996	2260	32619
26924	2074	32619
27111	2393	32619
34145	2509	32619
33538	1884	32619
31463	2307	32619
29577	2528	32619
25679	2389	32619
30954	2393	32619
25317	2528	32619
21193	2104	32619
33054	2528	32619
27488	1735	32619
28590	1735	32619
21831	2528	32619
22652	2457	32619
20186	1884	32619
25987	1884	32619
20785	2402	32619
30770	2528	32619
24638	1884	32619
31278	2457	32619
22453	1735	32619
21185	2509	32619
28095	2528	32619
27527	2528	32619
29364	2457	32619
27667	1884	32619
26095	2386	32619
21409	2509	32619
25147	2509	32619
33394	2509	32619
24244	2509	32619
32980	2528	32619
30681	1735	32619
31028	2528	32619
34202	2457	32619
31089	2528	32619
26108	2021	32619
33598	2528	32619
32619	2135	21027
28037	2253	32619
21235	2528	32619
30461	1884	32619
34263	2509	32619
33743	2402	32619
31253	2528	32619
31074	2528	32619
21143	2509	32619
28264	2402	32619
33742	2307	32619
32238	2260	32619
27228	1735	32619
24030	2528	32619
33527	2307	32619
19833	2528	32619
24475	2457	32619
19602	2509	32619
26197	2793	32619
25260	2457	32619
29018	2509	32619
32774	2021	32619
26220	2528	32619
30004	2509	32619
22249	2528	32619
21132	2528	32619
23274	1884	32619
28714	2528	32619
32619	2419	29987
23185	1732	32619
24933	1884	32619
32256	2528	32619
29156	2509	32619
30047	2528	32619
25699	2528	32619
32288	2457	32619
23050	2402	32619
34263	2528	32619
25513	2359	32619
26859	2307	32619
25165	2457	32619
31567	2509	32619
24434	1884	32619
28173	2528	32619
24908	2389	32619
34313	1884	32619
23235	1735	32619
22136	2695	32619
32663	2393	32619
31119	2509	32619
24471	1735	32619
32034	2509	32619
33703	2528	32619
26186	2457	32619
26399	2528	32619
34004	2528	32619
31912	2509	32619
29024	2457	32619
32034	2528	32619
21713	2528	32619
31871	1944	32619
31477	1735	32619
31622	2528	32619
20382	2528	32619
29563	2260	32619
32111	2528	32619
22697	2104	32619
26095	2393	32619
23282	2528	32619
28365	2982	32619
25085	2528	32619
23495	2021	32619
25567	2528	32619
31165	2528	32619
23041	2528	32619
27901	2528	32619
32714	2402	32619
25235	2528	32619
26637	2457	32619
23834	1735	32619
23050	1884	32619
25181	2528	32619
27622	2509	32619
22650	2528	32619
23050	2205	32619
23495	2528	32619
23834	2074	32619
25012	2528	32619
27807	1857	32619
21711	2528	32619
28463	2528	32619
28816	2528	32619
28340	2457	32619
19739	2457	32619
20748	2509	32619
23771	2260	32619
20456	2516	32619
29261	2528	32619
19713	2528	32619
22394	2528	32619
25367	2074	32619
25886	2260	32619
20404	2457	32619
28199	2509	32619
30518	2509	32619
26487	2791	32619
29260	2528	32619
32619	2135	33703
28292	2528	32619
34310	1884	32619
31516	1857	32619
26549	2307	32619
29301	2528	32619
22889	2158	32619
22628	2510	32619
22120	2528	32619
22005	1735	32619
26162	2509	32619
30334	2260	32619
20600	2457	32619
25856	2528	32619
22086	2457	32619
29342	1884	32619
31339	2509	32619
33011	1732	32619
27667	2528	32619
27691	1944	32619
23563	2528	32619
21441	2528	32619
30341	1735	32619
29072	2393	32619
21820	2528	32619
27442	2457	32619
26731	2528	32619
21192	2402	32619
26277	2171	32619
26508	1735	32619
20213	2457	32619
32932	2205	32619
32099	1735	32619
20032	2457	32619
33714	2509	32619
31531	2307	32619
19740	2389	32619
21841	2457	32619
20076	2528	32619
33053	2402	32619
23643	2509	32619
23063	1884	32619
28380	2509	32619
29530	2528	32619
32824	2457	32619
33214	2528	32619
23477	1884	32619
20527	2528	32619
30554	1884	32619
32805	2509	32619
19453	2528	32619
20791	1732	32619
23629	2393	32619
32399	2260	32619
31482	2457	32619
31863	1732	32619
26257	2528	32619
28208	2171	32619
31437	2457	32619
25652	2528	32619
29879	2528	32619
23407	2791	32619
25355	2457	32619
21821	2247	32619
32388	2528	32619
22317	1776	32619
22496	2260	32619
27637	2021	32619
20074	2457	32619
33910	1884	32619
28994	2528	32619
21713	2509	32619
27974	2528	32619
24054	2457	32619
30198	2528	32619
25241	2528	32619
20154	1735	32619
23188	2528	32619
24618	2528	32619
28318	2457	32619
27524	1884	32619
27495	2205	32619
32877	2982	32619
27201	2528	32619
31578	2509	32619
28896	2074	32619
21216	2528	32619
23643	2528	32619
22041	1735	32619
29314	2528	32619
23933	2193	32619
32791	1735	32619
20960	1735	32619
23933	2104	32619
28451	2528	32619
28401	2457	32619
27670	2509	32619
33039	2509	32619
25761	2457	32619
33887	2402	32619
29156	2528	32619
30747	2528	32619
22274	2359	32619
21333	2528	32619
31151	1735	32619
20686	2528	32619
22008	2509	32619
30006	2457	32619
34184	2402	32619
21672	1884	32619
24090	2528	32619
19536	2457	32619
21346	2402	32619
25289	2457	32619
26735	2528	32619
20815	2528	32619
25779	2528	32619
20465	2528	32619
30879	2205	32619
32413	1884	32619
34164	2528	32619
32972	2260	32619
25354	2528	32619
30402	2074	32619
24331	1735	32619
29054	2528	32619
21445	2528	32619
32772	2528	32619
20051	2528	32619
21877	2528	32619
33976	2260	32619
32517	1884	32619
25545	2528	32619
28771	2528	32619
22327	2457	32619
28172	1735	32619
24626	1735	32619
34335	1735	32619
26263	2528	32619
33443	2528	32619
23886	1884	32619
19920	2457	32619
19808	2171	32619
33535	2509	32619
29861	2528	32619
23271	2457	32619
23288	2528	32619
24244	1884	32619
29932	1884	32619
32619	2092	29417
22411	2528	32619
29987	2418	32619
32619	1875	23125
23562	2528	32619
32872	2528	32619
24375	2528	32619
24792	2528	32619
23570	2389	32619
24259	2457	32619
29436	1944	32619
29398	2528	32619
30844	1735	32619
22624	2307	32619
25710	2307	32619
27429	1735	32619
32276	2791	32619
32805	2389	32619
30356	2528	32619
19955	2260	32619
21159	2953	32619
19788	2393	32619
25997	2307	32619
33702	1884	32619
27023	1944	32619
28127	1944	32619
21193	2287	32619
33061	2509	32619
20570	2791	32619
26378	2509	32619
25007	2528	32619
27763	2528	32619
26646	2528	32619
32619	1836	28749
21670	2359	32619
30554	2402	32619
25339	2402	32619
29150	2509	32619
23050	2528	32619
29261	2509	32619
25813	2528	32619
33535	2402	32619
22929	2528	32619
21831	2509	32619
26197	2742	32619
24388	2393	32619
23933	1735	32619
29241	2457	32619
23748	2528	32619
31916	2021	32619
22923	1735	32619
21510	2205	32619
20093	2528	32619
25546	1884	32619
23936	2528	32619
28291	2402	32619
22263	1944	32619
22697	2359	32619
31380	1735	32619
28243	2528	32619
32504	1884	32619
32619	2135	26230
32983	1735	32619
24926	2528	32619
21651	2457	32619
23424	2460	32619
30204	2528	32619
28902	2509	32619
30308	2528	32619
22191	2112	32619
32755	2402	32619
25473	2205	32619
31384	1735	32619
20058	2307	32619
31026	2393	32619
31175	1934	32619
32896	2402	32619
23900	2307	32619
26715	2307	32619
28893	2402	32619
30893	2528	32619
23264	1884	32619
20246	2509	32619
33902	2528	32619
29182	2528	32619
27453	2389	32619
32149	2528	32619
29399	1884	32619
28317	2528	32619
25852	2528	32619
34088	2528	32619
22845	1735	32619
27013	2528	32619
31502	1944	32619
23405	1735	32619
21718	2307	32619
27524	2528	32619
21184	2342	32619
32074	1884	32619
34304	2509	32619
23573	2528	32619
23633	1735	32619
30791	2528	32619
26073	1735	32619
30702	2457	32619
25611	1884	32619
31559	2509	32619
31136	1884	32619
31174	2260	32619
21019	2359	32619
20284	1947	32619
19636	2509	32619
24221	1944	32619
21471	2393	32619
30797	1884	32619
33758	2260	32619
21202	2791	32619
31290	2528	32619
33931	2528	32619
34310	2528	32619
25884	2982	32619
33361	2528	32619
26515	2528	32619
33538	2402	32619
32397	2307	32619
28045	2457	32619
28701	2528	32619
29841	2509	32619
33063	2528	32619
32475	2393	32619
20465	2509	32619
30260	2205	32619
29526	2528	32619
25700	2457	32619
32417	2528	32619
30747	2509	32619
27275	2528	32619
31175	1944	32619
34043	2389	32619
20123	2509	32619
31615	2528	32619
26386	2528	32619
33295	2528	32619
25017	2457	32619
31737	2393	32619
26068	1735	32619
33295	2509	32619
20362	2528	32619
24261	2528	32619
24632	2457	32619
25027	1735	32619
34254	2205	32619
29020	2528	32619
22905	1884	32619
29114	2457	32619
26309	2393	32619
29018	2528	32619
19408	1857	32619
28608	2528	32619
29141	2528	32619
32966	1735	32619
28773	1735	32619
21823	1884	32619
28243	2509	32619
32789	2528	32619
29640	2528	32619
31548	1735	32619
29213	1735	32619
20684	1735	32619
22893	2389	32619
31408	2509	32619
21453	2389	32619
21019	2104	32619
28612	2528	32619
25140	1857	32619
23573	1884	32619
22682	1735	32619
25656	2524	32619
23424	2516	32619
23595	1884	32619
28408	1735	32619
21279	2509	32619
23990	2528	32619
28826	1735	32619
21670	2104	32619
28044	1735	32619
32715	2457	32619
24971	2307	32619
22064	1735	32619
25435	1724	32619
22335	1735	32619
27667	2021	32619
20848	1884	32619
19733	2528	32619
31667	2457	32619
27653	2158	32619
23242	1884	32619
32308	1735	32619
32086	2528	32619
30980	2307	32619
33054	2509	32619
28570	2528	32619
29695	2528	32619
20766	2529	32619
24123	2386	32619
32270	2528	32619
28793	2528	32619
29866	2528	32619
29455	1735	32619
19905	2528	32619
23696	2509	32619
33838	2457	32619
26584	2307	32619
33681	1857	32619
20262	2307	32619
20403	1735	32619
30782	2509	32619
21193	2359	32619
34249	2389	32619
23218	2457	32619
22456	2457	32619
32143	2528	32619
34053	2528	32619
21774	2457	32619
30178	2528	32619
32938	2074	32619
26802	2393	32619
26957	1735	32619
22313	1735	32619
28908	2386	32619
21159	1735	32619
30044	2528	32619
32619	2350	28545
31636	2497	32619
32232	2307	32619
25792	1884	32619
26656	1944	32619
26198	2528	32619
33093	2528	32619
22297	2528	32619
28854	2528	32619
29329	2260	32619
22854	1884	32619
32639	2205	32619
24202	2528	32619
21864	2528	32619
23933	2287	32619
31126	1735	32619
26175	1944	32619
26304	2074	32619
31013	2528	32619
22361	2528	32619
23835	1884	32619
28891	2528	32619
33145	2528	32619
24375	2021	32619
29387	1944	32619
29557	1944	32619
28893	1884	32619
23476	1735	32619
29537	2528	32619
20880	2528	32619
19538	1884	32619
26471	2457	32619
26108	2528	32619
25103	1735	32619
23696	2528	32619
24521	2528	32619
24033	2393	32619
28589	2393	32619
31684	1735	32619
32755	1950	32619
26149	2457	32619
24918	2393	32619
27948	1944	32619
32742	2074	32619
30298	2389	32619
19713	2021	32619
21193	1735	32619
33126	2528	32619
30946	2457	32619
21409	2528	32619
20132	2528	32619
21583	2528	32619
24382	2528	32619
31363	2389	32619
19602	2528	32619
31099	2509	32619
32274	2393	32619
33835	2307	32619
31787	1884	32619
21970	2457	32619
26104	2260	32619
27840	1735	32619
31548	2074	32619
21318	2457	32619
21084	2528	32619
28591	1735	32619
24737	2268	32619
26655	2528	32619
21954	1720	32619
32107	2260	32619
31099	2528	32619
32619	2135	30356
24979	2509	32619
32805	2528	32619
34371	2260	32619
25041	1884	32619
20573	1732	32619
24792	2509	32619
23595	2528	32619
20720	2528	32619
21806	1735	32619
23166	2457	32619
28670	1735	32619
24161	2528	32619
26492	2307	32619
25535	2509	32619
22043	1735	32619
31040	2528	32619
19720	2528	32619
23161	2528	32619
30770	2021	32619
22263	2528	32619
27498	2457	32619
30500	2389	32619
32860	2528	32619
25254	2393	32619
30505	2528	32619
28215	2402	32619
33344	2528	32619
33121	1944	32619
31104	2528	32619
28714	2509	32619
26427	1735	32619
21570	2359	32619
26968	2389	32619
23063	2402	32619
31160	2393	32619
23117	2402	32619
28988	2393	32619
29164	2509	32619
21187	2528	32619
22066	2528	32619
33134	2457	32619
27844	2528	32619
32001	1944	32619
27892	2528	32619
27232	2330	32619
21881	2528	32619
26765	2528	32619
30114	2402	32619
23998	2457	32619
24992	2528	32619
20008	2528	32619
24040	2528	32619
24810	2457	32619
32465	2307	32619
28642	1884	32619
26700	2528	32619
32902	2528	32619
26515	2034	32619
29062	2457	32619
32619	2390	32276
30373	2509	32619
24989	2307	32619
27608	2528	32619
26162	2528	32619
29253	2528	32619
25044	2528	32619
22021	2509	32619
33837	1735	32619
27623	2528	32619
29454	2260	32619
31957	2528	32619
32939	2528	32619
31603	2871	32619
19904	2645	32619
33829	2528	32619
30956	2100	32619
34096	2528	32619
28714	1884	32619
20824	2528	32619
28994	2509	32619
28841	2528	32619
33714	2528	32619
31187	2528	32619
25899	1735	32619
23122	2457	32619
32260	2528	32619
34383	2516	32619
22909	2393	32619
32413	2509	32619
31617	2528	32619
26274	2260	32619
22887	1735	32619
29799	1884	32619
34337	2509	32619
30876	2528	32619
32802	2528	32619
28062	2528	32619
21027	2528	32619
24261	1884	32619
26223	2457	32619
24010	2393	32619
27845	1735	32619
24108	2205	32619
32257	1884	32619
32255	2528	32619
30326	2528	32619
33198	2307	32619
24760	1735	32619
28535	2528	32619
25204	2528	32619
23391	2389	32619
20073	1735	32619
19700	2457	32619
29754	2528	32619
24283	2528	32619
33324	1735	32619
33536	2509	32619
29469	1944	32619
31335	2528	32619
31955	2021	32619
20566	2402	32619
21728	1857	32619
22956	1735	32619
30518	2528	32619
0	0	0
14585	226	3135
10686	154	14585
3135	154	14585
14585	226	10686
852	791	14585
4745	388	14123
14123	440	13657
9313	388	14123
14123	70	13550
14560	126	14123
12984	388	14123
9224	388	14123
25	388	14123
10062	388	14123
5538	1	14123
5816	733	14123
1227	126	14123
14123	463	18823
3885	126	14123
2022	388	14123
3715	733	14123
13025	388	14123
3900	733	14123
5392	388	14123
5793	388	14123
3023	388	14123
10038	396	14123
3135	1570	14123
13238	1570	14123
4207	4	14123
14922	388	14123
10686	1570	14123
14123	70	7129
14925	4	14123
6085	126	14123
5816	388	14123
11040	126	14123
1227	388	14123
13985	388	14123
2243	388	14123
2115	388	14123
11652	388	14123
12806	1338	14123
10938	388	14123
10785	388	14123
9614	388	14123
10872	388	14123
27779	2164	32618
32618	1915	27779
26062	2164	32618
32618	2164	28036
32618	2141	33045
32618	2520	27779
21017	2164	32618
21631	2164	32618
32618	1722	33785
23056	2164	32618
20123	2164	32618
32618	1915	26198
32244	2199	32618
32618	2509	21622
32618	2353	33146
32618	2509	29217
29156	2164	32618
21631	2573	32618
32618	2353	26539
33295	2573	32618
32618	2353	24059
33146	2520	32618
21864	2573	32618
26539	2381	32618
28036	1915	32618
24059	2520	32618
32618	2520	33146
25446	2164	32618
32618	2127	29156
24587	2159	32618
22523	2164	32618
32618	2451	36581
31170	2164	32618
26198	2164	32618
32618	2268	36384
24774	2573	32618
25520	2164	32618
27779	2353	32618
33973	1927	30074
30074	2509	33168
30074	1855	33973
30074	2089	33511
30074	2089	31082
22523	2234	30074
30074	2291	22523
33973	2393	32619
33973	1927	30074
33973	2112	33045
30074	1855	33973
33973	1968	26094
33973	1927	22523
22523	1855	33973
33973	2112	33168
22523	2291	36321
22523	2353	36321
22523	2528	37518
22523	1994	37518
23235	2032	37518
0	0	0
27799	2208	34601
27683	2333	34601
8295	1053	8177
8177	1699	11481
8177	1294	8295
13329	1636	8177
8177	1315	8295
8411	1560	8177
8177	908	8411
7033	1636	8177
8177	962	8819
8295	962	8819
11330	725	8819
8411	1558	8819
8819	1560	11481
8819	950	4010
4406	1389	8819
8819	1690	8411
8819	922	2180
2180	1118	8819
8177	962	8819
12014	226	8819
8411	1095	11481
8177	1699	11481
11481	1176	2180
8819	1560	11481
8295	1699	11481
2180	1315	11481
8411	1641	17642
11330	725	4010
11330	725	11078
11330	552	5962
11330	725	8819
11330	323	2123
11330	725	18444
11330	725	17152
11330	552	4406
11330	725	7501
11330	725	9403
11330	725	16498
11330	725	4100
11330	725	14273
11330	725	8411
21568	1956	31402
26896	2568	31402
26889	2568	31402
23979	1956	31402
27482	2568	31402
32278	1956	31402
30869	1956	31402
31249	1956	31402
29499	1956	31402
31161	1956	31402
33817	1956	31402
23703	1956	31402
19504	2568	31402
26844	2568	31402
28207	1956	31402
20561	2568	31402
28606	1956	31402
32717	1956	31402
20340	1956	31402
31402	2286	33817
22610	2568	31402
31402	2374	23794
33180	1956	31402
27799	1956	31402
31402	1950	22566
25590	1956	31402
29395	1956	31402
22332	2568	31402
27864	1956	31402
32310	1956	31402
27683	1956	31402
33661	1956	31402
31282	1956	31402
31402	1927	28207
23398	1956	31402
32335	1956	31402
21452	1956	31402
22484	2568	31402
25155	1956	31402
29047	1956	31402
29601	1956	31402
32145	1956	31402
21830	1956	31402
31717	1956	31402
30718	2426	23398
30718	2426	36276
30718	2253	23794
30718	2253	24182
30718	2426	37092
30718	2426	27799
30718	2426	36829
23794	2489	30718
30718	2426	33661
30718	2426	36892
30718	2426	28791
30718	2426	30466
27799	2532	38473
27565	2291	30869
27799	2127	27565
30869	2234	27565
32159	2520	27565
27565	2127	27799
27683	2353	27565
27565	2172	23794
27565	2520	29395
27683	2291	27565
27565	2234	27683
29395	2353	27565
28207	2520	27799
28207	2127	21568
28207	2234	27799
28207	2127	30869
28207	2532	27799
28207	1956	31402
27799	1900	28207
28207	2532	23398
23398	1900	28207
21568	2127	28207
31402	1927	28207
30869	2127	28207
27799	2353	28207
27683	2520	32145
27683	2509	31659
27683	2333	31659
27683	2234	32717
27683	2333	34601
27683	2333	26496
29395	2353	27683
32717	2291	27683
27683	2333	30623
27799	2127	27683
27683	2353	27565
27683	2532	33661
27683	1956	31402
27683	2509	23576
27683	2291	27565
27683	2127	27799
33661	2301	27683
27683	2520	29395
27565	2234	27683
26421	2127	33661
26889	1900	33661
33661	2264	23398
32717	2127	33661
33661	2528	30623
27799	2532	33661
26889	2353	33661
33661	2127	29395
33661	2532	26889
33661	1900	27799
29395	2127	33661
33661	2137	23794
33661	2172	24294
33661	2127	32717
33661	2520	26889
33661	2528	26496
27683	2532	33661
33661	1956	31402
27799	2520	33661
30718	2426	33661
33661	2127	26421
33661	2301	27683
33661	2509	23576
33661	2509	23794
33661	2353	27799
11481	1176	2180
2180	1021	8411
2180	1315	11481
8819	922	2180
2180	1118	8819
8295	1053	8177
8295	962	8819
8295	1214	17695
8177	1294	8295
8295	1114	17695
8411	1560	8295
7033	1699	8295
8177	1315	8295
8295	1699	11481
14273	1095	8295
8295	951	4188
13329	1699	8295
10007	1699	8295
8295	1378	14273
8295	908	8411
2064	1342	14273
7501	1558	14273
14273	1560	13329
14273	1361	8411
14273	1095	8295
14273	1333	4188
11330	725	14273
8411	1029	14273
14273	1690	7501
7108	73	14273
14273	1638	4406
8411	1690	14273
14273	1558	8411
7501	1361	14273
14273	1560	10007
8295	1378	14273
14273	1560	7033
8411	1095	11481
8411	1558	8819
8411	1560	8295
2180	1021	8411
8411	1560	8177
14273	1361	8411
8819	1690	8411
8411	1641	17642
8411	1661	8411
8411	1661	8411
8411	1029	14273
8177	908	8411
4406	1389	8411
8411	1690	14273
14273	1558	8411
8295	908	8411
11330	725	8411
27565	2291	30869
30869	2291	21568
30869	1956	31402
30869	2234	27565
28207	2127	30869
30869	2532	27799
21568	2234	30869
27799	2301	30869
30869	2127	28207
30869	2172	23794
8094	1638	4406
4406	1389	4906
11674	942	4406
8394	1286	4406
7508	1638	4406
11330	552	4406
7703	1186	4406
4406	1473	14429
4406	1389	8819
8405	1635	4406
4406	1389	17285
12757	1443	4406
14356	1286	4406
6598	34	4406
4406	1408	5630
4406	921	12162
10223	552	4406
14613	1078	4406
14669	1332	4406
14273	1638	4406
4406	1389	8411
2158	1286	4406
4406	921	8860
4406	1473	8454
14598	587	4406
4406	1408	1252
4406	1473	4591
1153	1067	4406
3096	1638	4406
3222	1638	4406
4406	1408	4536
12014	673	4406
4406	1473	8432
12757	942	4406
952	1638	4406
2442	1186	4406
4313	1635	4406
27799	2127	37910
0	0	0
6067	502	11551
6067	700	17568
6067	745	4922
6067	104	11472
10956	502	6067
6067	502	5949
5949	745	6067
6067	502	852
4922	104	7637
6067	745	4922
4922	697	4064
4922	1235	14268
5949	745	4922
4922	104	22
4922	1235	4651
25455	1805	30860
25455	2446	30344
25455	2446	24310
24310	2203	25455
30939	2446	25455
25455	2203	20240
30860	1980	25455
25455	2492	25455
25455	2492	25455
30344	2203	25455
25337	2446	25455
25455	2203	30939
25455	2203	25337
24310	2203	30939
25337	2446	24310
24310	2401	35248
25455	2446	24310
24310	2203	25455
24310	1805	32185
30939	2446	24310
24310	2203	25337
24310	1805	19410
24310	2203	24039
24310	2203	24896
24310	2398	23452
24896	2446	24310
24310	2203	20240
24310	1805	25560
24310	1805	27025
24310	2203	35233
10956	745	8989
10956	502	9993
11551	745	10956
10956	502	5949
10956	502	13678
5949	745	10956
10956	502	326
10956	502	14268
10956	502	6067
10956	104	22
10956	104	6172
10956	104	5473
10956	104	7637
10956	104	5640
10956	502	11275
6067	700	17568
5949	700	17568
25028	1980	30939
24310	2203	30939
24039	2203	30939
25337	2203	30939
29599	2463	30939
20100	2446	30939
30939	2446	32403
32185	1980	30939
30939	2446	33656
29599	2203	30939
21255	1980	30939
30939	2446	21971
29350	1743	30939
34229	1980	30939
31410	2463	30939
30939	2446	35901
30939	2446	34980
30939	2446	25455
29786	1980	30939
30939	2401	26865
26057	1980	30939
30939	2446	30344
31190	2463	30939
33892	2463	30939
31007	2463	30939
30939	2446	24310
25418	1980	30939
30939	2492	23615
23147	2203	30939
33426	2463	30939
28619	2203	30939
30860	1980	30939
33656	2203	30939
27952	1733	30939
25857	2463	30939
32457	2463	30939
25933	2203	30939
30396	2463	30939
30939	2446	28619
22343	2463	30939
21971	2203	30939
23290	2463	30939
30905	2463	30939
24861	1980	30939
22309	1733	30939
28287	1980	30939
19829	2463	30939
26865	1855	30939
25560	1980	30939
20783	2463	30939
30939	2446	29599
30939	2446	26042
30939	2446	30663
30939	2446	29014
30939	2446	24039
24969	2463	30939
32044	2463	30939
26698	2463	30939
30838	2463	30939
30939	2446	23147
32340	1980	30939
28615	2463	30939
23410	1980	30939
33862	1980	30939
30939	2492	30288
25455	2203	30939
23110	2463	30939
21373	1980	30939
23096	2463	30939
22554	2463	30939
20842	2463	30939
31824	2463	30939
32455	2463	30939
32315	1980	30939
2583	502	11551
13069	762	11551
11551	502	4011
1867	279	11551
1395	762	11551
11551	745	9231
6067	502	11551
9231	502	11551
11551	502	17524
1454	762	11551
9962	762	11551
14841	279	11551
11551	791	4227
11551	745	10956
14504	762	11551
2955	762	11551
4011	745	11551
11551	745	9626
14038	762	11551
6469	762	11551
14268	502	11551
10211	502	11551
3708	762	11551
5473	279	11551
11551	502	15235
5581	762	11551
7477	154	11551
5640	279	11551
14474	279	11551
11551	502	4567
11551	502	712
11551	745	6654
5949	502	11551
9227	762	11551
13067	762	11551
712	745	11551
11551	745	10211
11551	745	2583
11472	279	11551
12436	762	11551
10420	745	11551
11551	791	10900
5483	762	11551
11802	762	11551
3902	762	11551
6669	279	11551
6545	502	11551
11551	745	3759
14268	745	11551
3759	502	11551
3722	762	11551
11551	791	4752
9626	502	11551
12952	279	11551
11517	762	11551
9230	762	11551
22	279	11551
1985	279	11551
11008	762	11551
6172	279	11551
12280	762	11551
12656	762	11551
24310	2401	35248
25337	2401	35248
30663	2446	30344
30344	2446	30663
25455	2446	30344
29822	2446	30344
30344	1805	19410
30939	2446	30344
30344	2203	33656
30344	1805	24861
19714	2446	30344
23110	2463	30344
25337	2446	30344
30344	2203	29381
24212	2446	30344
28551	2446	30344
30344	1805	25028
30344	2446	28377
30344	2203	28551
30344	2203	28377
33656	2446	30344
30344	2203	25455
30663	2203	30344
30344	2203	29822
28377	2446	30344
30344	1805	27025
30344	2203	25337
30344	1805	25560
28377	2203	30344
30344	2203	24212
30344	2203	30663
0	0	0
