240	104	5284
240	104	6227
19628	1805	24672
240	104	13513
19628	1805	25615
19628	1805	32901
26645	1779	27198
26645	1848	22172
7257	147	5826
7257	147	10017
22172	2389	26645
2784	471	7257
3421	538	18831
3421	538	14874
14332	1367	3421
22809	2239	36462
3421	388	7238
22809	2239	34262
12110	538	8811
28199	2509	32619
28199	2583	21690
4207	538	8811
8811	745	4207
6404	222	8811
10360	271	6200
29748	2115	25588
10153	414	6200
10360	414	6200
28327	1803	25588
4878	618	6200
29678	2089	32809
29678	1722	24759
10290	819	6464
5899	223	10290
10290	21	5371
25852	2353	29678
21232	2195	26541
1844	271	8960
21232	1972	26541
21232	2528	20400
1844	494	7153
1844	271	11242
3683	271	4507
23071	1972	24966
3683	271	11210
23071	2177	24362
3683	1244	12914
3683	476	4974
5632	59	14449
25020	1760	33837
29845	1932	25020
25020	1760	34563
25020	2528	22247
5632	42	9097
9179	271	2851
9179	271	10654
28567	1972	22239
28567	2115	30943
28567	1972	26352
9179	271	7066
3418	271	3201
11100	271	3201
4704	243	3201
30488	1972	22589
25386	1725	22589
3201	114	368
6201	271	5924
6201	414	5924
25589	1972	25312
25589	2115	25312
25589	1972	24680
6201	271	5292
32775	1972	24589
5201	114	16842
14824	271	5201
25830	1803	24589
34212	2195	24589
780	494	5201
21130	2234	23284
21053	2562	21130
1665	1137	1742
25658	2562	21130
14982	1543	1742
6270	1137	1742
8803	476	2159
8803	1244	5784
28191	1972	23335
8803	414	12391
28191	2177	21547
8803	271	1400
13877	114	7903
27291	2172	33265
33265	1815	27291
27291	2589	19792
29963	1776	27291
20237	2234	27291
19716	2058	23110
19716	2037	35486
8369	870	328
328	357	3708
328	404	16073
30001	2583	19716
32309	1972	23853
28592	1972	23853
31517	1972	23853
4465	331	18672
30982	1972	23853
12129	271	4465
2148	426	5655
24931	2301	21536
21536	2532	24931
5543	600	2148
20675	2301	21536
21536	2127	25043
3145	590	12891
12891	533	3145
32279	2520	22533
3145	317	515
3145	533	10416
29804	2291	22533
21700	2582	22296
2312	810	6867
21700	2511	26255
2312	810	3765
22296	2582	21700
2312	810	7424
6644	271	5578
6644	271	14602
6644	271	8106
26032	1972	22589
6644	476	12045
6644	271	3201
9782	819	8353
8353	998	14508
27741	2509	26156
27741	2509	33896
8353	652	9782
27741	2172	22502
650	815	1184
1184	708	717
4605	440	1184
3133	457	1184
30601	2449	20572
22521	2158	20572
13260	388	5652
32648	2089	25040
5652	440	10389
25040	2032	34393
5652	34	13723
25040	2141	29777
6888	810	12975
6888	810	3999
26276	2511	32363
26276	2511	21640
26276	2511	20450
27299	2901	26276
20844	2234	31611
20844	1956	31829
1456	255	12441
2213	831	1456
1456	471	9174
20844	2301	36616
5548	494	13273
5548	271	4728
5548	271	13273
5548	271	10734
24936	2177	23810
5548	476	6442
14457	107	686
20074	2457	33845
686	756	14457
20074	2457	32619
33845	1808	20074
686	756	13231
21921	2297	32336
21921	2562	37470
2533	464	18160
12948	464	2533
32336	2165	21921
2533	672	7951
7542	388	10067
26930	2353	25535
7542	652	6147
26930	2089	29455
26930	2520	35744
25535	2520	26930
6556	606	796
21976	1776	20184
2827	1426	796
1157	606	796
10538	75	796
20184	2457	22215
27124	2234	23149
27124	2520	23149
26366	1981	23149
3761	652	7736
2760	111	3761
3761	650	6976
25730	2296	30626
19474	2451	25730
6459	750	6342
12309	750	6342
11531	750	6342
32596	2451	25730
12611	590	8614
4300	27	8614
28002	2134	20210
28002	1722	24759
31999	2291	28002
8614	463	6842
7951	618	14156
27339	2319	33544
22041	2917	27339
27339	2634	22041
32336	2373	27339
21921	2373	27339
4319	634	1559
23707	1722	27260
23707	2528	29196
4319	634	8738
23707	2335	20947
23707	2335	28126
3181	552	4113
4113	688	3114
4113	725	3809
23501	2426	23197
23197	1855	23501
4113	725	15822
25221	2446	38122
6307	502	5833
11974	502	5833
25695	2203	25221
25221	2446	31362
5833	73	6211
2091	388	483
2091	882	12217
13364	817	2091
21479	2089	19871
32752	2518	21479
2091	882	6784
21529	2562	27919
2141	1476	170
2141	1137	13439
2141	1137	8531
2141	1137	3252
3557	940	2141
7924	810	13394
27312	2511	32782
27312	2511	20450
7924	810	3999
7924	810	14113
27312	2511	33501
21191	2583	19871
21191	2583	20037
21191	1923	35436
1803	222	16034
1803	882	483
21191	1950	28703
10312	114	2086
21474	2052	37900
2478	1244	2086
2086	1634	18275
25753	1857	21474
10414	827	2086
22648	1972	33880
22648	1972	30733
22648	2177	24831
22648	1972	31393
3260	271	12005
22648	1972	31724
777	175	12993
33371	1840	20165
33810	1939	20165
14422	238	777
20165	1876	32381
20165	1876	26432
26863	1972	25312
7475	271	5924
7475	271	8106
26863	1972	27494
7475	476	5286
26863	2177	24674
6599	388	7304
25987	2089	26692
25611	2518	25987
6223	817	6599
25987	1884	32619
10726	222	6599
3977	861	12442
23365	2562	31830
23365	1853	27706
3977	1291	7155
23365	2377	26543
8318	1291	3977
12067	725	3235
3235	807	1632
21776	1900	22623
22623	2234	21020
3235	808	14508
22623	2528	33896
21354	2307	29899
14378	615	1966
28128	2316	21354
8740	615	1966
1966	606	10511
1966	606	10737
12846	271	8300
8300	177	1719
32234	1972	27688
1902	494	8300
27688	1878	21107
4422	102	8300
9778	199	14159
29166	2549	23480
29166	2353	33370
9778	55	13982
32128	2353	29166
29166	2137	25380
3896	1479	935
935	1479	3896
21130	2234	23284
28901	2562	23284
23134	2562	23284
21552	2562	23284
25723	2127	31560
25723	2532	32764
6335	652	9138
13376	600	6335
31488	2301	25723
32764	2301	25723
14353	226	6681
33741	1927	26069
26069	2402	30506
6681	154	12717
6681	827	11118
33741	2037	26069
13168	533	6068
6068	590	13168
25456	2353	32556
25456	2528	33111
30485	1915	25456
6068	533	17
2080	177	1796
739	177	1796
24180	1878	21184
5281	177	1796
19399	1878	21184
32356	1878	21184
25926	1722	33785
6538	471	10599
6538	680	12644
32032	2403	25926
25926	2381	32032
22574	2381	25926
3599	831	11620
22987	2532	25762
22987	2291	33528
22987	2234	24352
6374	199	3599
4964	652	3599
1722	547	2217
2217	697	12541
2217	152	13287
13287	833	2217
21605	1853	32675
21605	2436	25028
30908	2506	22134
3738	33	2746
2746	838	10277
22134	2130	30908
10277	429	2746
2746	805	10277
5453	819	14022
24841	2520	33410
5453	998	14508
5453	652	15312
14022	652	5453
24841	2172	22502
21261	2353	22780
21261	2353	22427
2760	819	1873
21261	2335	20046
3392	819	1873
1873	652	3392
33038	2555	24096
24096	2390	24803
14404	679	4708
33038	1857	24096
4708	1447	13650
24096	2552	24027
2334	1646	8462
703	1646	8462
10422	1646	8462
11222	302	8462
3782	1270	8462
20134	1912	27850
2294	838	9145
28533	1940	19491
9145	821	2294
9145	838	203
10493	33	9145
29881	1734	28533
6651	271	6843
26039	2195	31731
6651	271	12343
9599	533	6651
28987	2234	26039
26039	2177	23736
26415	2394	32656
7027	693	13268
26415	2207	27281
7027	506	394
26415	2100	22779
7027	506	7893
24157	2089	34199
4769	21	14397
4769	440	933
10180	590	4769
24157	2520	24059
4769	819	4671
6729	471	8527
26117	2172	27915
27915	1781	21457
21457	1722	27915
8527	226	2069
10041	21	8527
21617	2353	20152
28254	2335	20152
20152	2291	21068
764	317	80
8866	634	764
1680	533	764
31999	2172	20210
29018	2075	20210
26734	2172	20210
31408	2075	20210
12611	374	822
11298	471	822
13857	817	7504
33245	2056	26892
7504	388	13073
26892	2434	24709
7504	733	14992
26892	1962	33245
23235	2339	38782
8784	407	3847
23235	2032	31939
3847	714	1859
23235	2339	28172
23235	1735	32619
20984	1972	30035
1596	271	9077
1596	271	10647
1596	476	14139
20984	1972	28465
1596	271	16125
6766	271	13922
6766	271	6964
6766	271	7834
26154	2177	26325
6766	271	8627
6766	476	13366
6955	198	8238
27626	2440	32830
27626	2398	31929
8238	652	7772
2217	292	8238
8238	533	13114
4557	42	13453
4557	88	8303
4557	42	12198
8303	88	4557
27691	1789	23945
23945	1743	31586
28560	2089	33744
9172	634	18260
28560	2335	34789
9172	827	14557
28560	2021	28029
9172	388	14356
21050	2454	32972
9341	37	1662
1662	342	6295
21050	2043	20166
1662	148	9341
21050	2043	25683
13401	388	1087
4769	388	1087
29678	2089	20475
29291	2089	20475
24503	2089	20475
9903	388	1087
1837	119	833
1837	244	968
20221	1871	21225
1837	260	12273
21225	1760	25573
21225	2323	20356
12725	861	5938
25326	1702	26621
32113	2562	25326
5938	1646	8462
5938	1282	8847
5938	986	7233
7077	652	11051
6074	634	7077
7077	634	6071
7077	634	5121
22952	2135	26465
26465	1722	25644
10271	156	9808
7977	183	9808
12119	34	9808
1305	586	9808
24175	1735	29196
29196	1774	20947
32866	2323	23078
20176	2323	23078
31677	2323	23078
3690	471	3742
23130	2323	23078
3690	471	13478
5922	652	3989
30603	2520	23377
3989	819	5922
23377	1899	24178
23377	2248	22306
4790	198	3989
22647	2024	32739
11973	750	3259
3259	725	3127
22647	2426	22515
3259	523	13351
22647	2024	22391
32791	2082	26502
7114	1243	10366
26502	2373	31151
26502	2300	29754
26502	2562	35922
7114	1135	18289
7840	163	1450
7840	173	4189
13265	59	7840
9090	59	7840
7840	606	14084
2128	59	7840
19517	1760	21777
19517	2021	30880
19517	2528	30880
129	1646	46
129	1646	14113
129	1646	8462
29576	2373	35284
29039	2377	29576
29576	2377	19615
29576	2300	35702
10188	1475	9651
29576	1898	35702
29717	2520	20010
5064	819	10329
29717	2353	24452
299	76	10329
10329	652	5064
622	652	10329
26387	1853	34108
6999	940	14720
14720	1291	6999
26387	2562	38656
26387	2562	37505
26387	2905	26548
5168	59	2785
5168	42	4592
24556	1760	20838
24556	1760	22173
24556	1743	23980
24556	1944	20560
33598	2141	23630
21148	2457	23630
10764	827	4242
23630	1924	31104
31104	2528	23630
4242	107	6912
685	173	9201
28052	1889	20073
33953	1889	20073
25381	1889	20073
14565	188	685
20073	2074	33045
9022	819	18000
28410	2520	38054
31106	1899	28410
11718	198	9022
28410	1899	31106
9022	700	11963
23532	1842	31543
23532	2398	20001
23532	1842	33309
23532	1842	21620
4144	141	13921
4144	141	9066
33554	2520	24978
24978	2234	34074
14166	533	5590
24978	2291	33554
5590	471	16434
33554	2234	24978
5085	271	8757
24473	1972	22689
5085	271	12313
24473	2177	32754
5085	271	2327
5085	476	6937
5001	758	2219
9733	78	2219
21607	2511	32760
24326	2552	21607
26079	2052	21607
24389	2459	21607
20294	2159	33793
906	458	14405
906	78	14524
20294	2178	20268
20294	1779	33912
906	530	10804
801	831	1045
3901	819	801
20189	2509	32302
20189	2520	24124
20433	1900	20189
4736	590	801
8603	271	3789
27991	1972	21145
8603	476	13366
8603	271	1757
27991	1972	24116
27991	2177	32754
33931	2528	24298
24298	2554	33045
14543	827	4910
4910	756	13657
4910	756	13231
4910	434	14397
8233	113	1573
20697	2509	20961
20961	2100	19807
20651	1890	20961
8389	606	1573
8791	189	1573
8507	271	1757
8507	271	13258
8507	271	18727
27895	1972	32646
27895	1972	23177
27895	1972	25056
5821	815	13653
24567	2511	25209
25209	2516	33301
25209	2360	38095
5821	815	13913
5821	659	15961
22884	2177	24831
3496	271	12054
22884	1972	25210
3496	1244	10511
3496	271	5822
3496	271	9452
787	135	14707
13774	18	787
4572	18	787
20175	1836	34095
23960	1719	20175
21926	2075	20175
5001	810	1911
9707	779	5001
29095	2480	24389
24389	2511	21299
24389	1857	28969
24389	1857	32862
688	819	13826
688	652	9865
20076	1722	33785
20076	2520	33214
33214	1747	20076
13826	46	688
32168	1878	23349
12780	177	3961
9037	177	3961
23349	2041	22930
28425	1878	23349
29806	1878	23349
22544	2612	27044
10126	725	3156
3156	1422	405
3156	1422	5841
3156	1422	5846
29514	2426	22544
28918	2021	29292
9904	471	9904
5062	1148	9904
1157	606	9904
14836	1148	9904
20678	2021	29292
22381	2172	23216
23216	1961	21157
3828	59	14449
3828	260	1769
3828	339	1769
3828	119	5246
23028	2206	23667
23028	2041	22930
3640	670	18546
3640	24	18546
3640	340	3542
3640	505	4279
10254	831	15382
10254	831	16313
8049	652	10254
415	831	10254
29642	2532	35176
10254	819	8049
2373	652	14272
9521	652	2373
2373	634	4832
21761	2353	33660
21761	2089	22750
2373	819	9521
13795	271	5266
24654	1878	30698
33183	1972	24654
26572	1972	24654
2986	271	5266
7184	494	5266
23527	2177	24362
23527	1972	32987
4139	271	5419
4139	271	13599
23527	1972	28188
23527	2115	28188
5346	15	17176
2936	395	5346
22324	2096	24734
24734	2307	29547
5346	181	2062
5346	682	1368
7530	271	11555
7530	271	13877
26918	1972	33265
7530	476	13077
26918	2177	32465
7530	271	3301
32757	2382	22524
13496	910	3136
3136	211	2023
22524	1912	21411
13369	910	3136
22524	2460	32884
24061	2195	31731
4673	395	12343
4673	271	12343
4673	271	3301
24061	1972	22689
4673	494	12343
2329	495	1037
20425	1725	24807
20425	2041	21141
25848	1878	20425
1037	1198	13634
4335	177	1037
22308	2364	29495
2920	663	10107
2920	663	10383
22308	2364	36560
2920	364	1781
2920	663	18828
770	299	1711
1711	435	770
21099	2100	20578
20578	2175	21099
29411	2404	21099
26052	2394	21099
10040	447	15176
14768	888	10040
10040	75	10743
24716	2096	29428
29428	2307	27289
29428	2307	20400
6621	147	1780
6621	819	7482
26009	2291	31587
6621	866	4126
7482	652	6621
26009	1848	21168
12527	59	2785
21575	1760	22173
31311	1760	22173
1664	59	2785
13594	59	2785
22173	1874	21777
4996	1273	12767
28565	2394	24384
24384	2382	32155
24384	1893	19398
4996	1127	4331
23648	2449	24384
32633	1827	28112
8724	440	13657
32196	1827	28112
24743	2089	28112
13245	126	8724
12808	126	8724
9566	494	10143
10620	271	10143
33332	1972	29531
30284	1972	29531
20257	2195	29531
11413	271	10143
28150	1972	24601
28150	1972	29147
8762	271	5213
8762	476	14139
8762	271	9759
33527	2044	28150
9657	156	1878
11857	1148	1878
12178	977	1878
29652	1815	21266
1878	918	9041
29331	2528	21266
1353	494	2734
1353	271	12526
20741	1972	31914
20741	2195	22122
20741	2177	25607
22122	2044	20741
6780	600	7598
26986	2532	32299
7598	426	14243
26986	2528	21044
33631	2127	26986
14243	426	7598
7509	101	1843
7509	101	1777
7509	1097	1435
7509	101	10221
7509	101	9785
29609	1802	26897
33535	1827	29729
14147	126	10341
10341	70	13550
24925	2434	29729
29729	1771	32938
5537	733	10341
14089	343	10382
10382	494	13585
29770	2115	35009
10382	414	18841
33477	2044	29770
29770	1972	38506
22422	1878	30698
13795	271	3034
13795	414	3034
33183	2115	22422
33183	1972	22422
8085	271	3034
32133	2172	22742
12745	471	3354
3354	760	9202
3354	34	13231
2956	471	3354
26266	1709	22742
7469	739	6744
28750	2440	26132
26132	2393	28407
26857	2440	26132
26132	2112	37906
6744	692	9019
10191	271	13700
29579	2115	23574
10191	271	8901
29579	1972	33088
10191	271	3424
29579	2177	29138
8666	476	13415
8666	1244	13433
28054	2195	22098
28054	2177	32803
28054	2528	32821
8666	271	8790
280	351	11335
280	351	4536
20790	1872	19668
19668	2052	20450
4536	265	280
1402	171	280
9386	463	854
6297	27	9386
25685	1728	28774
10018	819	9386
29406	2520	28774
20242	2335	28774
25298	1972	33923
5910	494	14535
25298	1972	22122
25298	2115	21698
5910	271	8068
5910	414	2310
14159	819	3009
33547	2532	22397
22397	2291	33547
33547	2520	22397
33547	2234	22397
22397	2549	33370
10462	114	5442
5442	533	13076
29850	1815	24830
24830	2234	30464
24830	2234	32464
23810	1776	24830
12602	476	724
10488	476	724
11393	476	724
31990	2177	20112
32182	2177	20112
19627	2177	20112
25090	2426	38028
5702	725	17575
5702	725	12865
25090	2426	36863
25090	2253	32023
32023	1723	25090
3647	271	13400
3647	271	12414
3647	271	11098
23035	1972	37954
3647	271	6111
27697	2234	23035
13931	435	4045
7160	707	4045
23433	2147	30369
4045	1341	16922
23433	2175	31828
22641	2408	23433
8106	707	9812
29200	1972	29543
9812	271	10155
9812	476	8529
29200	2115	27494
9812	476	2159
27939	2509	26437
4861	885	7049
25174	1776	26437
25077	1776	26437
25654	2510	26437
21975	1985	26437
11463	104	5640
7362	141	5640
28398	1842	25028
33395	1805	25028
5640	697	12541
27995	2248	25028
8909	271	12619
28297	1972	32007
8909	395	12571
28297	1972	31959
28297	1972	30238
28297	2096	31959
9181	271	7891
28569	1972	24060
28569	1972	28916
28569	1972	27884
9181	476	6891
9181	271	9528
221	819	6427
19609	1900	29271
27851	1900	19609
221	199	9883
8463	199	221
19609	2532	27851
22240	2562	33288
22240	2377	27706
22240	1735	26548
2852	940	9238
2852	861	14262
2852	1454	14262
20038	1857	33041
33449	2457	20038
32408	2216	20038
14061	756	650
14437	851	650
650	156	13653
14768	618	2287
2287	590	13805
22302	2222	21675
21675	2291	33193
29428	1803	21675
2521	521	2287
1890	271	13908
21278	1972	33296
21278	1972	35467
1890	271	3434
1890	1244	7623
21278	1972	22822
26208	1972	32700
25164	2044	26208
6820	271	7891
6820	494	7891
6820	414	13312
6820	271	6661
4579	343	8568
27956	1972	23585
27956	2115	23585
27956	2528	22127
27956	1972	29968
8568	271	2093
28519	2089	34265
23050	1923	28519
9131	388	14877
28519	2583	26172
3662	222	9131
28519	2518	23050
632	618	19160
20020	1878	27449
632	177	8061
20058	1803	20020
24717	1972	20020
5329	271	632
19516	2520	27754
27754	2520	26965
34055	2335	27754
7577	819	8366
8366	652	128
20423	2335	27754
6586	739	8164
25974	2440	27552
27552	2520	36944
25683	2440	27552
8164	819	18804
6295	936	8164
7822	331	7592
26980	2457	28293
3435	331	7592
3277	394	7592
26196	1875	26980
32577	1776	26980
14554	1137	5021
3441	1137	5021
2410	1137	5021
11020	1137	5021
6446	1137	5021
30408	2562	24409
29474	2353	26515
26515	2835	32608
21097	2164	26515
26515	1837	34242
7127	652	1698
14840	463	7127
10179	271	17393
20507	2044	29567
29567	2115	38049
10179	271	1119
10179	271	12863
29567	2115	21449
9915	604	7273
29303	2305	26661
29303	1805	19410
9915	762	9231
29303	1805	27025
29303	1805	25560
29121	1779	26829
9733	78	7441
7441	810	14650
26829	2511	32760
7441	810	13372
8397	869	7441
1498	463	18449
20886	1722	36736
20886	2164	35063
1498	21	15279
20886	2528	34378
1498	463	17411
6967	222	14822
26355	1923	34210
6967	355	17309
6967	745	14414
6967	538	14822
26355	2528	27671
6697	244	2366
6697	260	9809
6697	439	10128
21754	2172	26085
26085	1760	25798
26085	1945	21754
10110	538	4077
29498	2239	23465
30219	2518	29498
10110	538	2101
29498	2446	25878
29498	2528	22391
12159	745	6388
25776	2463	33656
14268	791	6388
12159	502	6388
31547	2203	25776
31547	2446	25776
30952	2096	27079
926	476	7691
7691	102	14602
20314	2177	27079
7691	102	13922
29267	2177	27079
9233	260	10383
9233	42	4592
28621	2040	29495
28621	2040	35193
28621	2140	35193
28621	2140	29495
27007	1910	25162
5774	1348	5774
25162	1889	27007
25162	2062	24363
5774	421	18684
25162	2122	22108
24764	1864	27886
24764	1874	21777
4397	59	5376
31678	1760	24764
28706	1760	24764
7166	59	5376
28107	2307	32302
28107	2307	29255
14378	615	8719
28128	2316	28107
8740	615	8719
8719	606	9867
13786	819	8486
32244	2199	27874
33174	2520	27874
33061	2164	27874
12639	819	8486
20955	2164	27874
9839	388	12663
29227	2089	32051
29227	2075	20045
9839	533	6642
9839	819	6642
9839	471	657
33938	2353	26975
14550	652	7587
7587	199	9719
26975	1900	29107
27677	2018	26975
29064	2018	26975
26786	1972	27794
7398	1148	4188
7461	1479	7398
26786	2021	23576
26849	2127	26786
26786	2021	31659
14563	271	7231
1274	271	7231
20662	2115	26619
11995	102	7231
26619	1878	26623
20662	1972	26619
32301	2044	23747
23747	1972	28637
12913	343	4359
4359	476	8980
4359	271	9249
23747	2177	28368
22029	1972	33088
33088	2044	22029
2641	494	13700
13700	343	2641
22029	2177	29138
22029	2021	31458
28154	1972	28907
8766	476	4433
8766	271	13922
28154	2115	22761
8766	1244	12170
23821	2044	28154
14727	366	5527
34115	2528	24915
27265	2509	24915
5779	366	5527
13643	34	5527
26712	2528	24915
21875	2301	23735
3476	600	4347
2487	600	4347
22864	2301	23735
23735	2241	21219
4347	831	3476
24000	1961	28346
24000	1760	22719
4612	59	3331
31665	2094	24000
4612	364	12277
4612	260	8958
2191	819	6617
23994	2335	21579
2191	590	14954
10776	634	2191
2191	463	2738
21579	2335	34342
21798	2377	29869
29869	2562	33988
10481	1137	935
10481	1137	13837
10481	1137	15898
10481	1291	676
21903	2089	34199
2515	388	14811
21903	2335	32941
30320	2291	21903
2515	388	1572
2515	463	9267
14524	815	3927
29305	2503	23315
23315	2259	33961
23315	2915	29743
3927	558	9917
23315	2259	29305
27474	2457	25566
4491	331	6178
25566	2457	33084
33084	1893	25566
6178	756	13696
13696	192	6178
22672	1884	32208
3284	504	14678
3284	819	12516
22672	1722	22842
3284	79	6524
22672	2509	34066
2161	88	1376
21549	1789	20764
4524	439	1376
23912	2140	20764
14039	51	1376
12012	51	1376
6273	271	7559
6273	271	6678
25661	1972	26947
25661	1972	26066
26066	2044	25661
24831	2044	25661
24166	1874	24388
24388	1874	24586
3230	173	5000
31664	1760	24388
5000	173	5198
13454	188	5000
4496	388	7816
27204	1919	25758
20336	2559	27204
29817	2089	27204
27972	2089	27204
27972	1827	27204
23690	2291	31034
13386	255	4302
19468	1956	23690
4302	226	4882
3730	255	4302
13572	867	4302
13454	697	908
32842	2398	20296
20296	1874	24388
908	173	5000
20296	2319	24586
908	618	5198
2915	708	15395
2915	357	10913
22303	2058	28398
2915	357	14677
14628	819	2915
22303	2353	34016
21887	1719	36134
11311	21	2499
21887	2514	38751
28072	1722	21887
2499	18	16037
30699	1722	21887
6518	439	10128
25906	1961	29197
25906	1743	26180
6518	260	9809
25906	2140	29516
6518	59	6410
3575	538	4863
22963	2239	28999
31593	2239	22963
22963	2239	28757
32079	2446	22963
3575	538	6656
26024	1972	33296
26024	1972	36201
6636	1244	5784
26024	2115	30620
6636	271	18045
26024	2177	21547
283	506	9664
5233	1052	283
5090	457	283
283	756	5090
19671	2382	27922
19671	2382	29052
27455	2172	34558
8067	471	15940
27455	2589	20811
8067	888	4585
27455	2589	23973
8067	888	12385
32318	2446	25659
31928	2446	25659
29008	2446	25659
12930	1367	6271
6271	1692	937
12540	1367	6271
9169	1561	17315
27948	2291	28557
2700	1441	9169
9169	36	18885
9169	231	15627
23666	1961	28557
13334	141	5728
22010	2276	25116
25116	2081	23202
26979	2276	25116
2999	575	5728
33279	2276	25116
19708	2426	36259
19708	2426	34419
320	725	8700
28088	1764	19708
320	725	15547
320	725	17939
25022	2075	27461
33044	2353	25022
5634	819	13656
25022	2520	33044
5634	374	8073
13656	1581	5634
12961	388	6592
32349	2089	25980
25980	1735	31659
31587	2089	25980
6592	218	6668
25980	2032	31723
7118	255	1734
28405	1856	21122
9030	867	1734
9870	436	1734
12684	255	1734
32072	1956	21122
3628	183	13679
7878	819	3628
23016	2528	33067
3628	590	7878
27266	2520	23016
7878	533	3628
3453	177	5998
22841	1878	25386
22841	1815	27345
25569	2115	22841
4870	414	3453
24258	2115	22841
12020	680	4994
24382	2353	31408
12307	807	4994
14700	590	4994
24382	2508	31695
24382	2141	26338
10237	426	14665
29011	2353	29625
29625	2353	33725
14337	819	10237
29625	2127	34053
10237	21	14397
23565	1972	32987
4177	395	8496
4177	271	11210
4177	271	13599
4177	476	4974
4177	271	8496
6589	1324	12492
25977	2581	30031
25977	1877	21624
6589	1324	12284
25977	2581	31672
14017	590	6589
5571	498	3626
24959	2270	37308
24959	2199	23014
24959	2270	36471
5571	569	15909
5571	569	15101
9886	538	18831
9886	745	18263
29274	2239	36462
9886	745	12400
29274	2446	31788
29274	2446	35947
20514	1972	25056
1126	476	1549
20514	1972	23040
20514	1972	28157
1126	494	8769
1549	343	1126
8196	271	6843
27584	2195	26231
8196	271	4507
8196	271	6630
8196	414	16876
8196	476	12218
4051	819	2183
21571	2451	31239
27615	2291	21571
2183	34	880
23439	2520	21571
21571	2451	23246
5990	1441	10999
1838	511	5990
25400	1932	25378
21226	2364	25378
25378	1789	26165
5990	1662	6777
24487	1722	30728
24487	2291	31546
24487	2528	27916
24487	2520	24250
5099	21	11340
12158	533	5099
31544	2052	27198
7810	156	13963
12156	351	7810
27198	1857	33351
26645	1779	27198
6323	211	7810
34083	2172	20854
20854	1760	25236
20854	1961	24151
20854	1945	34083
1466	244	14695
14695	471	1466
628	476	13527
628	494	6173
20016	1972	26495
628	271	14602
628	271	7107
628	414	3201
27917	1882	28191
25030	2177	27917
27917	2044	31785
8445	476	8529
8529	15	17176
30414	2177	27917
6306	827	6748
33887	2127	25694
6306	733	7221
14499	426	6306
25694	1884	19506
25694	2089	28445
3140	819	4899
4899	819	13873
13873	652	4899
22528	2520	24287
32879	1880	24287
4899	366	7702
14991	596	6868
34379	2297	26256
6868	471	449
6868	464	14991
6868	596	10859
26256	2172	34918
3409	199	2049
2049	827	18861
21437	2021	35073
21437	2532	22797
30790	1900	21437
21437	1956	23700
22389	2016	32380
22389	1867	20117
32380	2404	22389
3001	166	729
22389	2100	32380
20117	2449	22389
29568	2291	24157
10180	579	7966
29568	2520	32111
10180	533	12723
10180	590	4769
29568	2234	32111
29421	1972	28145
29421	1972	22239
29421	2172	32754
29421	2177	26325
12452	590	10033
10033	1244	13925
32284	1972	20422
20422	1878	33358
1034	177	13970
7184	271	1034
12896	271	1034
26572	1972	20422
25006	2096	31433
25006	2195	33990
5618	271	14602
5618	271	2060
5618	395	14602
33990	2213	25006
1017	271	1757
1017	271	3301
20405	1972	22689
1017	271	2851
1017	271	7958
20405	1972	21145
20870	2486	32534
1482	785	13146
1482	714	2827
20870	2415	22215
1482	422	3393
20870	2123	22781
12045	343	315
315	271	12601
31433	2044	19703
22589	2044	19703
315	494	3201
315	271	3201
1189	34	13231
31684	2165	20577
12296	464	1189
1189	381	11309
20577	2373	31151
20577	2297	31684
13381	819	5847
32769	2520	25235
25235	2353	32769
28964	2508	25235
5847	21	14397
25235	2172	26832
27660	2520	28614
9226	652	8272
21098	2335	28614
28614	2528	32283
9226	463	12722
9226	388	8765
7009	271	12354
7009	494	11555
7009	271	6
26397	1972	31742
7009	271	11555
30943	2044	26397
26093	2520	22984
32928	2538	26093
6705	652	7337
6705	175	7337
33955	2234	26093
5738	147	6705
34178	1779	20797
14790	78	1409
13211	1270	1409
13211	1447	1409
20797	2516	32599
33945	1760	20797
117	271	815
19505	2177	36598
117	1244	13925
117	271	4728
117	271	3231
19505	1972	20203
2853	323	2787
22175	2552	24702
20238	2510	22175
24546	2509	22175
850	808	2787
2787	1447	5314
7625	463	14757
7625	463	10148
27013	2164	29467
291	819	7625
27013	2528	32619
27013	2353	19679
31614	2353	21554
21554	2172	20917
8130	819	2166
12226	590	2166
12226	652	2166
21554	2234	31614
22344	2127	32237
2956	426	12849
32237	2127	22344
2956	471	17522
2956	471	3354
22344	2528	37133
28380	2234	29536
8992	819	10148
28380	2172	28673
28380	2134	20335
10148	652	8992
20888	2353	28380
4907	223	14397
24521	2141	24295
32860	2141	24295
5133	440	4907
7960	440	4907
12856	440	4907
13321	819	9211
9211	388	16523
28599	2353	32709
9211	652	10651
28599	2089	34839
28599	2528	26548
1953	819	7497
7497	21	940
4888	652	7497
26885	1722	20328
24276	2353	26885
33528	2164	26885
14951	1137	3651
3651	1646	13583
34339	2562	23039
23039	1944	29952
3651	1448	7383
27751	2562	23039
2615	819	6470
6470	652	2615
25858	2353	22003
6470	609	12235
34328	2291	25858
25858	2520	34328
29465	1734	36615
29465	2130	29094
10077	805	17417
29465	2522	34132
29465	2506	36874
10077	821	14744
25706	1972	33928
6318	1148	16440
6318	1244	6594
6318	494	10734
6318	414	14540
25706	2195	30122
583	652	12337
7841	697	583
7278	188	583
19971	1874	24345
25480	1889	19971
31725	2520	19971
2301	1606	12570
27815	2586	21689
2301	1606	6944
21689	2394	25034
8427	1136	2301
7172	1606	2301
29733	2195	32908
29733	2115	21715
10345	271	13520
32908	2044	29733
10345	271	2327
29733	1972	21145
1699	915	1654
21042	1848	32603
21042	2164	20938
1699	652	1654
6782	27	1654
21042	2172	29207
2739	771	8386
28085	2024	27774
27774	2457	31940
8386	756	12552
12552	174	8386
27244	2032	27774
7239	818	10983
29206	2020	26627
26627	2113	33162
26479	2020	26627
22176	2020	26627
7091	319	7239
366	323	12170
366	323	4861
19754	2024	32747
366	542	13778
30021	1723	19754
19754	2024	27027
4336	652	11069
23724	1722	32242
4336	21	12854
23724	2291	30457
30457	2234	23724
19937	2291	23724
528	140	16827
14810	1112	528
9980	331	528
19916	1841	36441
21780	2307	19916
19916	2811	34198
5492	819	10036
10036	346	12435
10036	872	7556
26638	2353	29424
20319	2353	29424
19567	2291	29424
25749	1779	32239
25749	1779	21411
6361	78	12851
25749	1875	24914
6361	78	2023
6361	174	5526
1947	271	9528
1947	271	12274
21335	1972	31662
1947	271	13599
21335	1972	28145
1947	414	6
19981	2248	24861
14095	155	5473
5473	292	5211
5473	661	6669
5933	547	5473
32327	1842	24861
26699	1972	33666
7311	271	14278
26699	1972	23588
7311	271	3652
26699	1972	26231
7311	494	3652
34290	2115	26018
22500	1972	26018
7485	414	6630
32150	2115	26018
14902	271	6630
28195	1803	26018
27255	2892	32207
7867	819	7029
7867	600	8914
27255	2353	23423
26417	2353	27255
27255	1956	24058
28772	1972	25559
28772	1972	33665
28772	1972	24757
9384	271	6171
9384	271	14277
9384	271	4513
10488	414	11557
10488	271	11557
29876	2115	30945
30945	2044	29876
10488	494	4954
29876	1972	30945
11668	564	2621
2621	910	13023
22009	2382	32411
23416	2404	22009
22009	2382	28703
22009	2016	23416
3601	271	14350
14350	343	3601
3601	271	7067
22989	1972	33738
22989	1972	26455
22989	2528	29899
11876	606	290
19678	1924	32270
19678	1924	33063
8447	389	290
19678	1808	21841
32698	2141	19678
13222	119	5889
25277	2268	36384
25277	1871	32610
25277	1961	28933
25277	1820	36159
32610	1820	25277
5997	271	11557
25385	1972	30945
25385	1972	32661
5997	476	6937
5997	476	13366
5997	1148	2663
7227	810	2262
7227	810	14455
7227	810	14524
26615	2511	33843
26615	2511	33124
14455	659	7227
8024	366	6768
27412	2353	34115
8024	652	14727
8024	819	1457
26328	2844	27412
27412	2520	20845
8525	1649	12556
8525	1646	10090
27913	2528	31659
27913	2021	31659
21138	2127	27913
27913	2528	31723
3796	463	989
29388	2135	20377
3089	413	989
20458	2164	20377
9618	413	989
5350	463	989
6232	701	5804
25620	2402	25192
25620	1884	25192
6232	538	6656
14643	538	6232
6232	183	5804
31925	2046	29665
10277	454	932
29665	2516	32773
31651	1750	29665
2746	838	10277
2746	805	10277
8604	414	7336
27992	1972	30215
8604	476	8691
8604	271	12354
27992	1972	31742
27992	2115	26724
23818	2239	25965
23818	2239	20336
6577	745	4430
4430	538	6948
23818	2239	26336
23818	2239	37196
6990	440	133
26378	1722	24759
6990	680	3964
26378	2509	20032
3964	680	6990
6990	21	5371
5441	634	12748
24829	2353	23353
24829	2335	35292
5441	634	16987
24829	2335	32136
24829	2528	34066
22351	2402	28518
24242	2510	28518
8655	809	9130
28518	3019	28518
32991	2412	28518
4854	809	9130
21033	1972	30945
21033	1972	22761
21033	2096	22689
1645	476	6176
6176	258	1645
21033	2096	30945
9751	819	6348
29139	2234	25736
32872	2291	25736
6348	680	13484
13484	680	6348
25736	2291	29139
5649	271	1423
25037	2115	26076
5649	476	1229
25037	1972	20811
5649	414	6688
5649	271	6688
6427	652	221
8463	563	6427
30963	2520	25815
25815	2353	30963
6427	652	11575
14433	563	6427
9972	388	14920
9972	388	12847
29360	2089	32235
9972	388	6016
9972	126	1038
29360	2089	34308
13115	147	3162
10822	819	3162
33807	2353	22550
3162	819	14419
33760	2227	22550
3162	34	5804
6204	114	3737
8162	40	6204
13804	271	6204
25592	1815	23125
6204	177	8162
25592	1878	27550
7885	21	5371
27273	1722	24759
5318	652	7885
24706	2353	27273
7885	652	16331
27273	2234	24706
5682	1479	15398
13883	861	5682
25070	2127	34893
25070	2528	31458
33271	2562	25070
5682	1646	7317
4541	810	804
21567	2511	20192
28678	2511	20192
20192	2360	31518
27682	2511	20192
20192	2360	32508
9102	126	13742
28490	2583	33130
9102	388	6016
28490	2089	25404
28490	2583	25404
10831	817	9102
19556	2520	34186
19556	2509	33999
19556	2234	34186
168	533	14798
14798	652	168
34186	2291	19556
20254	2528	25442
866	271	13941
866	271	8757
866	271	9519
20254	1972	28907
20254	1972	28145
33147	1972	20728
13759	271	1340
7614	271	1340
27002	1972	20728
20728	1878	27306
1340	177	11607
34056	1971	26438
29902	1776	26438
4626	75	7050
26438	2234	29784
26438	2172	34558
31731	1815	26438
19791	2291	33926
9409	634	403
28797	2335	19791
403	652	14538
403	590	2233
33926	2335	19791
27464	2520	27592
25793	2544	27464
8204	652	8076
8076	652	13661
31856	2520	27464
8076	652	12468
7488	815	14407
23649	2511	26876
33249	2511	26876
26876	2511	25288
7488	815	188
7488	810	2265
5560	819	14418
33806	2353	24948
24948	2335	28698
24948	2528	24415
14418	652	5560
5560	634	9310
27796	2520	37001
8408	590	8180
27568	2520	27796
8837	199	8408
8408	533	18792
25829	1703	27796
5885	538	12595
25273	2239	32515
5885	745	4886
25273	2239	20178
5885	538	790
5885	745	11306
26164	2557	31760
6776	1233	12372
26164	2373	31378
26164	1752	24036
6776	1455	4648
6776	1056	727
454	78	12285
454	78	5314
2515	374	454
19842	1779	24702
19842	1779	31673
31015	2520	19842
9594	538	14874
9594	745	14145
28982	2239	34262
33533	2239	28982
9594	538	18831
28982	2239	36462
12412	533	7859
7859	590	12412
3443	317	7859
31237	2363	27247
27247	2528	22354
27247	1900	27568
2964	395	5924
22352	2096	23895
22352	2096	24362
2964	271	11555
22352	1972	20788
22352	2096	25312
20049	2195	31545
20049	1972	26455
20049	2177	24831
20049	1972	30433
20049	1972	31545
661	271	12157
776	388	7397
7397	331	19352
7397	34	12895
26785	2032	37516
26785	1735	32283
20164	2089	26785
20370	1900	21776
22623	1872	21776
2388	652	3235
21776	2520	26462
3235	171	2388
2388	819	7074
2104	271	10647
2104	476	4585
2104	271	12200
2104	271	9528
21492	2177	23973
2104	271	9695
3973	819	6124
6124	426	13905
13905	426	6124
33293	2127	25512
25512	2127	33293
25512	2528	23489
9147	21	14397
34088	1747	28535
9147	652	3148
3148	819	9147
28535	1722	33785
3148	533	9147
23150	1743	22117
12074	88	3762
3762	59	2607
3762	42	9097
1333	260	3762
3519	88	3762
8642	75	1447
8642	75	16230
28030	1776	29477
28030	1776	34668
28030	1776	20835
28030	1776	23749
3300	189	3025
2756	189	3025
22144	1890	22413
22413	2390	25172
1520	34	3025
3025	1270	8105
3929	414	14093
3929	494	14093
3929	395	14093
3929	271	14093
23317	2195	33481
23317	2096	33481
13025	222	4207
4207	388	3714
4207	388	12216
23595	2446	32413
14925	538	4207
4207	183	13231
11360	75	10396
6173	114	10396
26438	2234	29784
29784	2172	34558
10396	618	6173
7050	533	10396
14559	413	8121
8121	463	14282
27509	1722	28161
8121	175	14322
33947	2114	27509
8121	183	5804
21280	2583	34199
21280	2583	19912
1892	858	14811
1892	858	524
1892	538	11959
1892	538	17603
13435	102	7132
32823	1803	26520
10685	271	7132
26520	2044	38742
32225	1972	26520
7132	343	16651
12163	49	10340
24135	2155	29728
10340	429	18116
10340	454	9434
29728	1750	28822
4747	454	10340
26335	2177	26463
26463	1803	29285
7075	102	1168
7075	343	5881
26463	1803	28137
26463	1776	25365
754	141	4970
754	141	6172
20142	2398	31531
754	697	12143
12844	357	754
754	141	2232
19570	2291	32873
182	590	13485
182	1268	11014
29617	2291	19570
182	533	10229
182	449	4256
5423	652	4889
5423	600	18042
5423	199	7517
24811	2532	25624
24811	2172	32352
24811	2353	24277
26165	1789	22965
26165	1789	23065
6777	1441	10999
6801	260	6777
27457	1789	26165
26165	1789	27717
27045	2520	38296
7657	652	17403
27045	2164	28258
28258	2335	27045
27045	2353	38296
7657	463	10687
24661	1961	32865
24661	1945	20633
5273	622	1245
5273	170	9247
5273	59	3790
5273	339	13477
23889	2539	29612
29612	2522	23889
29612	2130	32552
7373	454	10224
10224	454	5200
10224	239	701
2069	819	4355
14914	463	4355
21457	2353	23743
2069	652	4355
31465	2164	23743
26973	2164	23743
5120	1148	12502
5120	271	2734
5120	494	8406
24508	1972	22122
27794	2044	24508
5120	271	4333
73	819	5562
19461	2520	24950
24950	2291	19461
19461	2234	29605
73	634	10454
73	827	9867
2639	652	12919
2639	634	3727
31798	2520	22027
2639	320	14678
21383	2335	22027
21383	2520	22027
31572	1899	23237
3849	739	10253
23237	2440	29641
12184	198	3849
33113	1899	23237
23237	2520	33730
22540	2177	25585
22540	1972	30035
22540	2096	27456
3152	271	13144
22540	2096	34376
3152	395	14988
8564	32	12159
8564	32	14268
27952	1733	30939
24847	1805	27952
27952	1733	31547
14007	104	8564
29720	2511	34011
29720	2516	32534
10332	810	17807
10332	815	4260
10332	815	13146
29720	2511	35625
13715	1137	475
32026	2562	19863
475	1646	46
28521	2562	19863
19863	2528	30880
14477	1137	475
33115	1923	22417
3029	701	12914
22417	2734	30324
13727	222	3029
3029	817	6100
22417	2518	33115
21465	2589	21482
33527	1803	21482
2077	888	2094
1602	271	2094
8971	395	2094
32095	1972	21482
8376	652	14599
8376	198	887
4271	198	8376
33987	2520	27764
8376	198	4271
8376	739	7491
24594	1722	21863
27358	2520	24594
5206	471	2568
3277	652	5206
5206	819	3277
7970	533	5206
11471	600	8402
14401	848	8402
33789	2549	27790
27790	2509	33518
5181	1479	8402
29003	1756	27790
21550	2040	22311
2162	260	2923
2162	471	8224
21550	2172	30102
21550	2040	23230
2162	339	7681
24957	2451	33107
23300	2353	24957
5569	750	13719
5569	8	334
24957	1709	30714
24230	2520	24957
21450	1972	34288
21450	2096	33184
21450	1972	31506
2062	271	3161
2062	271	9519
21450	1972	29265
21960	2158	21703
2572	457	2315
10453	46	2315
173	457	2315
29841	1747	21703
21703	2509	29318
5918	652	3406
24736	2520	22794
3406	652	5918
22794	2353	24736
5918	819	3406
3406	652	5348
7426	439	5764
6667	439	5764
20306	2040	25152
25152	1789	25904
6667	260	5764
6756	260	5764
23951	2583	32235
4563	817	3594
4563	882	12847
23951	2583	23245
4563	882	3857
3594	222	4563
8126	271	12313
8126	271	13698
27514	2115	31662
27514	1972	31662
27514	1972	33086
27514	1972	20520
10120	1541	1396
29508	2520	20784
29508	2509	29899
1396	1558	10120
13284	725	10120
29508	1872	20784
5619	652	12655
25007	2353	32043
25007	2508	23188
25007	2520	33126
25007	2528	32619
25007	1722	24759
3975	819	13061
7564	780	3975
32449	2353	23363
23363	2234	32449
23363	2018	26432
23363	2528	33413
20684	1735	32619
1296	34	13231
1296	381	11309
20684	2165	32907
20684	2297	20577
1296	464	13519
5805	745	9474
28862	2446	31892
4863	538	9474
12504	538	9474
9474	538	9369
14749	745	9474
25917	2562	21790
6529	861	16481
6529	599	18613
25917	2562	34527
6529	861	17514
25917	2562	34576
691	156	10781
20079	1857	29899
3400	211	691
20079	1857	30169
20079	1950	22788
20079	1966	33790
7793	271	12005
27181	1972	31731
7793	271	12343
27181	1972	31331
7793	271	11943
27181	2528	32747
6794	815	1753
25386	2206	26182
28641	2206	26182
29998	2172	26182
27699	2172	26182
14860	505	6794
9810	351	6652
6652	156	12895
30866	1912	26040
6652	265	9810
6652	810	5931
26040	1759	24715
23552	1878	31167
29926	2581	23552
26299	2581	23552
27096	1972	23552
34154	2115	23552
6590	271	4164
3343	388	6844
26232	2032	32491
12148	126	6844
6844	331	13103
31536	1827	26232
22731	2089	26232
12627	1108	2300
21688	2796	26394
21688	2470	21979
6511	769	2300
2925	672	2300
2300	769	6511
29429	2520	21092
21092	2335	31112
1704	819	10853
20563	2335	21092
1704	463	1175
21092	2353	29429
8349	1135	8435
10184	940	8349
27737	2562	28269
27737	2377	29572
8349	1135	3654
27737	2373	24264
6579	271	12343
25967	2115	31506
6579	414	12118
23939	2044	25967
25967	2177	31085
25967	2115	31731
2027	596	18905
21415	2517	24503
2027	672	6680
21415	2373	26068
21415	2165	24472
21415	2297	34660
4546	156	14557
23934	1857	34825
23934	2511	33611
13250	351	4546
23934	1966	32638
4546	810	5931
739	177	1796
20127	2581	32140
10468	610	739
20127	1877	31880
739	880	12752
739	176	12492
24456	2528	29899
4776	1196	5068
24164	1737	24456
24456	1760	36896
24456	1789	24164
24456	1760	21777
1236	819	9375
1236	463	9215
20624	2164	28603
1236	463	5425
29322	2520	20624
20624	2164	25728
32591	2291	28532
13203	1699	9144
28532	2234	32591
1723	1240	9144
28532	2264	31713
12325	1095	9144
22458	1972	20788
22458	1972	28829
22458	2096	20788
3070	1148	9952
3070	395	19099
3070	395	1400
1983	439	1800
1983	260	7694
21371	2140	21188
21371	1961	27082
21371	1743	29551
21371	1743	23980
27640	1901	26526
27640	1833	36762
27640	1833	38147
27640	2833	22092
27640	2833	23576
27640	2833	26496
6547	1135	12044
6547	1437	18270
25935	2562	31432
6547	1108	949
6547	1135	17968
25935	2373	20730
10371	18	3492
29759	1719	22880
29759	2114	29761
29761	1722	29759
29759	2153	36134
10373	471	10371
24749	2446	32257
5361	745	12869
5361	882	10936
24749	1884	32302
24749	2239	26044
24749	1709	19472
4447	388	4152
23835	2528	29318
4447	827	10581
4447	126	6016
4447	808	10899
23835	1827	25404
24422	2158	27051
32805	2172	27051
28994	2172	27051
11731	471	7663
27051	1782	20021
12405	471	7663
10088	147	4849
10088	78	3639
2126	255	10088
2523	436	10088
27609	2390	29476
10088	413	2523
8260	271	7891
27648	1972	24145
8260	271	4757
8260	476	7990
27648	1972	30122
8260	494	10734
22856	2307	29899
22503	1760	22856
14183	1567	3468
33571	1760	22856
11267	1448	3468
33571	2938	22856
8059	271	14633
27447	1972	24060
27447	1972	22589
8059	476	670
8059	271	3201
8059	271	4672
25023	2596	31492
5635	1441	12104
5635	986	3399
25023	2764	34326
1830	51	5635
25023	2446	20829
13833	156	4825
24213	2552	27850
33221	1857	24213
24213	2552	33221
4825	1447	8462
4825	1447	13833
9078	590	3232
9078	819	3232
3232	317	1600
3232	808	12064
9078	533	3232
28466	2234	22620
6927	88	13697
26315	1743	23980
33085	1932	26315
26315	1743	22588
13697	931	6927
26315	1760	20838
13380	271	7958
9887	271	7958
12769	271	7958
27635	1972	27346
1156	582	7958
30225	2172	27346
5641	815	9670
25029	1966	21551
25029	2516	20554
25029	2516	29058
5641	815	1166
29058	2052	25029
306	476	8512
19694	1972	28157
306	1244	5983
19694	1972	26049
306	271	6
306	271	7891
4426	102	8325
22078	1972	27713
25944	2581	27713
6556	880	8325
8615	271	8325
8325	177	3818
11360	880	7036
26424	2044	25061
26424	2044	22747
26424	1815	36625
9750	102	7036
29138	1803	26424
23473	2300	33820
23473	2822	22357
4085	1031	2969
4085	1257	2014
4085	1031	14960
4539	1385	4085
26769	2353	36667
7381	317	4895
26769	2528	33351
1546	725	7381
33351	2135	26769
26769	2018	24283
12811	271	484
22038	2283	19872
20489	1972	19872
484	177	6854
246	271	484
14044	880	484
5421	271	14311
24809	1972	33699
24809	1972	20811
5421	271	14248
5421	1244	5983
24809	2195	23168
22591	1878	20653
1265	1198	870
26623	2221	20653
1265	340	12341
20653	2196	26623
23101	1878	20653
3478	1649	12556
22866	2021	31659
22386	2596	22866
14416	1610	3478
7507	1137	3478
22866	1950	31944
3697	271	4757
4237	271	4757
10386	271	4757
27554	1972	24145
3592	271	4757
23625	1972	24145
5223	888	8757
8757	114	5223
28145	1815	24611
24611	2291	22614
28433	2302	24611
24611	2589	28145
8824	506	8105
8824	506	1741
28212	2457	25172
28212	2513	23670
28212	2420	31764
8824	812	4282
29190	2122	32420
29190	1889	20406
11592	357	9802
13032	482	9802
29190	2398	35849
9802	697	11592
14395	119	4976
28169	2172	24364
24364	1871	33783
4976	339	4412
4976	170	14395
4976	622	11443
22421	2353	32253
12865	819	3033
22421	2291	32253
3033	590	12865
3033	831	15284
22509	1900	22421
7169	1646	7317
26557	1789	21464
21464	1737	26557
26557	1944	26827
26557	1944	31458
26557	1743	22588
2321	34	7750
8149	634	2321
21709	2520	30046
7838	79	2321
23593	2573	21709
3549	819	2321
22650	1722	24759
22650	2141	31598
3262	21	5371
29141	2508	22650
22650	2508	29141
3262	807	9753
33613	2239	26336
2378	745	6948
6948	745	3565
6948	745	9604
26336	2446	28999
20681	2239	26336
6492	141	3741
26688	1842	23129
23129	1899	31449
7300	575	3741
25880	1842	23129
3741	739	10919
19415	2164	23238
27	388	10367
27	819	946
19415	2528	23742
3850	634	27
946	819	27
239	494	8757
239	476	13077
239	271	3231
19627	2195	28145
32465	2044	19627
19627	2177	20112
20231	2353	22978
6542	680	843
843	21	12362
21797	2426	20231
20231	1722	31750
843	652	3590
31999	2134	20335
947	81	10148
20335	1782	29536
12611	433	947
20335	1728	34096
14006	471	947
20749	2457	28502
9114	87	16397
31538	2457	28502
7069	1606	9114
28502	2133	35474
749	1606	9114
9486	463	5730
5730	652	12375
32910	2291	25118
25118	2528	27609
25118	2520	32910
13522	652	5730
5638	271	9519
25026	2177	26325
25026	1972	28907
25026	1972	31731
5638	494	12343
31731	2044	25026
3029	817	6100
6100	388	14357
25488	1827	33745
25488	2509	29255
25488	2402	32302
6100	126	14357
8093	271	554
554	177	5665
12370	271	554
4379	271	554
19942	1878	25053
31758	1972	19942
5779	819	14500
14500	652	5779
25167	2172	22502
25167	2509	35834
33888	2353	25167
3996	819	5779
8327	88	9554
9554	36	5056
27178	1789	28942
28942	1932	27178
28942	1743	25799
28942	1743	19514
9369	538	5105
23459	2239	28757
12225	538	9369
9369	745	9474
9369	538	3974
28757	2239	28499
19412	2018	32913
23082	2353	19412
14390	652	24
24	819	10261
33778	2353	19412
19412	2520	33778
28621	1961	29771
22308	2364	29771
12567	88	10383
32697	1789	29771
10383	88	12554
13309	88	10383
8160	1244	13115
8160	271	4757
27548	1972	24145
27548	1972	26352
27548	1972	30471
8160	476	5776
20188	1972	31442
800	271	2268
20188	2195	21656
800	271	9107
800	494	2268
800	271	12054
4874	652	2835
1646	634	4874
4874	463	1646
24262	2234	32088
24262	2164	28353
24262	2291	22223
9917	34	14195
29305	1735	33583
23315	2259	29305
3927	558	9917
29305	2503	23315
9917	606	1012
5079	745	12737
24467	2528	21401
7568	538	5079
5079	745	7420
5079	745	14348
33456	2446	24467
5591	463	7127
5591	652	7346
24979	2509	32619
26734	2520	24979
26515	1868	24979
24979	1722	24759
3313	374	5186
22015	2350	24574
5186	27	11061
3313	471	5186
3804	374	5186
12380	471	5186
4652	463	6842
4652	21	5371
2256	819	4652
24040	2172	36316
24040	2528	29217
27051	1728	24040
27630	1889	27007
8242	861	19358
8242	672	6680
8242	869	8462
8242	188	7619
8242	141	13424
3090	997	5804
23207	2104	25192
25919	1884	25192
33760	2509	25192
25807	2509	25192
9328	1249	5804
3859	815	1753
25564	2148	23247
23493	2148	23247
23247	2516	21141
6176	447	3859
4105	447	3859
25610	2528	26827
25610	2528	31458
25610	2767	37987
6222	1448	19230
6222	986	18145
25610	2021	31458
112	271	13273
19500	1972	20203
19500	1972	32661
19500	1972	24116
19500	1972	23177
112	476	13366
4629	494	12343
4629	271	12343
4629	476	12218
24017	1972	26357
24017	1972	31731
4629	476	4974
8171	426	380
27559	2127	19768
380	88	18223
19768	1760	24321
19768	1789	30454
19768	1743	26180
20463	1972	20788
20463	2177	20058
1075	271	3201
20463	2195	22589
1075	414	8237
1075	1244	14990
20450	2467	29137
29137	1857	31659
9749	58	9004
9749	477	4015
29137	1759	28392
34113	1779	29137
11675	733	5481
31063	2434	24869
5481	440	13657
7753	388	5481
27141	2089	24869
11299	388	5481
293	476	8529
293	414	9877
293	271	9877
19681	1972	29265
293	494	11555
293	271	11555
12348	762	6654
26042	2492	34813
14841	279	6654
33656	2446	26042
23147	2446	26042
28551	2446	26042
23010	1728	32190
23010	2270	20796
11568	649	3622
20796	2075	23010
30956	2350	23010
3622	569	1408
3032	395	5776
25164	2148	38136
3390	476	5776
13240	395	5776
9234	476	5776
14752	476	5776
29352	2528	19506
29352	2509	26136
33359	2353	29352
13971	652	9964
9964	819	13971
29352	2509	38770
2233	471	7872
28756	2291	21621
22059	2335	21621
2233	819	13082
21621	2172	27260
27365	2335	21621
6738	439	5550
26126	1842	21620
26126	1842	33309
26126	1842	27006
26126	1842	25560
6738	141	6172
13750	652	6602
5264	819	6602
28019	1883	25990
25990	1780	19878
6602	819	13750
6602	866	4126
14240	42	8896
28284	2492	23373
28284	1805	25560
25933	2492	28284
8896	104	6172
8896	791	3985
25933	2492	31824
6545	502	10211
6545	791	12436
25933	2203	29599
6545	502	4824
25933	2492	27761
21076	1972	22055
1688	271	4809
1688	271	4692
24080	2044	21076
21076	1972	24197
21076	1972	24080
23745	2353	34286
4357	471	11899
14898	819	4357
23745	2172	31287
23745	2509	27609
34286	2520	23745
6093	317	1607
25481	2353	24919
6093	471	11899
6093	609	11899
25481	2509	27609
25481	2310	31287
6906	795	6694
7161	357	6906
26294	2201	20791
6906	500	1403
6906	739	5530
26294	2496	26082
5708	271	14277
25096	2195	26555
25096	1972	33665
25096	2021	31659
5708	494	7167
33665	2044	25096
26506	2291	34938
26506	1900	34938
12964	235	7118
176	652	7118
7118	199	19193
72	55	7118
29250	2366	20187
20187	2457	28403
799	756	9015
9862	665	799
799	812	4282
20187	2513	23670
331	20	12897
19719	2127	38786
19719	1721	32285
19719	1900	29855
19719	1956	23827
331	426	19131
3820	222	2332
3820	504	13723
3820	388	12217
21720	2056	23208
23208	1923	21720
23208	2205	33111
2509	756	10176
10176	223	14397
13464	756	10176
24908	2528	29564
29564	1836	38606
8447	389	10176
33523	2516	27452
8064	851	14135
27452	2159	22330
27452	2552	33523
8064	851	12851
8064	851	8105
24389	1857	28969
28969	2390	29163
9581	135	1972
9581	851	4157
28969	2135	25726
9095	331	9581
33580	2562	21199
14192	1137	1811
14484	1137	1811
21199	2764	31659
24416	2562	21199
33872	2562	21199
20080	1900	22602
3214	819	692
3214	240	9967
29355	2127	22602
22602	2127	29355
3214	867	12363
29005	1878	31457
24328	2589	29005
24929	1972	29005
8747	271	9617
4848	414	9617
5541	494	9617
14171	652	6023
13195	819	6023
25411	1722	26984
32583	2520	25411
6023	21	7596
25411	2018	26337
7537	414	12526
26925	2115	23721
7537	1148	12502
26925	1972	33607
7537	271	14219
7537	271	12526
32985	2511	29033
8129	810	9645
22146	2511	29033
13597	810	9645
9645	659	8129
29033	2511	32760
19438	2457	32028
50	1606	17019
50	1606	8467
50	1606	4374
50	1606	4489
4489	1606	50
7153	343	6414
25802	2528	25192
6414	827	5804
6414	271	18059
26541	2044	25802
25802	1972	37873
1095	426	12588
1095	831	14566
33954	2301	20483
20483	2127	31976
32930	2301	20483
20483	1956	23243
29240	2532	23701
25691	2532	23701
4313	1558	12834
4313	1361	9852
30892	2264	23701
32222	2520	23701
21532	2418	29459
1358	786	2144
27423	2350	21532
2144	21	15727
2144	717	10071
27423	1836	21532
9985	606	16909
12466	75	9985
2548	808	9985
31921	1944	29373
2982	75	9985
29373	2307	37259
22144	1890	34147
2756	189	9208
2756	189	14025
22144	1890	33413
22144	1890	34378
22144	1890	26976
6333	260	2596
6333	244	9221
24494	2172	25721
25721	1760	28227
6333	59	6086
25721	2323	28609
2799	395	2102
2799	395	13611
22187	2096	33742
22187	2096	21490
22187	2021	25982
2799	494	14354
21057	1878	25386
1669	331	807
3496	271	1669
22884	1972	21057
2674	414	1669
29887	1972	21057
5517	177	12295
24905	1878	31683
24905	1815	28293
22077	1972	24905
5517	331	8905
2689	271	5517
1146	652	3832
3832	819	1146
23220	2234	20534
23220	2520	20534
20534	2353	23220
1146	317	3599
12955	388	9562
28950	2032	37838
14774	388	9562
31515	2089	28950
12127	388	9562
32343	2089	28950
14330	538	3745
23133	2446	27446
3745	745	948
3745	745	1942
2643	538	3745
3745	745	790
25183	2115	22239
5795	271	2851
25183	1972	20507
25183	1972	22239
5795	414	2851
5795	271	1119
32026	2562	23165
12638	1137	3777
3777	1646	3401
23165	2764	25994
23165	2764	31659
3777	1646	8462
20987	2119	27733
20987	2074	25287
1599	382	7966
20987	2036	28453
1599	619	14258
20987	2036	25859
2532	414	8404
2532	1244	5983
2532	1148	8155
2532	414	9607
21920	2115	23101
21920	1972	23705
7649	476	8480
27037	1972	29265
27037	1972	28916
7649	271	9877
27037	2177	35825
27037	1972	30598
9443	538	13889
9443	538	15770
33277	2446	28831
30918	2239	28831
28831	2239	33277
11530	1692	9443
5967	756	12552
25355	2457	31940
25355	2513	23100
25355	2457	35959
25355	2457	32619
5967	756	13231
23194	2065	25767
6379	260	12273
25767	1961	31661
25767	1760	25573
11954	393	6379
3806	364	6379
14703	1137	4301
34091	2562	23689
4301	1646	3401
4301	1646	8462
6145	1137	4301
23689	2764	31659
28288	1900	33602
28288	2532	37564
8900	831	15283
8900	471	287
27387	2215	28288
33521	2532	28288
21496	1972	22239
2108	271	6661
21496	1972	28146
2108	271	8758
2108	271	2851
21496	1972	27792
25531	2040	28384
6143	42	3200
6143	339	8996
25531	1743	22588
6143	339	9563
25531	2140	28951
10480	652	18067
29868	2520	32042
10480	652	12411
10480	819	12654
12411	819	10480
32042	2291	29868
29469	1944	32619
10081	38	794
29469	1739	25010
29469	1739	36767
29469	1739	20182
29469	1739	25859
8106	707	10259
29647	2115	33636
10259	271	14248
27494	2044	29647
10259	414	14248
8512	57	10259
6727	271	14584
6727	494	14584
12045	343	6727
33972	2044	26115
6727	271	5381
6727	476	12045
32399	2496	27539
13011	795	8151
33690	1874	27539
14302	173	8151
32107	1738	27539
12719	795	8151
23132	1760	22719
23132	2065	32037
23132	1961	28346
3744	59	18593
3744	260	8958
3744	59	3331
7181	388	13073
26569	2089	32461
32639	2518	26569
13251	817	7181
7181	183	13231
26569	2089	23540
25030	1972	33296
25030	1972	20811
25030	1972	20788
5642	1148	4311
5642	271	10085
5642	271	13908
24212	2828	21235
13353	502	4824
24212	2203	26966
4824	745	9993
24212	2446	21971
7578	497	4824
8693	810	7463
20963	1966	28081
28081	2052	20963
28081	2511	33352
9559	171	8693
8693	881	4858
29654	1899	26717
26717	2234	38522
26717	2520	38522
7329	590	13090
7329	819	16289
7329	652	13090
24193	2062	35327
4805	575	6172
24193	1842	27025
24193	1864	32232
24193	1842	25028
24193	1842	25560
21081	2511	33498
13120	659	1693
1693	854	17744
1693	156	12914
1693	156	6036
1693	810	2265
27594	1972	27279
27594	1972	21944
8206	271	3201
27594	1972	33086
8206	271	13698
8206	271	2556
938	188	12844
20326	1842	33309
938	141	13921
20326	1842	25560
20326	1889	32232
20326	1842	21620
24631	2353	28510
24631	2234	36332
24631	1900	23947
5243	1558	9122
28510	2234	24631
5243	1690	16807
24362	2044	23104
23104	1972	32987
23104	2115	32987
3716	494	11557
3716	476	4974
3716	271	11557
19932	2562	33974
19932	1735	29225
544	1462	14113
544	1135	14586
19932	2373	20276
544	940	6149
5765	21	14397
5765	471	10029
9432	680	5765
25153	2353	28820
28820	2234	25153
5765	471	14397
11607	520	8838
28226	2196	30995
26947	1878	28226
21637	1878	28226
8838	340	3542
19856	1878	28226
1989	271	5924
1989	494	7891
1989	271	11210
1989	271	7891
21377	1972	25312
27279	2213	21377
24787	1734	35645
5399	838	4244
31403	2522	24787
4501	33	5399
13917	33	5399
33305	2522	24787
1788	374	12235
21176	2520	32126
21176	2172	31623
21176	2075	31623
1788	819	12738
32126	2353	21176
28138	2115	33990
8750	414	15056
8750	476	12045
8750	271	13273
8750	271	18525
8750	476	13527
18	652	6283
19406	2528	26644
18	827	7256
18	808	7256
18	436	7256
19967	2353	19406
4090	494	2327
4090	271	12313
4090	414	12313
4090	414	74
4090	476	4105
21715	2044	23478
2330	343	10279
21718	2044	24393
21718	1803	19541
29667	2177	21718
21718	1803	21481
21718	1803	29779
22370	2623	34193
22370	1905	23697
22370	1986	34193
2982	787	7905
2982	75	8221
2982	75	3551
4902	458	17814
4902	20	4375
4902	78	5276
19763	2528	24290
4902	255	17160
24566	1937	24290
24952	1972	31442
5564	271	12054
5564	271	14805
5564	271	6343
24952	1972	34193
27713	2044	24952
29517	2457	34278
10129	756	14890
22436	1893	29517
3048	174	10129
29517	2457	22436
10129	756	3048
32613	2520	20269
881	652	13225
20269	2353	32613
881	819	3409
13225	819	881
20269	1764	23370
13391	634	2193
33984	2520	21581
29471	2353	21581
2193	652	14596
2193	21	10020
33984	2234	21581
22697	2032	37271
22697	2104	32619
3309	403	13231
22697	2032	23125
3309	331	16697
3309	331	3737
4280	34	12914
5040	388	4280
23668	1735	32302
24428	2089	23668
27975	2089	23668
23668	1919	20555
22219	2096	23868
5994	271	4480
4480	177	11310
2831	395	4480
25951	2336	23868
30679	1972	23868
29410	2434	32702
10022	733	13314
29410	2239	35814
10022	183	11821
29410	2434	22714
10022	733	4608
21268	2589	28495
1880	888	9107
9107	114	1880
21268	2589	29138
28495	1815	21268
21268	2291	27237
13294	476	2929
2929	75	19170
22317	2044	32682
32682	2177	22317
22317	2307	21692
22317	1803	24080
556	819	9544
13905	915	556
9544	819	556
33719	1780	19944
556	652	9544
33293	2291	19944
32087	2360	29224
9836	810	2265
9836	810	12699
29224	2480	20342
29224	2467	23371
29224	2511	26736
27530	1899	31594
27530	2052	32155
8142	198	12206
12206	198	8142
22379	1899	27530
27530	1899	22566
27656	2114	24805
8268	413	1535
27656	2114	29709
8268	78	8462
27656	2114	20923
8268	413	9491
6404	388	2302
25792	2089	21690
25792	1884	32619
28199	2518	25792
25792	2528	37145
6404	222	8811
25808	2032	37240
6420	331	19001
6420	34	13723
25808	2032	35587
6420	331	16510
32445	2089	25808
28187	2360	27910
14545	810	8522
1429	810	8522
27910	2511	28187
28342	2511	27910
25228	2511	27910
8495	271	3652
24852	1972	23040
30582	1803	23040
22769	2195	23040
30852	1972	23040
3748	271	3652
2650	777	1084
2650	499	12343
2650	737	11769
2650	99	12343
22038	2222	31331
2650	264	8573
3796	652	5350
5350	652	15769
23184	2353	24738
5350	463	989
24738	2353	34861
5350	819	3796
2335	831	9116
28504	2532	19978
9116	831	590
8281	426	9116
27669	2127	28504
11739	819	9116
27459	2412	34677
8071	968	14
8071	968	19288
27459	2412	19402
19402	2412	27459
27459	2412	37089
1349	271	11557
1349	476	7010
20737	1972	30945
1349	271	11943
1349	476	8947
30945	2044	20737
26419	2554	33045
7031	756	3269
21865	1944	26419
7031	756	13657
7031	756	13231
34206	2394	26419
4687	414	1757
4687	395	14275
24075	1972	21145
24075	2115	21145
4687	271	1757
24075	2096	33663
23	795	6694
3014	611	23
26082	2043	19411
19411	1738	30532
34050	1943	19411
14662	242	23
8298	652	12617
27686	2018	32820
8298	34	11492
27686	2018	19868
27686	2353	32005
8298	799	7734
8868	819	5183
24571	2335	36629
24571	2520	24088
28256	2520	24571
5183	463	13865
24571	2164	33253
34106	2505	28921
2810	176	9533
32356	2581	28921
12968	1324	9533
9533	479	7190
14718	804	9533
19434	2555	30880
33612	2570	19434
3777	1646	46
129	1646	46
46	156	6624
32549	1779	19434
28893	1827	22154
9505	320	13657
9505	809	13657
9505	126	2766
28893	2509	33045
28893	2528	33045
28826	1735	32619
32907	2165	28826
9438	34	13231
9438	672	11763
9438	381	11309
28826	2297	32907
8784	34	13231
28172	2141	31598
28172	1735	32619
8784	440	12210
28172	2108	23235
8784	440	1875
13295	463	2759
12856	498	2759
32244	2199	22147
26257	2164	22147
32683	2164	22147
22147	1722	33785
28848	2553	31621
9460	852	12233
4723	388	9460
28848	2035	35824
24111	2089	28848
21583	2089	28848
9011	831	18225
28399	2127	29546
28399	1900	26607
28399	2291	33155
14999	831	9011
34387	2532	28399
19937	2335	28759
19937	2234	33251
549	533	13863
19937	2335	33537
13863	652	549
19937	2335	34283
24518	2032	23737
7034	827	4349
4349	756	13925
1758	366	4349
5130	331	4349
23737	2394	22167
32396	2096	20792
13008	395	1404
1404	445	2821
28649	1972	20792
14440	271	1404
33828	1972	20792
1421	271	13691
8084	343	1421
20809	1972	33079
20809	1972	31728
20809	1972	27224
1421	271	12340
5272	34	6594
31883	2291	24660
31883	2353	24660
5272	819	12495
24660	2353	23302
24660	2291	23302
13158	75	3646
23034	2307	32387
3646	606	12999
23034	2027	23187
23034	2307	28114
32546	1776	23034
23184	1722	29006
11618	21	9618
989	21	9618
20458	1722	29006
31006	1722	29006
1070	21	9618
28537	2335	21182
27182	2291	21182
29760	2335	21182
1794	634	14921
1794	819	10372
21182	2291	34309
9646	807	5495
8547	819	5495
31799	2234	24883
5495	652	4266
5495	652	12411
23654	2520	24883
2471	634	2730
2471	317	1600
2471	317	9040
22118	2481	21859
21859	2528	30506
21859	2018	28428
26541	2044	22341
7153	343	2953
2953	414	11322
2953	494	7153
2953	271	7153
22341	1972	26541
21751	1944	29952
3753	861	2363
1228	861	2363
21751	2764	25994
2363	1646	14113
20616	2562	21751
9496	819	2705
28884	2520	28077
28884	2089	25708
9496	463	3296
28884	2089	22714
9496	652	11560
33219	1972	23429
13831	271	4041
29667	1972	23429
30511	1972	23429
23429	1878	23845
24489	1803	23429
6572	888	7283
5177	476	7283
26671	1803	32138
8536	395	7283
27924	2096	26671
7283	343	5177
7547	264	8573
7547	737	4029
26935	2438	35490
26935	2281	30943
26935	1965	27961
26935	2357	24060
7642	388	12445
27030	2089	31833
7642	634	1408
7642	317	11091
27030	2335	20796
27030	2021	27360
5613	494	1021
25001	2177	26325
5613	476	6937
5613	476	13366
5613	271	1021
25001	1972	24779
165	189	14080
19553	1890	33468
19553	1890	33413
165	189	11221
19553	1890	30058
165	189	10675
12069	520	3464
3464	495	12069
31457	2221	22852
22852	2196	31457
22852	2221	37329
27921	1878	22852
4444	223	2973
22361	2528	32619
2973	471	10029
22361	2508	32858
22361	2141	23832
22361	1722	24759
197	174	18005
19585	1875	37432
19585	2231	19585
197	78	9749
19585	1779	20450
197	530	197
10255	722	8499
33613	2446	27887
27887	2038	29643
8499	538	14225
8499	538	16373
29393	2423	27887
4602	42	13453
23990	1789	32677
23990	1789	36309
23990	1789	35110
23990	1760	22173
4602	88	12703
19900	1972	30122
512	271	10085
512	271	10647
19900	1972	30035
512	494	10085
512	414	10085
5364	476	4426
24752	2177	30742
5364	271	8068
24752	2177	23814
24752	1972	27456
5364	476	11354
24638	2861	26082
24638	1884	32619
24638	2409	23644
5250	1025	6694
26885	1722	20328
33528	1722	20328
940	786	8478
27866	1722	20328
4172	21	940
3077	21	940
2951	323	7584
3402	750	2951
22339	2024	19891
33997	2451	22339
22790	2451	22339
22339	2024	26972
25302	2426	19749
5914	323	4101
5914	542	14465
25302	2024	22215
25302	2024	23489
5914	323	2827
7487	102	3641
3641	177	2792
27868	1803	23029
23029	1878	22180
27436	2115	23029
26875	1803	23029
14315	652	3894
10049	819	3894
3894	463	6842
23282	2089	36756
23282	1722	33785
33703	2353	23282
33626	1735	19576
2002	756	188
4261	156	188
188	1447	8462
21390	2457	19576
23779	2528	19576
13803	652	4835
24223	2520	33191
4835	609	14843
22970	2520	24223
4835	819	13803
4835	652	3582
26537	2385	22065
23312	2385	26537
26537	2326	23312
7149	260	14942
3924	684	7149
2677	625	7149
1154	476	6322
20542	1972	26265
1154	271	4672
1154	271	3231
20542	1972	24060
20542	1972	22619
19850	2234	33355
19850	2172	30728
19850	2353	26593
33355	2353	19850
462	21	11340
19850	2509	27916
8084	343	3250
3250	414	484
22638	1972	19872
22638	2115	19872
3250	476	8980
27472	2044	22638
20021	2172	27051
34145	2520	20021
633	463	10079
20021	2520	22705
633	463	14757
3317	652	633
34163	2234	23151
3763	590	14775
23151	2520	29610
29610	2353	23151
23151	1722	27260
3763	320	2966
23775	2562	32019
23775	2562	38189
4387	1137	12631
4387	1137	6853
4387	1543	3563
23775	2713	22951
34223	1848	29131
9743	959	3664
23052	2135	29131
29131	1812	33138
9743	1338	17693
14835	147	9743
4329	271	12361
23717	1972	31749
4329	476	724
23717	2177	20112
4329	1244	13925
23717	1972	30122
6631	271	12805
26019	1972	32193
6631	271	5924
6631	271	8404
26019	1972	25127
26019	1972	25312
7324	436	5610
5804	689	5610
8744	451	5610
33996	2201	24998
28575	2172	24998
25192	2390	24998
2931	271	396
2931	476	5443
2931	1244	10511
2931	271	5980
2931	271	10850
22319	2177	24831
29618	2496	26082
10230	1644	6694
10230	1384	6735
6735	270	10230
26123	1971	29618
29618	2401	26123
31890	2408	21645
2257	1011	7900
21645	2457	31890
12502	1377	2257
12502	73	2257
2257	1652	12502
27462	2457	25614
25808	2141	25614
6420	440	6226
14339	815	6226
6226	500	8118
4492	507	6226
14698	1441	10097
29485	1737	34086
10097	231	14698
26165	1789	29485
4866	1441	10097
29485	1737	27205
25694	2434	26609
6306	733	7221
7221	70	13550
26609	1771	32938
26609	2141	19588
7221	606	200
6332	366	14508
25720	2520	36698
6332	652	16236
25720	2509	24828
25720	2172	22502
25720	2528	24828
6513	59	11088
13443	244	6513
6513	339	15421
25901	1961	25178
6513	260	5790
6513	59	16082
12856	498	9623
9623	463	14337
29011	2164	33725
10237	819	9623
25992	2353	29011
9623	21	14397
2928	1378	18927
2928	1212	16755
13345	1364	2928
32733	2234	22316
22316	2172	23608
19862	2291	22316
26685	1961	32237
26685	1945	24271
7297	244	4883
7297	89	12849
26685	1961	36647
24271	2172	26685
12601	331	7957
7957	756	13119
14976	320	7957
6510	385	7957
7888	1148	7957
3453	331	7957
7076	271	14093
26464	2195	33481
26464	1972	33481
7076	494	14093
26464	1972	37291
7076	271	5460
32077	2089	22885
3497	440	13657
12689	388	3497
22885	2141	33045
22885	1771	32938
6842	388	3497
27057	2508	28317
28317	1722	33785
8737	819	8929
8929	807	7669
28317	2141	32217
12829	223	8929
9429	810	14223
9429	810	8563
28817	2511	27951
28817	1966	22596
26255	2052	28817
6867	351	9429
8854	340	12341
29775	1878	28242
28242	2041	31729
28242	2206	22579
10387	177	8854
8854	24	18430
2735	521	3889
32628	2096	23277
3889	177	1719
31374	1972	23277
7017	494	3889
26474	1972	23277
28254	2528	22247
20462	1776	22247
22247	2457	31209
24864	2528	22247
10555	1148	2859
30213	1815	22247
23655	2291	26977
23741	2164	23655
4353	652	4267
7589	533	4267
4267	819	5071
4267	471	9843
23618	2353	27314
4230	21	6836
7926	819	4230
4230	634	12318
23618	1884	32302
28165	2520	23618
8885	652	9121
28273	2172	26534
28273	2353	31609
4097	652	8885
12221	819	8885
8885	819	4097
5357	241	11492
24745	1779	19434
5357	530	7734
5357	413	13432
32820	2509	24745
5357	78	8462
3089	174	18435
22477	1875	38836
3089	594	16803
3089	413	989
22477	2295	37963
24738	2528	22477
705	388	4152
705	463	6842
20093	2021	29217
20093	1722	24759
705	21	5371
20093	2089	23540
8065	688	13231
8065	750	5086
27453	2451	24474
27453	2389	32619
27453	2451	36440
27453	2528	32699
5076	819	19034
20695	2353	24464
31837	2426	24464
5076	533	1307
20559	2426	24464
12449	725	5076
1132	114	12819
8126	271	1132
1132	177	6481
20520	1878	25869
20520	1815	32207
27514	1972	20520
2361	395	13691
2361	395	7316
33079	2311	21749
21749	2195	33079
21749	2096	33079
21749	2096	26704
30820	2172	22502
14821	471	3114
22076	2172	22502
25810	2172	22502
33801	2172	22502
25715	2172	22502
20694	2291	33141
1306	590	13753
4920	1052	1306
6114	1024	1306
25502	2291	20694
20694	2457	23719
3158	634	7445
7445	317	273
7445	819	3158
26833	2018	19661
26833	2520	22546
26833	2520	28689
12347	819	9338
28726	2353	31735
9338	652	12347
31735	2520	28726
1604	1487	9338
28726	2528	22107
6785	494	12526
6785	414	5278
26173	2115	24666
26173	2195	31914
26173	2115	24080
6785	414	4692
20996	1972	33481
1608	271	8938
20996	2177	28079
20996	1972	19872
20996	2115	28326
1608	1148	7136
3590	21	14160
843	652	3590
2409	725	3590
22978	1722	33548
22978	2172	38625
20231	2353	22978
14243	831	6780
26168	2528	34084
12940	413	6780
6780	199	14243
6780	827	14696
7598	831	6780
27305	1927	33371
7917	226	13983
27305	2074	30880
27305	2074	24338
27305	2074	28518
29846	2589	32823
29846	2234	29863
10458	888	13435
29846	2234	32204
29846	2307	19519
29846	2307	33351
27146	2115	24769
7758	494	5213
24601	2044	27146
7758	271	13908
27146	2177	31433
27146	2177	32915
26751	2528	28969
12137	569	7363
7363	21	14209
7363	819	381
381	652	7363
7363	609	12137
9873	817	14956
5645	538	9873
9335	745	9873
29261	2528	32619
29261	2446	34344
11898	745	9873
93	564	13775
23827	1735	19481
19481	2265	33163
19481	2389	22502
19481	2451	38019
4439	34	93
32634	2114	20988
11082	317	1600
20988	2264	20494
3214	600	1600
20368	2426	20988
20988	1756	25416
34071	2528	22425
3037	1447	12851
32474	2528	22425
12592	1244	3037
3037	1270	12851
25789	2528	22425
23134	2562	25889
25889	1944	29952
6501	1646	8462
6501	1448	7383
1737	1137	6501
25889	2528	31659
21395	2323	31575
31575	2172	21395
2007	244	12187
2007	119	7046
2007	170	15925
30038	2172	21395
22737	2457	25172
14135	854	3349
3349	756	5784
22737	2217	27493
3349	516	8105
9877	331	3349
22956	2165	28408
28408	2165	32308
3568	464	9020
28408	2373	31151
9020	464	12920
9020	816	10366
3830	756	12210
23218	2457	32619
3830	756	13231
23218	2457	31598
22064	2032	23218
22484	2127	25155
5767	1699	640
33180	2353	25155
25155	2127	22484
7907	1690	5767
7907	1176	5767
3014	26	5944
5944	795	6694
25332	1738	30532
25332	1738	31676
22402	1727	25332
5944	37	12288
7449	815	13963
7449	815	13913
26837	2516	33301
25780	2052	26837
7449	249	6392
28516	2052	26837
29685	2335	24818
5430	133	6512
30989	2335	24818
5430	147	5975
22698	2335	24818
3504	634	5430
14724	831	295
34112	2532	19683
19683	2234	36049
2945	290	295
295	471	8428
19683	2528	34278
4210	426	14463
10549	533	4210
23598	2208	33556
4210	73	14463
23598	2127	33851
14463	426	4210
29030	2096	24545
5157	177	11607
5157	331	10556
24545	1878	30995
24545	1815	27010
24545	1815	29944
26856	2115	26076
26856	1972	31331
7468	494	11943
26856	2195	31331
7468	271	11943
24362	2044	26856
974	21	5371
20362	1722	24759
20362	2141	28235
974	440	8847
20362	2528	34767
20362	2520	37294
22077	1972	33880
2689	271	6806
22077	1972	22712
2689	271	7067
22077	1972	24905
2689	476	5443
25251	2489	24028
4518	241	4640
5863	788	4640
23906	1942	24028
4640	552	3824
24028	2426	29508
1043	476	4818
24206	1803	22619
31517	2177	24206
24206	1803	28129
4818	75	13051
24206	1803	31701
30585	1838	19994
19994	1838	19514
606	137	126
11197	137	606
19994	1838	29740
13518	42	606
27074	2506	21998
11926	239	7686
31314	2522	27074
27074	2155	31314
21998	2522	27074
25783	1940	27074
24320	2520	19416
24320	2164	32009
26170	2270	24320
4932	819	438
24320	1915	19416
8454	214	4932
8156	471	10866
27544	2291	34668
27544	2291	21306
8156	590	8593
27544	2307	25172
8156	533	3017
1270	1479	8840
20658	1900	34077
1270	1361	14689
1270	1046	12223
20658	2127	28228
8840	1479	1270
25759	2115	33990
6371	476	12045
25759	1972	33990
6371	271	13599
6371	494	13599
25759	2195	32987
1581	21	7596
20969	2335	33418
20969	2075	25958
20969	2520	22853
1581	590	13783
20969	1722	26984
13213	882	2401
32601	2583	21789
21789	1735	25192
4886	1568	2401
32079	2089	21789
21789	2141	26119
22004	2520	35451
32794	2114	22004
13406	358	2616
13482	819	2616
13406	413	2616
2616	819	18415
25694	1884	19506
118	413	9187
14822	808	118
23603	2528	19506
118	174	11455
25878	2205	19506
13986	533	2311
29379	2291	21699
12182	590	2311
33374	2234	21699
2311	590	2943
21699	2291	22331
7187	600	7969
7969	831	3064
11449	426	7969
22452	2301	27357
7969	199	10868
21723	2532	27357
21127	1972	33481
1739	271	14093
1739	271	5578
1739	476	4348
21127	1972	24848
21127	1972	24966
10392	410	8001
22329	2111	27389
27389	2675	22983
6257	1198	8001
8573	1198	8001
25645	2111	27389
22349	1972	20043
2961	271	655
2961	494	655
22349	2096	28785
22349	2177	24411
22349	2096	20043
4244	805	12015
7373	33	4244
23632	2130	24787
23632	2155	26761
24787	2539	23632
33305	1940	23632
34156	2307	25220
14768	606	5832
25220	2811	28114
22370	1776	25220
5832	756	9117
21752	2528	25220
29250	1703	32172
31289	2339	29250
29250	2366	20187
9862	815	9015
11901	638	9862
9862	415	17507
21766	2446	35781
21766	2446	24467
21766	2446	26336
2378	745	6948
21766	2446	29346
21766	2509	19675
19741	2195	31731
353	271	12343
19741	2115	26843
353	414	7455
353	494	12343
19741	1972	31731
28576	1972	33738
9188	395	13166
28576	2096	36281
9188	271	14350
28576	2021	29899
9188	395	12336
13757	652	9298
9298	21	14397
29293	2520	28686
9298	652	8391
28686	2520	33145
9298	34	13231
22604	2140	27393
3216	869	7317
22604	1760	28227
22604	1822	32313
22604	1961	21103
3216	260	1715
1237	177	5998
2202	271	1237
20625	1878	25386
24561	1972	20625
21590	1972	20625
32915	1803	20625
30428	2089	19871
20319	2089	19871
20013	1827	19871
32947	2089	19871
11799	388	483
32196	1827	19871
29056	1972	33877
29056	1972	28495
29056	2195	28495
9668	271	9107
9668	1244	10511
29056	1972	30625
65	652	12761
19453	1722	24759
19453	2291	32149
65	46	9175
12761	819	65
19453	2353	32149
8185	177	9253
4304	271	8185
5180	271	8185
5465	102	8185
29917	1972	27573
23692	1972	27573
27677	2018	26975
9676	652	8289
8289	533	9676
27677	2528	33351
8289	317	7587
8289	819	9676
12239	222	3885
23273	2518	34310
3885	183	5804
23273	1827	33511
3885	817	12239
23273	2518	31627
14374	1441	8602
27990	1789	33762
33762	1789	27990
2307	260	8602
27990	1944	31458
27990	1760	38117
22534	1722	29181
22534	2172	30839
3146	21	7042
26148	2520	22534
22534	2172	23866
6760	819	3146
2240	177	1796
21628	2505	35570
21628	1877	29226
21628	1878	21184
29226	2164	21628
21628	2581	25428
29407	2164	23607
21587	2164	23607
10038	463	4219
30204	2199	23607
23607	2353	21187
21187	2520	23607
153	343	9274
9274	271	153
28662	1972	19541
9274	1244	14678
9274	1148	7136
28079	2044	28662
29082	1900	33586
9694	199	14198
14301	725	9694
33689	2426	29082
9694	471	9135
29082	2528	28523
6340	634	8506
27894	2520	29322
34139	2353	27894
27894	2335	32129
8506	819	9934
29322	2353	27894
3646	606	8726
8726	1634	5977
8726	1447	5314
8726	1112	12999
10058	75	8726
8726	1270	5314
5258	244	14244
30038	2172	24646
5258	119	15937
24646	1760	25474
33632	2172	24646
5258	59	3790
7575	271	10462
7575	271	8757
26963	1972	28145
7575	476	4770
26963	1972	33310
26963	1972	32577
22764	2511	32124
27474	2207	22764
30572	2003	22764
30194	2158	22764
3376	810	12736
8086	457	3376
27593	2090	20424
2341	759	1036
20424	1875	32312
27519	2141	20424
1036	107	12924
20424	1924	27519
13845	271	4686
13804	271	4686
4686	177	8162
33192	2195	24074
13804	494	4686
24074	2105	24074
6085	222	14150
6085	126	483
6085	388	6784
25473	1923	33538
25473	1884	26548
6085	126	13073
4503	1447	5276
20596	1779	24664
23891	2552	24664
2261	1447	5276
24290	1779	24664
29163	1779	24664
22219	1972	27889
2831	395	13273
2831	271	11943
22219	2096	28907
22219	2177	22246
22219	1972	24342
25814	2090	31659
25814	1833	32236
12848	1546	6426
25814	1901	26526
11436	1546	6426
30824	2226	25814
27866	2114	25014
5626	463	14023
25014	2353	33096
14267	634	5626
25014	2164	22465
25014	2164	33411
8964	271	13273
8964	271	13712
8964	271	11557
8964	414	13712
28352	1972	33100
8964	494	11557
1369	719	11195
20757	2135	33569
33409	1704	20757
14021	3	1369
20757	2457	32302
1369	756	14021
23637	1961	24798
4249	170	13684
23637	1945	26792
4249	339	16509
4249	244	7404
4249	260	5410
20831	1956	20755
1367	413	1443
33633	2253	20755
20755	2114	20831
1367	78	2023
1443	943	1367
591	373	4950
19979	2074	24338
591	373	9130
591	351	12851
19979	2074	28518
19979	2052	32239
4841	126	2302
24229	1884	33111
24229	1827	29999
24229	1827	21690
24229	1827	23540
4841	388	10611
26644	1875	32203
2168	827	7256
25416	1956	26644
21556	2509	26644
29040	2331	26644
31483	2509	26644
645	652	8321
645	463	3041
20033	2528	27609
20033	2353	27709
645	394	8221
8321	819	645
14561	1244	4711
20907	2307	24099
7402	114	4711
24984	1735	24099
24099	2052	34119
24099	2552	21217
2129	600	12016
24352	2532	21517
2129	199	4964
21517	1900	24352
21517	2021	28436
21517	2528	28436
27082	1932	33989
27082	1932	21188
1800	1441	7694
27082	1743	28712
14601	1441	7694
27082	1743	23980
20308	1972	24145
920	271	14093
920	271	4757
20308	2195	33481
33481	2044	20308
920	1244	5804
29180	2172	31845
29180	1760	23178
29180	2172	28406
9792	51	7013
9792	471	2801
29180	2172	21680
6915	271	14597
6915	271	5391
26303	1972	33985
26303	2177	26553
6915	494	14597
26303	2195	26783
26688	2398	19971
26688	1889	35729
7300	443	7841
7300	1348	6492
26688	2122	25880
7841	482	7300
76	177	12069
19464	1878	31457
19464	1815	23742
26929	2115	19464
26929	1972	19464
7541	414	76
23779	1972	22239
4391	271	3301
23779	1972	37611
23779	1972	25312
4391	271	5924
4391	395	7949
9835	819	4730
1319	819	9835
14386	404	9835
29223	2520	33856
14468	652	9835
20707	2520	29223
9550	745	13889
33277	2239	28938
2659	1367	9550
9550	538	11585
9550	538	249
12540	1367	9550
27551	1874	32274
31822	2571	27551
32274	2456	27551
27551	1874	31822
8163	173	12434
27551	2319	33243
20081	1972	30945
693	494	13854
20081	1972	33242
20081	2115	28145
693	271	11557
693	414	8757
2464	494	2061
21852	1972	21449
2464	414	14602
2464	476	367
19988	2044	21852
21852	2195	21449
28981	1791	24800
9593	1457	8339
9593	1522	5412
28981	2484	31756
9593	1606	3172
28981	2238	27727
1138	745	4843
1138	745	7526
20526	2446	20222
20526	2446	24360
20526	2446	27911
20526	2509	27672
5317	1429	8689
28679	2335	28077
30948	2520	28077
33132	2508	28077
28884	2335	28077
28884	2520	28077
12533	88	6832
31921	1789	26220
6832	42	5921
4443	88	6832
26220	1789	23831
26220	2268	36384
13158	75	8748
28136	2319	34652
8748	888	18715
28136	2589	36822
32546	1776	28136
22862	1776	28136
2590	852	3957
2590	192	5475
24863	2457	21978
21978	2553	23345
21978	2175	37833
1919	652	167
1919	819	13740
21307	2353	19555
33128	2353	21307
13740	652	1919
33128	2335	21307
12832	819	437
437	652	12832
19825	2353	32220
23683	2353	19825
437	199	12832
4295	199	437
33580	2562	24725
10572	1137	5337
26962	2562	24725
13994	1137	5337
23042	2127	24725
14192	1137	5337
21976	2581	21656
2478	494	2268
34352	2195	21656
26299	2581	21656
26859	1803	21656
21656	2044	34352
2516	1441	3946
3946	1252	9571
28654	1961	23334
14376	260	3946
9266	260	3946
23334	1743	29740
10991	778	4589
26665	1795	23977
2204	94	4589
7277	94	4589
30379	2479	23977
24826	1795	23977
31478	2457	28294
8906	174	12090
8906	432	15721
8906	1403	8858
6182	1403	8906
11690	1403	8906
6290	1606	4609
25678	1788	22707
6290	1606	2387
6290	1157	5447
25678	2484	34158
2387	1606	6290
29872	1899	21291
21291	2183	27466
12308	652	1903
31696	2353	21291
1903	1018	5304
21291	2440	26879
4778	618	5198
24166	1927	34184
4778	173	5000
4778	411	9937
12276	697	4778
7677	697	4778
5357	530	7734
27122	1936	32820
480	471	7734
27122	1728	19868
30880	2350	27122
6480	66	7734
8474	756	5255
8474	756	13849
13849	606	8474
1157	606	8474
33237	1893	27862
29926	2307	27862
13896	538	9281
28669	1709	36399
624	538	9281
5805	745	9281
14414	745	9281
11959	538	9281
7849	471	15940
1447	590	7849
34068	2234	27237
7849	533	1447
27237	2172	34558
7849	888	4974
28200	2210	31723
12688	1570	8812
23654	2089	28200
26134	2089	28200
4266	1570	8812
6746	388	8812
2707	652	907
907	21	8773
24773	2114	20295
20295	1722	28161
22095	2353	20295
5385	413	907
100	471	10241
10241	244	11375
29629	1961	31635
10241	59	7840
29629	2268	36384
19488	2172	29629
469	78	3639
3639	156	10961
3639	497	6039
3639	810	12901
23027	2511	31535
34266	2207	23027
4426	343	4083
4426	343	14164
4426	102	4310
24752	2177	23814
19450	2177	23814
4426	343	17983
13224	271	3122
28163	1972	22510
2535	271	3122
21923	1972	22510
24362	1803	22510
32612	1972	22510
9322	943	2079
9322	1690	10137
12792	908	9322
4788	1690	9322
7291	199	9322
9322	1558	4788
5111	107	1212
12282	331	1212
31670	2032	20600
24499	1808	20600
1212	756	5111
33743	2402	20600
4276	271	11557
4276	271	7455
23664	1972	26724
23664	1972	26843
4276	271	7336
23664	1972	26235
29399	1872	21823
21823	1884	32619
23274	1872	21823
2435	133	1818
4416	155	2435
21823	1856	21764
9715	680	12544
9715	440	133
9715	21	14397
29103	1722	33785
29103	2381	31932
29103	2509	19521
10115	194	13798
29503	1895	33186
14580	406	10115
29503	2083	22565
33968	2107	29503
29503	2083	33968
27156	1842	22309
2921	279	14268
22309	1993	24599
7768	141	2921
2921	292	5211
22309	1980	33656
28861	2164	34145
34145	2127	28861
9473	463	14757
14264	652	9473
28861	2172	30117
14757	426	9473
23815	1932	33460
28593	1789	23815
4427	42	126
23815	1737	22699
23792	1789	23815
23815	1789	31691
10330	590	15897
29718	2520	32523
32523	2291	29718
10330	819	13135
29718	2353	21381
33984	2291	29718
3510	271	14277
22898	1972	33665
3510	414	8406
22898	2115	27794
3510	271	8406
6558	343	3510
980	323	6122
8035	1208	6122
24353	1867	25510
8714	1208	6122
25510	2586	37932
4965	1052	6122
12067	725	1632
13943	426	1632
14133	199	1632
3235	807	1632
21020	2508	22623
31455	2426	21020
24245	1972	32661
4857	271	13273
24245	1972	21656
4857	271	2268
4857	476	4422
4857	271	2733
29003	2532	23598
9615	831	12926
10549	1479	9615
29003	2532	32314
29003	2532	23761
9615	831	4210
29044	2172	31287
29044	2335	31540
9656	471	11899
9656	819	533
9656	634	41
29044	2335	19429
24323	2509	23891
4935	463	6304
4935	652	10476
24323	2353	29864
24323	2528	24290
4935	819	13402
22082	2216	23801
4045	993	4413
23576	1761	23801
23801	2328	21819
29976	2945	23801
34153	1788	23801
22244	2301	21834
2856	600	2446
26285	2301	21834
21834	2509	23280
21834	2127	22286
22286	2127	21834
25916	1760	25798
14511	1253	6528
25916	1789	29197
25916	1743	26180
6528	59	6410
7681	1253	6528
6060	177	2792
25448	1878	22180
2792	340	1753
2792	994	15940
7068	177	2792
10677	177	2792
8268	413	10321
34146	2264	29709
10321	652	9491
27656	2114	29709
10321	819	14758
10321	533	14758
6603	463	7556
26944	2164	33293
26944	1872	36082
26944	2127	24093
10036	872	7556
8653	463	7556
31303	2291	25520
6132	819	1799
2057	115	6132
22632	2164	25520
27143	2234	25520
25520	2353	27143
32553	2532	29084
12997	819	9696
29084	2353	36589
22881	2291	29084
9696	652	275
29084	1900	32553
29460	1722	22842
2738	21	3454
3292	21	3454
22680	1722	22842
26527	1722	22842
25704	1722	22842
19827	2089	31604
439	426	15526
19827	2127	36856
439	115	17712
19827	1816	31232
19827	1834	32425
7856	440	12552
7856	331	8386
7856	1569	7129
7856	1569	13550
20748	2089	27244
27244	1771	26517
23315	2259	25861
6473	299	3163
3927	558	6473
25861	2259	37401
25861	2503	24413
25861	2275	21427
3298	652	9541
28929	2089	32351
28929	2089	31599
9541	634	2742
9541	388	12963
28929	2335	22130
6071	652	12140
7077	634	6071
7091	819	6071
30485	2353	25459
26479	2520	25459
25459	2291	22210
14476	819	8312
27700	2075	35151
27700	2172	35151
27700	2089	22714
27700	2528	28152
8312	388	3604
23199	1972	27884
23199	1972	28916
23199	1972	25552
3811	271	8496
3811	271	6164
3811	271	9528
26027	2335	27483
27483	2172	25135
27483	2520	34197
32306	2520	27483
25553	2335	27483
27483	2234	34197
8654	24	8421
8654	994	15940
14278	177	8654
25388	1878	28042
8654	340	1753
28042	2371	26843
6590	271	14277
25978	1972	33665
25978	2195	20449
6590	271	4164
6590	271	1061
25978	1972	20449
26845	2141	23630
7457	440	4242
7457	331	6912
26845	2032	26300
11716	388	7457
31104	2089	26845
26698	1805	27025
26698	1805	25560
33892	2463	26698
14504	762	7310
7310	104	6172
7310	104	7637
28856	2562	33012
28856	2377	34245
9468	1137	18379
28856	2140	26771
28856	2307	29952
28856	2562	28269
22500	2528	29058
22500	1972	21449
22500	1972	30122
28630	1882	22500
22500	2195	26754
28630	2044	22500
992	463	2878
30948	2164	22266
20942	2520	22266
22040	2164	22266
22266	2335	20380
33132	2164	22266
24674	2044	22621
22621	1972	22689
3233	476	5286
22621	1972	26049
3233	271	6661
3233	414	6661
27372	2208	25838
13525	1361	7984
27372	2127	32724
7984	1361	10975
32724	2127	27372
32913	1900	27372
28512	2018	26432
28512	2528	23227
4914	147	9124
24302	1848	28512
9124	827	7588
9124	317	7044
958	1692	2643
2643	538	12356
22031	2239	31744
5063	745	2643
22031	2239	28757
2643	538	4270
12695	331	5706
32083	1815	25094
5706	756	14890
25094	2420	20331
25094	2457	34278
25094	2457	31345
29703	2511	31292
10315	810	11904
10315	810	5958
29703	2511	20450
10315	810	3999
10119	1273	10315
20938	2353	20319
931	463	179
931	819	1592
931	147	1550
179	915	931
931	652	8653
266	163	12886
19654	2562	34594
19654	1864	32274
19654	2093	34758
266	861	15972
266	163	13003
9966	1148	9059
9966	476	5443
29354	2177	24831
9966	1244	10511
29354	2021	29899
25368	2044	29354
6060	114	6748
6415	271	6060
8580	888	6060
13017	414	6060
27968	2589	25448
12770	414	6060
23924	1857	22015
31746	1912	23924
11976	78	4536
33451	1912	23924
23924	1966	25188
31549	1779	23924
476	271	2060
476	271	4507
19864	1972	21448
19864	2177	20685
19864	1972	29111
476	494	9723
28968	2172	32866
28968	1743	28485
9580	471	16112
28968	2172	20176
9580	471	18854
9580	471	13478
27031	2416	34364
7643	570	16142
27031	2271	36986
7643	715	14976
27031	2170	31556
27031	2271	31197
6030	155	22
25418	2349	20783
25418	1856	19410
25418	2423	29641
25418	1993	24599
25418	1980	30939
7160	1447	4603
21619	2905	26548
20084	2528	26548
3243	394	7160
27257	1944	26548
30039	2021	26548
7151	388	14811
32618	2353	26539
7151	21	5371
26539	1722	24759
7151	440	13657
13230	652	7151
23023	2581	31802
3635	880	11098
23023	2307	20158
3635	204	3591
3635	204	12414
3635	75	12073
11275	791	7360
7360	697	4735
8782	575	7360
30663	2492	26748
23373	2276	26748
26748	2398	24123
23359	2511	20450
23359	2511	32782
3971	815	11492
23359	2516	30880
3971	810	3999
4535	351	3971
7788	831	7890
7890	426	1600
27278	2291	28402
7890	600	7788
1600	426	7890
87	199	7890
9646	374	4618
2008	1491	4618
13969	1188	4618
7760	374	4618
130	147	4618
4618	872	130
29096	2319	24112
4724	271	12343
24112	1972	31731
9708	618	4724
4724	476	8947
24112	2115	31731
32669	1815	21023
11728	1148	1635
13281	331	1635
1635	756	17777
21023	2937	24063
7571	271	5369
26959	1972	25946
7571	271	6558
23698	2044	26959
26959	1972	23698
26959	2528	26490
14908	102	4679
12430	494	4679
31818	1972	24067
23973	1803	24067
24561	2115	24067
14634	102	4679
2985	271	14093
22373	1972	33481
2985	271	7153
22373	1972	26541
22373	2528	32503
7153	343	2985
26234	2335	22665
33013	2353	22665
3277	463	6846
22665	2310	21956
22665	2234	33013
22665	2528	21667
9392	21	7582
28780	1722	26970
29186	1722	26970
7582	463	14536
28780	2172	26970
33924	1722	26970
2222	388	12046
2222	463	7865
21610	2089	31434
4862	819	2222
24250	2353	21610
21610	2353	25811
8866	799	1543
7489	649	1543
22848	2172	20931
20931	2395	26877
1543	569	15841
28254	2500	20931
1447	533	2564
2564	888	13646
2564	888	3022
21952	2589	22410
21952	2589	33034
21952	2172	35586
22961	1972	22239
3573	271	14093
22961	1972	22155
3573	271	2767
3573	271	1790
22961	1972	33481
27572	1972	21145
8184	476	13366
27572	2177	26325
27572	2177	28335
8184	271	7891
27572	1972	30945
1934	177	10392
21322	1815	21174
1934	331	1786
26572	1972	21322
21322	1878	29780
7184	271	1934
9206	271	14706
9206	414	14706
28594	1972	34094
28594	2115	34094
28594	1972	30122
28594	2195	30122
24694	1932	24994
28166	1932	24994
24994	2021	31458
8778	1252	5606
5606	986	4481
5606	1646	7317
4260	1052	13146
10332	815	4260
9822	759	4260
8040	815	4260
4260	1127	7913
23648	2147	27301
21059	2491	32457
1671	661	6669
1671	210	5459
21059	1911	24969
21059	1993	24599
1671	292	5211
4278	244	14436
23666	2040	38583
4278	339	16509
4278	260	5410
23666	1961	24798
23666	2140	38583
8070	1558	17226
27458	2353	33729
8070	898	14341
27458	1956	29692
8070	943	10304
33729	2520	27458
24472	2517	24503
5084	464	16076
5084	672	6680
2027	464	5084
24472	2373	26068
5084	596	2027
26404	1836	32673
7016	135	13285
7016	413	10508
32796	2528	26404
7016	458	8690
33599	2509	26404
5816	733	2302
25204	2434	21690
25204	2434	28120
31787	1923	25204
12399	222	5816
5816	733	8732
4625	331	10406
10406	21	11195
24013	2032	29794
4613	174	10406
5155	320	10406
28098	2509	29794
33448	2377	28685
28685	1899	31354
9297	460	888
28685	2373	20276
14060	848	9297
9297	55	14060
6662	600	14151
26050	1900	33445
14151	831	6662
6662	199	14057
33445	2532	26050
33539	2532	26050
7744	1462	12851
27132	2412	26051
9130	711	7744
7744	968	10443
6663	968	7744
7744	968	6663
2572	457	2718
21960	2158	22106
11092	471	2718
25250	2864	22106
13673	471	2718
33061	2172	22106
21075	2133	35474
34030	2484	21075
14235	1403	1687
1687	1403	14235
7980	1403	1687
1687	174	14642
12982	271	6231
32370	2115	25619
20230	1972	25619
3783	414	6231
7968	414	6231
7968	271	6231
1464	652	11247
30794	2276	20852
1464	739	18062
1464	283	734
20852	2353	30635
23202	2353	20852
22109	2520	32997
2721	819	13609
2721	232	14702
13609	652	2721
22109	2199	34090
22109	2528	32286
3055	590	2085
22443	2353	33474
22443	1722	26984
3055	21	7596
3055	217	1356
22443	2509	31756
10475	888	6359
27861	2172	25747
12908	476	6359
29863	2589	25747
25747	1803	24339
6359	682	10475
6389	1459	12502
6389	1646	1062
6389	1646	3401
6389	1649	12556
25777	2021	23576
25777	2764	31659
27207	2115	24666
27207	1972	24666
7819	271	2734
27207	1972	22122
7819	271	5278
7819	414	5278
3535	769	9671
32966	2470	29059
29059	2470	34965
9671	1133	13855
33917	2470	29059
29059	1929	19788
1418	1411	12472
20806	2262	29207
23357	2395	20806
20806	2267	25885
13969	1639	1418
1418	1280	12435
7341	177	9253
26729	1878	28641
7075	102	7341
26463	1803	26729
26729	2105	22668
25747	1803	26729
3624	211	1829
23012	1912	24702
23012	1912	21217
3624	211	5314
1788	20	3624
12738	20	3624
7856	1569	7129
26517	2148	32938
14123	70	7129
24731	2232	26517
2302	218	7129
24869	1771	26517
10336	476	5286
24674	2044	30720
33282	2177	24674
24674	2307	32491
31329	2177	24674
30284	2177	24674
24465	1735	29952
24465	2570	22828
6161	940	5077
26890	1853	24465
5077	1137	1452
5077	1073	3524
13201	343	6329
25717	1972	37954
32589	2044	25717
26878	2044	25717
6329	271	6111
25717	2115	25499
14489	343	4178
4178	494	14489
23566	2195	33877
4178	271	14489
23566	2021	20400
23566	2528	20400
26289	2127	23054
3666	831	14936
6901	426	3666
23054	1764	23370
34324	2301	23054
3666	831	12101
27635	1972	26953
27635	1972	22761
8247	271	5391
8247	494	5391
8247	1244	12170
27635	2177	23821
26486	2528	33675
7098	1244	5784
7098	271	10647
7098	1148	14287
7098	414	5231
7098	476	8529
2442	1378	116
116	1557	14429
26844	1900	19504
32818	2127	19504
116	1653	13430
116	1483	7456
9264	652	12392
12392	819	9264
12661	652	9264
9264	819	12661
31780	2234	28652
7828	413	9264
10335	426	18391
10335	869	8105
30632	2364	29723
29723	2528	25172
29723	2127	36413
29723	2528	22834
9332	271	9695
28720	2195	28916
13148	699	9332
28720	2177	23973
28720	2177	31922
9332	476	4585
4951	590	12336
33088	2291	24339
24421	1972	24339
24339	1878	19451
7143	271	4951
564	271	4951
7486	34	8528
7486	118	5499
26874	2074	35709
7486	373	16021
26874	1819	24887
26874	1735	27916
3240	42	6792
22628	2510	33045
3240	979	13657
22628	2510	32619
22628	2528	21263
22628	1743	22588
8539	471	9843
9843	27	5071
6638	471	9843
22175	2350	29231
22395	2172	29231
7589	471	9843
3287	1441	6777
1838	511	3287
22675	1789	26165
22675	1760	25357
21226	2364	22675
3287	1567	5969
13628	373	4950
26590	2528	24338
31859	2528	24338
1964	19	4950
21201	2509	24338
26763	2509	24338
19482	1961	21103
94	471	5182
7285	244	94
19482	2140	27393
94	471	7285
94	260	1715
184	1291	3776
19572	2161	24264
19572	1898	26771
184	1137	6853
184	1137	14257
19572	2377	33430
32824	2457	19588
19588	1924	34696
20311	2141	19588
2463	827	200
200	223	16411
30287	2626	19588
26233	2074	27090
26233	2074	33896
6845	373	14508
6845	373	7702
8800	177	7590
28188	1878	26978
4139	271	8800
9366	271	8800
28754	1972	28188
23527	1972	28188
30	271	11557
19418	2177	34369
30	271	18393
30	271	9617
19418	1972	30945
26444	2044	19418
12887	769	3499
32275	2470	22887
3499	769	8519
11751	754	3499
22887	1929	19788
22887	2470	25797
14352	271	8935
33740	1972	28323
1157	571	8935
10538	880	8935
6911	204	8935
10538	571	8935
3134	994	3191
13147	177	3134
32535	1878	22522
22522	2597	32535
22522	2206	22579
22522	2041	31729
26725	2353	22612
14997	652	7337
29945	2389	26725
7337	426	3129
29295	2426	26725
26093	2164	26725
1631	331	10581
1631	665	10581
1631	798	9930
21019	2032	29969
21019	2499	29318
1631	472	9930
1293	538	6948
1293	538	4760
20681	2239	26336
20681	2239	24148
20681	2239	34742
20681	2239	20526
7177	756	1886
12109	192	7177
7177	756	12109
26565	2513	20105
31497	1893	26565
26565	2382	29052
8169	1646	7317
3323	1252	8169
27557	2528	26827
27557	1944	31458
8169	1448	6615
27557	2021	26827
25486	1972	24613
6098	271	12777
25486	1972	27620
25486	1972	33644
6098	271	14802
6098	271	14256
29711	1722	33785
10323	171	7914
10323	171	8530
10323	21	14397
29711	1872	30477
11089	973	10323
13703	271	5718
26875	1803	25106
24853	1803	25106
28713	1972	25106
5718	177	12069
9745	326	5718
3773	440	6107
14543	819	3773
23161	2164	26230
23161	2353	33931
3773	463	6842
3773	652	14543
1674	271	10155
1674	271	8404
1674	476	8529
1674	271	14421
21062	2096	29543
21062	1972	33809
24447	1972	31914
5059	271	4679
5059	494	12526
5059	271	12526
24447	2177	34022
24447	1972	19790
12190	8	84
23242	2255	19472
84	34	13723
31578	1709	19472
19472	1735	33111
26043	1709	19472
31923	1760	20838
20838	1874	23577
7840	163	1450
14882	59	1450
25831	1760	20838
12535	59	1450
25505	2319	31737
6117	618	12349
31737	2571	25505
25505	1874	26802
25505	2393	32619
6117	692	13231
27378	2044	33515
9162	476	7990
23625	2177	27378
9714	476	7990
27378	2044	29078
12530	476	7990
9819	498	1550
9819	27	5307
12133	1280	9819
24695	2075	29207
24104	2172	29207
9819	354	7160
13265	170	4226
4226	244	5995
23614	1945	25383
23614	1760	27228
11389	119	4226
4226	260	12247
13061	634	4475
4475	652	7564
4475	21	17331
23863	2481	23363
6080	652	4475
23863	2481	32449
2122	388	4152
21510	2089	31082
21510	2089	23540
2122	388	11694
21510	2528	34326
21510	2528	19597
26234	2335	24056
3277	463	6846
4923	413	6846
20217	2520	26234
27358	2353	26234
6846	652	829
21480	2520	36437
2092	652	5946
2092	317	273
5946	819	2092
25334	2520	21480
21480	2018	19661
3668	21	14397
3668	388	4152
23056	1722	33785
23056	2164	27779
3668	463	13230
3668	463	8391
12098	198	2390
8350	623	2390
2390	198	12098
24111	2038	21778
7935	381	2390
21778	2373	31792
8697	323	6912
4242	107	6912
33368	2528	26300
26845	2032	26300
26957	2032	26300
23630	1808	26300
5919	414	9761
25307	2115	29149
25307	2177	23973
5919	476	4585
25307	2177	31922
5919	1244	3564
13802	677	563
33190	2378	19951
4102	873	563
563	713	18321
19951	2414	24947
13277	873	563
2379	271	10654
21767	1972	30042
2379	271	4309
2379	476	5443
21767	1972	23697
21767	1972	28840
5110	395	3559
24498	2096	22947
11358	414	3559
30746	2115	22947
21335	1972	22947
25486	1972	22947
26386	1722	24759
26386	2353	21820
21820	2520	26386
6523	46	6998
6998	652	2432
26386	2172	22943
6212	463	6842
6212	463	4219
25600	2528	32619
25600	2164	26230
25600	2089	25485
6212	374	14084
6367	271	7891
6367	271	3407
25755	1972	22795
25755	1972	27279
25755	2177	33527
6367	271	6661
6524	374	9735
12516	471	9735
9735	1405	13713
29123	2402	26524
9735	819	657
29123	2137	20045
274	211	46
19662	2076	19662
9855	386	274
20927	2382	19662
274	211	183
19662	2076	19662
28610	2511	28187
28610	2511	26736
8268	78	9222
27656	1779	28610
9222	810	8799
9222	810	7348
8130	317	7044
8130	471	1529
8130	809	12064
27518	2034	20919
27518	2509	25232
27518	2172	20917
1710	652	5770
21098	2451	25859
21098	2528	24415
1710	819	14525
21098	2353	25158
21098	2234	32110
13994	1137	4032
14951	1137	4032
33382	2562	23420
34339	2562	23420
4032	1646	8462
4032	1646	3401
2530	606	12537
2530	345	4756
2530	838	14190
2530	345	14428
21918	2046	24144
21918	2307	31925
12157	343	9995
9995	271	6678
29383	2177	24831
9995	271	11345
29383	1972	26066
29383	2528	29899
790	538	12338
33718	2239	20178
790	538	3110
27607	2239	20178
20234	2239	20178
27094	2239	20178
5373	271	5381
5373	271	11557
24761	1972	24769
5373	271	7891
24761	2528	28293
24761	1972	27279
25812	2520	24932
24932	2520	37126
5544	652	14651
24932	2353	34039
2702	652	5544
5544	652	6424
22969	2552	33676
11614	808	3581
11081	34	3581
3581	1572	2942
21423	2528	22969
14288	156	3581
20999	2164	26230
1611	463	6132
1611	463	6842
1611	533	12227
20999	2520	31615
1611	819	12227
14513	652	1069
1069	819	14513
1069	609	14827
867	652	1069
20457	2520	33901
20457	2520	25976
28901	1735	29952
14982	925	9513
1665	940	9513
9513	1137	3896
28901	2140	19558
34370	1853	28901
885	189	1573
20273	1890	21263
20273	1890	26694
885	189	8332
20273	1890	28235
885	189	8847
22025	2058	26122
6734	104	2232
6734	104	6172
26122	1805	21620
6734	104	3941
6734	104	11771
22199	1877	34063
2811	177	1796
2811	176	14675
2811	1324	1506
2811	1324	5081
2811	1324	14675
3345	34	13174
22733	1927	37570
4295	867	3345
3345	226	16488
19825	1956	22733
32562	2390	22733
13092	244	2434
2434	471	13092
21822	2172	32480
32480	1945	21822
21822	2172	29956
2434	59	7840
14384	676	2581
32602	2556	21969
21969	2423	33533
13214	855	2581
33772	2377	21969
29621	1853	21969
23296	2539	23889
3908	454	13164
23296	1940	34832
3908	192	16942
23296	1734	34832
3908	838	4501
32589	2044	19851
463	494	12485
19851	1972	31873
19851	1972	32788
19851	2195	31873
463	271	13201
33514	1972	24595
14126	271	5207
24595	1878	23291
8309	271	5207
24595	2044	27697
13201	1433	5207
23286	1972	26231
3898	476	7990
23286	2177	27378
3898	271	6843
23286	2177	23736
3898	494	6843
1389	271	6164
33384	2115	25552
25552	2875	26590
3948	271	6164
25755	2195	25552
6164	343	12421
5352	652	13670
24740	2172	27051
2199	652	5352
13670	819	5352
5352	463	4219
5352	819	2199
22740	2562	27427
8039	973	14631
27427	1816	34019
14631	1200	8039
3352	1137	8039
27427	1950	31944
9368	590	7977
28756	2234	34163
28756	1722	27260
9368	590	2233
28756	2291	21621
21621	2520	28756
4672	114	1399
20787	2319	24060
34056	1971	20787
24060	1815	20787
1399	845	14668
14668	270	1399
10250	652	533
19921	2520	29638
10250	317	1607
10250	609	11899
29638	2172	31287
533	819	10250
6829	521	750
20138	1815	23411
750	114	9841
20138	1815	29229
26217	2222	20138
750	114	4023
13513	833	2691
32901	2534	22079
32636	2248	22079
24247	2248	22079
22079	1853	32901
862	152	2691
10164	652	535
34036	2520	19923
535	652	14648
19923	2520	29552
19923	2509	19675
14648	819	535
25011	2283	24116
25011	2220	30943
25011	2478	24060
5623	499	12343
25011	2281	30122
25011	2478	21449
545	1519	12879
31996	2172	19933
3107	374	545
19933	2074	23576
23750	2075	19933
545	1336	13448
5048	271	8758
24436	1972	21449
5048	271	2061
24436	1972	28146
24436	2177	31473
5048	476	12085
7469	284	14437
26857	1985	33825
7469	739	6744
7469	198	17113
26857	1899	36412
26857	1985	30169
32579	2528	27512
8124	413	8442
27512	2114	37592
27512	2114	33364
27512	2114	27830
27512	2114	32579
11995	102	3434
12866	271	3434
12039	414	3434
32254	2115	22822
22822	1878	24697
31383	1803	22822
32994	2520	21669
2281	652	13606
13606	819	2281
13606	533	2281
21669	2353	32994
10504	652	2281
6689	590	2783
22171	2520	26077
26077	2291	22171
26077	2398	24123
25445	1730	26077
26077	2520	32636
28225	1900	27796
8837	199	8408
8837	590	7859
8837	471	11849
28225	2291	27247
27247	2520	28225
33460	1743	27562
1670	137	8174
8174	137	13892
27562	1838	21518
13787	137	8174
8174	113	8905
2518	533	17942
2518	21	5371
21906	1722	24759
9903	533	2518
9903	819	2518
2518	652	9903
13729	986	6701
33117	2089	26089
26089	2032	23576
9908	388	6701
29296	2089	26089
6701	218	6668
