240	104	6227
240	104	13513
240	42	9840
19628	1805	24672
19628	1805	32901
19628	1805	25615
0	0	0
7257	78	7810
7257	358	9720
26645	1779	27198
26645	2059	29108
0	0	0
2701	538	3421
3421	388	7238
3421	538	14874
22809	2038	22809
22809	2089	26626
22809	2239	34262
0	0	0
8811	827	9115
8811	882	2302
12110	538	8811
28199	2528	28503
28199	2583	21690
31498	2239	28199
0	0	0
10153	414	6200
4878	888	6200
4878	618	6200
29541	2115	25588
24266	2589	25588
24266	2319	25588
0	0	0
5899	223	10290
10290	388	13421
10290	21	5371
25287	1924	29678
29678	2089	32809
29678	1722	24759
0	0	0
1844	494	7153
7153	343	1844
1844	271	7153
21232	2195	26541
26541	2044	21232
21232	1972	26541
0	0	0
3683	271	4507
3683	476	4974
3683	271	5578
23071	1972	23895
23071	2177	24362
23071	1972	24966
0	0	0
5632	59	14449
5632	42	9097
25020	1760	33837
25020	1743	28485
0	0	0
9179	271	1021
9179	271	7066
9179	271	2851
28567	1972	20409
28567	1972	22239
28567	1972	22239
0	0	0
8206	271	3201
1544	271	3201
1544	494	3201
27594	1972	22589
24973	1972	22589
24973	2115	22589
0	0	0
6201	414	5924
6201	271	5924
7626	590	6201
25589	2115	25312
25589	1972	25312
25589	2234	27014
0	0	0
13387	271	5201
14824	271	5201
780	494	5201
32775	1972	24589
34212	1972	24589
20168	2115	24589
0	0	0
1665	1137	1742
14982	1137	1742
6270	1137	1742
21053	2562	21130
34370	2562	21130
25658	2562	21130
0	0	0
8803	271	3947
8803	271	12391
8803	414	12391
28191	1972	23335
28191	1972	31779
28191	2115	31779
0	0	0
13877	114	7903
7903	888	404
33265	1815	27291
27291	2589	19792
0	0	0
328	357	3722
3722	697	328
7777	697	328
19716	2058	23110
23110	2398	19716
27165	2398	19716
0	0	0
12129	271	4465
14986	271	4465
4465	177	6257
31517	1972	23853
34374	1972	23853
23853	1878	25645
0	0	0
1287	600	2148
2148	831	1287
5655	426	2148
20675	2301	21536
21536	2532	20675
25043	2127	21536
0	0	0
3145	317	515
3145	183	2966
12891	533	3145
22533	2018	19903
22533	1884	22354
32279	2234	22533
0	0	0
2312	810	6867
2312	881	2908
2312	810	3765
21700	2511	26255
21700	2582	22296
21700	2511	23153
0	0	0
6644	271	2327
6644	271	8106
6644	271	5578
26032	1972	21715
26032	1972	27494
26032	1972	24966
0	0	0
8353	998	14508
8353	998	6768
27741	2509	33896
27741	2509	26156
0	0	0
4605	440	1184
1184	302	3659
1184	756	3133
23993	2141	20572
20572	2003	23047
20572	2457	22521
0	0	0
5652	440	10389
13260	388	5652
25040	2141	29777
32648	2089	25040
0	0	0
6888	810	12975
6888	810	2252
26276	2511	32363
26276	2511	21640
0	0	0
1456	255	12441
20844	1956	31829
0	0	0
5548	494	13273
5548	271	13273
5548	476	6442
24936	2195	32661
24936	1972	32661
24936	2177	25830
0	0	0
14457	107	686
686	756	14457
686	756	13231
33845	1808	20074
20074	2457	33845
20074	2457	32619
0	0	0
2533	672	7951
2533	596	12948
12948	464	2533
21921	2373	27339
21921	2297	32336
32336	2165	21921
0	0	0
7542	388	10067
26930	2089	29455
0	0	0
6556	606	796
2982	75	796
1157	606	796
25944	1776	20184
22370	1776	20184
20545	1776	20184
0	0	0
480	652	3761
3761	819	480
6978	280	3761
19868	2353	23149
23149	2520	19868
26366	1981	23149
0	0	0
13208	750	6342
4014	750	6342
12309	750	6342
32596	2451	25730
23402	2451	25730
31697	2451	25730
0	0	0
8614	21	5371
8614	463	6842
12611	590	8614
28002	1722	24759
28002	2164	26230
31999	2291	28002
0	0	0
2533	672	7951
7951	618	14156
12948	672	7951
21921	2373	27339
27339	2319	33544
32336	2373	27339
0	0	0
4319	634	1559
4319	634	8738
4319	374	7872
23707	2335	28126
23707	2335	28126
23707	2075	27260
0	0	0
4113	725	3809
3181	552	4113
23501	2426	23197
22569	2253	23501
0	0	0
6307	502	5833
25695	2203	25221
0	0	0
2091	882	6784
2091	388	483
13364	817	2091
21479	2583	26172
21479	2089	19871
32752	2518	21479
0	0	0
2141	1242	7383
8988	1668	2141
2141	1476	170
21529	1898	26771
28376	2377	21529
21529	2073	19558
0	0	0
7924	810	14113
7924	810	13394
27312	2511	33501
27312	2511	32782
0	0	0
1803	882	649
1803	882	483
21191	2583	20037
21191	2583	19871
0	0	0
2478	1244	2086
2246	1244	2086
2086	1112	6081
21866	2528	21474
21634	2528	21474
21474	1875	25469
0	0	0
3260	271	12005
3260	476	5443
3260	271	5369
22648	1972	31393
22648	2177	24831
22648	1972	24757
0	0	0
777	175	12993
14422	238	777
20165	1876	32381
33810	1939	20165
0	0	0
7475	271	2826
7475	271	8106
7475	476	5286
26863	1972	25312
26863	1972	27494
26863	2177	24674
0	0	0
6599	827	7136
6599	249	3170
6599	701	13231
25987	2528	26524
25987	1950	22558
25987	1884	32619
0	0	0
3977	861	4615
3977	1552	12442
3977	861	12442
23365	2562	24003
23365	2364	31830
23365	2562	31830
0	0	0
2388	199	3235
3235	171	2388
12067	725	3235
21776	1900	22623
22623	1872	21776
31455	2426	22623
0	0	0
14378	615	1966
8740	615	1966
33766	2316	21354
28128	2316	21354
0	0	0
8300	177	1719
1902	494	8300
12846	271	8300
27688	1878	21107
21290	2195	27688
32234	1972	27688
0	0	0
9778	652	13982
9778	55	13982
9778	436	5992
29166	2353	33370
29166	1756	33370
29166	2137	25380
0	0	0
9513	1137	3896
935	1479	3896
28901	2562	23284
20323	2127	23284
0	0	0
6335	652	9138
6335	831	13376
13376	600	6335
21405	2301	25723
25723	2532	32764
32764	2301	25723
0	0	0
6681	154	12717
14353	226	6681
32105	2916	26069
33741	1927	26069
0	0	0
17	652	6068
6068	533	17
6068	471	6326
19405	2353	25456
25456	2520	19405
25456	2172	25714
0	0	0
2080	177	1796
5281	177	1796
5038	177	1796
21468	1878	21184
20118	1878	21184
24426	1878	21184
0	0	0
6538	21	14397
6538	680	12644
25926	1722	33785
25926	2381	32032
0	0	0
8551	819	3599
8551	831	3599
3599	652	8551
27939	2520	22987
27939	2532	22987
22987	2353	27939
0	0	0
13287	833	2217
2217	152	13287
2217	292	12059
32675	2534	21605
21605	1853	32675
21605	1993	31447
0	0	0
2746	454	3738
3738	33	2746
14658	239	2746
22134	2155	23126
23126	1734	22134
34046	1940	22134
0	0	0
14022	652	5453
5453	819	14022
5453	998	14508
33410	2353	24841
24841	2520	33410
24841	2528	33896
0	0	0
1873	652	3392
3392	819	1873
21261	2353	22780
22780	2520	21261
0	0	0
4708	1447	4639
4708	1447	13650
13650	156	4708
24096	2552	24027
24096	2552	33038
33038	1857	24096
0	0	0
5593	1447	8462
4903	851	8462
12699	659	8462
25258	2552	27850
24291	2552	27850
27850	2511	32087
0	0	0
103	429	9145
203	821	9145
9145	838	203
19491	2130	28533
19591	2522	28533
28533	2539	19591
0	0	0
6651	271	6843
6651	271	12343
6651	494	12343
26039	1972	26231
26039	1972	31731
26039	2195	31731
0	0	0
7027	506	7893
7027	506	394
7027	693	13268
26415	2207	19782
26415	2207	27281
26415	2394	32656
0	0	0
4769	388	14811
4769	579	7966
4769	21	14397
24157	2089	34199
24157	2280	27354
24157	1722	33785
0	0	0
6729	471	8527
8527	226	2069
26117	2172	27915
27915	1781	21457
0	0	0
764	590	1680
1680	533	764
764	652	1680
20152	2291	21068
21068	2234	20152
20152	2353	21068
0	0	0
12944	471	822
14028	374	822
9361	820	822
32332	2172	20210
33416	2075	20210
28749	2728	20210
0	0	0
7504	261	13857
7504	733	5321
7504	388	13073
26892	1962	33245
26892	2434	24709
26892	2089	32461
0	0	0
3847	34	13231
3847	331	12551
3847	714	1859
23235	1735	32619
23235	2032	31939
23235	2141	28235
0	0	0
1596	476	14139
1596	1244	2013
1596	271	9077
20984	2177	33527
20984	2528	21401
20984	1972	28465
0	0	0
6766	271	7834
6766	271	13922
6766	476	8947
26154	1972	27222
26154	1972	33310
26154	2177	28335
0	0	0
8238	697	12541
2217	292	8238
8238	533	13114
27626	2398	31929
21605	1993	27626
27626	2520	32502
0	0	0
4557	88	8303
4557	42	13453
4557	42	12198
27691	1789	23945
23945	1743	32841
23945	1743	31586
0	0	0
9172	827	14557
9172	388	14356
33945	2135	28560
28560	2089	33744
0	0	0
6295	1644	1662
1662	342	6295
9113	1644	1662
25683	1738	21050
21050	2043	25683
21050	2043	28501
0	0	0
5115	388	1087
13401	388	1087
1087	440	9930
24503	2089	20475
32789	2089	20475
20475	2141	29318
0	0	0
1837	260	12273
8643	119	1837
1837	170	8643
21225	1961	31661
28031	1820	21225
21225	1871	28031
0	0	0
12725	861	5938
32113	2562	25326
0	0	0
7077	634	6071
7077	463	12140
7077	21	6256
26465	2335	25459
26465	2164	31528
26465	1722	25644
0	0	0
5282	156	9808
1894	156	9808
10222	809	9808
24670	1857	29196
21282	1857	29196
23151	2509	29196
0	0	0
788	622	3690
13478	622	3690
3690	471	13478
23130	2323	23078
32866	2323	23078
23078	2172	32866
0	0	0
3989	482	3905
4790	198	3989
1861	198	3989
23377	2183	23293
24178	1899	23377
23377	1899	21249
0	0	0
3259	523	13351
3259	725	7762
22647	2024	32739
22647	2426	23612
0	0	0
13403	381	7114
3294	381	7114
12920	381	7114
32791	2082	26502
22682	2082	26502
32308	2082	26502
0	0	0
57	59	7840
1977	59	7840
2434	59	7840
29629	1760	27228
29629	1760	27228
21822	1760	27228
0	0	0
0	0	0
10188	1601	227
29576	2377	19615
0	0	0
5397	1317	10329
10054	289	10329
8607	289	10329
27995	1990	29717
24038	1990	29717
27995	1990	29717
0	0	0
6999	1424	3687
6999	1424	4087
6999	940	14720
26387	1735	26548
26387	2161	23475
26387	1853	34108
0	0	0
5168	59	2785
5168	42	4592
24556	1760	22173
24556	1743	23980
0	0	0
1760	756	4242
12856	440	4242
14210	440	4242
21148	2457	23630
32244	2141	23630
33598	2141	23630
0	0	0
7396	188	685
8306	188	685
6959	188	685
24354	1889	20073
24354	1889	20073
28052	1889	20073
0	0	0
0	0	0
4144	141	13598
12844	357	4144
4144	141	4970
23532	1842	32986
32232	2058	23532
23532	1842	24358
0	0	0
5590	533	14686
14166	533	5590
5590	590	14166
24978	2234	34074
33554	2234	24978
24978	2291	33554
0	0	0
5085	271	2327
5085	476	6937
5085	476	7010
24473	1972	21715
24473	2177	26325
24473	2177	26398
0	0	0
2219	156	10439
2219	810	1911
5001	758	2219
29827	2052	21607
21607	2511	21299
24389	2459	21607
0	0	0
906	413	4623
906	477	880
906	458	14405
20294	2114	24011
20294	2178	20268
20294	2159	33793
0	0	0
3901	819	801
801	590	3901
1045	199	801
23289	2520	20189
20189	2353	23289
20433	1900	20189
0	0	0
8603	271	12343
8603	476	13366
8603	271	3789
27991	1972	31731
27991	2177	32754
27991	1972	23177
0	0	0
14543	827	4910
4910	756	13657
33931	2528	24298
24298	2554	33045
0	0	0
3851	756	1573
551	756	1573
1448	440	1573
23239	2457	20961
19939	2457	20961
19832	2224	20961
0	0	0
8507	476	13077
8507	271	13258
8507	271	5668
27895	2177	32465
27895	1972	32646
27895	1972	25056
0	0	0
4434	810	5821
5179	810	5821
5821	815	13913
24567	2511	25209
24567	2511	25209
25209	2516	33301
0	0	0
3496	271	5822
3496	271	6398
3496	476	5443
22884	1972	25210
22884	1972	25786
22884	2177	24831
0	0	0
787	135	14707
13774	18	787
943	18	787
20175	1836	34095
33162	1719	20175
23960	1719	20175
0	0	0
5001	156	10439
5001	156	4503
5001	758	2219
24389	1857	29827
24389	1857	23891
24389	2459	21607
0	0	0
688	21	14397
13826	652	688
688	819	13826
20076	1722	33785
33214	2353	20076
20076	2520	33214
0	0	0
9037	177	3961
12780	177	3961
28425	1878	23349
32168	1878	23349
0	0	0
10126	725	3156
29514	2426	22544
0	0	0
9725	1148	9904
9530	1148	9904
6556	606	9904
21076	2528	29292
28918	2021	29292
25944	1776	29292
0	0	0
3828	59	14449
3828	260	1769
23216	1760	33837
23216	1961	21157
0	0	0
3640	505	4279
3640	340	3542
23028	2206	23667
23028	2041	22930
0	0	0
10254	471	12270
12100	426	10254
29642	2172	31658
31488	2127	29642
0	0	0
2373	819	9521
9521	652	2373
2373	388	3362
21761	2520	28909
28909	2353	21761
21761	2089	22750
0	0	0
13795	271	5266
2986	271	5266
7184	494	5266
33183	1972	24654
22374	1972	24654
26572	1972	24654
0	0	0
4139	271	5419
4139	476	4974
4139	1244	12914
23527	1972	24807
23527	2177	24362
23527	2528	32302
0	0	0
2936	395	5346
5346	181	2062
4338	476	5346
22324	2096	24734
21450	2177	24734
23726	2177	24734
0	0	0
7530	271	3301
7530	476	13077
7530	271	13877
26918	1972	22689
26918	2177	32465
26918	1972	33265
0	0	0
3136	211	2023
13369	910	3136
13496	910	3136
22524	1912	21411
32757	2382	22524
22524	2460	32884
0	0	0
4673	271	3591
4673	476	6937
4673	271	12343
24061	1972	22979
24061	2177	26325
24061	1972	31731
0	0	0
1037	24	5419
720	177	1037
1037	1198	13634
20425	1725	24807
20108	1878	20425
20425	2111	33022
0	0	0
2920	663	10383
2920	471	9233
9233	244	2920
22308	2364	29771
22308	2172	28621
28621	1945	22308
0	0	0
1711	435	770
20578	2175	21099
0	0	0
14768	888	10040
5328	395	10040
34156	2589	29428
24716	2096	29428
0	0	0
12199	819	6621
6621	652	12199
6621	819	7482
31587	2520	26009
26009	2353	31587
26009	2520	26870
0	0	0
8327	59	2785
12679	59	2785
1664	59	2785
27715	1760	22173
32067	1760	22173
21052	1760	22173
0	0	0
5255	1208	4996
4996	1121	5255
4331	1287	4996
24643	2100	24384
24384	2175	24643
23719	2394	24384
0	0	0
8724	70	13550
8724	218	2766
13245	126	8724
28112	1771	32938
28112	1919	22154
32633	1827	28112
0	0	0
10143	177	13918
5222	271	10143
14605	271	10143
29531	1878	33306
24610	1972	29531
33993	1972	29531
0	0	0
8762	476	14139
8762	271	5213
8762	271	9759
28150	2177	33527
28150	1972	24601
28150	1972	29147
0	0	0
1878	918	9041
12178	977	1878
28429	2021	21266
31566	2172	21266
0	0	0
1353	271	12526
1353	494	2734
20741	1972	31914
20741	2195	22122
0	0	0
7598	426	14243
7598	831	12911
6780	600	7598
33631	2127	26986
26986	2532	32299
26168	2301	26986
0	0	0
13627	101	7509
7509	101	1777
7509	101	10221
33015	1802	26897
26897	1802	29609
21165	1802	26897
0	0	0
5107	388	10341
5537	733	10341
10341	70	13550
24495	2089	29729
24925	2434	29729
29729	1771	32938
0	0	0
10382	494	13585
14089	343	10382
32973	2044	29770
33477	2044	29770
0	0	0
8085	271	3034
13795	271	3034
13795	414	3034
27473	1972	22422
33183	1972	22422
33183	2115	22422
0	0	0
12745	471	3354
3354	760	9202
3354	34	13231
32133	2172	22742
22742	2461	28590
22742	1735	32619
0	0	0
6744	692	9019
9362	739	6744
7469	739	6744
26132	2393	28407
26857	2440	26132
26857	2440	26132
0	0	0
10191	414	4186
10191	494	3424
3424	343	10191
29579	2115	23574
29579	2195	22812
22812	2044	29579
0	0	0
8666	1244	13433
8666	494	2710
8666	476	13415
28054	2528	32821
28054	2195	22098
28054	2177	32803
0	0	0
1402	171	280
280	810	1402
280	351	4536
20790	1872	19668
19668	2511	20790
19668	2052	23924
0	0	0
9386	471	6297
6297	27	9386
10018	819	9386
28774	2172	25685
25685	1728	28774
29406	2520	28774
0	0	0
5910	271	14535
5910	271	2310
5910	414	2310
25298	1972	33923
25298	1972	21698
25298	2115	21698
0	0	0
3009	652	14159
14159	533	3009
14159	819	3009
22397	2353	33547
33547	2234	22397
33547	2520	22397
0	0	0
5442	888	1549
5442	533	13076
10462	114	5442
24830	2589	20937
24830	2234	32464
29850	1815	24830
0	0	0
6455	476	724
5214	476	724
6380	476	724
25843	2177	20112
24602	2177	20112
25768	2177	20112
0	0	0
5702	725	12865
5702	552	12635
12635	22	5702
25090	2426	32253
25090	2253	32023
32023	1723	25090
0	0	0
3647	271	3591
3647	494	3591
3647	271	12414
23035	1972	22979
22979	2044	23035
23035	1972	31802
0	0	0
13931	435	4045
33319	2516	23433
0	0	0
9812	271	10155
9812	476	8529
8529	707	9812
29200	1972	29543
29200	2177	27917
27917	2044	29200
0	0	0
7403	809	7049
14775	320	7049
12169	373	7049
26791	2509	26437
34163	2021	26437
31557	2074	26437
0	0	0
4647	141	5640
7362	141	5640
8675	104	5640
24035	1842	25028
26750	1842	25028
28063	1805	25028
0	0	0
8909	271	12619
8909	395	12571
12571	512	8909
28297	1972	32007
28297	2096	31959
31959	2213	28297
0	0	0
9181	271	3355
9181	271	9528
9181	271	7891
28569	1972	22743
28569	1972	28916
28569	1972	27279
0	0	0
221	819	6427
8463	199	221
221	199	9883
19609	2520	25815
27851	1900	19609
19609	1900	29271
0	0	0
2852	861	14262
2852	861	13900
22240	2562	33650
22240	2562	33288
0	0	0
650	815	4407
4080	457	650
650	156	13653
26064	2003	20038
23468	2158	20038
20038	1857	33041
0	0	0
2287	471	4279
14768	618	2287
2478	271	2287
21675	2172	23667
34156	2319	21675
21866	1972	21675
0	0	0
1890	271	3434
1890	271	13908
21278	1972	22822
21278	1972	33296
0	0	0
6820	271	6661
5465	343	6820
6820	494	7891
26208	1972	26049
24853	2044	26208
26208	2195	27279
0	0	0
8568	476	13527
8568	271	9441
8568	271	2093
27956	2177	32915
27956	1972	28829
27956	1972	21481
0	0	0
9131	817	9453
9131	388	14877
9131	817	3662
28519	2518	28841
28519	2089	34265
28519	2518	23050
0	0	0
632	177	8061
5329	271	632
20020	1878	27449
24717	1972	20020
0	0	0
7577	819	8366
7577	652	8366
13301	533	8366
27754	2520	26965
26965	2353	27754
32689	2234	27754
0	0	0
6295	936	8164
25683	2440	27552
0	0	0
3277	394	7592
4660	108	7592
22665	2095	26980
24048	1809	26980
0	0	0
3441	1137	5021
2410	1137	5021
14554	1137	5021
22829	2562	24409
21798	2562	24409
33942	2562	24409
0	0	0
5591	463	7127
12071	463	7127
1022	463	7127
24979	2164	26515
31459	2164	26515
20410	2164	26515
0	0	0
10179	271	3373
10179	271	4954
10179	271	1119
29567	1972	22761
29567	1972	24342
29567	1972	20507
0	0	0
9915	604	7273
29303	2305	26661
0	0	0
9019	1447	7441
546	78	7441
7441	810	14650
26829	1857	28407
19934	1779	26829
26829	2511	34038
0	0	0
1498	827	14990
20886	2528	34378
0	0	0
6967	538	14822
14822	817	6967
6967	222	14822
26355	2239	34210
34210	2518	26355
26355	1923	34210
0	0	0
6697	260	9809
6697	244	2366
6697	439	10128
26085	1961	29197
26085	1945	21754
26085	1961	29197
0	0	0
10110	538	4077
10110	538	6967
10110	745	6490
29498	2239	23465
29498	2239	26355
29498	2446	25878
0	0	0
6388	604	7273
12159	745	6388
12159	502	6388
25776	2305	26661
31547	2446	25776
31547	2203	25776
0	0	0
9879	476	7691
926	476	7691
7691	102	14602
29267	2177	27079
20314	2177	27079
27079	1803	33990
0	0	0
9233	260	10383
9233	42	4592
9233	339	10107
28621	1961	29771
28621	1743	23980
28621	2040	29495
0	0	0
5774	421	2720
5774	188	7619
7619	357	5774
25162	2122	22108
25162	1889	27007
27007	1910	25162
0	0	0
12290	59	5376
7166	59	5376
5376	163	8498
31678	1760	24764
28706	1760	24764
24764	1864	27886
0	0	0
8719	606	9867
14378	615	8719
8719	606	12914
28107	2307	29255
33766	2316	28107
28107	2307	32302
0	0	0
8486	21	5371
8486	819	6626
6626	652	8486
27874	1722	24759
27874	2520	26014
26014	2353	27874
0	0	0
9839	388	12663
9839	319	3454
9839	652	7646
29227	2089	32051
29227	2020	22842
26030	2353	29227
0	0	0
8289	317	7587
14550	652	7587
9676	317	7587
27677	2018	26975
33938	2353	26975
29064	2018	26975
0	0	0
7461	1479	7398
7398	271	8406
7398	1148	4188
26849	2127	26786
26786	1972	27794
26786	2021	23576
0	0	0
7231	177	7235
14563	271	7231
1274	414	7231
26619	1878	26623
33951	1972	26619
20662	2115	26619
0	0	0
12913	343	4359
4359	271	9249
4359	271	1801
32301	2044	23747
23747	1972	28637
23747	1972	21189
0	0	0
2641	476	9750
2641	271	13700
13700	343	2641
22029	2177	29138
22029	1972	33088
33088	2044	22029
0	0	0
8766	476	4433
8766	414	3373
8766	271	13922
28154	2177	23821
28154	2115	22761
28154	1972	33310
0	0	0
14727	366	5527
13643	34	5527
5527	78	3808
34115	2528	24915
33031	1735	24915
24915	1779	23196
0	0	0
4347	831	2487
2487	600	4347
14773	600	4347
23735	1872	21875
21875	2301	23735
34161	2301	23735
0	0	0
4612	59	3331
4612	260	8958
4612	364	12277
24000	1760	22719
24000	1961	28346
24000	2065	31665
0	0	0
2191	388	12663
2191	533	6617
2191	819	6617
21579	2089	32051
21579	2234	26005
21579	2520	26005
0	0	0
10481	1476	5431
10481	1137	935
10481	1137	14600
29869	2073	24819
29869	2562	20323
29869	2562	33988
0	0	0
2515	634	13553
2515	463	9267
2515	374	454
21903	2335	32941
21903	2164	28655
21903	2172	19842
0	0	0
3927	558	6473
3927	558	14573
3927	558	9917
23315	2259	25861
23315	2259	33961
23315	2259	29305
0	0	0
4491	331	6178
8086	457	6178
6178	756	13696
23879	2032	25566
27474	2457	25566
25566	2457	33084
0	0	0
12516	111	3284
3284	504	14678
417	413	3284
31904	2353	22672
22672	2510	34066
22672	2021	29766
0	0	0
2161	88	1376
1194	51	1376
14039	51	1376
21549	1789	20764
20582	1752	20764
33427	1752	20764
0	0	0
6273	476	5443
6273	494	6678
6273	271	6678
25661	2177	24831
25661	2195	26066
25661	1972	26066
0	0	0
4647	188	5000
908	173	5000
5000	173	5198
24035	1889	24388
20296	1874	24388
24388	1874	24586
0	0	0
7816	218	6370
27204	1919	25758
0	0	0
6407	255	4302
7367	255	4302
3730	255	4302
25795	1956	23690
26755	1956	23690
26755	1956	23690
0	0	0
908	618	5198
13454	697	908
908	173	5000
20296	2319	24586
32842	2398	20296
20296	1874	24388
0	0	0
2915	357	9010
2915	357	12953
2915	357	9797
22303	2058	28398
22303	2058	32341
22303	2058	29185
0	0	0
0	0	0
6518	260	9809
6518	59	6410
6518	439	10128
25906	1961	29197
25906	1760	25798
25906	1961	29197
0	0	0
3575	745	10016
2437	745	3575
9281	745	3575
21825	2446	22963
21833	2446	22963
22963	2239	28669
0	0	0
6636	476	2159
6636	476	8529
6636	271	13698
26024	2177	21547
26024	2177	27917
26024	1972	33086
0	0	0
5233	1052	283
283	756	5090
5090	457	283
19671	2175	28882
28882	2100	19671
19671	2175	28882
0	0	0
8067	888	4585
27455	2589	23973
0	0	0
12930	1367	6271
6271	1692	665
6271	1692	9620
32318	2446	25659
25659	2239	20053
25659	2239	20325
0	0	0
9169	231	2700
9169	590	7982
7528	260	9169
28557	1932	22088
28557	2291	27370
26916	1961	28557
0	0	0
2999	575	5728
2622	575	5728
9010	141	5728
22387	2276	25116
22010	2276	25116
28398	1842	25116
0	0	0
0	0	0
5634	374	8073
13656	652	5634
5634	819	13656
25022	2075	27461
33044	2353	25022
25022	2520	33044
0	0	0
12961	388	6592
32349	2089	25980
0	0	0
12684	255	1734
7118	255	1734
3619	255	1734
32072	1956	21122
26506	1956	21122
23007	1956	21122
0	0	0
3628	183	13679
7878	533	3628
3628	652	7878
23016	2021	33067
27266	2234	23016
23016	2353	27266
0	0	0
6181	414	3453
3453	177	5998
3453	331	7957
25569	2115	22841
22841	1878	25386
22841	1815	27345
0	0	0
12307	807	4994
12020	680	4994
4994	652	12020
31695	2508	24382
31408	2520	24382
24382	2353	31408
0	0	0
9623	652	10237
10237	819	9623
10237	21	14397
29011	2353	29625
29625	2520	29011
29625	1722	33785
0	0	0
4177	271	6969
4177	395	4974
4177	476	4974
23565	1972	26357
23565	2096	24362
23565	2177	24362
0	0	0
6589	1324	12492
6589	1324	5893
6589	1324	12284
25977	2581	31880
25977	2581	25281
25977	2581	31672
0	0	0
5571	498	3626
24959	2199	23014
0	0	0
9886	745	12400
29274	2446	31788
0	0	0
1549	343	1126
1126	476	1549
1126	271	5668
20937	2044	20514
20514	2177	20937
20514	1972	25056
0	0	0
8196	494	6843
8196	271	6843
8196	271	4507
27584	2195	26231
27584	1972	26231
27584	1972	23895
0	0	0
4051	819	2183
23439	2520	21571
0	0	0
6012	231	5990
5990	1662	6777
25378	1789	26165
25378	1789	26165
0	0	0
5099	652	12158
5099	590	12158
12158	533	5099
24487	2353	31546
24487	2291	31546
31546	2234	24487
0	0	0
7810	156	12819
7257	78	7810
7810	156	13963
27198	1857	32207
26645	1779	27198
27198	1857	33351
0	0	0
1466	260	4763
1466	244	14695
14695	471	1466
20854	1961	24151
20854	1945	34083
34083	2172	20854
0	0	0
628	476	13527
13527	181	628
628	271	6173
20016	2177	32915
32915	1882	20016
20016	1972	25561
0	0	0
8529	707	748
8529	343	5507
5507	476	8529
27917	2044	27833
27917	2044	24895
24895	2177	27917
0	0	0
6306	733	7221
14499	426	6306
6306	183	118
25694	2434	26609
33887	2127	25694
25694	1884	19506
0	0	0
4899	819	13873
13873	652	4899
13491	179	4899
24287	2520	33261
33261	2353	24287
32879	1880	24287
0	0	0
14991	596	6868
6868	464	14991
34379	2297	26256
26256	2165	34379
0	0	0
3409	199	2049
2049	831	3409
2049	255	4312
22797	1900	21437
21437	2532	22797
21437	1956	23700
0	0	0
3001	703	8157
3001	315	12992
22389	2404	27545
22389	2016	32380
0	0	0
10180	590	4769
10180	579	7966
12723	46	10180
29568	2291	24157
29568	2280	27354
32111	1747	29568
0	0	0
9879	533	10033
10033	271	12343
10033	476	8947
29267	2234	29421
29421	1972	31731
29421	2177	28335
0	0	0
12896	271	1034
1034	177	13970
7184	271	1034
32284	1972	20422
20422	1878	33358
26572	1972	20422
0	0	0
5618	395	12045
5618	476	12045
5618	271	14602
25006	2096	31433
25006	2177	31433
25006	1972	33990
0	0	0
1017	271	2851
1017	271	3301
1017	271	7958
20405	1972	22239
20405	1972	22689
20405	1972	27346
0	0	0
1482	785	13146
20870	2486	32534
0	0	0
315	494	3201
315	271	3201
315	476	12045
19703	2195	22589
19703	1972	22589
19703	2177	31433
0	0	0
1189	34	13231
12296	464	1189
1189	596	12296
20577	1735	32619
31684	2165	20577
20577	2297	31684
0	0	0
5847	21	14397
5847	471	14397
9576	807	5847
25235	1722	33785
25235	2172	33785
28964	2508	25235
0	0	0
9226	634	14418
12722	79	9226
9226	463	12722
28614	2335	33806
32110	2335	28614
28614	2164	32110
0	0	0
7009	271	6847
7009	414	6
7009	271	6
26397	1972	26235
26397	2115	19394
26397	1972	19394
0	0	0
6705	652	14567
14567	680	6705
6705	175	9150
26093	2353	33955
33955	2381	26093
26093	2164	22612
0	0	0
13211	1447	1409
14790	78	1409
32599	2552	20797
34178	1779	20797
0	0	0
117	271	3231
117	271	5391
117	271	815
19505	1972	22619
19505	1972	24779
19505	1972	20203
0	0	0
510	827	2787
8539	809	2787
2787	1447	5314
19898	2528	22175
22395	2509	22175
22175	2552	24702
0	0	0
7625	388	6784
291	819	7625
7625	652	291
27013	2089	26172
19679	2520	27013
27013	2353	19679
0	0	0
8130	819	2166
2166	652	8130
8130	533	2166
27518	2520	21554
21554	2353	27518
27518	2234	21554
0	0	0
2956	426	12849
22344	2127	32237
0	0	0
8992	34	13231
9285	569	8992
8992	819	10148
28380	2509	32619
28380	2172	28673
28380	2234	29536
0	0	0
1263	189	4907
4907	223	5133
5133	440	4907
20651	1890	24295
24295	1924	27348
27348	2141	24295
0	0	0
13321	819	9211
32709	2520	28599
0	0	0
14023	463	7497
7497	21	940
1953	819	7497
33411	2164	26885
26885	1722	20328
21341	2520	26885
0	0	0
14951	1137	3651
34339	2562	23039
0	0	0
6470	652	2615
6470	590	2615
2615	819	6470
25858	2353	22003
25858	2291	22003
22003	2520	25858
0	0	0
9706	805	10077
10077	429	9706
10077	821	14744
29094	2506	29465
29465	2130	29094
29465	2522	34132
0	0	0
6318	271	14540
6318	414	14540
25706	1972	33928
25706	2115	33928
0	0	0
583	652	5490
583	173	4957
7841	697	583
19971	2571	19971
19971	1874	24345
27229	2398	19971
0	0	0
8427	1136	2301
2301	1606	338
970	1148	2301
27815	2586	21689
20547	2457	21689
20358	2528	21689
0	0	0
10345	271	2327
10345	414	2327
10345	271	8627
29733	1972	21715
29733	2115	21715
29733	1972	28015
0	0	0
1550	214	1654
1654	463	1550
1654	652	1550
20938	1915	21042
21042	2164	20938
21042	2353	20938
0	0	0
2739	771	8386
8386	756	13231
7856	331	8386
22127	2472	27774
27774	2457	32619
27244	2032	27774
0	0	0
9818	319	7239
2788	319	7239
29206	2020	26627
22176	2020	26627
0	0	0
366	323	4861
366	542	13778
19754	2024	24249
19754	2426	33166
0	0	0
4336	463	6814
4336	320	7702
4336	183	7702
23724	2164	26202
23724	2528	27090
23724	2509	27090
0	0	0
14810	1112	528
34198	1875	19916
0	0	0
931	652	10036
7250	652	10036
179	652	10036
20319	2353	29424
26638	2353	29424
19567	2353	29424
0	0	0
6361	78	2023
6361	174	5526
6361	78	12851
25749	1779	21411
25749	1875	24914
25749	1779	32239
0	0	0
1947	271	3559
1947	271	142
1947	271	12274
21335	1972	22947
21335	1972	19530
21335	1972	31662
0	0	0
4647	141	5473
5411	547	5473
8078	547	5473
24035	1842	24861
21369	2248	24861
27466	2031	24861
0	0	0
7311	271	6843
7311	271	14278
7311	271	4200
26699	1972	26231
26699	1972	33666
26699	1972	23588
0	0	0
5883	271	6630
7485	271	6630
7485	414	6630
25271	1972	26018
26873	1972	26018
26873	2115	26018
0	0	0
7029	652	7867
7867	819	7029
7867	652	4035
26417	2353	27255
27255	2520	26417
27255	2353	23423
0	0	0
9384	271	5369
9384	271	6171
9384	271	14277
28772	1972	24757
28772	1972	25559
28772	1972	33665
0	0	0
10488	476	6937
10488	494	4954
10488	476	724
29876	2177	26325
29876	2195	24342
29876	2177	20112
0	0	0
2621	910	9315
2621	910	13023
22009	2382	28703
22009	2382	32411
0	0	0
3601	271	7067
3601	271	14350
22989	1972	26455
22989	1972	33738
0	0	0
13675	440	290
290	223	13675
13310	440	290
33063	2141	19678
19678	1924	33063
32698	2141	19678
0	0	0
5889	260	9545
5889	170	13222
13222	119	5889
25277	1961	28933
25277	1871	32610
32610	1820	25277
0	0	0
5997	476	6937
5997	414	13273
5997	271	13273
25385	2177	26325
25385	2115	32661
25385	1972	32661
0	0	0
7227	810	14455
26615	2511	33843
0	0	0
8024	652	14727
8024	998	14508
8024	998	6768
27412	2353	34115
27412	2509	33896
27412	2528	26156
0	0	0
1750	1479	8525
27913	2127	21138
0	0	0
3089	413	989
5350	463	989
9618	413	989
22477	2114	20377
24738	2164	20377
29006	2352	20377
0	0	0
14643	538	6232
6232	183	5804
6232	701	5804
34031	2239	25620
25620	1884	25192
25620	2402	25192
0	0	0
10277	33	203
12263	429	10277
10277	805	12263
29665	1734	19591
31651	2130	29665
29665	2506	31651
0	0	0
8604	476	8691
8604	271	12354
8604	414	7336
27992	2177	28079
27992	1972	31742
27992	2115	26724
0	0	0
4430	538	6577
4430	538	948
4430	538	6948
23818	2239	25965
23818	2239	20336
23818	2239	26336
0	0	0
6990	440	133
6990	21	5371
3964	702	6990
26378	2141	19521
26378	1722	24759
23352	2403	26378
0	0	0
3965	819	5441
5441	652	3965
5441	634	12748
23353	2520	24829
24829	2353	23353
24829	2335	32136
0	0	0
5147	1148	9130
1703	968	9130
7879	968	9130
24535	2528	28518
28518	2412	21091
28518	2412	27267
0	0	0
1645	395	3301
1645	271	3373
1645	395	3373
21033	2096	22689
21033	1972	22761
21033	2096	22761
0	0	0
9751	819	6348
6348	652	9751
6348	21	5371
29139	2234	25736
25736	2291	29139
25736	1722	24759
0	0	0
5649	271	1423
5649	414	6688
5649	271	6688
25037	1972	20811
25037	2115	26076
25037	1972	26076
0	0	0
6427	199	9883
8463	563	6427
6427	819	14433
25815	1900	29271
27851	2264	25815
25815	2234	33821
0	0	0
9972	388	14920
9972	126	1038
9972	388	12847
29360	2089	34308
29360	2583	20426
29360	2089	32235
0	0	0
3162	21	8773
3162	819	14419
14419	652	3162
22550	1722	28161
22550	2520	33807
33807	2353	22550
0	0	0
6204	114	3737
8162	40	6204
6204	177	8162
25592	1815	23125
27550	1741	25592
25592	1878	27550
0	0	0
7885	21	5371
5318	652	7885
7885	819	5318
27273	1722	24759
24706	2353	27273
27273	2520	24706
0	0	0
13883	861	5682
33271	2562	25070
0	0	0
804	810	5335
804	659	186
9650	810	804
20192	2511	24723
20192	2360	19574
29038	2511	20192
0	0	0
9102	126	13742
9102	388	6016
9102	126	6016
28490	2583	33130
28490	2089	25404
28490	2583	25404
0	0	0
168	533	14798
14798	652	168
19556	2234	34186
34186	2353	19556
0	0	0
866	271	13941
866	271	3889
866	271	9519
20254	1972	33329
20254	1972	23277
20254	1972	28907
0	0	0
13759	271	1340
7614	271	1340
33147	1972	20728
27002	1972	20728
0	0	0
7159	75	7050
7050	618	12343
12343	114	7050
26547	1776	26438
26438	2319	31731
31731	1815	26438
0	0	0
403	590	4683
14538	533	403
14538	819	403
19791	2291	24071
33926	2234	19791
33926	2520	19791
0	0	0
4283	652	8076
8076	652	13661
13661	819	8076
23671	2353	27464
27464	2353	33049
33049	2520	27464
0	0	0
8167	810	7488
7488	815	14407
5614	810	7488
27555	2511	26876
26876	2516	33795
25002	2511	26876
0	0	0
14418	652	5560
5560	819	14418
5560	634	9310
33806	2353	24948
24948	2520	33806
24948	2335	28698
0	0	0
8837	199	8408
28225	1900	27796
0	0	0
5885	538	13127
5885	745	4071
4071	538	5885
25273	2239	32515
25273	2446	23459
23459	2239	25273
0	0	0
6776	1233	12372
6776	1455	4648
26164	2557	31760
26164	1752	24036
0	0	0
454	78	12285
2515	374	454
454	78	5314
19842	1779	31673
21903	2172	19842
19842	1779	24702
0	0	0
9594	745	14145
9594	538	14874
28982	2446	33533
28982	2239	34262
0	0	0
3443	317	7859
8837	590	7859
2966	413	7859
22831	2018	27247
28225	2291	27247
27247	2528	22354
0	0	0
2964	271	4507
2964	395	4507
2964	271	1400
22352	1972	23895
22352	2096	23895
22352	1972	20788
0	0	0
661	271	12157
661	494	12157
661	476	5443
20049	1972	31545
20049	2195	31545
20049	2177	24831
0	0	0
7397	34	12895
776	388	7397
26785	1735	32283
20164	2089	26785
0	0	0
2388	819	7074
2388	831	982
2388	808	287
21776	2520	26462
21776	2520	26462
21776	2509	19675
0	0	0
2104	271	9528
2104	271	9695
2104	271	4621
21492	1972	28916
21492	1972	29083
21492	1972	24009
0	0	0
6124	652	3973
3973	819	6124
6124	426	13905
25512	2353	23361
23361	2520	25512
25512	2127	33293
0	0	0
9147	21	14397
14700	46	9147
9147	652	3148
28535	1722	33785
34088	1747	28535
28535	2353	22536
0	0	0
3762	42	9097
3519	88	3762
1333	260	3762
23150	1743	28485
23150	1789	22907
23150	1760	21995
0	0	0
8642	75	1447
28030	1776	20835
0	0	0
3025	1447	8105
6221	1244	3025
2756	189	3025
22413	2552	27493
25609	2528	22413
22144	1890	22413
0	0	0
3929	395	14093
3929	494	14093
3929	414	14093
23317	2096	33481
23317	2195	33481
33481	2311	23317
0	0	0
8811	745	4207
4207	538	8811
4207	745	8279
28199	2446	23595
23595	2239	28199
23595	2446	27667
0	0	0
6173	114	10396
10396	618	6173
10396	326	6173
25561	1815	29784
29784	2319	25561
29784	2027	25561
0	0	0
8121	21	8773
14559	413	8121
8121	471	14559
27509	1722	28161
33947	2114	27509
27509	2509	33947
0	0	0
1892	858	14811
1892	858	524
21280	2583	34199
21280	2583	19912
0	0	0
12837	271	7132
13771	271	7132
13435	102	7132
32225	1972	26520
33159	1972	26520
32823	1803	26520
0	0	0
10340	49	9434
10340	454	9434
4747	454	10340
29728	1734	24135
24135	2155	29728
24135	2155	29728
0	0	0
5328	395	7075
4361	888	7075
7075	682	4361
24716	2096	26463
23749	2589	26463
26463	2383	23749
0	0	0
754	141	2232
12844	357	754
754	188	12844
20142	1842	21620
32232	2058	20142
20142	1889	32232
0	0	0
10229	590	182
182	533	10229
13485	533	182
29617	2291	19570
19570	2234	29617
32873	2234	19570
0	0	0
5423	652	4982
5423	819	4982
5423	255	3855
25624	2353	24811
24811	2520	25624
24811	1956	23243
0	0	0
4007	1662	6777
6777	1441	14119
5194	1662	6777
23395	1789	26165
33507	1789	26165
22675	1789	26165
0	0	0
8870	634	7657
28258	2335	27045
0	0	0
5273	622	1245
5273	260	13477
5273	59	3790
24661	1945	20633
24661	1961	32865
24661	1760	23178
0	0	0
10224	821	13917
13917	454	10224
13917	838	10224
29612	2522	33305
33305	2155	29612
33305	2539	29612
0	0	0
7585	463	4355
2069	652	4355
2069	819	4355
26973	2164	23743
23743	2353	21457
21457	2520	23743
0	0	0
5120	414	4333
5120	271	4333
5120	271	8406
24508	2115	23721
24508	1972	23721
24508	1972	27794
0	0	0
73	827	9867
5562	652	73
73	533	5562
19461	2528	29255
29605	2353	19461
19461	2234	29605
0	0	0
2639	463	1995
1995	819	2639
2639	652	1995
22027	2164	21383
21383	2520	22027
22027	2353	21383
0	0	0
3849	739	10253
12184	198	3849
23237	2440	29641
31572	1899	23237
0	0	0
3152	271	14988
3152	395	14988
3152	271	5578
22540	1972	34376
22540	2096	34376
22540	1972	24966
0	0	0
14007	104	8564
8564	32	12159
8564	32	14268
33395	1805	27952
27952	1733	31547
27952	1733	33656
0	0	0
10332	156	12271
14623	659	10332
10332	815	13146
29720	1857	31659
29720	2511	34011
29720	2516	32534
0	0	0
13715	1137	475
9133	1137	475
12638	1137	475
33103	2562	19863
28521	2562	19863
32026	2562	19863
0	0	0
13727	222	3029
3029	817	6100
33115	1923	22417
22417	2518	25488
0	0	0
8971	395	2094
683	670	2094
9655	271	2094
28359	2096	21482
20071	2939	21482
29043	1972	21482
0	0	0
8376	739	7491
14599	819	8376
8376	652	14599
27764	2440	26879
33987	2520	27764
27764	2353	33987
0	0	0
5206	21	2475
5206	320	2279
5206	463	6846
24594	1722	21863
24594	2528	21667
24594	2164	26234
0	0	0
5181	1479	8402
14401	848	8402
24569	2127	27790
33789	2549	27790
0	0	0
2162	260	2923
2162	471	10459
2162	471	2152
21550	1961	22311
21550	2172	24927
21550	2172	21540
0	0	0
5569	750	13719
5569	8	334
3912	652	5569
24957	2451	33107
24957	1709	19722
23300	2353	24957
0	0	0
2062	271	3947
5346	181	2062
2062	271	9519
21450	1972	23335
21450	2177	24734
21450	1972	28907
0	0	0
10453	46	2315
173	457	2315
2572	457	2315
29841	1747	21703
21960	2158	21703
21960	2158	21703
0	0	0
3406	652	5348
5348	819	3406
24736	2353	22794
24736	2520	22794
0	0	0
4176	260	5764
6667	260	5764
411	260	5764
24945	1961	25152
26055	1961	25152
19799	1961	25152
0	0	0
4563	882	12847
23951	2583	32235
0	0	0
8126	271	13698
8126	414	12274
8126	271	12274
27514	1972	33086
27514	2115	31662
27514	1972	31662
0	0	0
10120	1379	4518
5863	358	10120
10120	1379	5863
29508	2172	25251
25251	2059	29508
29508	2172	25251
0	0	0
5619	21	5371
5619	440	6523
13738	652	5619
25007	1722	24759
25007	2141	25911
33126	2353	25007
0	0	0
3975	634	4475
3975	827	14025
3975	819	13061
23363	2335	23863
23363	2528	33413
23363	2520	32449
0	0	0
1296	34	13231
1189	464	1296
1296	596	1189
20684	1735	32619
20577	2165	20684
20684	2297	20577
0	0	0
4843	538	9474
9474	538	13127
9474	538	12338
24231	2239	28862
28862	2239	32515
28862	2239	31726
0	0	0
0	0	0
0	0	0
7793	1244	13359
7793	271	12005
7793	271	12343
27181	2528	32747
27181	1972	31393
27181	1972	31731
0	0	0
1131	994	6794
1195	505	6794
7081	909	6794
20519	2206	26182
20583	2206	26182
25390	2206	26182
0	0	0
6652	156	12895
6652	265	9810
9810	351	6652
26040	1857	32283
26040	1966	29198
29198	2052	26040
0	0	0
6590	271	4164
6590	414	4164
14766	271	4164
25978	1972	23552
25978	2115	23552
34154	1972	23552
0	0	0
3343	388	6844
9510	733	6844
9510	388	6844
22731	2089	26232
28898	2434	26232
28898	2089	26232
0	0	0
2925	672	2300
12627	1108	2300
10415	672	2300
22313	2373	21688
32015	2161	21688
29803	2373	21688
0	0	0
1704	463	1175
1175	634	1704
1704	652	10041
21092	2164	20563
20563	2335	21092
21092	2353	29429
0	0	0
8349	1135	8435
8349	1135	8881
8349	940	1275
27737	2562	27823
27737	2562	28269
27737	1853	20663
0	0	0
6579	494	4551
6579	476	5286
6579	271	12343
23939	2044	25967
25967	2177	24674
25967	1972	31731
0	0	0
2027	816	5115
5084	596	2027
2027	464	5084
21415	2517	24503
24472	2297	21415
21415	2165	24472
0	0	0
4546	810	14223
4546	156	14557
13250	351	4546
23934	2511	33611
23934	1857	33945
23934	1966	32638
0	0	0
739	176	12492
739	880	3246
739	880	12752
20127	1877	31880
20127	2581	22634
20127	2581	32140
0	0	0
4776	1196	5068
24164	1737	24456
0	0	0
9934	819	1236
1236	463	5425
1236	819	9375
29322	2520	20624
20624	2164	25728
20624	2520	28763
0	0	0
13203	1699	9144
12325	1095	9144
32591	2291	28532
28532	2264	31713
0	0	0
3070	271	9441
3070	1148	9952
3070	395	1400
22458	1972	28829
22458	2115	28829
22458	2096	20788
0	0	0
1983	260	7694
1983	439	1800
21371	1961	27082
21371	2140	21188
0	0	0
0	0	0
6547	1108	949
6547	1135	12044
25935	2373	20730
25935	2562	31432
0	0	0
10373	21	10371
10371	413	10373
10371	18	3492
29761	1722	29759
29759	2114	29761
29759	1719	22880
0	0	0
5361	745	12869
24749	2446	32257
0	0	0
4447	183	13231
4447	388	4152
4447	827	9930
23835	1884	32619
23835	2089	23540
23835	2528	29318
0	0	0
9705	471	7663
6246	471	7663
2256	471	7663
20751	2172	27051
20751	2172	27051
21644	2172	27051
0	0	0
2126	255	10088
10088	147	4849
10088	78	3639
29115	2509	29476
24237	2509	29476
29476	1779	23027
0	0	0
8260	271	7891
8260	476	7990
8260	271	6173
27648	1972	27279
27648	2177	27378
27648	1972	25561
0	0	0
3115	1448	3468
1467	1448	3468
14183	1567	3468
22503	1760	22856
22503	1760	22856
33571	2938	22856
0	0	0
8059	476	670
8059	494	2404
8059	271	2404
27447	2177	20058
21792	3020	27447
27447	1972	21792
0	0	0
5635	1441	12104
25023	2596	31492
0	0	0
4825	1447	13833
13833	156	4825
4825	1447	8462
24213	2552	33221
33221	1857	24213
24213	2552	27850
0	0	0
3232	827	921
9078	533	3232
9078	652	3232
22620	2528	20309
28466	2234	22620
22620	2353	28466
0	0	0
13697	931	6927
6927	88	13697
6927	42	4592
33085	1932	26315
26315	1789	33085
26315	1743	23980
0	0	0
2916	271	7958
3285	271	7958
12828	271	7958
22304	1972	27346
22673	1972	27346
32216	1972	27346
0	0	0
5641	815	1166
5641	265	2163
5641	815	9670
25029	2516	20554
25029	1966	21551
25029	2516	29058
0	0	0
306	271	3559
306	271	8769
306	271	7891
19694	1972	22947
19694	1972	28157
19694	1972	27279
0	0	0
8615	494	8325
8615	271	8325
8325	512	9259
26819	2195	27713
26819	1972	27713
27713	2213	28647
0	0	0
9949	271	7036
7036	177	6002
9750	102	7036
29337	1972	26424
26424	1878	25390
29138	1803	26424
0	0	0
4085	1031	2969
1115	1180	4085
4085	1031	14960
23473	2822	22357
23473	2822	20503
23473	2822	34348
0	0	0
7381	317	4895
1546	725	7381
26769	2018	24283
20934	2538	26769
0	0	0
5127	271	484
5911	271	484
12811	271	484
24515	1972	19872
25299	1972	19872
32199	1972	19872
0	0	0
5421	271	14311
5421	271	1423
5421	271	4820
24809	1972	33699
24809	1972	20811
24809	1972	24208
0	0	0
3713	177	1265
1265	495	7235
1265	340	12341
23101	1878	20653
20653	2196	26623
20653	2041	31729
0	0	0
14416	1610	3478
3478	1649	12556
33804	1961	22866
22866	1950	31944
0	0	0
14491	271	4757
3592	414	4757
3592	395	4757
33879	1972	24145
22980	2115	24145
22980	2096	24145
0	0	0
5223	888	8757
8757	114	5223
24611	2589	28145
28145	1815	24611
0	0	0
8824	506	8105
8824	812	4282
8824	506	1741
28212	2207	27493
28212	2513	23670
28212	2207	21129
0	0	0
9802	188	1018
13032	482	9802
29190	1889	20406
29190	2122	32420
0	0	0
4976	170	14395
14395	119	4976
24364	1871	33783
33783	1820	24364
0	0	0
3321	199	3033
3121	199	3033
3033	867	12635
22709	1900	22421
22509	1900	22421
22421	2568	32023
0	0	0
7169	1646	7317
2076	1196	7169
26557	1944	26827
21464	1737	26557
0	0	0
3549	819	2321
8149	634	2321
8381	872	2321
27537	2335	21709
27537	2335	21709
23593	2573	21709
0	0	0
3262	807	9753
3262	440	12210
3262	21	5371
22650	2508	29141
22650	2141	31598
22650	1722	24759
0	0	0
6948	745	9611
4430	538	6948
6948	538	4972
26336	2446	28999
23818	2239	26336
20526	2446	26336
0	0	0
6492	141	3741
7300	575	3741
25880	1842	23129
26688	1842	23129
0	0	0
27	388	10367
946	652	27
946	819	27
19415	2089	29755
19415	2353	20334
19415	2520	20334
0	0	0
239	476	6937
239	476	13077
239	271	3231
19627	2177	26325
19627	2177	32465
19627	1972	22619
0	0	0
2409	725	843
843	652	3590
6542	680	843
21797	2426	20231
20231	2353	22978
25930	2381	20231
0	0	0
947	81	10148
7346	471	947
947	27	14708
20335	1782	29536
26734	2172	20335
20335	1728	34096
0	0	0
749	1606	9114
9114	174	3056
28502	1875	22444
28502	1875	22444
0	0	0
5730	819	13522
13522	652	5730
9486	463	5730
25118	2520	32910
32910	2353	25118
28874	2164	25118
0	0	0
5638	414	815
5638	271	815
5638	476	6937
25026	2115	20203
25026	1972	20203
25026	2177	26325
0	0	0
3029	817	6100
6100	388	14357
6100	126	14357
22417	2518	25488
25488	2089	33745
25488	1827	33745
0	0	0
554	177	5665
8093	271	554
12370	271	554
19942	1878	25053
27481	1972	19942
31758	1972	19942
0	0	0
5779	819	14500
14500	652	5779
25167	2520	33888
33888	2353	25167
0	0	0
8327	88	9554
9554	36	5056
9554	231	7790
28942	1789	27715
28942	1789	27715
28942	1932	27178
0	0	0
4071	538	9369
9369	745	3575
4270	538	9369
23459	2239	28757
22963	2239	28757
23658	2239	28757
0	0	0
4239	569	24
24	533	3694
24	590	3694
23627	2270	19412
29649	2520	19412
19412	2291	29649
0	0	0
13309	88	10383
9233	260	10383
2920	663	10383
32697	1789	29771
28621	1961	29771
22308	2364	29771
0	0	0
8160	476	5776
8160	1244	13115
8160	1148	2975
27548	2177	25164
27548	2528	32503
27548	2528	22363
0	0	0
800	414	2226
800	271	9107
800	1148	7439
20188	2115	21614
20188	1972	28495
20188	2528	26827
0	0	0
4874	463	8965
4874	652	2835
2835	533	4874
24262	2164	28353
24262	2353	22223
22223	2234	24262
0	0	0
9917	34	14195
3927	558	9917
29305	1735	33583
23315	2259	29305
0	0	0
5079	745	12737
5079	998	9130
2378	745	5079
32125	2239	24467
24467	2509	28518
21766	2446	24467
0	0	0
5591	21	5371
5591	652	7346
7346	819	5591
24979	1722	24759
24979	2353	26734
26734	2520	24979
0	0	0
14923	471	5186
5186	354	2627
12380	471	5186
34311	2172	24574
22015	2350	24574
31768	2172	24574
0	0	0
7663	27	4652
4652	463	6842
4652	21	5371
27051	1728	24040
24040	2164	26230
24040	1722	24759
0	0	0
8242	188	7619
8242	672	6680
27630	1889	27007
27630	2373	26068
0	0	0
9319	1591	5804
13223	183	5804
6414	827	5804
28707	2307	25192
32611	1884	25192
25802	2528	25192
0	0	0
4105	447	3859
3859	815	1753
6176	447	3859
23493	2148	23247
23247	2516	21141
25564	2148	23247
0	0	0
6222	1646	7317
25610	2021	26827
0	0	0
112	271	13273
112	414	8627
112	271	815
19500	1972	32661
19500	2115	28015
19500	1972	20203
0	0	0
4629	271	12343
4629	494	12343
4629	476	4974
24017	1972	31731
24017	2195	31731
24017	2177	24362
0	0	0
8171	426	380
380	59	8498
27559	2127	19768
19768	1760	27886
0	0	0
1075	494	3201
1075	271	3201
1075	271	1400
20463	2195	22589
20463	1972	22589
20463	1972	20788
0	0	0
9749	477	4731
9377	1462	9749
7048	1462	9749
29137	2178	24119
29272	1779	29137
29272	1779	29137
0	0	0
7753	388	5481
5481	440	13657
2411	388	5481
27141	2089	24869
24869	2141	33045
21799	2089	24869
0	0	0
293	476	8529
293	271	9877
293	414	9877
19681	2177	27917
19681	1972	29265
19681	2115	29265
0	0	0
8323	502	6654
7939	502	6654
6545	502	6654
27711	2203	26042
27327	2203	26042
25933	2203	26042
0	0	0
3622	27	12802
3622	569	1408
23010	1728	32190
23010	2270	20796
0	0	0
3390	476	5776
8160	476	5776
9194	476	5776
22778	2177	25164
27548	2177	25164
28582	2177	25164
0	0	0
13971	652	9964
9964	819	13971
9964	688	118
33359	2353	29352
29352	2520	33359
29352	2528	19506
0	0	0
7403	463	2233
14775	463	2233
13082	652	2233
26791	2164	21621
34163	2164	21621
32470	2353	21621
0	0	0
6738	141	6172
6738	141	13921
6738	141	7618
26126	1842	25560
26126	1842	33309
26126	1842	27006
0	0	0
5264	819	6602
8631	133	6602
6602	79	490
24652	2520	25990
25990	1883	28019
25990	1780	19878
0	0	0
6545	791	8896
8896	791	3985
3985	502	8896
25933	2492	28284
28284	2492	23373
23373	2203	28284
0	0	0
6545	502	4651
6545	791	2619
6545	502	6654
25933	2203	24039
25933	2492	22007
25933	2203	26042
0	0	0
1688	271	4809
1688	271	4692
1688	494	4692
21076	1972	24197
21076	1972	24080
21076	2195	24080
0	0	0
4357	819	4849
4849	652	4357
14898	819	4357
23745	2520	24237
24237	2353	23745
34286	2520	23745
0	0	0
6093	317	1607
6093	652	5531
5531	819	6093
25481	2018	20995
25481	2353	24919
24919	2520	25481
0	0	0
6906	500	1403
6906	739	5530
6906	795	6694
26294	2201	20791
26294	2440	24918
26294	2496	26082
0	0	0
5708	1148	8951
5708	271	14277
5708	494	7167
25096	2528	28339
25096	1972	33665
25096	2195	26555
0	0	0
7118	819	176
176	652	7118
7118	831	176
26506	2520	19564
19564	2353	26506
26506	2532	19564
0	0	0
799	756	9015
9862	665	799
799	812	4282
20187	2457	28403
29250	2366	20187
20187	2513	23670
0	0	0
7365	600	331
331	255	4439
331	436	4439
26753	2301	19719
19719	1956	23827
19719	2137	23827
0	0	0
3820	388	12217
3820	504	13723
2332	817	3820
23208	2089	31605
23208	2205	33111
21720	2056	23208
0	0	0
10176	107	5867
5867	756	10176
10478	440	10176
29564	1808	25255
25255	2457	29564
29866	2141	29564
0	0	0
8064	851	8105
8064	851	14135
8064	851	12851
27452	2552	27493
27452	2552	33523
27452	2552	32239
0	0	0
10327	756	9581
3498	1244	9581
9581	386	8597
29715	2457	28969
22886	2528	28969
28969	2087	27985
0	0	0
14484	1137	1811
14192	1137	1811
33872	2562	21199
33580	2562	21199
0	0	0
3214	867	12363
3214	199	7890
3214	831	692
22602	1956	31751
22602	1900	27278
22602	2532	20080
0	0	0
4848	271	9617
4848	414	9617
8747	271	9617
28977	1972	29005
28977	2195	29005
28135	1972	29005
0	0	0
6023	317	6949
13195	819	6023
6023	652	13195
25411	2018	26337
32583	2520	25411
25411	2353	32583
0	0	0
7537	414	4333
7537	414	12526
7537	271	12526
26925	2115	23721
26925	2115	31914
26925	1972	31914
0	0	0
9645	659	8129
8129	810	9645
2758	810	9645
29033	2360	22146
22146	2511	29033
22146	2511	29033
0	0	0
0	0	0
7153	343	6414
6414	827	5804
26541	2044	25802
25802	2528	25192
0	0	0
1095	831	14566
14566	600	1095
13542	600	1095
20483	2532	33954
33954	2301	20483
32930	2301	20483
0	0	0
4313	1690	14359
12834	1690	4313
4313	1558	12834
23701	2520	33747
32222	2520	23701
23701	2353	32222
0	0	0
8035	1452	2144
1358	786	2144
2144	717	10071
27423	1836	21532
20746	2487	21532
21532	2418	29459
0	0	0
9985	606	13385
2982	75	9985
12533	243	9985
29373	2307	32773
22370	1776	29373
31921	1944	29373
0	0	0
2756	189	7099
2756	189	14759
2756	189	14990
22144	1890	26487
22144	1890	34147
22144	1890	34378
0	0	0
6333	244	9221
6333	59	6086
6333	260	2596
25721	2323	28609
25721	1760	25474
25721	1961	21984
0	0	0
2799	395	13611
14354	610	2799
2799	395	10387
22187	2096	32999
22187	2096	33742
22187	2096	29775
0	0	0
1669	331	807
1669	177	5998
2674	414	1669
21057	1815	20195
21057	1878	25386
22062	2115	21057
0	0	0
2689	271	5517
5517	177	12295
5517	331	8905
22077	1972	24905
24905	1878	31683
24905	1815	28293
0	0	0
1146	317	3599
1146	652	3832
3832	819	1146
20534	2018	22987
20534	2353	23220
23220	2520	20534
0	0	0
9562	34	9053
14774	388	9562
12955	388	9562
28950	1735	28441
34162	2089	28950
32343	2089	28950
0	0	0
3745	745	4270
14330	538	3745
3745	745	2643
23133	2446	23658
33718	2239	23133
23133	2446	22031
0	0	0
5795	271	2851
5795	414	2851
5795	476	6937
25183	1972	22239
25183	2115	22239
25183	2177	26325
0	0	0
3777	1646	3401
12638	1137	3777
23165	2764	25994
32026	2562	23165
0	0	0
1599	335	5086
20987	2036	24474
0	0	0
2532	414	9607
2532	1244	5983
2532	414	6
21920	2115	28995
21920	2528	25371
21920	2115	19394
0	0	0
7649	271	9877
7649	271	9528
7649	476	8480
27037	1972	29265
27037	1972	28916
27037	2177	27868
0	0	0
9443	538	13889
28831	2239	33277
0	0	0
5967	756	13231
5967	756	12552
25355	2457	32619
25355	2457	31940
0	0	0
6379	260	12273
3806	364	6379
25767	1961	31661
23194	2065	25767
0	0	0
4301	1646	3401
6145	1137	4301
14703	1137	4301
23689	2764	25994
25533	2562	23689
34091	2562	23689
0	0	0
8900	199	14214
8277	1241	8900
28288	1900	33602
27387	2215	28288
0	0	0
2108	476	4974
2108	271	1021
2108	271	2851
21496	2177	24362
21496	1972	20409
21496	1972	22239
0	0	0
6143	339	9563
6143	339	517
6143	339	8996
25531	2140	28951
25531	2040	28384
25531	2040	28384
0	0	0
12411	819	10480
10480	652	12411
10480	79	12411
31799	2520	29868
29868	2353	31799
29868	1780	31799
0	0	0
10081	38	9065
10081	38	794
29469	1739	25010
29469	1739	20182
0	0	0
8106	707	10259
10259	414	14248
10259	271	14248
27494	2044	29647
29647	2115	33636
29647	1972	33636
0	0	0
6727	414	5381
6727	271	5381
12045	343	6727
26115	2115	24769
26115	1972	24769
31433	2044	26115
0	0	0
5390	795	8151
14302	173	8151
13011	795	8151
29708	1738	27539
33690	1874	27539
32399	2496	27539
0	0	0
3744	59	3331
3744	260	8958
3744	364	12649
23132	1760	22719
23132	1961	28346
23132	2065	32037
0	0	0
7181	388	13073
13251	817	7181
26569	2089	32461
32639	2518	26569
0	0	0
5642	271	13908
5642	476	8529
5642	271	1423
25030	1972	33296
25030	2177	27917
25030	1972	20811
0	0	0
2583	502	4824
4824	745	2583
4824	700	1847
21971	2203	24212
24212	2446	21971
24212	2828	21235
0	0	0
8693	351	1575
1575	265	8693
8693	810	7463
28081	2052	20963
20963	1966	28081
28081	2511	26851
0	0	0
7329	590	13090
13090	819	7329
7329	652	13090
26717	2291	32478
32478	2520	26717
26717	2353	32478
0	0	0
4805	575	6172
4805	575	7637
4805	575	8694
24193	1842	25560
24193	1842	27025
24193	1842	28082
0	0	0
1693	810	5335
1693	810	14110
1693	156	6036
21081	2511	24723
21081	2511	33498
21081	1857	25172
0	0	0
8206	271	12343
8206	271	13698
8206	271	7891
27594	1972	31731
27594	1972	33086
27594	1972	27279
0	0	0
938	188	12844
938	141	6172
938	697	5748
20326	1889	32232
20326	1842	25560
20326	2398	25136
0	0	0
8822	1361	5243
28210	1900	24631
0	0	0
3716	414	13599
3716	271	13599
3716	476	4974
23104	2115	32987
23104	1972	32987
23104	2177	24362
0	0	0
544	1504	6149
544	925	6149
544	1135	14586
19932	1853	25537
25537	2377	19932
19932	2562	33974
0	0	0
5765	471	14397
5765	21	14397
5765	807	8131
25153	2172	33785
25153	1722	33785
25153	2508	27519
0	0	0
7559	177	8838
8838	340	3542
468	177	8838
26947	1878	28226
28226	2041	22930
19856	1878	28226
0	0	0
1989	395	7891
1989	271	7891
1989	494	7891
21377	2096	27279
21377	1972	27279
21377	2195	27279
0	0	0
4501	33	5399
4501	239	5399
5399	454	4501
23889	1734	24787
23889	1940	24787
24787	2155	23889
0	0	0
1788	374	12235
12738	652	1788
1788	819	12738
21176	2075	31623
32126	2353	21176
21176	2520	32126
0	0	0
8750	476	13527
8750	494	13273
8750	271	13273
28138	2177	32915
28138	2195	32661
28138	1972	32661
0	0	0
18	819	579
18	827	10417
18	808	10417
19406	2520	19967
19406	2528	29805
19406	2509	29805
0	0	0
4090	494	2327
4090	271	2327
4090	414	74
23478	2195	21715
23478	1972	21715
23478	2115	19462
0	0	0
2330	102	2093
2330	102	3373
2330	102	8421
21718	1803	21481
21718	1803	22761
21718	1803	27809
0	0	0
2982	75	13963
2982	880	9806
2982	75	1012
22370	1776	33351
22370	1905	23697
22370	1776	20400
0	0	0
4902	20	4375
4902	241	1208
9450	831	4902
24290	1721	23763
24290	1942	20596
25692	2528	24290
0	0	0
5564	271	6343
5564	271	14805
5564	476	9750
24952	1972	25731
24952	1972	34193
24952	2177	29138
0	0	0
10129	756	14890
10129	756	3048
3048	174	10129
29517	2457	34278
29517	2457	22436
22436	1893	29517
0	0	0
881	652	13225
13225	819	881
3409	652	881
20269	2353	32613
32613	2520	20269
22797	2353	20269
0	0	0
10083	652	2193
13391	634	2193
13391	533	2193
29471	2353	21581
32779	2335	21581
32779	2234	21581
0	0	0
3309	331	3737
3309	403	13231
22697	2032	23125
22697	2104	32619
0	0	0
4280	34	12914
5040	388	4280
23668	1735	32302
24428	2089	23668
0	0	0
6563	582	4480
5994	271	4480
2831	395	4480
25951	2283	23868
25382	1972	23868
22219	2096	23868
0	0	0
10022	733	13314
10022	733	3326
10022	733	4608
29410	2434	32702
29410	2434	22714
29410	2434	23996
0	0	0
9107	114	1880
1880	888	9107
1880	888	9750
28495	1815	21268
21268	2589	28495
21268	2589	29138
0	0	0
13294	476	2929
32682	2177	22317
0	0	0
13905	915	556
9544	819	556
556	652	9544
33293	2291	19944
19944	2520	28932
19944	2353	28932
0	0	0
9836	810	12699
12699	659	9836
3983	810	9836
29224	2511	32087
32087	2360	29224
20342	2511	29224
0	0	0
8142	351	12767
8142	198	3178
8142	198	12206
27530	2052	32155
22566	1899	27530
27530	1899	31594
0	0	0
8268	413	3911
8268	78	8462
8268	413	5181
27656	2114	23299
27656	1779	27850
27656	2114	24569
0	0	0
6404	222	8811
8811	817	6404
6404	388	2302
25792	1923	28199
28199	2518	25792
25792	2089	21690
0	0	0
13057	388	6420
6420	440	6226
6420	34	13723
32445	2089	25808
25808	2141	25614
25808	1735	33111
0	0	0
5840	810	8522
1429	810	8522
8954	810	8522
25228	2511	27910
28342	2511	27910
28342	2511	27910
0	0	0
9890	271	3652
1126	271	3652
5222	271	3652
29278	1972	23040
20514	1972	23040
24610	1972	23040
0	0	0
2650	264	8573
2650	777	1084
2650	99	12343
22038	1965	27961
22038	2222	20472
22038	2200	31731
0	0	0
5350	463	989
3796	652	5350
5350	819	3796
24738	2164	20377
23184	2353	24738
24738	2520	23184
0	0	0
2335	831	9116
21723	2532	28504
0	0	0
0	0	0
1349	476	6937
1349	476	7010
1349	476	8947
20737	2177	26325
20737	2177	26398
20737	2177	28335
0	0	0
7031	756	13657
26419	2554	33045
0	0	0
4687	414	1757
4687	271	1757
4687	271	7595
24075	2115	21145
24075	1972	21145
24075	1972	21145
0	0	0
23	37	5781
14662	242	23
23	654	14662
19411	1738	25169
34050	1943	19411
19411	2355	34050
0	0	0
12617	819	8298
8298	652	12617
480	563	8298
32005	2520	27686
27686	2353	32005
27686	2018	19868
0	0	0
5183	652	13865
5183	463	13865
13865	819	5183
24571	2353	33253
24571	2164	33253
33253	2520	24571
0	0	0
14718	804	9533
9533	335	2484
730	880	9533
34106	2505	28921
28921	2311	28921
20118	2581	28921
0	0	0
7224	1646	46
6771	869	46
46	156	13963
19434	1857	29225
20927	2382	19434
19434	1857	33351
0	0	0
9505	809	13657
9505	320	13657
9505	126	2766
28893	2509	33045
28893	2528	33045
28893	1827	22154
0	0	0
9438	596	13519
13519	464	9438
9438	34	13231
28826	2297	32907
32907	2165	28826
28826	1735	32619
0	0	0
3847	638	8784
8784	407	3847
8784	140	1771
23235	2339	28172
28172	2108	23235
28172	1841	21159
0	0	0
2759	21	14397
6869	463	2759
13295	463	2759
22147	1722	33785
26257	2164	22147
32683	2164	22147
0	0	0
4723	388	9460
9460	852	12233
24111	2089	28848
28848	2553	31621
0	0	0
9011	199	7219
9011	426	10158
14999	831	9011
28399	1900	26607
28399	2127	29546
34387	2532	28399
0	0	0
549	819	13863
549	533	13863
13863	652	549
19937	2520	33251
19937	2234	33251
33251	2353	19937
0	0	0
5130	331	4349
7034	827	4349
24518	2032	23737
26422	2528	23737
0	0	0
9261	271	1404
14440	271	1404
13008	395	1404
28649	1972	20792
33828	1972	20792
32396	2096	20792
0	0	0
1421	827	13385
1421	271	13691
1421	271	12340
20809	2528	32773
20809	1972	33079
20809	1972	31728
0	0	0
12495	652	5272
5272	819	12495
5272	34	6594
31883	2353	24660
24660	2520	31883
24660	2509	25982
0	0	0
13158	75	3646
3646	606	12999
3646	606	8726
32546	1776	23034
23034	2307	32387
23034	2307	28114
0	0	0
9618	413	989
3796	21	9618
29006	2352	20377
23184	1722	29006
0	0	0
1794	652	8257
8257	533	1794
1794	590	8257
21182	2353	27645
27645	2234	21182
21182	2291	27645
0	0	0
5495	652	12411
9646	807	5495
5495	79	490
24883	2353	31799
29034	2508	24883
24883	1780	19878
0	0	0
2471	634	2730
2471	317	9040
2471	317	1600
21859	2335	22118
21859	2018	28428
21859	2018	20988
0	0	0
2953	827	4733
2953	271	7153
2953	494	7153
22341	2528	24121
22341	1972	26541
22341	2195	26541
0	0	0
2363	1646	3401
3753	861	2363
21751	2528	25994
23141	2562	21751
0	0	0
9496	634	4850
9496	463	3296
9496	388	6320
28884	2520	22093
28884	2164	22684
28884	2089	25708
0	0	0
13831	271	4041
33219	1972	23429
0	0	0
6572	888	7283
5177	476	7283
7283	343	5177
26671	2044	24565
24565	2177	26671
26671	2044	24565
0	0	0
7547	264	8573
7547	737	4029
26935	1965	27961
26935	2438	23417
0	0	0
7642	388	12445
7642	634	1408
27030	2089	31833
27030	2335	20796
0	0	0
5613	476	6937
5613	271	5391
5613	476	2954
25001	2177	26325
25001	1972	24779
25001	2177	26325
0	0	0
165	189	1573
165	189	12950
165	189	14025
19553	1890	20961
19553	1890	32338
19553	1890	33413
0	0	0
12069	520	3464
3464	495	12069
31457	2221	22852
22852	2196	31457
0	0	0
2973	471	10029
13470	807	2973
2973	21	5371
22361	2172	29417
22361	2508	32858
22361	1722	24759
0	0	0
197	530	197
19585	2231	19585
0	0	0
10255	722	8499
8499	538	14225
29643	2423	27887
33613	2446	27887
0	0	0
4602	59	2785
4602	88	13289
4602	59	4933
23990	1760	22173
23990	1789	32677
23990	1760	24321
0	0	0
512	494	10085
512	414	10085
512	271	10085
19900	2195	29473
19900	2115	29473
19900	1972	29473
0	0	0
2310	343	5364
5364	414	2310
5364	271	2310
21698	2044	24752
24752	2115	21698
24752	1972	21698
0	0	0
5250	1025	6694
24638	2861	26082
0	0	0
4172	21	940
7497	21	940
8478	21	940
26885	1722	20328
26885	1722	20328
27866	1722	20328
0	0	0
3402	750	2951
22790	2451	22339
0	0	0
5914	323	56
5914	323	4101
25302	2024	23489
25302	2024	23489
0	0	0
7487	102	3641
8640	414	3641
3641	177	2792
26875	1803	23029
28028	2115	23029
23029	1878	22180
0	0	0
10049	819	3894
10049	652	3894
3894	463	6842
23282	2520	29437
29437	2353	23282
23282	2164	26230
0	0	0
188	1447	8462
14238	34	188
6536	1282	188
19576	2052	27850
33626	1735	19576
25924	2528	19576
0	0	0
4835	819	13803
13803	652	4835
4835	652	3582
24223	2520	33191
33191	2353	24223
24223	2353	22970
0	0	0
7149	260	14942
26537	1961	34330
0	0	0
1154	271	3231
5301	343	1154
1154	476	6322
20542	1972	22619
20542	1972	24060
20542	2177	25710
0	0	0
462	652	7205
462	590	7205
462	533	13967
19850	2353	26593
19850	2291	26593
19850	2234	33355
0	0	0
8084	343	3250
3250	271	484
3250	414	484
27472	2044	22638
22638	1972	19872
22638	2115	19872
0	0	0
7663	569	633
14757	819	633
633	463	14757
27051	1782	20021
34145	2520	20021
20021	2164	34145
0	0	0
3763	590	14775
14775	819	3763
14775	533	3763
23151	2291	34163
34163	2520	23151
34163	2234	23151
0	0	0
4387	1137	6803
4387	1137	12631
23775	2562	26191
23775	2562	32019
0	0	0
14835	147	9743
13750	147	9743
3664	1532	9743
34223	1848	29131
29131	1812	33138
23052	2135	29131
0	0	0
4329	271	12361
4329	476	724
23717	1972	31749
23717	2177	20112
0	0	0
6631	271	12805
6631	271	6661
6631	271	8404
26019	1972	32193
26019	1972	26049
26019	1972	27792
0	0	0
7324	436	5610
14608	451	5610
5804	689	5610
26712	2172	24998
33996	2201	24998
25192	2390	24998
0	0	0
2931	476	5443
2931	494	396
2931	271	396
22319	2177	24831
22319	2195	19784
22319	1972	19784
0	0	0
6735	270	10230
10230	1644	6694
10230	1644	4256
26123	1971	29618
29618	2496	26082
29618	1738	23644
0	0	0
2257	1652	12502
12502	73	2257
2257	1011	7900
21645	2457	31890
31890	2408	21645
29480	2175	21645
0	0	0
2537	756	6226
8074	933	6226
6420	440	6226
21925	2457	25614
27462	2457	25614
25808	2141	25614
0	0	0
10097	1441	6777
10097	231	14698
14698	1441	10097
29485	1789	26165
29485	1737	34086
34086	1789	29485
0	0	0
7221	606	200
7221	70	13550
6306	733	7221
26609	2141	19588
26609	1771	32938
25694	2434	26609
0	0	0
6332	366	14508
25720	2509	33896
0	0	0
6513	260	5790
6513	339	577
13443	244	6513
25901	1961	25178
25901	2040	24784
32831	1945	25901
0	0	0
9623	21	14397
12856	498	9623
6058	463	9623
29011	1722	33785
32244	2199	29011
25446	2164	29011
0	0	0
13345	1364	2928
32733	2234	22316
0	0	0
7297	244	4883
7297	89	12849
26685	1945	24271
26685	1961	32237
0	0	0
7888	1148	7957
7957	756	14890
7957	756	13119
27276	2528	27345
27345	2457	34278
27345	2457	32507
0	0	0
7076	271	5460
7076	271	14093
7076	494	14093
26464	1972	24848
26464	1972	33481
26464	2195	33481
0	0	0
12689	388	3497
3497	440	13657
32077	2089	22885
22885	2141	33045
0	0	0
8929	652	8737
8929	21	14397
8929	440	12829
21027	2353	28317
28317	1722	33785
28317	2141	32217
0	0	0
9429	810	5931
6867	351	9429
9429	810	14223
26255	2052	28817
26255	2052	28817
28817	2511	33611
0	0	0
10387	177	8854
8854	340	12341
8854	994	3191
29775	1878	28242
28242	2041	31729
28242	2206	22579
0	0	0
3889	177	1719
866	271	3889
1050	271	3889
23277	1878	21107
20254	1972	23277
20438	1972	23277
0	0	0
2859	756	1921
2733	331	2859
8866	827	2859
22247	2457	21309
22121	1815	22247
28254	2528	22247
0	0	0
4267	471	9843
4353	463	4267
4353	652	4267
23655	2172	29231
23741	2164	23655
23741	2353	23655
0	0	0
4230	652	8777
4230	634	12318
23618	2353	28165
23618	2335	31706
0	0	0
8885	374	7146
12221	819	8885
8885	652	9121
28273	2172	26534
31609	2520	28273
28273	2291	28509
0	0	0
5357	530	7734
5357	78	46
5357	413	13432
24745	2231	27122
24745	1779	19434
32820	2208	24745
0	0	0
3089	413	989
22477	2114	20377
0	0	0
705	21	5371
705	388	4152
705	463	6842
20093	1722	24759
20093	2089	23540
20093	2164	26230
0	0	0
8065	688	13231
8065	750	5086
27453	2389	32619
27453	2451	24474
0	0	0
12635	413	5076
1307	590	5076
1307	652	5076
32023	2114	24464
20695	2291	24464
20695	2353	24464
0	0	0
1132	114	12819
1132	177	6481
8126	271	1132
20520	1815	32207
20520	1878	25869
27514	1972	20520
0	0	0
2361	395	13691
2361	395	7316
21749	2096	33079
21749	2096	26704
0	0	0
93	688	3114
14821	471	3114
3114	27	7688
19481	2389	22502
34209	2172	22502
27076	2172	22502
0	0	0
1306	590	13753
6114	1024	1306
20694	2291	33141
25502	2291	20694
0	0	0
7445	317	273
7445	579	9042
7445	819	9301
26833	2018	19661
26833	2280	28430
26833	2520	22546
0	0	0
9338	652	12347
12347	819	9338
28726	2353	31735
31735	2520	28726
0	0	0
6785	494	12526
6785	414	5278
6785	414	4692
26173	2195	31914
26173	2115	24666
26173	2115	24080
0	0	0
1608	1148	7136
1608	414	8938
1608	271	8938
20996	2528	26524
20996	2115	28326
20996	1972	28326
0	0	0
2409	725	3590
843	652	3590
3590	21	14160
21797	2426	22978
20231	2353	22978
22978	1722	33548
0	0	0
6780	199	14243
14243	831	6780
6780	600	7598
26168	1900	33631
33631	2532	26168
26168	2301	26986
0	0	0
7917	226	13983
27305	1927	33371
0	0	0
10458	533	10475
10458	888	13435
29863	2234	29846
29846	2589	32823
0	0	0
7758	271	5381
7758	414	5381
7758	476	13527
27146	1972	24769
27146	2115	24769
27146	2177	32915
0	0	0
381	652	7363
7363	533	381
7363	819	381
19769	2353	26751
26751	2234	19769
26751	2520	19769
0	0	0
9873	222	5545
5645	538	9873
14956	538	9873
29261	2239	24933
25033	2239	29261
34344	2239	29261
0	0	0
4439	34	93
93	688	3114
93	564	13775
23827	1735	19481
19481	2389	22502
19481	2265	33163
0	0	0
2471	317	1600
3214	600	1600
1600	199	12926
21859	2018	20988
22602	2301	20988
20988	1900	32314
0	0	0
9963	1244	3037
13879	1244	3037
14683	1244	3037
29351	2528	22425
33267	2528	22425
34071	2528	22425
0	0	0
6501	1646	3401
1737	1137	6501
3746	1137	6501
25889	2528	25994
21125	2562	25889
23134	2562	25889
0	0	0
12187	471	2007
2007	244	12187
2007	59	3790
31575	2172	21395
21395	2323	31575
21395	1760	23178
0	0	0
14135	854	3349
3349	516	8462
3349	516	8105
33523	2555	22737
22737	2217	27850
22737	2217	27493
0	0	0
9020	34	13231
9020	381	7114
12920	596	9020
28408	1735	32619
28408	2082	26502
32308	2297	28408
0	0	0
3830	756	13231
3830	756	12210
23218	2457	32619
23218	2457	31598
0	0	0
5767	974	8394
13792	1542	5767
3096	1560	5767
21094	2353	25155
25155	2520	33180
25155	2127	22484
0	0	0
3014	26	5944
5944	795	6694
5944	37	12288
22402	1727	25332
25332	2496	26082
25332	1738	31676
0	0	0
7449	815	13913
7449	815	13963
26837	2516	33301
26837	2516	33351
0	0	0
5430	634	14030
14030	819	5430
5430	652	14030
24818	2335	33418
33418	2520	24818
24818	2353	33418
0	0	0
2945	290	295
14724	831	295
22333	1991	19683
34112	2532	19683
0	0	0
4210	600	9615
9615	831	4210
4210	426	14463
23598	2301	29003
29003	2532	23598
33851	2127	23598
0	0	0
9642	395	5157
29030	2096	24545
0	0	0
7468	476	12218
7468	271	6688
7468	414	6688
26856	2177	31606
26856	1972	26076
26856	2115	26076
0	0	0
974	21	5371
20362	1722	24759
0	0	0
2689	271	7067
2689	476	5443
2689	271	6806
22077	1972	26455
22077	2177	24831
22077	1972	26194
0	0	0
4640	493	4518
5863	788	4640
4640	552	3824
25251	2489	24028
25251	2489	24028
24028	2426	29508
0	0	0
12811	476	4818
12129	476	4818
12828	476	4818
32199	2177	24206
31517	2177	24206
32216	2177	24206
0	0	0
8327	42	606
606	137	126
13518	42	606
27715	1743	19994
19994	1838	19514
32906	1743	19994
0	0	0
7686	49	6395
6395	33	7686
6395	239	7686
27074	1750	25783
25783	1734	27074
25783	1940	27074
0	0	0
438	652	4932
4932	819	438
4932	463	12621
24320	2353	27842
27842	2520	24320
24320	2164	32009
0	0	0
8156	533	3017
27544	2234	22405
0	0	0
1270	1361	14689
1270	1095	7044
1270	1046	12223
20658	1900	34077
20658	2301	26432
20658	2532	31611
0	0	0
6371	476	12045
12045	343	6371
6371	271	14602
25759	2177	31433
31433	2044	25759
25759	1972	33990
0	0	0
1581	819	3465
3465	652	1581
1581	634	14030
20969	2520	22853
22853	2353	20969
20969	2335	33418
0	0	0
13213	882	2401
2401	34	5804
32601	2583	21789
21789	1735	25192
0	0	0
13406	413	2616
13406	358	2616
13482	819	2616
32794	2114	22004
32794	1848	22004
22004	2353	32870
0	0	0
9870	436	118
6306	183	118
9844	436	118
23740	2528	19506
25694	1884	19506
29232	2528	19506
0	0	0
9991	590	2311
13986	533	2311
12182	590	2311
29379	2291	21699
33374	2234	21699
31570	2291	21699
0	0	0
7187	600	7969
2335	831	7969
7969	831	3064
26575	2301	27357
21723	2532	27357
27357	2532	22452
0	0	0
1739	271	5460
1739	271	5578
1739	271	14093
21127	1972	24848
21127	1972	24966
21127	1972	33481
0	0	0
1195	410	8001
10380	410	8001
14238	410	8001
20583	2111	27389
29780	2111	27389
33626	2111	27389
0	0	0
2961	271	655
2961	494	655
22349	1972	20043
22349	2096	20043
0	0	0
4244	429	5399
4244	821	5399
5399	838	4244
23632	2130	24787
23632	2522	24787
24787	2539	23632
0	0	0
14768	606	5832
34156	2307	25220
0	0	0
9862	815	9015
9862	2	12784
9862	665	799
29250	2516	28403
29250	1703	32172
29250	2366	20187
0	0	0
2378	745	5079
2378	183	287
2378	745	9958
21766	2446	24467
21766	1884	19675
21766	2446	29346
0	0	0
353	414	7455
353	494	12343
353	271	12343
19741	2115	26843
19741	2195	31731
19741	1972	31731
0	0	0
9188	476	5443
9188	395	13166
9188	271	14350
28576	2177	24831
28576	2096	32554
28576	1972	33738
0	0	0
9905	819	9298
13757	652	9298
9298	21	14397
29293	2520	28686
33145	2353	28686
28686	1722	33785
0	0	0
3216	59	8839
3216	511	2334
3216	121	12925
22604	1760	28227
22604	1961	21103
22604	1822	32313
0	0	0
5173	271	1237
1237	177	5998
2202	271	1237
24561	1972	20625
20625	1878	25386
21590	1972	20625
0	0	0
14875	388	483
2476	388	483
4163	388	483
34263	2089	19871
24434	2089	19871
23551	2089	19871
0	0	0
9668	494	9107
9107	343	9668
9668	271	9107
29056	2195	28495
28495	2044	29056
29056	1972	28495
0	0	0
65	21	5371
65	46	9175
6014	223	65
19453	1722	24759
19453	1747	28563
25402	1924	19453
0	0	0
8185	177	9253
5180	271	8185
27573	1878	28641
24568	1972	27573
0	0	0
8289	320	131
8289	317	7587
8289	320	13963
27677	2528	19519
27677	2018	26975
27677	2528	33351
0	0	0
3885	126	14123
3885	388	13742
3885	817	14922
23273	1827	33511
23273	2089	33130
23273	2518	34310
0	0	0
8602	1448	8669
8602	1441	14374
2307	260	8602
27990	1760	28057
33762	1789	27990
27789	1961	27990
0	0	0
6760	819	3146
3146	21	7042
3146	147	12482
22534	2335	28972
22534	2020	26430
22534	1848	31870
0	0	0
2240	804	5893
2240	880	9838
2240	176	9838
21628	2505	25281
21628	2581	29226
21628	1877	29226
0	0	0
4798	463	4219
163	46	4219
3244	463	4219
24186	2164	23607
19551	1747	23607
23607	1816	25520
0	0	0
9274	1148	7136
9274	476	8691
9274	271	9279
28662	2528	26524
28662	2177	28079
28662	1972	28667
0	0	0
9135	413	9694
9694	471	9135
14301	725	9694
28523	2114	29082
29082	2528	28523
33689	2426	29082
0	0	0
8506	819	9934
9934	652	8506
6340	634	8506
27894	2520	29322
29322	2353	27894
25728	2335	27894
0	0	0
12999	756	8726
8726	1112	12999
14768	606	8726
32387	2457	28114
28114	1875	32387
34156	2307	28114
0	0	0
14244	471	5258
5258	244	14244
9792	471	5258
33632	2172	24646
24646	2323	33632
29180	2172	24646
0	0	0
7575	271	10462
7575	1244	3892
7575	271	1021
26963	1972	29850
26963	2528	23280
26963	1972	20409
0	0	0
8693	351	3376
3376	265	8693
3376	810	12901
28081	2052	22764
22764	1966	28081
22764	2511	32289
0	0	0
8110	756	1036
1036	529	8462
5629	756	1036
27498	2457	20424
20424	2230	27850
27498	2457	20424
0	0	0
13845	271	4686
4686	177	8162
13804	494	4686
33233	1972	24074
24074	1878	27550
33192	2195	24074
0	0	0
6085	126	14123
6085	126	2302
6085	126	483
25473	1827	33511
25473	1827	21690
25473	1827	19871
0	0	0
4375	869	5276
4503	1447	5276
5276	810	5335
23763	2570	24664
23891	2552	24664
24664	2511	24723
0	0	0
4433	610	2831
2831	395	4433
2831	494	4433
23821	2311	22219
22219	2096	23821
22219	2195	23821
0	0	0
6426	1047	7138
7138	1546	6426
6426	1047	12848
25814	1901	26526
26526	2226	25814
25814	1833	32236
0	0	0
14267	634	5626
5626	463	14023
14023	819	5626
33655	2335	25014
25014	2164	33411
33411	2520	25014
0	0	0
600	343	8964
8964	476	600
8964	476	367
19988	2044	28352
28352	2177	19988
28352	2177	19755
0	0	0
14021	3	1369
1369	756	14021
14181	394	1369
33409	1704	20757
20757	2457	33409
20757	2135	33569
0	0	0
4249	260	5410
4249	244	7404
23637	1961	24798
23637	1945	26792
0	0	0
5058	1690	1367
1443	943	1367
1367	413	1443
20755	2114	20831
20831	1956	20755
20755	2114	20831
0	0	0
591	351	8462
591	373	9130
591	351	12851
19979	2052	27850
19979	2074	28518
19979	2052	32239
0	0	0
4841	183	13723
4841	126	2302
4841	126	4152
24229	1884	33111
24229	1827	21690
24229	1827	23540
0	0	0
6283	808	7256
9652	436	7256
18	808	7256
25671	2509	26644
19967	2528	26644
19406	2509	26644
0	0	0
3041	214	645
645	463	3041
645	394	8221
22429	1915	20033
20033	2164	22429
20033	2528	27609
0	0	0
4711	1572	2942
6465	114	4711
7402	114	4711
24099	2159	22330
25421	1815	24099
28500	1815	24099
0	0	0
2129	867	9757
2129	600	12016
2129	199	4964
21517	1956	29145
21517	2301	31404
21517	1900	24352
0	0	0
4252	260	7694
6037	260	7694
812	260	7694
21210	1961	27082
21210	1961	27082
21210	1961	27082
0	0	0
920	476	3022
3022	343	920
920	1148	2975
20308	2177	22410
22410	2044	20308
20308	2528	22363
0	0	0
9792	471	2007
9792	59	3790
9792	471	1937
29180	2172	21395
29180	1760	23178
29180	2172	21395
0	0	0
6915	271	14597
6915	494	14597
6915	271	5391
26303	1972	33985
26303	2096	33985
26303	1972	24779
0	0	0
7300	697	583
7300	575	13598
7300	575	12061
26688	2398	19971
26688	1842	32986
26688	1842	31449
0	0	0
7541	414	76
7541	271	76
76	177	12069
26929	2115	19464
26929	1972	19464
19464	1878	31457
0	0	0
4391	271	2851
4391	271	3301
4391	395	7949
23779	1972	22239
23779	1972	22689
23779	2096	27337
0	0	0
8251	1469	9835
1319	819	9835
4730	652	9835
29223	1812	27639
25225	2520	29223
24118	2353	29223
0	0	0
2659	1367	9550
3916	538	9550
1507	1692	9550
22047	2446	28938
22047	2446	28938
22047	2446	28938
0	0	0
8163	173	12434
8163	173	12886
27551	1874	31822
27551	1874	32274
0	0	0
693	414	2061
693	271	13854
693	494	13854
20081	2115	21449
20081	1972	33242
20081	2195	33242
0	0	0
2464	414	14602
2464	271	14602
2464	476	367
21852	2115	33990
21852	1972	33990
21852	2177	19755
0	0	0
9593	1457	8339
9593	1522	5412
28981	2238	27727
28981	1791	24800
0	0	0
1138	745	8523
1138	745	4843
1138	538	4270
20526	2446	24231
20526	2446	24231
20526	2239	23658
0	0	0
8689	819	4850
2878	634	8689
13744	463	8689
22093	2335	28077
22266	2335	28077
33132	2164	28077
0	0	0
12533	88	6832
31921	1789	26220
0	0	0
13158	75	8748
32546	1776	28136
0	0	0
2590	852	3957
21978	2553	23345
0	0	0
1919	21	10281
1919	652	167
1919	819	13740
21307	1722	29669
21307	2353	19555
21307	2520	33128
0	0	0
4295	652	437
437	819	4295
4295	199	437
23683	2353	19825
19825	2520	23683
23683	1900	19825
0	0	0
14138	1137	5337
14703	1137	5337
14192	1137	5337
33526	2562	24725
34091	2562	24725
33580	2562	24725
0	0	0
1806	271	2268
62	271	2268
6904	271	2268
21194	1972	21656
19450	1972	21656
19783	1972	21656
0	0	0
14299	260	3946
9266	260	3946
12266	260	3946
33687	1961	23334
28654	1961	23334
31654	1961	23334
0	0	0
7277	94	4589
6251	94	4589
5438	94	4589
26665	1795	23977
24826	1795	23977
24826	1795	23977
0	0	0
8906	174	12090
28294	1875	31478
0	0	0
6290	1157	5447
25678	1788	22707
0	0	0
1903	739	7491
1903	482	8078
12308	652	1903
21291	2440	26879
21291	2183	27466
31696	2353	21291
0	0	0
7677	697	4778
4778	411	9937
4778	618	5198
27065	2398	24166
24166	2112	29325
24166	2319	24586
0	0	0
6976	498	7734
7734	235	13432
5357	530	7734
26364	2199	27122
27122	1936	32820
24745	2231	27122
0	0	0
1157	606	8474
8474	756	13849
8474	756	5255
20545	1776	27862
27862	2457	33237
27862	2457	24643
0	0	0
9281	745	3575
14414	745	9281
13896	538	9281
22963	2239	28669
33802	2446	28669
33284	2239	28669
0	0	0
1447	590	7849
4974	75	7849
4974	682	7849
20835	2291	27237
24362	1776	27237
24362	2383	27237
0	0	0
6746	388	8812
4266	1570	8812
12688	1570	8812
26134	2089	28200
23654	2089	28200
32076	2089	28200
0	0	0
2707	652	907
5385	413	907
907	21	8773
22095	2353	20295
24773	2114	20295
20295	1722	28161
0	0	0
10241	260	12247
100	471	10241
10241	59	7840
29629	1961	31635
19488	2172	29629
29629	1760	27228
0	0	0
674	78	3639
682	1462	3639
8221	1447	3639
20062	1779	23027
23027	2467	23027
27609	2552	23027
0	0	0
4426	102	3355
3419	476	4426
62	476	4426
23814	1803	22743
22807	2177	23814
19450	2177	23814
0	0	0
2535	414	3122
2535	271	3122
3122	177	7590
21923	2115	22510
21923	1972	22510
22510	1878	26978
0	0	0
7291	199	9322
12792	908	9322
9322	943	2079
26679	1900	28710
32180	2127	28710
28710	2331	21467
0	0	0
5111	107	1212
1212	756	5111
9334	331	1212
24499	1808	20600
20600	2457	24499
28722	2032	20600
0	0	0
4276	476	5346
4276	271	7455
4276	271	6847
23664	2177	24734
23664	1972	26843
23664	1972	26235
0	0	0
2435	183	13231
2435	155	10011
2435	155	3886
21823	1884	32619
21823	1856	23274
21823	1856	23274
0	0	0
9715	440	133
9715	21	14397
9715	680	12544
29103	2141	19521
29103	1722	33785
29103	2381	31932
0	0	0
10115	194	13798
14580	406	10115
29503	1895	33186
33968	2107	29503
0	0	0
2921	292	5211
2921	279	14268
7768	141	2921
22309	1993	24599
22309	1980	33656
27156	1842	22309
0	0	0
9473	463	14757
14757	426	9473
14264	652	9473
28861	2164	34145
28861	2127	34145
33652	2353	28861
0	0	0
4427	42	126
4427	42	8174
4427	59	8498
23815	1743	19514
23815	1743	27562
23815	1760	27886
0	0	0
10330	652	1993
13135	652	10330
13135	590	10330
29718	2353	21381
32523	2353	29718
32523	2291	29718
0	0	0
3510	271	14277
6558	343	3510
3510	271	6558
22898	1972	33665
25946	2044	22898
22898	1972	25946
0	0	0
13051	1208	6122
8714	1208	6122
8035	1208	6122
32439	2100	25510
28102	2100	25510
27423	2100	25510
0	0	0
13943	426	1632
3235	807	1632
12067	725	1632
33331	2127	21020
21020	2508	22623
31455	2426	21020
0	0	0
4857	271	2733
4857	271	13273
4857	476	4422
24245	1972	22121
24245	1972	32661
24245	2177	23810
0	0	0
9615	831	12926
12926	600	9615
4210	600	9615
29003	2532	32314
32314	2301	29003
23598	2301	29003
0	0	0
533	533	9656
533	590	9656
9656	819	533
19921	2234	29044
19921	2291	29044
19921	2520	29044
0	0	0
4935	809	4503
4935	819	13402
13402	652	4935
24323	2509	23891
24323	2520	32790
32790	2353	24323
0	0	0
7634	1185	4413
4413	390	2431
4413	627	2431
20749	2216	23801
23801	2091	21819
23801	2328	21819
0	0	0
2446	831	6897
6897	600	2446
2446	199	4661
21834	2532	26285
26285	2301	21834
21834	1900	24049
0	0	0
7681	1253	6528
6528	59	6410
6528	36	13325
29197	1789	25916
25916	1760	25798
32713	1789	25916
0	0	0
6146	177	2792
2792	670	14706
14706	177	2792
25448	1878	22180
22180	2939	34094
34094	1878	22180
0	0	0
10321	55	9491
10321	199	9491
10321	652	9491
29709	1756	28879
29709	1900	28879
29709	2353	28879
0	0	0
6603	463	7556
7556	819	6603
7556	1046	13371
25991	2164	26944
26944	2520	25991
26944	1872	32759
0	0	0
6132	819	1799
1799	652	6132
6132	374	5835
25520	2520	21187
21187	2353	25520
25520	2075	25223
0	0	0
12782	819	9696
9696	652	12997
12997	819	9696
32170	2520	29084
29084	2353	32385
32385	2520	29084
0	0	0
2288	21	3454
6316	21	3454
3292	21	3454
28229	1722	22842
22126	1722	22842
22680	1722	22842
0	0	0
439	155	13037
439	388	12216
32425	1856	19827
19827	2089	31604
0	0	0
7856	1569	7129
7856	1569	13550
7856	331	8386
27244	1771	26517
27244	1771	32938
27244	2032	27774
0	0	0
3927	558	6473
6473	574	2039
3163	756	6473
23315	2259	25861
25861	2503	24413
25861	2275	21427
0	0	0
9541	21	2218
9541	819	3298
3298	652	9541
28929	1722	21606
28929	2520	22686
22686	2353	28929
0	0	0
7077	634	6071
6071	34	3564
6071	652	12140
26465	2335	25459
25459	2528	22952
25459	2353	31528
0	0	0
8312	388	3326
14476	819	8312
27700	2089	22714
33864	2520	27700
0	0	0
3811	271	6164
3811	271	8496
3811	271	9528
23199	1972	25552
23199	1972	27884
23199	1972	28916
0	0	0
7399	819	8095
8095	652	7399
7735	1687	8095
26787	2520	27483
27483	2353	26787
27483	2520	27123
0	0	0
9697	177	8654
13712	177	8654
7455	177	8654
21804	1878	28042
33100	1878	28042
26843	1878	28042
0	0	0
6590	271	1061
6590	494	1061
6590	1244	12271
25978	1972	20449
25978	2195	20449
25978	2021	31659
0	0	0
7457	440	4242
7457	331	6912
26845	2141	23630
26845	2032	26300
0	0	0
7310	104	7637
14504	762	7310
7310	104	6172
26698	1805	27025
33892	2463	26698
26698	1805	25560
0	0	0
9468	1137	8881
9468	1543	8881
14857	927	9468
28856	2562	28269
28856	2285	28269
34245	1853	28856
0	0	0
9242	181	3112
3112	476	9242
3112	271	6630
28630	1882	22500
22500	2177	28630
22500	1972	26018
0	0	0
13744	463	2878
2878	634	13744
2878	652	3296
33132	2164	22266
22266	2335	33132
22266	2353	22684
0	0	0
3233	414	6661
3233	494	6661
3233	271	6661
22621	2115	26049
22621	2195	26049
22621	1972	26049
0	0	0
13525	1558	7984
13525	1361	7984
7984	1378	13525
32913	2353	27372
32913	1900	27372
27372	2520	32913
0	0	0
9124	827	3839
4914	147	9124
9124	317	7044
28512	2528	23227
24302	1848	28512
28512	2018	26432
0	0	0
2643	538	7706
2643	538	4270
2643	538	1746
22031	2239	28757
22031	2239	23658
22031	2239	21134
0	0	0
12695	331	5706
5706	756	14890
32083	1815	25094
25094	2457	34278
0	0	0
0	0	0
931	819	1550
931	147	1550
1550	652	931
20319	2520	20938
20319	1848	20938
20938	2353	20319
0	0	0
266	163	12886
19654	1864	32274
0	0	0
9966	476	5443
9966	1148	9059
9966	271	5980
29354	2177	24831
29354	2528	28447
29354	1972	25368
0	0	0
12770	414	6060
6060	114	8580
8580	888	6060
32158	2115	25448
25448	1815	27968
27968	2589	25448
0	0	0
13835	78	4536
10	1067	4536
5367	351	4536
33223	1779	23924
24384	2382	23924
19668	2052	23924
0	0	0
476	494	9723
9723	343	476
476	271	4507
19864	2195	29111
29111	2044	19864
19864	1972	23895
0	0	0
9580	471	6793
9580	471	6561
9580	471	13478
28968	2172	23130
28968	2172	20176
28968	2172	32866
0	0	0
7643	715	14976
27031	2416	34364
0	0	0
6030	648	1395
6030	697	10253
6030	155	22
25418	2349	20783
25418	2423	29641
25418	1856	19410
0	0	0
7160	707	8734
9819	354	7160
7783	1244	7160
24859	1857	26548
26548	2350	29207
27171	2528	26548
0	0	0
7151	21	5371
7151	440	13657
13230	652	7151
26539	1722	24759
26539	2141	33045
32618	2353	26539
0	0	0
3635	75	12816
3635	880	3591
3635	204	3591
23023	1776	32204
23023	2581	22979
23023	1905	22979
0	0	0
3985	575	7360
8782	575	7360
7360	697	4735
23373	2276	26748
28170	2276	26748
26748	2398	24123
0	0	0
3971	810	13394
23359	2511	32782
0	0	0
87	199	7890
14663	199	7890
3214	199	7890
19475	1900	27278
34051	1900	27278
22602	1900	27278
0	0	0
8631	374	4618
7760	374	4618
9646	374	4618
28019	2075	24006
21168	2075	24006
29034	2075	24006
0	0	0
4724	476	8947
4724	476	13366
4724	271	12343
24112	2177	28335
24112	2177	32754
24112	1972	31731
0	0	0
13281	331	1635
32669	1815	21023
0	0	0
7571	271	5369
7571	271	6558
26959	1972	24757
26959	1972	25946
0	0	0
5059	271	4679
12430	271	4679
5173	271	4679
24447	1972	24067
31818	1972	24067
24561	1972	24067
0	0	0
2985	827	13115
2985	271	7153
2985	271	14093
22373	2528	32503
22373	1972	26541
22373	1972	33481
0	0	0
3277	463	6846
6846	79	3277
5206	533	3277
22665	2164	26234
26234	2335	22665
24594	2234	22665
0	0	0
13361	21	7582
14536	21	7582
7582	463	14536
32749	1722	26970
33924	1722	26970
26970	2164	33924
0	0	0
2222	388	12046
2222	463	1835
21610	2089	31434
21610	2164	27253
0	0	0
7489	649	1543
8866	799	1543
26877	2350	20931
28254	2500	20931
0	0	0
2564	888	13646
1447	533	2564
2564	888	10002
21952	2589	33034
20835	2234	21952
21952	2589	29390
0	0	0
3573	271	1790
3573	271	2851
3573	1244	9487
22961	1972	21178
22961	1972	22239
22961	2528	28875
0	0	0
8184	271	12343
8184	476	6937
8184	476	7010
27572	1972	31731
27572	2177	26325
27572	2177	26398
0	0	0
7184	271	1934
1934	331	1786
1934	177	10392
26572	1972	21322
21322	1815	21174
21322	1878	29780
0	0	0
9206	271	5460
9206	414	14706
9206	271	14706
28594	1972	24848
28594	2115	34094
28594	1972	34094
0	0	0
5306	1252	5606
8778	1252	5606
5606	1646	7317
24694	1932	24994
24694	1932	24994
24994	2528	26827
0	0	0
4260	1671	4331
4331	1208	4260
4260	1208	7102
23648	2404	23719
23719	2100	23648
23648	2016	26490
0	0	0
1671	210	5459
1671	790	13069
1671	292	5211
21059	1911	24847
21059	2491	32457
21059	1993	24599
0	0	0
4278	260	9169
4278	260	5410
4278	244	14436
23666	1961	28557
23666	1961	24798
23666	1945	33824
0	0	0
8070	898	14341
12042	1558	8070
12042	898	8070
27458	1900	33729
31430	2353	27458
31430	1900	27458
0	0	0
5084	596	2027
2027	464	5084
5084	816	5115
24472	2297	21415
21415	2165	24472
24472	2517	24503
0	0	0
7016	135	13285
26404	1836	32673
0	0	0
5816	388	14123
5816	733	14123
5816	733	2302
25204	2089	33511
25204	2434	33511
25204	2434	21690
0	0	0
4613	174	10406
5155	827	10406
4625	331	10406
24001	1875	29794
24543	2528	29794
24013	2032	29794
0	0	0
9297	460	888
14060	848	9297
9297	55	14060
28685	2373	20276
28685	1853	33448
33448	2377	28685
0	0	0
14151	831	6662
6662	600	14151
6662	867	3855
33539	2532	26050
26050	2301	33539
26050	1956	23243
0	0	0
7744	968	10443
6663	968	7744
7744	968	9130
29831	2412	27132
27132	2412	26051
27132	2412	28518
0	0	0
7105	471	2718
8099	471	2718
2572	457	2718
28994	2172	22106
28994	2172	22106
21960	2158	22106
0	0	0
1687	174	14642
21075	1875	34030
0	0	0
6231	177	2557
3783	271	6231
3783	414	6231
25619	1878	21945
23171	1972	25619
23171	2115	25619
0	0	0
1464	380	734
1464	283	734
20852	2353	20122
20852	1984	20122
0	0	0
13609	652	2721
2721	819	13609
2721	232	14702
32997	2353	22109
22109	2520	32997
22109	2199	34090
0	0	0
3055	21	7596
22443	1722	26984
0	0	0
10475	888	6359
6359	682	10475
8473	476	6359
29863	2589	25747
25747	2383	29863
27861	2177	25747
0	0	0
6389	1459	12502
25777	2764	31890
0	0	0
7819	271	2734
7819	414	5278
7819	271	5278
27207	1972	22122
27207	2115	24666
27207	1972	24666
0	0	0
9671	1133	13855
29059	2319	33243
0	0	0
1418	1487	5307
9819	213	1418
12967	1258	1418
20806	2145	24695
20806	2262	29207
32355	1904	20806
0	0	0
7075	102	7341
7341	177	9253
26463	1803	26729
26729	1878	28641
0	0	0
3624	211	1829
3624	211	5314
23012	1912	21217
23012	1912	24702
0	0	0
14123	70	7129
7129	447	13550
2302	218	7129
33511	1771	26517
26517	2148	32938
21690	1771	26517
0	0	0
4254	476	5286
4619	476	5286
10336	476	5286
25707	2177	24674
23642	2177	24674
26019	2177	24674
0	0	0
5077	1137	8681
5077	1137	5336
24465	2562	28069
24465	2562	24724
0	0	0
6329	271	6111
6329	414	6111
13201	343	6329
25717	1972	25499
25717	2115	25499
32589	2044	25717
0	0	0
4178	827	13385
4178	271	14489
14489	343	4178
23566	2528	32773
23566	1972	33877
33877	2044	23566
0	0	0
3666	426	6901
3666	831	12101
3666	831	14936
26289	2127	23054
31489	2301	23054
34324	2301	23054
0	0	0
8247	476	4433
8247	1244	12170
8247	271	5391
27635	2177	23821
27635	2528	31558
27635	1972	24779
0	0	0
7098	414	5231
7098	476	8529
7098	1148	14287
26486	2115	24619
26486	2177	27917
26486	2528	33675
0	0	0
116	1557	14429
13430	908	116
19504	2291	33817
19504	2127	32818
0	0	0
12661	652	9264
9264	819	12661
7828	413	9264
32049	2353	28652
28652	2520	32049
28652	2528	20268
0	0	0
0	0	0
9332	476	4585
13148	699	9332
9332	271	9695
28720	2177	23973
32536	2400	28720
28720	1972	29083
0	0	0
4951	471	4279
4951	590	14805
14805	533	4951
24339	2172	23667
24339	2291	34193
34193	2234	24339
0	0	0
7486	118	5499
7486	34	8528
26874	1819	24887
26874	1735	27916
0	0	0
3240	979	13231
3240	1553	1875
3240	42	3200
22628	2510	32619
22628	2528	21263
22628	1743	26180
0	0	0
4807	609	9843
9843	569	4807
4267	471	9843
24195	2172	29231
29231	2270	24195
23655	2172	29231
0	0	0
3287	1441	6777
3287	1567	5969
22675	1789	26165
22675	1760	25357
0	0	0
5147	1244	4950
9319	1591	4950
7202	1244	4950
24535	2528	24338
28707	2307	24338
26590	2528	24338
0	0	0
94	260	1715
94	471	5182
5182	244	94
19482	1961	21103
19482	2172	24570
24570	1945	19482
0	0	0
184	1137	13445
184	1137	13837
184	1137	14257
19572	2562	32833
19572	2562	33225
19572	2562	33645
0	0	0
200	529	8462
2463	827	200
2463	808	200
19588	2230	27850
21851	2528	19588
21851	2509	19588
0	0	0
6845	373	7702
6845	373	14508
26233	2074	27090
26233	2074	33896
0	0	0
4139	271	8800
9366	271	8800
8800	177	7590
23527	1972	28188
28754	1972	28188
28188	1878	26978
0	0	0
30	476	14981
30	271	9617
30	476	4436
19418	2177	34369
19418	1972	29005
19418	2177	23824
0	0	0
3499	769	12887
3499	769	12160
32275	2470	22887
31548	2470	22887
0	0	0
14352	271	8935
8935	343	1776
8935	343	4417
33740	1972	28323
28323	2044	21164
28323	2044	23805
0	0	0
3134	994	3191
5982	177	3134
13147	177	3134
22522	2206	22579
25370	1878	22522
32535	1878	22522
0	0	0
10151	5	7337
13351	147	7337
7337	147	14567
29539	1706	26725
32739	1848	26725
26725	1848	33955
0	0	0
1631	472	9930
21019	2173	29318
0	0	0
1293	538	4760
1293	538	6948
20681	2239	20526
20681	2239	26336
0	0	0
12109	192	7177
7177	756	12109
7177	756	1886
31497	1893	26565
26565	2457	31497
26565	2457	21274
0	0	0
8169	1448	6615
8169	1646	7317
27557	1760	26003
27557	2021	26827
0	0	0
6098	271	3559
6098	271	14802
6098	271	6111
25486	1972	22947
25486	1972	34190
25486	1972	25499
0	0	0
10323	21	14397
29711	1722	33785
0	0	0
13703	271	5718
9745	326	5718
5718	114	9745
33091	1972	25106
29133	2027	25106
25106	1815	29133
0	0	0
3773	440	6107
3773	463	6842
14543	819	3773
23161	2141	25495
23161	2164	26230
33931	2520	23161
0	0	0
6843	512	1674
1674	395	6843
1674	395	10155
26231	2213	21062
21062	2096	26231
21062	2096	29543
0	0	0
5059	271	4679
5059	271	12526
24447	1972	24067
24447	1972	31914
0	0	0
12190	8	84
6655	554	84
3854	554	84
31578	1709	19472
26043	1709	19472
23242	2255	19472
0	0	0
12535	59	1450
14882	59	1450
7072	59	1450
31923	1760	20838
34270	1760	20838
25836	1760	20838
0	0	0
6117	618	12349
12349	870	6117
6117	173	12349
25505	2319	31737
31737	2571	25505
25505	1874	31737
0	0	0
2508	476	7990
7990	1167	2508
7627	476	7990
21006	2177	27378
27378	2044	21006
19775	2177	27378
0	0	0
9819	27	5307
6211	1280	9819
9819	213	1418
29207	1728	24695
26944	2172	29207
20806	2262	29207
0	0	0
4226	244	5995
4226	260	12247
4226	59	7840
23614	1945	25383
23614	1961	31635
23614	1760	27228
0	0	0
13061	634	4475
3975	634	4475
6080	634	4475
32449	2335	23863
23363	2335	23863
25468	2335	23863
0	0	0
2122	388	4152
21510	2089	23540
0	0	0
6846	79	829
6846	652	829
829	533	6846
26234	2335	20217
26234	2353	20217
20217	2234	26234
0	0	0
2092	317	273
21480	2018	19661
0	0	0
9313	590	3668
3668	463	13230
3668	21	14397
28701	2353	23056
23056	2164	32618
23056	1722	33785
0	0	0
8350	623	2390
2390	198	8350
12098	198	2390
27738	2324	21778
21778	1899	27738
31486	1899	21778
0	0	0
6912	756	4242
4242	107	6912
7569	331	6912
26300	2457	23630
23630	1808	26300
26957	2032	26300
0	0	0
5919	414	9761
5919	476	4585
25307	2115	29149
25307	2177	23973
0	0	0
13802	677	563
33190	2378	19951
0	0	0
2379	476	5443
2379	271	4309
2379	494	4309
21767	2177	24831
21767	1972	23697
23697	2044	21767
0	0	0
8720	271	3559
8683	271	3559
1947	271	3559
28108	1972	22947
28071	1972	22947
21335	1972	22947
0	0	0
3555	27	6998
6523	46	6998
6998	21	5371
22943	1728	26386
26386	2528	25911
26386	1722	24759
0	0	0
6212	463	4219
6212	463	6842
25600	2164	23607
25600	2164	26230
0	0	0
6367	271	7891
6367	271	3407
6367	271	8404
25755	1972	27279
25755	1972	22795
25755	1972	27792
0	0	0
9735	1405	13713
14678	727	9735
9735	819	657
29123	1756	33101
34066	2428	29123
29123	2137	20045
0	0	0
274	815	7959
9855	386	274
274	815	6812
26091	2382	19662
29243	2087	19662
26091	2382	19662
0	0	0
9222	810	8799
9222	810	2265
9222	810	7348
28610	2511	28187
28610	2511	28187
28610	2511	28187
0	0	0
8130	317	7044
8130	819	2166
2166	652	8130
27518	2018	26432
27518	2520	21554
21554	2353	27518
0	0	0
1710	750	6471
1710	79	14418
1710	652	5770
21098	2451	25859
21098	2335	33806
21098	2353	25158
0	0	0
4032	1646	3401
14951	1137	4032
13994	1137	4032
23420	2764	25994
34339	2562	23420
33382	2562	23420
0	0	0
2530	606	12537
2530	838	14190
14190	33	2530
21918	2307	31925
21918	2539	33578
33578	1734	21918
0	0	0
12157	343	9995
9995	476	5443
9995	271	6678
31545	2044	29383
29383	2177	24831
29383	1972	26066
0	0	0
7706	538	790
4270	538	790
3745	745	790
20178	2239	28757
23658	2239	20178
23133	2446	20178
0	0	0
5373	271	5381
5373	271	7891
5373	1244	8905
24761	1972	24769
24761	1972	27279
24761	2528	28293
0	0	0
5544	652	14651
5544	819	2702
6424	819	5544
24932	2353	34039
25812	2520	24932
25812	2520	24932
0	0	0
12727	34	3581
2185	34	3581
4877	34	3581
32115	2509	22969
21423	2528	22969
21423	2528	22969
0	0	0
1611	471	5835
1611	463	6842
1611	819	12227
20999	2172	25223
20999	2164	26230
20999	2520	31615
0	0	0
1069	819	14513
14513	652	1069
1069	819	6588
20457	2520	33901
33901	2353	20457
20457	2520	25976
0	0	0
14982	925	9513
14982	927	9513
9513	1137	3896
28901	2377	34370
34370	1853	28901
28901	2562	23284
0	0	0
885	189	7306
885	189	1875
885	189	3995
20273	1890	26694
20273	1890	21263
20273	1890	27720
0	0	0
4647	603	6734
6734	104	13598
6734	104	6172
24035	2304	26122
26122	1805	32986
26122	1805	25560
0	0	0
2811	1324	3515
2811	1324	5081
2811	1324	1506
22199	2581	22903
22199	2581	24469
22199	2581	24469
0	0	0
4295	867	3345
3345	34	13174
437	255	3345
23683	1956	22733
22733	1735	32562
19825	1956	22733
0	0	0
13092	244	2434
2434	471	13092
2434	260	12247
32480	1945	21822
21822	2172	32480
21822	1961	31635
0	0	0
2581	722	14145
2581	482	13214
13214	855	2581
21969	2423	33533
21969	2183	32602
32602	2556	21969
0	0	0
3908	805	4501
4501	429	3908
3908	838	4501
23296	2506	23889
23889	2130	23296
23296	2539	23889
0	0	0
463	271	7659
463	494	12485
13201	343	463
19851	1972	27047
19851	2195	31873
32589	2044	19851
0	0	0
8309	271	5207
14126	271	5207
24595	2044	27697
33514	1972	24595
0	0	0
3898	271	6843
3898	476	7990
23286	1972	26231
23286	2177	27378
0	0	0
7202	271	6164
9410	271	6164
6164	343	13890
26590	1972	25552
28798	1972	25552
25552	2044	33278
0	0	0
5352	463	4219
13670	819	5352
5352	652	13670
24740	2164	23607
33058	2520	24740
24740	2353	33058
0	0	0
8039	973	14631
14631	1200	8039
3352	1137	8039
27427	1816	34019
34019	1872	27427
22740	2562	27427
0	0	0
2233	634	9368
2233	819	9368
9368	590	2233
21621	2335	28756
21621	2520	28756
28756	2291	21621
0	0	0
14668	270	1399
1399	845	14668
4672	114	1399
34056	1971	20787
20787	2546	34056
24060	1815	20787
0	0	0
10250	317	1607
10250	819	5531
5531	652	10250
29638	2018	20995
29638	2520	24919
24919	2353	29638
0	0	0
750	114	9841
750	114	4023
6829	521	750
20138	1815	29229
20138	1815	23411
26217	2222	20138
0	0	0
4859	547	2691
13248	547	2691
2073	588	2691
24247	2248	22079
32636	2248	22079
24247	2248	22079
0	0	0
535	652	14648
14648	819	535
535	819	10164
19923	2353	34036
34036	2520	19923
19923	2520	29552
0	0	0
5623	499	12343
5623	580	12343
5623	264	8573
25011	2200	31731
25011	2281	31731
25011	1965	27961
0	0	0
3107	374	545
545	1519	12879
4362	374	545
22495	2172	19933
32267	2353	19933
23750	2075	19933
0	0	0
5048	271	2061
5048	271	8758
5048	476	12085
24436	1972	21449
24436	1972	28146
24436	2177	31473
0	0	0
7469	284	9019
7469	284	10000
7469	284	13653
26857	1985	28407
26857	1985	29388
26857	1985	33041
0	0	0
8124	413	13191
8124	22	13191
8124	78	8646
27512	2114	32579
32579	2528	27512
27512	1779	28034
0	0	0
12039	414	3434
12039	271	3434
1890	271	3434
31427	2115	22822
31427	1972	22822
21278	1972	22822
0	0	0
2281	183	2966
13606	819	2281
2281	652	13606
21669	1884	22354
32994	2520	21669
21669	2353	32994
0	0	0
6689	184	7803
6689	184	10455
6689	184	8558
26077	1885	27191
26077	1885	29843
26077	1885	27946
0	0	0
8837	590	7859
2966	358	8837
8837	199	8408
28225	2291	27247
28225	2528	22354
28225	1900	27796
0	0	0
4427	42	8174
8174	0	13787
13787	137	8174
23815	1743	27562
27562	1701	33175
33175	1838	27562
0	0	0
2518	498	923
2518	21	5371
2518	590	4671
21906	2199	20311
21906	1722	24759
21906	2291	24059
0	0	0
13729	986	6701
9908	388	6701
33117	2089	26089
29296	2089	26089
0	0	0
