240	104	5284
19628	1805	20250
19628	1805	32901
19628	1805	25615
19628	1805	24672
240	104	13513
7257	147	10017
26645	1848	22172
26645	1779	27198
7257	358	10017
2784	471	7257
26645	2059	29108
3421	538	18831
22809	2089	26626
33720	2446	22809
22809	2239	36462
22809	2239	34262
3421	388	7238
8811	827	9115
28199	2509	25761
28199	2528	28503
8811	882	2302
12110	538	8811
28199	2446	31498
10360	271	6200
29541	2115	25588
10153	414	6200
29748	1972	25588
24266	2589	25588
25588	1815	22412
10290	34	13231
29678	1722	24759
6464	46	10290
29678	2520	25852
29678	2089	32809
29678	2141	25287
1844	1244	1012
21232	2195	26541
26541	2044	21232
21232	1972	30630
21232	2177	28368
7153	343	1844
3683	271	4507
23071	1972	23895
23071	2177	24362
23071	1972	24966
23071	1972	30598
3683	271	11210
10457	231	5632
29845	1932	25020
5632	59	14449
25020	1760	34563
5632	42	9097
25020	1743	28485
9179	271	10654
28567	1972	30042
28567	2115	30943
28567	1972	22239
19477	2044	28567
28567	1972	26352
25061	1972	22589
32767	1972	22589
19756	2319	22589
25373	1803	22589
24268	1972	22589
5673	271	3201
6201	271	5292
25589	2291	32396
6201	414	5924
25589	1972	25312
25589	1972	24680
25589	1972	37729
14824	271	5201
34212	1972	24589
5201	114	16842
32775	1972	24589
20168	2115	24589
34212	2195	24589
6270	1543	1742
21053	2562	21130
23284	2291	21130
21130	2234	23284
14982	1137	1742
1665	1137	1742
8803	271	3947
28191	1972	31779
8803	414	12391
8106	707	8803
28191	1972	24008
27494	2842	28191
7903	888	404
13877	114	7903
33265	1815	27291
27291	2291	20237
29963	1776	27291
27291	2589	19792
328	357	3593
27757	2571	19716
19716	2058	23110
31824	2398	19716
7777	697	328
19716	2037	35486
11594	271	4465
30982	1972	23853
23853	1878	25645
32506	1803	23853
4465	331	18672
34374	1972	23853
2148	426	5655
25043	2127	21536
21536	2532	24931
20675	2301	21536
2148	831	1287
21536	2528	25172
3145	590	12891
22533	2018	19903
3145	652	12891
32279	2234	22533
12891	819	3145
3145	317	515
2312	810	7424
22296	2582	21700
21700	2511	33352
21700	2511	26255
2312	351	10676
30064	1966	21700
6644	271	8106
26032	2115	33990
26032	1972	21715
26032	2177	31433
26032	1972	27494
26032	1972	22589
8353	998	14508
27741	2509	26156
27741	2172	22502
29170	2520	27741
27741	2509	33896
27741	2353	29170
11056	905	1184
1184	708	717
33404	2147	20572
20572	2003	23047
1184	756	3133
650	815	1184
5652	34	13723
32648	2089	25040
5652	440	10389
13260	388	5652
25040	2141	29777
25040	2032	34393
6888	810	1062
27299	2901	26276
26276	2511	21640
6888	810	12975
26276	2511	20450
1750	1646	6888
1456	973	16483
20844	2234	31611
20844	2301	36616
1456	255	12441
1456	471	9174
20844	1900	21601
4422	343	5548
24936	2177	23810
24936	1972	32661
5548	494	13273
24936	1972	30122
5548	476	6442
686	756	14457
20074	2457	32619
33845	1808	20074
14457	107	686
20074	2457	33845
20074	2135	20074
2533	464	18160
12948	464	2533
21921	2297	32336
2533	672	7951
21921	2562	37470
21921	2373	27339
7542	652	6147
26930	2353	25535
7542	388	10067
26930	2089	29455
26930	2520	35744
26930	1848	35744
796	1024	18386
22370	1776	20184
2588	606	796
26786	2510	20184
29926	1776	20184
21982	2032	20184
7736	819	3761
19873	2018	23149
26366	1981	23149
3761	819	480
6978	280	3761
19868	2353	23149
6459	750	6342
25730	2296	30626
12309	750	6342
31361	2451	25730
6342	595	11238
6342	523	8714
8614	388	1087
31999	2291	28002
23688	1728	28002
28002	1722	24759
12611	590	8614
4300	27	8614
12948	672	7951
27339	2319	33544
7951	618	14156
32336	2373	27339
22041	2917	27339
27339	2319	28589
4319	634	1559
23707	2075	27260
4319	374	7872
23707	2528	29196
23707	2335	28126
23707	2335	20947
3181	552	4113
2423	621	4113
4113	750	17739
22569	2253	23501
23501	2426	34847
4113	688	3114
11974	502	5833
25221	2446	38122
5833	73	6211
5833	745	17017
6307	502	5833
25221	2446	31362
2091	388	4152
21479	2583	26172
21479	2089	19871
13364	817	2091
2091	388	483
2091	882	12217
2164	1291	2141
21529	2073	19558
2141	1137	3252
8988	1668	2141
21529	2570	22828
28376	2377	21529
7924	810	13394
27312	2511	32375
27312	2511	32782
27312	2511	33501
27312	2511	20450
7924	810	3999
1803	222	16034
21191	2583	20037
21191	2583	19871
1803	882	483
21191	1950	28703
21191	1923	35436
5641	815	2086
21474	2052	32844
10414	827	2086
13456	156	2086
21866	2528	21474
25753	1857	21474
3260	271	11345
22648	1972	31724
22648	2177	24831
14492	343	3260
3260	271	12336
22648	1972	24757
777	12	2026
29186	1939	20165
777	175	12993
27085	1939	20165
20165	1876	32381
33371	1840	20165
7475	271	8106
26863	1972	25312
26863	1972	22214
26863	1972	27494
26863	2177	24674
7475	476	5286
6599	320	10781
25987	2583	20453
25987	2089	26692
6599	388	7304
25987	1923	25611
25987	1884	32619
3977	1291	8318
23365	1853	27706
23365	2364	31830
3977	940	8318
3977	861	12442
23365	1735	26548
3235	171	15852
3235	807	1632
21020	2353	22623
31455	2426	22623
12067	725	3235
22623	1872	21776
1966	606	10511
14378	615	1966
21354	2307	27465
21354	2307	29899
28128	2316	21354
1966	606	10737
5338	494	8300
32234	1972	27688
24726	2195	27688
4422	102	8300
27688	1878	21107
1902	494	8300
9778	819	4092
32128	2353	29166
9778	652	13982
29166	2549	23480
29166	1900	33547
29166	2137	25380
9513	1137	3896
28269	2291	23284
3896	1479	935
23284	2291	21130
22945	2562	23284
23284	2127	20323
6335	831	12100
21405	2301	25723
25723	2127	31560
25723	2532	32764
6335	652	9138
2017	600	6335
6681	827	11118
26069	2402	30506
33741	1927	26069
14353	226	6681
6681	154	12717
32105	2916	26069
6068	590	13168
25456	2528	33111
17	652	6068
25456	2353	32556
30485	1915	25456
25456	2164	30485
11971	177	1796
14958	8	1796
21628	1878	21184
21184	1766	25854
21184	2939	24377
1125	177	1796
6538	471	10599
25926	1722	33785
6538	680	12644
25926	2234	32032
32032	2291	25926
32032	2403	25926
8551	819	3599
3599	831	15604
20699	1900	22987
22987	1900	27939
22987	2353	27939
24352	2353	22987
5316	547	2217
2217	292	13114
21605	1993	24700
32675	2234	21605
2217	152	13287
5722	443	2217
10277	429	2746
27188	1750	22134
22134	2130	30908
2746	821	9765
3738	33	2746
34046	1940	22134
14022	652	5453
33410	2353	24841
5453	998	14508
24841	2520	33410
24841	2172	22502
24841	2509	33896
21261	2353	22780
1873	652	3392
21261	2353	22427
3392	819	1873
1873	652	3039
21261	2335	20046
13650	854	4708
19434	1857	24096
33792	2380	24096
24096	2552	33038
24096	2390	24803
4708	1572	6706
2882	1646	8462
11936	1646	8462
22044	2552	27850
12487	1462	8462
2866	1646	8462
32543	2552	27850
11710	821	9145
28533	2516	32773
9145	49	10493
9145	815	13385
29881	1734	28533
2294	838	9145
9599	533	6651
31731	2044	26039
26039	1972	26231
6651	476	7990
26039	2195	31731
26039	2177	23736
7027	399	3391
7027	693	13268
26415	2394	32656
7027	506	7893
26415	2100	22779
26415	2207	19782
4769	388	14811
24059	2353	24157
24157	2089	34199
4769	533	4671
4769	579	7966
24157	2164	27779
8527	813	16183
30241	1722	27915
26117	2172	27915
8527	786	17160
6729	471	8527
21457	1722	27915
1680	819	764
20152	2291	21068
20152	2172	26826
21068	2234	20152
764	590	1680
2229	652	764
10029	820	822
3220	471	822
29018	2172	20210
31408	2075	20210
28749	2728	20210
22608	2310	20210
7504	733	13073
26892	2434	34380
26892	2089	31605
7504	261	13857
26892	2434	24709
26892	2434	20037
3847	638	8784
23235	2141	26832
23235	2032	22456
3847	331	12551
8784	407	3847
23235	1735	32619
7832	590	1596
20984	1972	30035
20984	1972	28465
1596	494	16125
1596	271	9077
33527	2044	20984
6766	414	5391
26154	2177	26325
26154	1972	28015
6766	271	7834
6766	476	13366
6766	271	13922
7772	819	8238
27626	2440	38595
2217	292	8238
26343	1899	27626
8238	652	7772
21605	1993	27626
8303	88	4557
27691	1737	23945
4557	42	12198
23945	1789	27691
23945	1743	31586
27691	1789	23945
9172	634	18260
28560	1721	26567
28560	2335	34789
28560	2089	33744
9172	827	14557
28560	2021	28029
9341	37	1662
21050	2043	28501
28729	1738	21050
1662	406	17251
31179	2280	21050
21050	2043	20166
8614	388	1087
21583	2089	20475
20475	2141	29318
29678	2089	20475
20475	2032	38560
13401	388	1087
1837	244	968
1837	170	8643
21225	1760	25573
28031	1820	21225
21225	1961	31661
20356	2172	21225
5938	1282	8847
25326	1702	26621
12725	861	5938
5938	986	7233
5938	1646	8462
5938	1282	13231
7077	463	12140
26465	2335	25459
6074	634	7077
22952	2135	26465
25462	2335	26465
7077	652	11051
8735	606	9808
25062	2333	29196
20315	2192	29196
20693	2359	29196
28280	2307	29196
31557	2074	29196
12289	622	3690
32866	2323	23078
3690	42	13453
23078	2172	31677
3690	471	13478
20176	2323	23078
5922	652	3989
23377	1899	24178
1861	198	3989
30603	2520	23377
3989	482	3905
23377	1899	21249
3259	523	13351
22647	2426	21387
22647	2024	32739
3259	725	3127
22647	2024	22391
22647	2426	31361
12920	381	7114
7114	1135	15778
28773	2082	26502
26502	2300	29754
26502	1898	31910
7114	1462	8462
11866	59	7840
7840	163	1450
31867	1760	27228
7840	606	14084
19488	1760	27228
12283	59	7840
129	1646	46
19517	2021	30880
19517	1760	21777
19517	2528	30880
129	1646	14113
129	1646	8462
10188	1475	9651
29576	1898	35284
10188	1108	18268
29576	2377	19615
29576	2300	35702
29039	2377	29576
10054	289	10329
24452	2520	29717
10329	667	12541
299	76	10329
10329	462	12966
10329	652	5064
6999	1137	16350
26387	2562	37665
14720	1291	6999
26387	2161	23475
26387	2307	26548
6999	1424	3687
5168	59	2785
24556	1760	20838
24556	1743	23980
24556	1944	20560
24556	1760	22173
5168	42	4592
14776	440	4242
23630	1924	34164
26300	2457	23630
34164	2141	23630
4242	107	6912
8697	323	4242
5993	188	685
28276	1889	20073
7106	1677	685
33544	1828	20073
26494	1898	20073
685	173	9201
9022	198	11718
11718	198	9022
31351	2818	28410
28410	2401	31351
31106	1899	28410
9022	700	11963
4144	700	12844
23532	1842	26678
23532	1889	38005
4144	141	9066
12844	357	4144
23532	1842	32986
5590	471	16434
5590	533	14686
24978	2234	34074
33554	2520	24978
24978	2172	38719
14166	533	5590
5085	414	12313
24473	1972	22689
24473	1972	28145
24473	2177	26398
24473	2115	31701
5085	271	2327
6691	1270	2219
26079	2052	21607
29095	1821	21607
5001	758	2219
24326	2552	21607
2219	810	13372
906	78	14524
20294	2178	20268
906	477	880
20294	2159	33793
20294	1779	33912
906	458	14405
801	533	4736
801	831	1045
20433	1900	20189
20189	2353	23289
23289	2520	20189
20189	2137	25380
8603	271	4728
27991	1972	31731
27991	2177	32754
27991	1972	23177
8603	476	13366
27991	1972	21145
4910	756	13657
24298	2016	38180
24298	2554	33045
33931	2528	24298
14543	827	4910
4910	756	13231
8697	323	1573
20656	2141	20961
165	189	1573
20273	1890	20961
20961	2100	19807
28179	1890	20961
8507	271	18727
27895	1972	23177
27895	1972	25056
8507	494	1757
27895	2528	34066
27895	1972	32646
5821	815	13913
25209	2360	26087
5821	659	15961
24567	2511	25209
25209	2360	38095
25209	2516	33301
3496	271	1669
22884	1972	25210
22884	2177	24831
22884	1972	31724
22884	1972	31442
3496	271	12054
787	135	14707
23960	1719	20175
20175	1722	20331
4572	18	787
34095	1956	20175
34278	2419	20175
5001	758	2219
24389	2511	29095
9707	779	5001
24389	1857	24326
5001	156	10439
29095	2480	24389
688	388	18118
20076	1747	29253
33214	2353	20076
9865	819	688
20076	2528	19588
20076	1722	33785
3961	456	14124
12780	177	3961
32168	1878	23349
23349	2041	22930
9037	177	3961
29806	1878	23349
3156	984	4243
29514	2426	22544
3156	1422	5846
10126	725	3156
3156	1422	405
3156	1422	5841
10538	606	9904
29113	2528	29292
28918	2021	29292
14836	1148	9904
1157	606	9904
9725	1148	9904
3828	339	1769
3828	170	2862
23216	1760	33837
3828	119	5246
23216	2323	22381
22381	2172	23216
3640	24	18546
23028	2206	23667
3640	340	3542
23028	2041	22930
3640	670	18546
3640	520	18930
10254	652	415
19803	2520	29642
10254	831	8049
29642	2532	35355
415	831	10254
29642	2127	31488
9521	652	2373
21761	2089	22750
2373	388	3362
2373	634	4832
21761	2164	24220
21761	2353	33660
5266	331	7733
24654	1878	30698
26572	1972	24654
13795	271	5266
7184	494	5266
33183	1972	24654
4139	271	9528
23527	1972	28916
23527	1972	32987
23527	2115	28188
23527	2528	32302
23527	2177	24362
20657	2177	24734
2936	395	5346
24734	1803	27373
24734	1803	23867
5346	682	1368
24734	1803	30943
7530	271	11555
26918	1972	33265
26918	2528	22584
7530	494	13877
26918	1972	22689
26918	1972	30943
13369	910	3136
22524	2460	32757
32757	2382	22524
13496	910	3136
3136	211	2023
22524	2460	32884
4673	1244	13925
24061	1972	22689
4673	395	12343
24061	2177	32754
24061	2115	31731
29096	2319	24061
6460	177	1037
20425	2206	26182
20425	2196	26978
7590	520	1037
20425	2041	21141
14426	177	1037
2920	364	1781
22308	2364	29771
22308	2364	29495
2920	663	10107
2920	663	10383
28621	1945	22308
770	299	1711
21099	2175	25364
21099	2147	26052
1711	435	770
29411	2404	21099
20578	2175	21099
10040	75	10743
29428	1803	21675
10040	447	15176
14768	888	10040
29428	2307	20324
34156	2589	29428
6621	866	4126
26009	1848	21168
7482	652	6621
26009	1722	33914
6621	147	1780
33138	2291	26009
11923	1567	2785
21052	1760	22173
5168	59	2785
22173	1874	21777
31915	1760	22173
2785	173	2389
12161	1127	4996
24384	2382	22408
24384	2147	23719
24643	2100	24384
9455	1011	4996
4996	1127	7802
13245	126	8724
32196	1827	28112
28112	2141	33045
8724	218	2766
8724	70	13550
8724	440	13657
5222	271	10143
29531	2044	28954
24402	2195	29531
11413	494	10143
29531	1878	33306
14605	271	10143
8762	271	9759
28150	1972	29147
28150	1972	24601
20472	2044	28150
28150	2177	33527
8762	494	5213
12178	977	1878
7160	707	1878
21266	2457	31228
29331	2528	21266
9657	156	1878
29652	1815	21266
1353	271	12526
22122	2044	20741
1353	494	2734
20741	1972	31914
20741	2177	25607
20741	2195	22122
14243	426	7598
26986	2127	33631
7598	831	12911
33631	2127	26986
26986	2532	32299
7598	426	14243
7509	101	10221
26897	1802	21165
7509	101	1843
10221	101	7509
21165	1802	26897
29609	1802	26897
14147	126	10341
10341	70	13550
33535	1827	29729
23288	2089	29729
24925	2434	29729
29729	1771	32938
10382	494	13585
33477	2044	29770
29770	2115	35009
29770	2528	26548
14089	343	10382
32973	2044	29770
8085	494	3034
22422	1878	30698
33183	2115	22422
13795	271	3034
3034	331	17008
30372	1972	22422
2956	471	3354
32133	2172	22742
22742	1735	32619
12745	471	3354
3354	760	9202
26266	1709	22742
7469	739	6744
28750	2440	26132
26132	2393	28407
6744	411	17077
26857	2440	26132
26132	2112	37906
10191	494	3424
29579	1972	33088
29579	1972	28289
29579	2115	23574
10191	271	8901
22812	2044	29579
8666	271	8790
28054	1972	36069
8666	476	13415
28054	2177	32803
22098	2044	28054
8666	1244	13433
280	351	4536
19668	2052	20450
280	810	1402
20790	1872	19668
19668	2052	23924
19668	2052	23926
9386	272	10018
28774	2164	20242
6297	27	9386
10018	819	9386
9386	463	854
25685	1728	28774
5910	271	14535
25298	1972	33923
25298	1972	22122
25298	2528	31659
5910	414	2310
25298	1972	27456
9893	413	3009
33547	2264	22397
3009	590	14159
22397	2172	25380
3009	471	4803
33370	2353	22397
5442	533	13076
24830	2589	29850
24830	2234	32464
32464	2291	24830
24830	2589	20937
5442	590	924
11393	476	724
23717	2177	20112
724	75	10961
25768	2177	20112
24602	2177	20112
20737	2177	20112
5702	523	15286
25090	2426	36863
25090	2253	32023
5702	725	17575
5702	323	4711
5702	552	12635
3647	271	16343
23035	1972	30486
3647	271	13400
23035	1972	37954
32788	2213	23035
22979	2044	23035
7160	707	4045
33319	2516	23433
13931	435	4045
31828	2016	23433
4045	1341	16922
22641	2408	23433
8106	707	9812
29200	2177	27917
29200	2115	27494
9812	1148	16677
29200	2195	27494
27494	2044	29200
27939	2509	26437
7609	809	7049
31557	2074	26437
8480	606	7049
4248	1148	7049
12169	373	7049
25028	2398	31929
32675	2436	25028
10956	104	5640
24193	1842	25028
25028	1980	28377
4650	547	5640
8909	1148	10737
28297	1972	32007
28297	2021	24486
8909	271	12619
28297	1972	31959
31959	2213	28297
9181	271	9528
28569	1972	27884
28569	1972	24060
9181	476	6891
9181	271	7891
28569	2528	35415
6427	652	221
19609	1900	29271
19609	2532	27851
8463	199	221
19609	1956	31053
27851	1900	19609
2852	1454	9404
22240	2562	33288
22240	2377	27706
2852	861	12442
2852	861	14262
22240	1735	26548
4858	351	650
650	810	12736
23468	2158	20038
20038	1857	33041
14061	756	650
20038	2511	32289
2478	271	2287
26848	2371	21675
21866	1972	21675
12846	271	2287
19977	2291	21675
29428	1803	21675
1890	476	11995
31383	1758	21278
21278	1972	33296
1890	1244	7623
21278	1972	22822
21278	1972	35467
6820	271	6661
26208	1972	27279
26208	1972	32700
6820	494	7891
26208	2115	37044
27279	2044	26208
8568	271	9441
27956	2115	23585
8568	476	13527
27956	1972	21481
27956	2528	30092
8568	827	2739
9131	817	9453
28519	2518	25241
28841	1923	28519
28519	2518	28841
28519	2089	34265
23050	1923	28519
632	618	19160
20020	2319	37330
5329	271	632
20020	1878	27449
31814	1972	20020
632	177	8061
13301	533	8366
32689	2234	27754
26965	2520	27754
34055	2335	27754
7577	652	8366
8366	463	10526
8164	819	18804
25974	2440	27552
6295	936	8164
27552	2520	36944
25683	2440	27552
6586	739	8164
7592	756	18582
26980	2457	28293
24048	1809	26980
4660	108	7592
7822	331	7592
9893	174	7592
14554	1137	5021
25834	2562	24409
33942	2562	24409
5021	1654	10564
30408	2562	24409
6446	1137	5021
14854	463	7127
7127	21	5371
29734	2164	26515
26515	2509	32619
7127	652	1698
21086	2520	26515
10179	1244	13925
29567	1972	22761
29567	2115	21449
10179	271	12863
29567	1972	24505
29567	1972	32251
9915	604	7273
29303	1805	27025
29303	2305	26661
9915	762	9231
29303	2463	28619
29303	1805	19410
6094	78	7441
23891	2052	26829
26829	2511	32760
26829	1857	28407
7441	810	14650
28407	2052	26829
1498	21	15279
20886	1722	36736
20886	2164	34773
20886	2528	34378
1498	463	18449
1498	374	15279
6967	222	14822
34210	2518	26355
26355	2509	25065
31286	2239	26355
26355	1923	34210
26355	2446	33802
7503	370	6697
6697	244	2366
21754	2172	26085
26085	2140	29516
6697	439	10128
26085	1961	29197
10831	817	10110
29498	2239	21489
10110	538	2101
29498	2528	22391
29498	2239	23465
30219	2518	29498
14268	791	6388
12159	745	6388
25776	2398	29641
31547	2203	25776
25776	2305	26661
25776	2463	33656
7691	102	17452
27079	1803	36460
926	476	7691
30952	2096	27079
27079	1803	29085
27079	1803	33990
9233	244	2920
9233	42	4592
22308	2172	28621
28621	2040	29495
9233	260	10383
28621	2140	35193
27007	1910	25162
10560	482	5774
5774	599	5550
5774	1348	5774
13121	482	5774
25162	2062	24363
9318	59	5376
24764	1874	21777
24764	1864	27886
8269	59	5376
5376	34	13231
28706	1760	24764
8740	615	8719
8719	889	1896
28128	2316	28107
28107	2307	32302
8719	606	9867
33766	2316	28107
7346	463	8486
27874	2520	25408
8486	34	13231
27874	1837	30090
6626	652	8486
33174	2234	27874
9839	533	6642
29227	2234	26030
29227	2089	32051
29227	2291	27034
29227	2172	20045
9839	388	12663
29064	2018	26975
7587	199	9719
9676	317	7587
33938	2353	26975
26975	1900	29107
27677	2018	26975
7398	414	8406
26849	2127	26786
26786	1972	27794
7461	1479	7398
7398	1148	4188
26786	2177	30742
1274	414	7231
26619	1878	26623
31383	1803	26619
14563	271	7231
24627	1972	26619
1274	271	7231
4359	271	9249
32301	2044	23747
23747	2177	28368
23747	1972	21189
23747	1972	28637
4359	476	8980
2641	494	13700
29661	2044	22029
33088	2044	22029
22029	2021	31458
22029	2177	29138
13700	343	2641
8766	271	11943
28154	1972	21145
28154	1972	22689
28154	1972	31331
8766	494	1757
8766	271	13922
5779	366	5527
34115	2528	24915
24915	1779	23196
14727	366	5527
27265	2509	24915
5527	22	18341
4347	426	1831
23735	1872	34161
4347	831	3476
21875	2301	23735
34161	2301	23735
14773	600	4347
4612	393	2000
24000	1961	28346
31665	2094	24000
4612	364	12277
4612	59	3331
4612	59	18593
2191	183	7584
21579	2164	22126
4606	634	2191
14954	819	2191
23353	2335	21579
21579	2089	32051
3557	940	10481
29869	2562	32827
29869	2562	33988
21798	2377	29869
29869	1735	29952
29869	2073	24819
2515	388	14811
21903	2164	28655
30320	2291	21903
21903	2089	34199
2515	374	454
21903	2335	32941
3927	558	14573
14524	815	3927
23315	2915	29743
29305	2503	23315
23315	2179	27772
23315	2259	29305
501	1148	6178
27474	2457	25566
33084	1893	25566
8086	457	6178
6178	742	3376
25376	2528	25566
3284	79	6524
22672	2510	26524
22672	1884	32208
22672	2528	29766
12516	111	3284
22672	2510	34066
1177	361	1376
10934	51	1376
23912	2140	20764
22207	1752	20764
2161	88	1376
33427	1752	20764
6678	343	6273
24831	2044	25661
25661	1972	26947
25661	2177	24831
26066	2044	25661
6273	476	5443
5000	357	13454
30924	2423	24388
5000	1576	5198
5000	173	5198
34184	2150	24388
7677	188	5000
4496	388	7816
27204	1919	25758
20336	2559	27204
7816	218	6370
29817	2089	27204
23884	2089	27204
4302	300	80
4845	255	4302
25280	2568	23690
23099	2568	23690
23690	1927	24270
7969	255	4302
908	173	5000
20296	2319	24586
20296	1874	24388
13454	697	908
32842	2398	20296
908	618	5198
2915	708	15395
22303	2058	29185
2915	357	10913
34016	2520	22303
22303	2058	32341
22303	2058	34065
11311	21	2499
21887	1719	36134
2499	18	16037
21887	2514	38751
30699	1722	21887
28072	1722	21887
6518	364	12662
25906	1961	29197
6518	393	7213
25906	2212	32713
6518	59	6410
25906	1743	26180
2437	745	3575
21833	2446	22963
3575	745	13078
3575	538	1609
22963	2239	21825
22963	2446	20012
6636	271	13908
26024	2177	21547
26024	2115	30620
26024	1972	36201
26024	1972	33296
6636	271	18045
283	506	8534
26741	2147	19671
283	756	5090
33441	2509	19671
19671	2382	27922
5233	1052	283
8067	888	12385
27455	2172	34558
8067	471	15940
27455	2589	20811
23973	2383	27455
8067	888	4585
6271	1692	665
29008	2446	25659
31928	2446	25659
32318	2446	25659
12540	1367	6271
6271	1570	9164
2124	260	9169
9169	36	16540
8560	590	9169
9169	590	7982
21512	1961	28557
28557	2291	27370
13334	141	5728
13891	575	5728
28398	1842	25116
25116	2081	30635
33279	2276	25116
22010	2276	25116
320	725	8700
19708	2426	34419
28088	1764	19708
19708	2426	36259
320	725	17939
320	725	15547
13656	1581	5634
25022	2172	27461
5634	374	8434
25022	2520	33044
33044	2353	25022
5634	819	13656
12961	388	6592
31587	2089	25980
32349	2089	25980
25980	1735	31659
6592	218	6668
25980	2032	31723
7118	255	1734
32352	1856	21122
1734	34	9775
12684	255	1734
26552	1956	21122
28405	1856	21122
7878	533	3628
23016	2528	33067
3628	320	19190
23016	2291	27266
27266	2234	23016
7878	819	3628
3453	177	5998
22841	1878	25386
25569	2115	22841
4870	414	3453
32915	1803	22841
22841	1815	27345
12307	807	4994
24382	2667	31408
24382	2353	31408
4994	652	12020
24382	2508	31695
14700	590	4994
6058	463	10237
14665	426	10237
33725	1915	29625
29625	2127	34053
29625	2520	29011
29625	1722	33785
4177	1148	9760
26357	2666	23565
4177	271	8496
23565	1972	26357
4177	476	4974
4177	271	11210
6589	1324	12284
25977	2581	25281
25977	2581	24377
6589	1324	12492
25977	2581	31880
25977	2528	33510
5571	498	3626
24959	2270	36471
24959	2199	23014
5571	569	15909
24959	2270	37308
24338	2350	24959
9886	538	18831
29274	2446	31788
29274	2446	35947
29274	2509	32302
29274	1884	32208
29274	2239	36462
1126	414	9961
20514	1972	31293
20514	2195	28157
1549	343	1126
20514	1972	25056
20514	1972	23040
8196	271	2060
27584	1972	26231
27584	2177	31606
27584	1972	21448
8196	271	6630
8196	271	4507
2183	819	8227
21571	2451	23246
2183	652	4051
27615	2291	21571
26602	2426	21571
21571	2451	31239
5990	1662	6777
1838	511	5990
21226	2364	25378
6012	231	5990
25400	1932	25378
5990	1441	10999
12158	533	5099
24487	2509	27916
5099	533	4862
12158	819	5099
5099	21	11340
5099	809	8528
7810	156	13963
31544	2052	27198
27198	1857	33351
7810	249	6323
32411	2052	27198
26645	1779	27198
14695	471	1466
34083	2172	20854
1466	59	5848
1466	244	14695
20854	1961	24151
20854	1945	34083
628	476	12045
20016	2234	24608
20016	2291	32346
20016	2177	32915
20016	1972	27279
13527	181	628
27917	2044	29535
20418	2177	27917
27917	2307	27916
27917	2307	27090
5033	476	8529
27917	1803	31662
6306	827	6748
25694	2528	26136
14499	426	6306
25694	2509	38560
25694	2434	26609
33887	2127	25694
3140	819	4899
21403	2053	24287
4899	998	7702
32879	1880	24287
4899	819	13873
4899	652	3140
6868	596	10859
26256	2172	34573
6868	464	14991
26256	2165	34379
10859	464	6868
26256	2189	34624
2049	255	4312
22797	1900	21437
11402	199	2049
2049	827	18861
21437	2021	35073
21437	2528	35073
3001	693	16806
20117	2175	22389
3001	703	8157
32380	2175	22389
3001	399	12992
22389	2175	27545
10180	21	14397
12723	46	10180
29568	2291	24157
29568	2528	20321
29568	1722	33785
29568	2234	32111
10033	476	8947
29421	2115	28145
29267	2234	29421
29421	2177	32754
29421	2177	26325
10033	271	2851
1034	445	9180
26572	1972	20422
20422	1878	33358
32284	1972	20422
1034	177	13970
12896	494	1034
14602	512	5618
33990	2213	25006
25006	1972	27494
25006	1972	21448
25006	2096	31433
5618	476	12045
1017	271	3301
20405	1972	22239
1017	271	1757
20405	1972	21145
20405	1972	22689
1017	1148	11329
1482	785	13146
20870	2123	22781
20870	2486	32534
1482	714	2827
1482	422	3393
20870	2415	22215
12045	343	315
19703	2195	22589
19703	2115	31989
315	414	12601
19703	2177	31433
19703	1972	22589
1189	34	13231
20684	2297	20577
20577	1735	32619
12296	464	1189
20577	2373	31151
31684	2165	20577
5847	807	9576
25235	2141	26832
13381	819	5847
25235	2353	32769
5847	471	10029
32769	2520	25235
12722	79	9226
33913	2335	28614
28614	2335	33806
27660	2520	28614
9226	652	8272
8583	634	9226
7009	271	11555
30943	2044	26397
26397	1972	26235
26397	1972	31742
7009	271	12354
7009	494	11555
6705	526	7337
33955	2381	26093
25126	1848	26093
26093	2353	33955
6705	46	7337
26093	2520	22984
4400	211	1409
20797	2529	33945
13211	1447	1409
34178	1779	20797
14790	78	1409
20797	2555	32599
8000	533	117
19505	1972	24116
117	1244	13925
19505	1972	22619
117	271	4927
117	271	7565
3007	827	2787
23655	2389	22175
6638	34	2787
20238	2510	22175
2787	982	4810
26026	2528	22175
7625	388	6784
27013	2164	34145
27013	2353	19679
27013	2164	29536
27013	2089	26172
7625	463	10148
12226	652	2166
27518	2234	21554
21554	2234	31614
8130	819	2166
27518	2520	21554
31614	2291	21554
22344	2127	32237
2956	471	3354
2956	426	12849
22344	2528	37133
22344	1884	33111
2956	471	17522
8992	819	10148
20888	2353	28380
28380	2134	20335
28380	2509	32619
28380	2172	28673
9285	569	8992
11770	189	4907
4907	223	14397
33063	2528	24295
7960	440	4907
24521	2172	24295
22415	2457	24295
9211	652	10651
13321	819	9211
28599	2021	26548
28599	2089	34839
9211	388	16523
28599	2353	32709
14784	463	7497
26885	2528	34099
4888	652	7497
1953	819	7497
26885	2509	31601
26885	1722	20328
3651	1646	14113
34339	2562	23039
23039	1944	29952
3651	1646	13583
3651	1448	7383
14951	1137	3651
14940	652	6470
6470	609	12235
22003	2520	25858
25858	2234	34328
34328	2291	25858
2615	819	6470
10077	33	18850
29465	1734	36615
9706	805	10077
29465	2522	34132
29465	2506	36874
29465	2130	29094
6318	1244	6594
25706	1972	33928
30122	2044	25706
6318	1148	16440
6318	414	14540
25706	2177	25710
583	618	4957
7278	188	583
24878	2520	19971
31725	2520	19971
19971	2571	19971
26688	2398	19971
8427	1136	2301
21689	2016	35253
8601	1606	2301
2301	1606	6944
21689	2449	28252
27815	2586	21689
10345	271	11812
29733	1972	28015
29733	2195	32908
29733	1972	21715
10345	271	13520
10345	414	2327
1699	915	1654
21042	2172	29207
21042	2353	24104
1578	819	1654
21042	2353	20938
31275	1780	21042
2739	771	8386
27774	2457	31940
8386	756	13231
31567	2509	27774
27774	2513	23100
27244	2032	27774
2788	471	7239
26479	2020	26627
7239	818	10983
26627	2113	33162
29206	2020	26627
9818	319	7239
366	323	12170
19754	2426	28879
19754	2024	24249
30021	1723	19754
19754	2426	33166
10633	22	366
4336	819	549
24729	2520	23724
4336	590	11069
30457	2234	23724
4336	21	12854
20211	2520	23724
14810	1112	528
31463	1776	19916
528	140	16827
19916	2811	34198
19916	1841	36441
9980	331	528
10036	872	7556
26722	2520	29424
179	652	10036
29424	2520	19567
10036	346	12435
29424	1780	25860
6361	78	12851
25749	1779	32239
25749	1779	21411
6361	174	5526
25749	1875	24914
5526	646	6361
1947	271	14248
21335	2115	19394
21335	1972	19530
21335	1972	22947
1947	414	9761
21335	1972	28145
8373	104	5473
26703	2276	24861
30971	1805	24861
30183	1842	24861
20007	2248	24861
619	547	5473
7311	271	5668
26699	1972	23588
23040	2044	26699
26699	1972	23040
26699	1972	26231
26699	2195	23040
14902	271	6630
34290	2115	26018
23314	1972	26018
8154	414	6630
26018	1878	20425
27542	2115	26018
7867	600	8914
27255	2892	32207
23423	2520	27255
7867	293	12819
7867	652	4035
23423	2532	27255
9384	271	5369
28772	1972	33665
28772	1972	23901
28772	1972	25559
28772	1972	24757
9384	271	14277
10488	414	11812
30945	2044	29876
29876	2177	26325
10488	494	4954
29876	2115	31200
10488	414	11557
2621	910	13023
31056	2265	22009
22009	2382	32411
11668	564	2621
23416	2404	22009
22009	2382	28703
3601	494	7067
22989	1972	26455
14350	343	3601
22989	2528	29899
22989	2195	37776
22989	2021	29001
2453	756	290
31459	2141	19678
19678	1924	33063
13310	440	290
290	223	12882
12882	440	290
5889	170	13222
25277	1961	28933
13222	119	5889
25277	1820	36159
25277	2268	36384
5889	260	9545
5997	1148	2663
25385	2177	26325
25385	2195	30945
5997	414	13273
25385	2177	26398
25385	1972	30945
7227	810	14455
26615	1857	26548
7227	815	14887
7227	810	2262
7227	810	14524
26615	2511	33843
8024	819	1457
20845	2353	27412
8024	366	6768
27412	2353	34115
34115	2520	27412
8024	652	14727
8525	1646	10090
27913	2021	31659
21138	2127	27913
8525	1649	12556
27913	2528	31659
27913	2021	31723
9618	413	989
24738	2164	20377
29006	2352	20377
3796	463	989
29388	2135	20377
989	21	9618
6232	538	6656
34031	2239	25620
6232	701	5804
25620	1884	25192
14643	538	6232
26044	2446	25620
10277	821	7545
29665	2522	26933
23126	1940	29665
29665	2516	32773
10277	429	2746
12606	821	10277
8604	271	11377
28079	2044	27992
27992	1972	31742
27992	1972	30215
27992	2115	26724
8604	271	12354
4430	538	6948
23818	2239	26336
23818	2239	20336
23818	2446	20895
6577	745	4430
23818	2239	25965
6990	702	3964
26378	1722	24759
26378	2528	32619
6990	440	133
6990	680	3964
26378	2291	23352
3965	819	5441
32136	2164	24829
24829	2353	23353
5441	634	12748
24829	2335	35292
23353	2520	24829
9878	827	9130
19609	2509	28518
1703	968	9130
28518	2412	25182
28518	2412	27132
9130	711	13603
1645	271	11557
21033	2096	30945
21033	2096	33310
21033	2096	22689
1645	395	13922
6176	181	1645
6348	819	6700
25736	2381	26088
13484	680	6348
25736	2291	29139
6348	702	13484
25736	2509	25554
5649	271	1423
25037	2115	26076
25037	1972	20811
1229	343	5649
25037	1972	26076
5649	414	6688
6427	436	11013
27851	2264	25815
6427	652	221
19609	2234	25815
25815	2353	30963
14433	563	6427
9972	388	14920
29360	2089	34308
29360	2583	25404
29360	2089	32235
29360	2583	20426
10831	817	9972
3162	652	10822
13115	147	3162
33807	2353	22550
33760	2227	22550
22550	2164	23181
22550	1722	28161
6204	114	3737
25592	1878	27550
25592	1815	23125
20672	1972	25592
33192	1972	25592
13804	271	6204
5318	652	7885
27273	2291	37710
7885	21	5371
27273	1722	24759
7885	819	5318
27273	2353	37710
5682	1479	15398
33271	2562	25070
25070	2127	34893
13883	861	5682
5682	1646	7317
25070	2528	31458
13120	810	804
20192	2360	23929
21081	2511	20192
20192	2511	24723
19574	2511	20192
804	815	12914
10831	817	9102
30219	2518	28490
28490	2583	33130
9102	126	6016
9102	126	13742
28490	1923	30219
168	533	14798
19556	2234	34186
34186	2353	19556
19556	2509	33999
14798	652	168
19556	2520	34186
866	271	3889
20254	1972	27884
20254	2528	25442
866	271	13941
20254	1972	20701
20254	1972	28145
7614	271	1340
27002	1972	20728
33147	1972	20728
13759	271	1340
20728	1878	27306
24681	2096	20728
7050	326	12343
26438	2291	24266
26438	2589	31731
7050	590	4878
7159	75	7050
12343	114	7050
403	590	2233
19791	2353	24071
19791	2509	29196
0	652	403
403	652	14538
33926	2234	19791
8076	819	8204
27464	2520	23671
13661	819	8076
31856	2520	27464
8204	652	8076
25793	2544	27464
7488	810	5900
31388	2511	26876
23649	2511	26876
7488	815	12170
5614	810	7488
26876	2511	25288
5560	366	19352
33806	2353	24948
24948	2335	28698
14418	652	5560
24948	2164	25158
24948	2528	37516
8408	533	18792
25829	1703	27796
27796	2520	37001
8408	590	8180
28225	1900	27796
27568	2520	27796
5885	745	9292
25273	2239	32515
31983	2446	25273
5885	538	790
5885	745	4886
23459	2239	25273
6776	1455	4648
26164	2557	31760
26164	1752	24036
6776	1115	11990
6776	1233	12372
26164	2373	31378
2515	374	454
454	78	12285
19842	1779	27850
31015	2520	19842
19842	1779	24702
21903	2172	19842
9594	538	14874
28982	2446	33533
9594	745	14145
28982	2239	36462
28982	2239	34262
28982	2239	23107
7859	590	12412
28225	2353	27247
12412	533	7859
27247	2353	31800
31237	2363	27247
22831	2018	27247
2964	271	5924
4974	610	2964
22352	1972	23895
22352	2177	24362
22352	2096	25312
22352	1972	25312
661	271	12157
20049	2115	30656
20049	2195	31545
20049	1972	26455
661	476	5443
20049	1972	30433
7397	34	12895
26785	2032	37516
27322	2089	26785
26785	1735	32283
776	388	7397
7397	331	19352
2388	808	18405
21776	2520	26462
29048	2114	21776
287	413	2388
20370	1900	21776
21776	2530	21020
2104	476	4585
21492	1972	24009
21492	1972	31588
21492	1972	28916
21492	1972	30035
2104	271	12200
13905	426	6124
25512	2127	33293
3973	819	6124
25512	2509	26548
25512	2520	24093
24093	2353	25512
9147	652	3148
28535	1722	33785
22536	2234	28535
28535	1747	22536
34088	1747	28535
3148	533	9147
3762	231	16241
23150	1760	21995
3762	243	13231
20721	1961	23150
1333	260	3762
27708	1789	23150
8642	75	16230
28030	1776	20835
28030	1776	34668
8642	75	1447
28030	1776	29477
28030	1776	35852
2756	189	3025
22413	2390	25172
22688	1890	22413
22413	2552	27493
3025	1447	8105
6221	1244	3025
3929	494	14093
23317	1972	29251
33481	2311	23317
23317	2195	33481
23317	1972	33481
3929	414	14093
4207	745	14925
23595	2446	34313
23595	1705	33511
27667	2239	23595
28199	2446	23595
4207	4	14123
7050	533	10396
29784	2319	25561
29784	2291	26438
11360	75	10396
29784	2172	34558
10396	326	6173
8121	183	5804
33947	2114	27509
8121	175	14322
14559	413	8121
27509	2528	25065
27509	1722	28161
1892	858	524
21280	2583	34199
1892	538	11959
21280	2583	19912
1892	858	14811
21280	2239	34733
10685	271	7132
32823	1803	26520
26520	2044	38742
7132	343	16651
13771	271	7132
13435	102	7132
4747	454	10340
29728	2522	36033
9434	805	10340
31551	1750	29728
29728	1734	24135
10340	429	18116
7075	102	1371
26463	1803	26729
7075	343	6947
26463	1959	30898
26463	1803	37580
23492	2096	26463
754	141	6172
20142	1842	31715
20142	2398	25136
20142	1842	21620
754	697	12143
754	188	12844
13485	533	182
19570	2440	30402
19570	2291	32873
182	590	13485
182	533	10229
19570	2234	29617
5423	255	3855
25624	1900	24811
24811	2532	25624
5423	199	7517
5423	600	18042
24811	1900	26905
3963	1441	6777
24357	1789	26165
5194	1662	6777
6777	1441	8069
26165	1944	31756
3677	88	6777
7657	463	10687
10687	634	7657
27045	2520	38296
8870	634	7657
7657	652	17403
27045	2164	30075
5273	119	18043
9247	119	5273
5273	622	1245
24661	1743	22588
24661	1760	23178
24661	1961	32865
4501	838	10224
24588	1734	29612
5200	33	10224
29612	1750	35560
13917	454	10224
20089	1750	29612
2069	652	4355
26973	2164	23743
23743	2520	21457
2069	819	4355
21457	2353	23743
23743	1721	23763
5120	271	2734
27794	2044	24508
24508	1972	23721
5120	1148	12502
24508	1972	22122
24508	2021	31659
73	533	5562
19461	2520	24466
73	819	10217
19461	2164	29842
19461	2335	29578
24950	2291	19461
1995	819	2639
31798	2353	22027
21383	2520	22027
22027	2353	32307
2639	652	1995
2639	634	3727
3849	739	10253
23237	2440	29641
31572	1899	23237
23237	2520	33730
12184	198	3849
23237	1899	36559
3152	271	10647
22540	2096	27456
22540	1972	32532
3152	271	13144
22540	2177	25585
22540	1972	24966
1671	1373	8564
27952	1733	31547
33395	1805	27952
8564	292	5211
24847	1805	27952
14007	104	8564
10332	156	12271
29720	2516	23648
14623	659	10332
29720	2511	35625
10332	815	4260
29720	2511	34011
475	1646	8462
19863	2528	30880
13715	1137	475
32026	2562	19863
19863	2764	27859
19863	2021	30880
3029	126	10936
3029	701	12914
25488	2673	22417
33115	1923	22417
13727	222	3029
22417	2734	30324
11441	414	2094
30829	2115	21482
33043	1972	21482
28359	2096	21482
21465	2589	21482
11441	271	2094
8376	198	4271
27764	1899	20275
20567	1899	27764
8376	652	14599
33987	2520	27764
27764	2440	26879
5206	533	3277
24594	2234	22665
5206	634	12604
5206	471	2568
24594	2172	21956
27358	2234	24594
11471	600	8402
14401	848	8402
27790	1756	33789
27790	2532	30859
30859	2301	27790
27790	2127	24569
10459	1548	2162
2162	471	9408
21550	2172	29851
21550	2172	30102
21550	1743	25191
2162	260	2923
5569	8	334
23300	2353	24957
5569	750	13719
24957	2451	33107
24957	1709	30714
24957	1709	19722
5346	258	2062
21450	1972	34288
2062	271	3161
21450	2096	33184
2062	494	14900
21450	1972	22549
10453	46	2315
21960	2158	21703
173	457	2315
21703	2509	29318
2572	457	2315
2315	124	10453
5348	819	3406
25306	2353	22794
5918	652	3406
24736	2508	22794
22794	2335	24786
25868	2114	22794
918	439	5764
20306	2140	25152
9722	339	5764
6516	88	5764
918	260	5764
5764	231	18603
4563	882	3857
23951	2583	32235
23951	2583	23245
4563	817	3594
23951	2528	29255
23951	2518	22982
8126	271	6111
27514	1972	25499
27514	2115	31662
27514	1972	31701
8126	271	12274
27514	2528	25172
10120	1541	1396
29508	2172	25251
24028	2426	29508
20784	2353	29508
10120	1379	5863
13284	725	10120
5619	819	1945
33126	2353	25007
23188	2508	25007
5619	652	12655
25007	2508	23188
25007	1722	24759
3975	317	7044
23363	2021	33413
13061	652	3975
23363	2018	26432
23363	2234	32449
3975	634	7564
1296	34	13231
32907	2297	20684
1296	464	13519
20577	2165	20684
20684	2373	31151
20684	1735	32619
9474	538	9369
27446	2239	28862
14749	745	9474
12504	538	9474
24231	2239	28862
34137	2446	28862
6529	861	17514
25917	2562	35853
25917	2300	36573
6529	599	18613
25917	2562	37596
25917	2562	21790
691	156	10511
3400	211	691
20079	1857	29899
691	815	11660
22788	1912	20079
20079	1966	33790
7793	271	11943
27181	1972	31331
27181	1972	31731
7793	271	12005
7793	476	6176
27181	1972	31393
6794	815	1753
34131	2206	26182
20519	2206	26182
27699	2172	26182
34134	2206	26182
25015	2206	26182
9810	351	6652
26040	1759	24715
30866	1912	26040
6652	810	5931
6652	156	12895
29198	2052	26040
6911	285	4164
10538	880	4164
29926	2581	23552
25978	1972	23552
26299	2581	23552
23552	1878	31167
3343	388	6844
28898	2434	26232
21330	2559	26232
31536	1827	26232
26232	2032	32491
22731	2089	26232
12627	1108	2300
21688	2796	26394
21688	2470	20388
2925	672	2300
12627	1424	2300
29803	2373	21688
1175	634	1704
10041	819	1704
30241	2353	21092
20563	2335	21092
29429	2520	21092
11724	652	1704
8349	1291	10184
27737	1853	20663
27737	2562	28269
27737	1898	26771
10184	940	8349
29572	1853	27737
6579	271	12343
25967	1972	31731
25967	2177	24674
25967	2115	31506
6579	414	12118
25967	2115	31731
2027	816	5115
21415	2517	24503
2027	464	5084
2027	672	6680
21415	2297	34660
24472	2297	21415
4546	810	5931
23934	1857	34825
23934	1966	32638
13250	351	4546
23934	2511	33611
23934	1857	33945
739	804	4989
20127	2581	32140
739	880	6552
20127	2505	24377
20127	1878	21184
10468	610	739
5068	1448	18766
4776	1196	5068
24456	1760	21777
24164	1737	24456
24456	1789	24164
24456	1760	36896
6340	819	1236
25728	2520	20624
1236	463	5425
20624	2164	28603
28680	2446	20624
9934	819	1236
13203	1699	9144
20689	2264	28532
32591	2291	28532
12325	1095	9144
31713	2264	28532
28532	2234	32591
3070	395	1400
22458	2096	30035
3070	1148	9952
22458	2096	20788
22458	2115	28829
22458	2195	35006
1983	260	7694
1983	364	848
21371	1961	27082
21371	2140	21188
1983	439	1800
848	393	1983
8252	1047	16233
27640	1901	26526
27640	1833	36762
27640	1833	38147
27640	2319	32267
27640	2833	23576
6547	1437	18270
6547	1135	12044
25935	2562	31432
25935	2377	22202
25935	2373	20730
6547	1108	949
10371	413	10373
29759	2153	36134
29761	1722	29759
29759	2114	29761
10371	18	3492
10373	374	10371
5361	745	12869
24749	2446	32257
5361	882	10936
24749	2583	30324
24749	2402	32302
24749	1709	19472
4447	808	10899
23835	2089	23540
23835	1827	25404
23835	2509	25027
4447	126	6016
23835	2528	29318
5404	471	7663
21831	2172	27051
7663	569	633
24422	2158	27051
2256	471	7663
13417	471	7663
10088	22	19102
2523	436	10088
24919	2509	29476
10088	78	3639
29476	1927	23852
27609	2390	29476
8260	271	10734
27648	1972	27279
30122	2044	27648
8260	414	18254
27648	1972	25561
27648	2177	23736
3468	606	10511
33571	2938	22856
22856	2307	29899
12044	1448	3468
22503	1760	22856
1467	1448	3468
8059	494	2404
27447	1972	22589
8059	271	14633
27447	1972	24060
8059	476	670
27447	1972	34021
8165	1073	5635
5635	1441	12104
25023	2596	31492
20829	2239	25023
25023	1944	29952
8165	1372	5635
13833	156	4825
24213	2552	27850
33221	1857	24213
24213	2552	33221
4825	1447	13833
4825	1270	8462
9078	819	3232
27321	2335	22620
3232	317	1600
22620	2509	31452
22620	2291	28466
22620	2528	20309
6927	88	13697
26315	1760	20838
26315	1743	22588
26315	1789	33085
26315	1743	23980
33085	1932	26315
13709	271	7958
29275	1972	27346
33097	1972	27346
20544	2283	27346
9773	494	7958
26547	2581	27346
5641	815	2086
25029	2516	29058
25029	2516	20554
25029	1966	21551
5641	815	9670
5641	265	2163
306	271	7891
19694	1972	19394
19694	1972	28157
306	395	15698
19694	1972	26049
306	476	8512
191	494	8325
26392	1972	27713
27713	1878	23206
27713	2044	26819
10538	880	8325
2690	494	8325
8589	494	7036
20712	2222	26424
9949	271	7036
22747	1972	26424
26424	1878	25390
26553	1803	26424
14960	1385	4085
23473	2822	34348
4085	1257	2014
23473	2300	33820
4085	1031	14960
4539	1385	4085
7381	317	4895
26769	2353	36667
1546	725	7381
7381	652	17809
20934	2538	26769
26769	2528	33351
1156	519	484
31018	1803	19872
5911	271	484
25180	2115	19872
20544	2220	19872
12620	271	484
5421	271	9973
24809	1972	23328
24809	1972	20811
5421	271	14311
24809	1972	33636
24809	1972	33699
1265	340	12341
26623	2221	20653
22591	1878	20653
1265	1198	870
20653	2041	31729
20653	2196	26623
3478	1567	763
22866	1950	31944
22386	2596	22866
14416	1610	3478
3478	1649	12556
3478	1646	14113
7086	271	4757
22980	2115	24145
31374	1972	24145
4579	102	4757
23085	2195	24145
27054	2222	24145
5223	888	8757
28433	2302	24611
24611	2589	28145
24611	2291	22614
28145	1815	24611
78	75	5223
7182	1148	8824
28212	2420	31764
8824	506	1741
8824	506	8105
28212	2457	25172
8824	812	4282
11592	357	9802
29190	2398	35849
13032	482	9802
29190	2122	32420
9802	697	11592
29190	1889	20406
4976	339	4412
4976	170	14395
28169	2172	24364
33783	1820	24364
24364	2323	30831
14395	119	4976
3033	819	15284
22421	2234	36450
22421	2353	32253
12865	819	3033
3033	867	12635
22421	2568	32023
21464	1737	26557
2076	1196	7169
7169	1646	7317
7169	1441	12419
26557	1944	31458
26557	1944	26827
4205	872	2321
30046	2335	21709
2321	652	3549
10658	652	2321
27537	2335	21709
22937	2520	21709
3262	21	5371
22650	2508	29141
22650	2528	32619
9753	807	3262
22650	1722	24759
22650	2141	31598
1293	538	6948
23818	2239	26336
26336	2446	28999
2378	745	6948
14225	538	6948
26336	2446	24378
7300	575	3741
25880	1842	23129
6492	141	3741
10919	357	3741
26688	1842	23129
23129	1899	31449
3850	634	27
19415	2164	23238
19415	2089	28700
946	819	27
19415	2089	29755
19415	2353	20334
239	494	8757
19627	1972	30943
28145	2044	19627
239	1244	3196
19627	2177	26325
239	271	3231
843	183	12170
20231	1722	31750
6542	680	843
20231	2353	22978
21797	2426	20231
22978	2520	20231
12099	471	947
20989	2172	20335
20335	1782	29536
12611	433	947
21960	2158	20335
31999	2134	20335
9114	1403	4452
614	1403	9114
28502	2133	35474
28502	1875	22444
2606	1606	9114
9114	174	3056
5730	533	13522
32910	2291	25118
25118	2353	31763
5730	471	16145
31763	2164	25118
9486	463	5730
5638	1244	13925
25026	1972	31731
25026	2177	26325
5638	271	12343
5638	476	6937
25026	1972	28907
6100	126	10936
25488	2089	31605
3029	817	6100
6100	126	14357
25488	2089	33745
25488	1884	32302
8093	271	554
31758	1972	19942
19942	2044	35201
12370	271	554
19942	1878	25053
19942	2319	35313
5779	366	5527
5779	819	14500
25167	2528	35834
23384	2520	25167
25167	2172	22502
25167	2520	33888
8327	88	9554
24444	1789	28942
27178	1789	28942
28942	1789	27715
9554	36	5056
28942	1932	27178
7706	538	9369
28757	2239	37225
9369	183	10840
24400	2446	28757
23362	2446	28757
22031	2239	28757
14390	652	24
19412	2520	27673
24	590	3694
33778	2353	19412
19412	2291	29649
10261	533	24
12567	88	10383
28621	1961	29771
22308	2364	29771
10383	88	12554
29771	1935	24894
2920	663	10383
8160	1244	13115
27548	1972	24145
8160	271	4757
27548	2115	36800
27548	1972	26352
27548	2528	22363
800	271	12054
20188	1972	31442
20188	2195	21656
20188	1972	28495
21656	2044	20188
800	414	2226
4874	819	12700
24262	2164	21034
1646	634	4874
24262	2353	22223
22223	2234	24262
24262	2520	32088
9917	34	14195
29305	1735	33583
23315	2259	29305
29305	2503	23315
3927	558	9917
9917	606	1012
2512	745	5079
32125	2239	24467
24467	2570	27493
20012	2239	24467
33456	2446	24467
24467	2509	24338
5591	463	7127
24979	2353	26734
24979	2164	26515
24979	1722	24759
7346	819	5591
26734	2520	24979
3313	374	5186
27040	2172	24574
14927	471	5186
27444	2310	24574
22015	2350	24574
3804	374	5186
7663	27	4652
30320	2520	24040
27051	1728	24040
4652	21	5371
1514	401	4652
2256	819	4652
8242	869	8462
27630	2300	37381
8242	188	7619
27630	1889	27007
8242	861	19358
8242	141	13424
28634	2307	25192
25192	2135	19397
5804	649	13257
21789	1735	25192
5804	1237	2163
22238	2402	25192
4105	447	3859
25564	2148	23247
3859	815	1753
23493	2148	23247
20462	1710	23247
6176	447	3859
6222	986	18145
25610	2528	31458
25610	2089	35600
6222	1479	15356
25610	2528	26827
6222	1448	19230
112	271	7595
19500	1972	30042
19500	1972	32661
19500	2115	28015
112	414	8627
19500	1972	23177
4629	476	12218
24362	2044	24017
24017	2177	31606
4629	271	12343
24017	2115	26357
24017	1972	28015
380	59	4189
19768	1760	27886
27559	2127	19768
19768	1760	24321
8171	426	380
380	88	18223
1075	494	3201
20463	1972	20788
20058	2044	20463
1075	414	8237
20463	2195	22589
1075	476	670
7048	1462	9749
29137	1759	28392
14725	78	9749
20450	2467	29137
9884	78	9749
9749	58	9004
5481	440	13657
27141	2089	24869
31063	2434	24869
24869	2141	33045
11675	733	5481
7753	388	5481
293	271	4507
19681	1972	30943
19681	2115	29265
19681	2177	27917
293	271	9877
293	494	11555
28551	2446	26042
852	745	6654
7939	502	6654
2583	502	6654
27327	2203	26042
34229	1980	26042
3622	569	1408
20796	2075	23010
23010	1728	32190
3622	27	12802
11568	649	3622
23010	2270	20796
13240	395	5776
3390	476	5776
30380	2096	25164
20018	2177	25164
25454	2177	25164
25164	1803	25840
9964	579	118
29352	2528	19506
29352	2509	26136
9964	819	13971
33359	2353	29352
9964	688	118
9368	533	2233
23151	2164	21621
4947	634	2233
2233	819	13082
21621	2335	29610
34163	2335	21621
6738	439	5550
26126	1842	33309
26126	1889	27007
26126	1842	25560
26126	1842	27006
26126	1842	21620
6602	79	490
8631	133	6602
25990	2353	24652
25990	2520	33138
24652	2234	25990
25990	1780	19878
14240	42	8896
25933	2492	28284
8896	104	6172
28284	1805	25560
8896	791	3985
8896	697	4735
6545	791	8373
25933	2492	22007
10211	745	6545
25933	2203	26042
25933	2203	30939
25933	2492	31824
4809	343	1688
21076	2195	24080
21076	2528	31659
21076	1972	22055
21076	1972	24197
24080	2044	21076
4357	652	14898
23745	2520	24237
14898	819	4357
23745	2353	34286
23745	2018	23852
4357	471	11899
6093	652	5531
25481	2018	20995
25481	2510	21963
25481	2353	24919
6093	317	1607
25481	2509	27609
6906	739	5530
26294	1943	20791
26294	2496	26082
1403	155	6906
26294	2440	19404
26294	2440	26549
5708	494	7167
25096	1972	33665
26555	2044	25096
5708	1148	8951
25096	2528	28339
5708	271	14277
7118	199	19193
19564	2291	26506
19460	1756	26506
7118	600	17854
26506	2291	34938
26506	2528	22216
799	812	4282
20187	2457	28403
20187	2513	23670
29250	2366	20187
799	756	799
20187	2432	29458
331	652	10467
19719	1721	32285
19719	2520	26753
10467	819	331
19719	2127	38786
26753	2301	19719
3820	808	13723
23208	2205	33111
21720	2056	23208
3820	222	2332
23208	2089	31605
3820	504	13723
2509	756	10176
29564	1791	30403
29564	1924	23041
19759	2457	29564
13464	756	10176
28153	2141	29564
21	621	8064
8064	851	8105
33523	2516	27452
27452	2552	27493
8064	851	14135
27452	2552	33523
2752	21	9581
33317	2528	28969
12934	34	9581
32592	2205	28969
32369	2509	28969
23545	2555	28969
1811	1649	12556
33580	2562	21199
24416	2562	21199
14484	1137	1811
14192	1137	1811
21199	2764	31659
692	199	3214
20080	1900	22602
27278	2532	22602
3214	831	692
3214	240	9967
22602	1900	27278
9617	331	4354
29005	1815	24328
27185	1972	29005
24236	2115	29005
5104	271	9617
12786	271	9617
13195	819	6023
20969	2335	25411
6023	21	7596
32583	2520	25411
33559	2353	25411
25411	2018	26337
7537	414	4333
26925	1972	33607
26925	2115	23721
7537	271	12526
7537	494	14219
26925	2021	31890
9752	810	9645
29033	2360	22146
27517	2511	29033
29033	2511	32760
13372	659	9645
13597	810	9645
50	1606	17734
19438	2457	32028
50	1606	4374
50	1606	17019
19438	2003	20397
4489	1606	50
6414	827	5804
26541	2044	25802
7153	343	6414
25802	2528	25192
25802	1972	37873
25802	1972	26541
14566	600	1095
33954	2301	20483
1095	426	12588
20483	2127	31976
32930	2301	20483
20483	2532	33954
1152	1254	4313
32222	2520	23701
12834	1352	4313
23701	2127	37257
4313	1690	14359
12834	1690	4313
8035	1452	2144
27423	1836	21532
2144	717	10071
21532	1722	36697
21532	2418	29459
1358	786	2144
9985	606	2668
29373	2307	37259
1012	707	9985
31921	1944	29373
29373	2307	32773
8960	331	9985
2756	189	3025
22144	1890	33413
22144	1890	34147
2756	189	11221
22144	1890	34378
2756	189	14759
6333	244	9221
24494	2172	25721
1366	170	6333
25721	1760	28227
25721	2323	28609
6333	260	2596
2799	395	14540
22187	2096	26265
22187	2096	21490
22187	2096	32999
2799	494	14354
2799	395	10387
3496	271	1669
22884	1972	21057
1669	331	807
32915	1803	21057
21057	1878	25386
29887	2115	21057
5517	177	12295
24905	1878	31683
24905	1815	28293
22077	1972	24905
5517	331	8905
20476	1803	24905
1146	652	3832
20534	2353	23220
1146	317	3599
3832	819	1146
20534	2510	31029
23220	2520	20534
9562	331	17730
12955	388	9562
28950	2032	37838
14774	388	9562
32343	2089	28950
28950	1735	28441
3745	745	6541
20178	2239	23133
23133	2446	20997
14330	538	3745
3745	745	4270
23133	2446	31983
5795	494	1119
20507	2044	25183
25183	2177	26325
25183	1972	22239
5795	414	2851
5795	271	2851
3777	1646	3401
32026	2562	23165
23165	2764	31659
12638	1137	3777
23165	2764	25994
3777	1448	3816
1599	335	794
20987	2119	27733
20987	2036	25859
1599	382	12288
20987	2036	28453
14543	579	1599
2532	1244	5983
21757	2044	21920
21920	2115	19394
21920	2115	23101
21920	2021	25371
2532	1148	8155
7649	476	8480
27037	1972	29265
27037	1972	28916
27868	2044	27037
27037	1972	30598
27037	2177	35825
9443	538	13889
30918	2239	28831
28831	2239	23121
33277	2446	28831
28831	2528	25982
5896	745	9443
5967	756	13231
25355	2513	23100
25355	2457	35959
25355	2457	32619
5967	756	12552
25355	2457	31940
3806	364	6379
6379	364	11954
25767	1760	25573
23194	2065	25767
31342	2094	25767
6379	393	3806
4301	1649	12556
23689	2528	31659
6145	1137	4301
34091	2562	23689
23689	2764	31659
23689	1944	29952
8900	652	8277
28288	1900	33602
28288	2532	37564
33521	2532	28288
27387	2215	28288
8900	471	287
2108	271	8404
21496	2177	24362
21496	1972	23588
21496	1972	26357
21496	1972	28146
21496	1972	27792
6143	339	517
25531	2040	28384
6143	42	3200
25531	2140	28951
25531	2268	36384
6143	339	8996
10480	819	12654
31799	2234	29868
29868	2520	32042
10480	79	490
29868	2353	37211
12411	819	10480
10081	38	794
29469	1739	25010
29469	1944	32619
31940	2644	29469
29469	1739	20182
29469	1739	36767
8106	707	10259
27900	2044	29647
29647	2195	27494
29647	2115	33636
10259	271	14248
8512	57	10259
6727	414	5381
26115	2195	33972
26115	2115	24769
6727	494	14584
26115	2177	32915
6727	476	12045
12719	795	8151
32107	1738	27539
33690	1874	27539
8151	291	7162
25988	2496	27539
14302	173	8151
3744	59	18593
32037	2094	23132
12649	393	3744
23132	1760	22719
23132	1961	28346
23132	2065	32037
7181	183	13231
26569	2089	32461
13251	817	7181
32639	2518	26569
7181	388	13073
26569	2528	30287
5642	271	10085
25030	1972	20788
25030	2177	21547
5642	494	13908
25030	1972	29473
25030	1972	20811
4824	745	2583
4824	502	7578
13678	502	4824
26966	2198	24212
24212	2446	33066
27075	2203	24212
3376	265	8693
8693	810	9559
28081	2511	21807
20963	1966	28081
8693	881	4858
8693	810	7463
7329	547	529
2881	533	7329
26717	2234	38522
29654	1899	26717
32478	2234	26717
26717	2353	32478
4805	361	15328
24193	2062	35327
24193	1842	25028
4805	575	8694
24193	1864	32232
24193	1842	28082
1693	815	17744
21081	2511	32508
1693	156	5784
21081	1857	27090
21081	1966	21551
21129	2511	21081
8206	414	18483
27594	1972	22589
27594	1972	27279
27594	1972	33086
8206	271	13698
27594	2115	36555
938	141	2232
20326	1842	28287
12844	357	938
20326	1842	33309
20326	1889	32232
20326	1842	25028
5243	1558	9122
24631	1900	23947
5243	1690	16807
24631	2353	28510
4453	962	5243
9122	1690	5243
3716	271	13599
23104	2115	32987
23104	2115	28768
3716	494	11557
24362	2044	23104
23104	1972	32987
544	1022	7137
19932	1735	29225
544	1504	6149
19932	2562	33974
544	1135	14586
544	940	6149
5765	471	10029
28820	2520	25153
25153	2528	32619
25153	1722	33785
25153	2353	28820
5765	652	8504
8838	340	3542
26947	1878	28226
28226	2196	30995
11607	520	8838
468	177	8838
28226	2041	22930
1989	271	7891
21377	1972	25312
21377	1972	27279
1989	271	5924
1989	271	11210
1989	494	7891
13917	821	5399
24787	1734	35645
33305	1734	24787
5399	454	13917
5399	49	17907
4501	33	5399
1788	819	12738
21176	2172	31623
1788	374	12235
21176	2509	29633
21176	2520	32126
32126	2353	21176
8750	414	4197
28138	2115	23585
28138	2177	32915
8750	271	13273
28138	1972	32181
28138	2115	33990
18	255	14101
6283	819	18
19406	2528	29805
19406	2234	19967
19406	2509	26644
25671	2532	19406
4090	271	12313
23478	1972	31701
23478	2115	19462
23478	2195	21715
4090	494	2327
25564	2044	23478
2330	102	2093
21718	1959	23325
29667	2177	21718
21718	1803	22743
24393	2177	21718
11756	476	2330
2982	880	8960
22370	1905	23697
22370	2623	34193
22370	1986	34193
2982	880	3433
2982	787	9399
4902	241	1208
19763	2528	24290
9450	831	4902
4902	458	17814
24290	2231	33024
4902	530	13636
5564	494	8325
24952	1972	34193
24952	1972	31442
5564	271	12054
24952	2195	27713
5564	1148	18321
3048	174	10129
22436	1893	29517
29517	2420	20331
29517	2457	34278
10129	756	14890
29517	2457	22436
881	471	4312
20269	2353	32613
13225	819	881
20269	2520	22797
32613	2520	20269
20269	2528	35073
13391	533	2193
21581	2520	29471
13391	634	2193
32779	2234	21581
21581	1722	29408
2193	21	10020
3309	331	17420
22697	2032	23125
22697	2104	32619
22697	2032	37271
3309	658	13231
22697	2359	32619
5040	388	4280
27975	2089	23668
4280	34	12914
23668	1735	32302
23668	1919	20555
24428	2089	23668
5994	271	4480
25951	2336	23868
22219	2096	23868
23868	1878	30698
4480	331	447
6563	582	4480
10022	538	15417
29410	2434	23996
10022	183	11821
29410	2434	32702
10022	733	13314
29410	2239	35814
1880	888	9750
28495	1815	21268
21268	2291	27237
1880	888	9107
9750	682	1880
21268	2589	29138
2929	75	19170
32682	2177	22317
22317	2307	32387
13294	476	2929
22317	1803	24080
22317	2307	28114
13905	915	556
556	819	9544
19944	2234	28932
19944	2520	28932
19944	2520	33293
19944	2353	28932
9836	156	5804
29224	2511	26736
32087	2360	29224
29224	2467	23371
29224	2555	34278
9836	810	2265
11060	198	8142
27530	1899	22566
32155	1950	27530
8142	198	12206
12206	198	8142
27530	2052	32155
8268	413	5417
27656	2159	26993
27656	2114	24569
27656	1779	27850
27656	2114	28879
8268	174	3778
6404	882	8732
25792	2528	37145
25792	2089	21690
6404	388	2302
25792	1884	32619
28199	2518	25792
6420	440	6226
25808	2032	37240
32445	2089	25808
6420	331	16510
13057	388	6420
6420	34	13723
5840	810	8522
25228	2511	27910
8799	659	8522
8522	659	14545
28187	2360	27910
8522	659	12835
30582	1803	23040
3288	494	3652
27883	1972	23040
27590	1972	23040
26699	1972	23040
1104	395	3652
2650	499	12343
22038	2478	21449
2650	264	8573
2650	635	484
22038	2220	31731
22038	2222	20472
5350	463	989
5350	652	15769
24738	2509	29388
23184	2353	24738
24738	2353	34861
5350	819	3796
30256	2532	28504
9116	652	11739
8281	426	9116
28504	2353	31127
9116	831	590
31127	2520	28504
8071	968	14
29143	2412	27459
27459	2412	37089
8071	968	19288
27459	2412	34677
9755	968	8071
1349	271	11555
20737	2115	28907
20737	2177	26325
1349	494	11557
32754	2044	20737
20737	1972	31331
7031	756	3269
26419	2554	33045
21865	1944	26419
34206	2394	26419
2477	243	7031
7031	756	13231
4687	271	1757
24075	1972	21145
24075	2096	33663
4687	395	14275
24075	2177	32754
24075	2115	21145
23	37	936
19411	2355	34050
19411	1943	36135
26082	2043	19411
3014	611	23
23	739	14258
7352	652	8298
27686	2335	32005
12617	995	8298
8298	799	7734
8298	819	7352
27686	1848	26740
4700	652	5183
28256	2520	24571
5183	652	8868
24571	2520	24088
24571	2335	36629
5183	463	13865
14718	804	9533
32356	2581	28921
28921	2307	33510
730	880	9533
20118	2581	28921
22198	1877	28921
46	810	19346
19434	2511	33564
19434	2555	29416
19434	1857	24096
19434	2529	26012
20927	2382	19434
9505	320	13657
28893	1827	22154
28893	2509	25761
28893	2509	33045
28893	1884	32619
9505	809	13657
9438	672	11763
9438	381	11309
28826	2373	31151
32907	2165	28826
28826	1735	32619
9438	596	13519
8784	34	13231
28172	1841	21159
3847	638	8784
28172	1998	35748
28172	1735	32619
28172	2141	31598
2759	21	14397
22147	2509	20857
1825	819	2759
22147	1722	33785
26257	2164	22147
22147	2353	21213
9460	852	12233
28848	2553	31621
22226	2089	28848
4723	388	9460
28848	2035	35824
21583	2089	28848
9011	600	14999
9011	831	10516
28399	2127	29546
28399	2291	33155
28399	1956	31751
9011	199	7219
549	634	9371
19937	2335	33251
13863	463	549
4336	819	549
19937	2353	23724
19937	2335	24729
4349	756	13925
24518	2032	23737
1758	366	4349
23737	2394	22167
21146	2528	23737
32382	1776	23737
13008	395	1404
20792	1878	23549
14440	271	1404
32396	2096	20792
28649	1972	20792
33828	1972	20792
1421	271	7836
20809	1972	27472
20809	1972	31728
20809	2195	27472
1421	271	13691
27472	2044	20809
5272	827	9052
12495	652	5272
24660	2291	23302
31883	2164	24660
24660	2234	31883
24660	2353	23302
3646	606	8726
3646	606	12999
23034	2307	28114
26772	1776	23034
26584	1776	23034
23034	2307	32387
9618	413	989
31006	1722	29006
29006	2352	20377
23184	1722	29006
3796	21	9618
11618	21	9618
7794	652	1794
21182	2234	29441
8257	533	1794
29760	2291	21182
21182	2164	28537
21182	2528	22168
490	819	5495
23654	2520	24883
24883	2353	31799
5495	652	4266
31799	2234	24883
29034	2508	24883
2471	317	1600
21859	2335	22118
21859	2018	28428
2471	634	2730
22118	2481	21859
21859	2509	23044
2953	271	7153
22341	2115	30710
22341	2528	25371
26541	2044	22341
2953	827	5983
2953	414	11322
2363	1646	3401
3753	861	2363
21751	1944	29952
21751	2528	31659
20616	2562	21751
21751	2764	25994
9496	652	11560
28884	2089	22714
9496	819	2705
28884	2353	20942
20380	2353	28884
28884	2164	22684
13077	102	4041
33219	1972	23429
23429	1878	23845
4041	331	5784
13831	271	4041
24489	1803	23429
8536	395	7283
24565	2177	26671
7283	343	5177
27924	2096	26671
6572	888	7283
26671	1803	32138
7547	264	8573
7547	737	4029
26935	2438	35490
26935	2632	25212
26935	2283	24342
26935	2281	30945
7642	634	1408
27030	2089	31833
27030	1722	38110
7642	388	12445
27030	2528	27360
7642	374	16508
5613	414	5391
5613	494	1021
25001	2177	22342
25001	1972	24779
5613	476	6937
25001	2177	26325
165	189	1573
19553	1890	33468
19553	1890	32338
165	189	14080
19553	1890	20961
19553	1890	30063
8533	177	3464
3464	495	12069
31457	2221	22852
22852	2221	37329
27921	1878	22852
12069	520	3464
2973	471	10029
32858	2508	22361
22361	2172	24759
22361	2528	32619
22361	1722	24759
2973	807	13470
197	78	9749
19585	1875	37432
197	174	18005
19585	1779	20450
197	530	197
19585	2231	19585
8499	538	14225
33613	2446	27887
10255	722	8499
27887	2038	29643
8499	538	16373
29643	2423	27887
10573	231	4602
4602	59	4933
30621	2040	23990
23990	1760	22173
4602	42	13453
4602	88	13289
512	1244	5784
19900	1972	30035
19900	1972	30122
19900	2177	21547
512	476	8529
512	271	10647
2310	343	5364
5364	476	4426
24752	2177	30742
24752	1972	21698
24752	2177	23814
5364	494	8068
5250	1025	6694
24638	2861	26082
24638	1884	32619
24638	2409	23644
14140	21	940
33528	1722	20328
940	786	8478
26885	1722	20328
27866	1722	20328
4172	21	940
2951	323	7584
22790	2451	22339
3402	750	2951
22339	2024	26972
22339	2024	19891
22339	2024	22383
5914	323	4101
25302	2024	19444
5914	542	14465
25302	2426	25156
25302	2024	23489
25302	2426	22738
7487	102	3641
27436	2115	23029
27868	1803	23029
26875	1803	23029
3641	177	2792
23029	1878	22180
3894	463	6842
23282	2353	29437
23282	1722	33785
23282	2520	33703
9361	413	3894
29437	2353	23282
188	1447	8462
22329	1735	19576
188	1691	5552
33626	1735	19576
24111	2528	19576
26876	2516	19576
4835	808	2403
24223	2353	22970
24223	2018	24569
4835	609	14843
24223	2172	34231
24223	2520	33191
7149	625	3924
26537	2326	23312
2677	625	7149
26537	2307	25854
26537	2385	22065
7149	684	2677
1154	1244	6594
20542	1972	24689
20542	1972	26265
20542	2177	25710
20542	1972	24060
20542	1972	22619
462	21	11340
19850	2234	33355
4862	463	462
19850	2291	26593
24250	2164	19850
19850	2509	27916
8084	343	3250
22638	2177	28368
22638	1972	19872
27472	2044	22638
3250	476	8980
3250	414	484
7663	569	633
22705	2353	20021
6541	745	633
27051	1782	20021
34145	2520	20021
20021	2164	34145
3763	809	9808
3763	21	7872
23151	2164	21621
34163	2520	23151
23151	1722	27260
23151	2509	26437
4387	1137	12631
23775	2562	26241
23775	2562	38189
23775	2562	32019
23775	2373	24264
4387	1543	3563
13750	147	9743
29131	1812	33138
3664	1532	9743
23052	2135	29131
34223	1848	29131
9743	1338	17693
4329	271	12361
23717	1972	30122
23717	1972	31749
23717	2177	20112
23717	2115	30122
4329	476	724
6631	271	6661
26019	1972	27792
26019	1972	25127
6631	271	12805
6631	1148	15982
26019	1972	25312
9449	451	5610
20526	2509	24998
5610	413	11500
25192	2390	24998
14608	451	5610
33996	2201	24998
2931	476	5443
22319	2177	29679
22319	2195	19784
22319	1972	25368
2931	271	396
22319	1972	19784
29618	2496	26082
10230	1644	4256
10230	1384	6735
6735	270	10230
26123	1971	29618
10230	1306	17681
2257	1052	10092
2257	1652	12502
29480	2175	21645
21645	2457	31890
31890	2408	21645
2257	1011	7900
6420	440	6226
23715	2449	25614
25808	2141	25614
3088	320	6226
27462	2457	25614
29777	2147	25614
10097	231	7817
29485	1737	34086
10097	231	14698
4866	1441	10097
29485	1789	26165
29485	1737	27205
7221	606	5872
26609	2141	19588
25694	2434	26609
26609	1771	32938
7221	70	13550
26609	2032	25260
6332	819	15197
25720	2520	36698
6332	652	16236
25720	2172	22502
25720	2528	33896
25720	2353	34921
6513	339	5145
25901	2040	36541
13443	244	6513
6513	439	5790
32831	1945	25901
6513	42	6792
9623	463	14337
12856	498	9623
29625	2898	29011
25992	2353	29011
29011	2966	20989
32244	2199	29011
2928	1212	16755
22316	2234	19862
19862	2291	22316
32733	2234	22316
2928	1251	5863
22316	2291	36748
7297	244	4883
26685	1945	24271
26685	1961	32237
7297	89	12849
26685	2268	36384
26685	1961	36647
11353	75	7957
25898	2086	27345
26479	2402	27345
7091	701	7957
6181	1148	7957
6510	385	7957
7076	271	5460
26464	2195	33481
7076	494	14093
26464	1972	24848
26464	2177	28368
7076	476	8980
3497	34	13231
32077	2089	22885
12689	388	3497
22885	2032	30834
22885	2141	33045
22885	1771	32938
8929	471	10029
28317	2508	27057
28317	2141	32217
28317	1722	33785
28317	2353	33416
28317	2353	31957
9429	265	3208
28817	2511	27951
26255	2052	28817
9429	810	14223
28817	1966	22596
28817	2511	33611
28242	2041	31729
10967	177	8854
8854	994	3191
29775	1878	28242
28242	2206	22579
8854	340	12341
866	271	3889
26474	1972	23277
32628	2096	23277
26405	2195	23277
13240	395	3889
2735	521	3889
1921	192	2859
28254	2528	22247
30213	1815	22247
20462	1776	22247
8810	75	2859
22492	1893	22247
4267	652	7589
23741	2353	23655
26977	2520	23655
7589	819	4267
4353	463	4267
4267	819	5071
4230	21	6836
23618	2353	27314
23618	2528	32302
4230	634	11397
4230	652	7926
23618	2353	28165
12221	819	8885
28273	2172	26534
23485	2291	28273
8885	34	5067
28273	2234	23485
8885	819	4097
5357	241	11492
24745	2231	27122
5357	413	13432
32820	2208	24745
24745	1779	19434
5357	530	7734
3089	174	18435
22477	2295	37963
3089	413	989
22477	1875	38836
20377	2528	22477
3089	594	16803
705	827	9829
20093	2164	26230
20093	1722	24759
705	388	4152
20093	2528	33472
20093	2089	23540
8065	750	17470
27453	2451	36440
8065	688	13231
27453	2509	31278
27453	2389	32619
27453	2451	24474
12635	413	5076
24464	2528	27609
5076	652	17640
31837	2426	24464
20695	2353	24464
20559	2426	24464
1132	177	6481
20520	1878	25869
20520	1815	32207
1132	114	12819
27514	1972	20520
8126	271	1132
13691	512	2361
2361	395	7316
21749	2096	33079
21749	2096	27472
21749	2195	33079
33079	2311	21749
14821	471	3114
23751	2172	22502
29756	2172	22502
21912	2172	22502
22225	2172	22502
23903	2172	22502
1306	590	13753
20694	2291	33141
25502	2291	20694
6114	1024	1306
20694	2457	23719
4920	1052	1306
3158	634	7445
26833	2520	28689
7445	819	9301
26833	2018	19661
7445	579	9042
7445	317	273
1604	1487	9338
12347	819	9338
28726	1848	38681
28726	2353	31735
20992	2145	28726
9338	652	12347
6785	494	12526
26173	2195	31914
26173	2115	24666
26173	1972	22122
26173	2021	29292
6785	414	5278
1608	476	8691
20996	2115	28326
20996	1972	33481
20996	1972	30765
20996	2528	34066
1608	271	14093
9243	147	3590
22978	2509	31558
10612	413	3590
3590	21	14160
22978	2020	31750
22978	1722	33548
6780	199	14243
32328	2114	26168
14243	831	6780
26168	1900	33631
6780	827	14696
26168	2301	26986
7917	226	13983
27305	1927	33371
27305	2074	30880
27305	2074	28518
27305	2074	24338
10458	888	13435
29846	2234	29863
29846	2589	32823
29846	2307	33351
29846	2234	32204
10458	533	10475
7758	476	12045
27146	2177	32915
20472	3020	27146
27146	2115	24769
27146	1972	24601
31433	2044	27146
7363	819	381
26751	2528	28969
26751	2310	31525
12137	569	7363
7363	21	14209
26751	1722	33597
5545	817	9873
29261	2239	24933
29261	2446	22998
29261	2239	25033
5645	538	9873
9873	817	14956
4439	34	93
19481	2451	38019
93	688	3114
23827	1735	19481
93	564	13775
19481	2265	33163
32792	1774	20988
3214	600	1600
20988	2532	19475
1600	563	1106
20309	2114	20988
19475	2301	20988
3037	1447	12851
25789	2528	22425
13879	1244	3037
23009	2021	22425
22425	2135	36409
31526	2525	22425
6501	1646	8462
25889	1944	29952
23134	2562	25889
1737	1137	6501
25889	2528	26272
25889	2528	31659
12187	471	2007
21395	1760	23178
30038	2172	21395
31575	2172	21395
7046	170	2007
29180	2172	21395
3349	302	14135
22737	2217	27850
29265	1815	22737
3349	516	8105
3349	756	5784
22737	2457	25172
9020	464	12920
28408	2373	31151
9020	816	10366
9020	34	13231
22956	2165	28408
28408	1735	32619
3830	756	13231
23218	2457	31598
23218	2457	32619
3830	756	12210
22064	2032	23218
5767	1021	8094
32335	2234	25155
5767	1636	10303
27295	2234	25155
27295	2520	25155
13792	1542	5767
5944	37	11144
25332	2496	26082
3014	26	5944
25332	1738	31676
5944	795	6694
5944	37	12288
7449	815	13963
26837	2516	31659
7449	249	6392
9128	351	7449
26837	2516	33301
25780	2052	26837
5430	819	3458
5430	133	6512
30214	2335	24818
3310	959	5430
5430	133	14767
7553	634	5430
14724	831	295
19683	2528	31727
19683	2234	36049
295	471	8428
34112	2532	19683
2945	290	295
4210	73	8010
10549	1046	4210
27546	2114	23598
23598	2520	31973
23456	2018	23598
4210	831	19104
24545	1878	30995
9642	395	5157
29030	2096	24545
5157	331	10556
5157	177	11607
24545	1815	27010
7468	271	10734
26856	1972	31331
24362	2044	26856
7468	494	11943
26856	2177	24362
26856	2177	31606
974	21	5371
20362	1722	24759
974	440	8847
20362	2141	28235
20362	2528	32619
20362	2528	28235
2689	271	720
22077	1972	24905
26455	2044	22077
22077	2177	24831
22077	1972	33880
2689	271	14492
4518	241	4640
25251	2489	24028
24028	2426	29508
4640	552	3824
5863	788	4640
4640	493	4518
11796	476	4818
31184	2177	24206
24206	1776	29827
24206	1803	22239
12811	476	4818
4818	75	13051
1105	62	606
19994	1838	19514
30585	1838	19994
10615	42	606
32850	1743	19994
606	137	126
11926	33	7686
27074	2506	21998
27074	2155	31314
7686	454	11926
11926	239	7686
2294	821	7686
28	652	4932
24320	2528	24663
8454	214	4932
4932	652	12765
24320	2164	27842
8454	819	4932
1447	533	8156
8156	471	10866
27544	2234	26136
27544	2291	21306
27544	2291	34668
27544	2172	30254
1270	1046	12223
20658	2127	28228
20658	1900	34077
20658	2172	26762
8840	1479	1270
1270	471	9174
6371	271	14602
32987	2044	25759
25759	1972	33990
6371	494	13599
6371	476	12045
25759	2115	33990
1581	652	13783
20969	2520	22853
20969	2353	29079
20969	2335	33171
1581	21	7596
20969	1722	26984
2401	34	5804
32601	2583	21789
21789	1735	25192
32079	2089	21789
13213	882	2401
21789	2141	26119
2616	819	18415
32794	2114	22004
22004	2520	35451
13406	413	2616
13482	819	2616
13406	358	2616
11614	827	118
23259	2528	19506
33089	2389	19506
118	413	9187
118	22	13060
33089	2528	19506
2311	533	131
29379	2291	21699
32063	2234	21699
12182	590	2311
31570	2291	21699
13986	533	2311
7969	255	4302
30837	2127	27357
22452	2301	27357
27357	1900	30256
7969	827	10159
11449	426	7969
1739	476	4348
21127	1972	24848
21127	1972	33481
21127	2177	27378
1739	271	14093
21127	1972	24966
20583	2111	27389
6854	1198	8001
1195	410	8001
8001	670	10734
7050	471	8001
27389	2675	22983
2961	476	5023
22349	1972	20043
22349	2096	28785
2961	494	655
22349	2177	24411
2961	1244	5461
4244	805	12015
23632	2506	31403
4244	33	5399
23632	2155	26761
7373	33	4244
23632	1750	33305
14768	606	5832
34156	2307	25220
25220	2811	28114
22370	1776	25220
5832	756	9117
21752	2528	25220
9862	422	18165
9862	2	12784
29250	2516	28403
11901	638	9862
9862	815	9015
31289	2339	29250
2378	745	3719
21766	2446	29346
21766	2446	35781
21766	2446	24467
21766	2446	23107
21766	2446	26336
353	271	12343
19741	1972	31731
19741	2115	26843
19741	2177	19988
19741	2195	31731
353	414	12343
9188	395	12336
28576	2096	24901
28576	1972	33738
28576	2096	36281
9188	271	11176
28576	2177	24831
9298	21	14397
28686	2291	29293
13757	652	9298
33145	2353	28686
28686	1722	33785
28686	2172	27740
3216	51	12925
22604	2570	26705
27613	2323	22604
3216	121	12925
22604	2140	27393
22604	1961	21103
5173	271	1237
21590	1972	20625
1237	177	5998
20625	1878	25386
24561	1972	20625
2202	271	1237
5645	388	483
34344	2089	19871
24012	1919	19871
26267	2434	19871
2540	4	483
30397	2583	19871
9668	271	14489
28495	2044	29056
29056	2115	30625
29056	1972	33877
29056	2528	29899
9107	343	9668
65	21	5371
19453	2089	26662
65	652	12761
25402	1924	19453
22399	2508	19453
19453	1747	28563
5465	102	8185
5180	494	8185
23692	1972	27573
29917	1972	27573
8185	177	9253
32130	2195	27573
8289	320	13963
27677	2234	29064
29064	2353	27677
8289	533	9676
27677	2018	26975
27677	2528	33351
3885	126	14920
23273	2518	31627
23273	2089	33130
23273	1827	34308
23273	1884	25192
3885	388	13742
8401	260	8602
14374	1441	8602
27789	2040	27990
27990	1760	28057
22605	1961	27990
27990	1944	26827
3146	21	7042
22534	2335	28972
26148	2353	22534
9793	413	3146
31870	2114	22534
22534	2172	29181
2240	804	10283
21628	2505	25281
21628	2581	29226
2240	880	9838
29226	2164	21628
21628	1878	21184
22700	2164	23607
3244	463	4219
25600	2164	23607
5352	463	4219
12856	498	4219
33829	2164	23607
9274	271	9279
19541	2044	28662
28662	1972	26724
9274	1244	14678
28662	2528	26524
9274	1148	7136
9694	471	9135
28523	2114	29082
29082	1900	33586
33689	2426	29082
14301	725	9694
9694	199	14198
6340	634	8506
27894	2520	29322
8506	819	9934
34139	2353	27894
32129	2520	27894
25728	2335	27894
8726	1447	5314
28542	2509	28114
28114	1875	32387
8726	1634	5977
10185	156	8726
8726	1293	9117
5258	119	15937
30038	2172	24646
24646	1760	25474
5258	59	3790
14070	119	5258
5258	244	14244
7575	494	10929
26963	1972	29850
26963	1972	32577
26963	1972	28145
26963	1972	30317
7575	271	10462
12311	1447	3376
28081	2052	22764
30194	2158	22764
3376	156	13653
3376	810	12736
22764	2511	32289
8205	389	1036
12924	756	1036
25153	2528	20424
5765	440	1036
30702	2457	20424
20424	2682	37691
13804	271	4686
33192	2195	24074
20672	1972	24074
13845	271	4686
4686	177	8162
24074	1878	27550
14150	817	6085
25473	1827	25103
25473	1884	32619
6085	388	6784
25473	2089	26172
25473	2205	26548
5276	156	13231
24606	2052	24664
5276	810	2265
20596	1779	24664
24664	2511	24723
23891	2552	24664
2831	271	11333
22219	2096	32661
2831	395	13273
22219	1972	27889
22219	2096	23821
22219	1972	24342
7798	1546	6426
25814	2090	31659
6426	1047	12848
25814	1833	32236
11436	1546	6426
25814	1901	26526
12091	651	5626
31479	2352	25014
14267	634	5626
25014	2353	33411
5626	652	14023
25014	2520	33096
8964	271	13273
28352	2115	33100
28352	1972	30945
8964	414	13712
28352	2177	19755
28352	1972	33100
1369	756	14021
1369	719	11195
20757	2457	32302
33409	1704	20757
20757	2420	30583
20757	2135	33569
4249	339	16509
23637	2040	38583
13684	119	4249
23637	2140	38583
23637	1961	24798
23637	1945	26792
1367	413	1443
20755	2114	20831
1367	788	18488
5058	1690	1367
33633	2253	20755
20755	2114	37379
591	351	2758
19979	2074	24338
19979	2052	22146
591	373	9130
27580	2319	19979
19979	2052	32239
4841	388	10611
4841	554	15592
24229	2089	29999
4841	126	2302
24229	1884	33111
24229	2255	36099
579	436	7256
26644	1875	32203
579	808	7256
7256	413	6028
19406	2509	26644
2168	808	7256
3041	214	645
20033	2353	27709
8321	819	645
20033	2528	27609
645	394	8221
27709	2520	20033
5596	523	4711
7402	114	4711
4711	1634	33
28500	1815	24099
23222	2074	24099
25662	2307	24099
2129	600	12016
4964	831	2129
21517	2301	31404
21517	1956	29145
2129	199	4964
24352	2532	21517
7694	231	1800
27082	1932	33989
23154	1789	27082
14601	1441	7694
1983	260	7694
6037	260	7694
3022	343	920
20308	2195	33481
20308	1972	24145
33481	2044	20308
920	494	14093
20308	2528	32503
916	393	9792
29180	2172	29645
29180	2172	21469
29180	1760	23178
29180	2172	24596
9792	471	5208
6915	271	5391
26303	2177	26553
26303	2096	33985
26783	2213	26303
6915	271	14597
26303	1972	20907
7300	575	7618
7841	482	7300
26688	2398	19971
26688	2122	27229
7300	575	12061
7300	1348	6492
7541	271	76
19464	1878	31457
26929	1972	19464
76	177	12069
19464	1815	23742
7541	414	76
4391	271	3301
23779	1972	27337
23779	1972	22689
4391	395	7949
23779	1972	25312
11630	181	4391
14386	404	9835
10986	819	9835
29223	1812	27639
29223	2520	24118
29223	2172	28553
29223	1780	34013
1507	1692	9550
30931	2446	28938
23067	2239	28938
249	745	9550
9550	745	13889
9550	538	11585
8163	173	12886
31822	2571	27551
27551	2386	21791
27551	1874	32274
27551	1874	31822
8163	173	12434
693	476	724
20081	2177	28335
20081	2115	28145
20081	2195	33242
693	271	13854
33242	2044	20081
2464	414	14602
21852	2177	19755
21852	2115	33990
21449	2044	21852
2464	494	2061
2464	476	367
3172	1606	9593
28981	2238	27727
28981	1791	24800
9593	1457	8339
9593	1606	631
12351	1606	9593
1138	745	4972
20681	2239	20526
1138	745	4843
20526	2446	29817
20526	2446	27911
20526	2446	27516
8689	819	11560
28077	1722	21705
28077	2353	30948
33132	2508	28077
11560	652	8689
28077	2164	22266
6832	42	5921
26220	1743	25309
31921	1789	26220
23831	1789	26220
12533	88	6832
4443	88	6832
8748	888	18715
28136	2589	36822
13158	75	8748
28136	2319	34652
8748	326	18715
32546	1776	28136
2590	192	5475
21978	2553	23345
2590	852	3957
24863	2457	21978
21978	2175	37833
13740	652	1919
33128	2353	21307
1919	21	10281
21307	1722	29669
1919	819	13740
1919	652	167
437	255	3345
19825	2291	32220
19825	1956	22733
19825	1900	32220
23683	1900	19825
19825	2532	23683
5337	1646	8462
26962	2562	24725
24725	2127	23042
33580	2562	24725
33526	2562	24725
27751	2562	24725
21976	2581	21656
21656	2044	34352
1117	271	2268
3052	271	2268
13041	880	2268
43	271	2268
9266	260	3946
22200	1961	23334
2516	1441	3946
3946	1252	9571
28654	1961	23334
23334	1932	28959
10991	778	4589
21592	1795	23977
4589	612	2204
26665	1795	23977
5438	94	4589
23977	2313	24826
8906	1403	8858
8906	432	15721
31478	2457	28294
30655	1944	28294
8906	174	12090
28294	2133	35474
6290	1157	5447
6290	1606	4609
25678	1788	22707
2387	1606	6290
6290	1606	2387
6290	1606	19051
1903	1018	5304
21291	2183	27466
1903	819	12308
21291	2440	26879
29872	1899	21291
1903	198	12581
12276	697	4778
24166	2058	27065
4778	173	5000
26556	2398	24166
24166	1927	34184
24166	1874	24388
5357	530	7734
27124	2137	27122
24745	2231	27122
480	471	7734
19868	2172	27122
27122	1936	32820
13849	606	8474
33237	1893	27862
29926	2307	27862
8474	736	7317
20545	1776	27862
8474	756	5255
10541	538	9281
5805	745	9281
31347	2446	28669
22963	2239	28669
9281	538	6656
33284	2239	28669
4974	75	7849
27237	2589	24362
7849	590	14680
26584	1776	27237
24362	2383	27237
27237	2172	34558
4266	1570	8812
23654	2089	28200
28200	2210	31723
6746	388	8812
8812	1397	6668
12688	1570	8812
907	21	8773
24773	2114	20295
22095	2353	20295
5385	413	907
20295	1722	28161
2707	652	907
10241	339	16802
100	471	10241
29629	2268	36384
29629	1961	31635
10241	244	11375
10241	59	7840
3639	810	12147
23027	1857	19709
3639	156	10961
23027	2511	31535
14878	1462	3639
21391	2207	23027
13322	476	4426
34154	2177	23814
4426	102	8901
4426	102	9378
5333	476	4426
23814	1803	22743
8775	271	3122
32612	1972	22510
31606	1803	22510
22510	1878	26978
13224	271	3122
24362	1803	22510
7291	199	9322
28710	2520	29525
10137	1558	9322
4788	1690	9322
26679	1900	28710
21467	2114	28710
9334	331	1212
1212	756	5111
33743	2402	20600
20600	2513	24682
24499	1808	20600
12282	331	1212
4276	271	4200
23664	1972	26724
4276	494	7455
24734	2408	23664
23664	1972	26235
23664	2177	24734
2435	183	13231
21206	1856	21823
2376	155	2435
21823	1856	21764
21823	1884	32619
2435	133	1818
9715	680	12544
31932	2403	29103
29103	2509	19521
29103	1722	33785
29103	2508	21204
9715	440	133
13895	233	10115
10115	194	13798
33968	2107	29503
28537	2389	29503
29503	1895	33186
29503	2083	33968
8373	104	2921
2921	279	14268
22309	1980	33656
22309	1993	24599
2921	604	11764
27156	1842	22309
14757	426	9473
9473	819	14264
28861	2172	30117
28861	2520	33652
34145	2127	28861
14264	652	9473
3311	88	4427
33460	1789	23815
23815	1743	19514
23815	1743	27562
23815	1932	32667
12303	88	4427
14596	590	10330
29718	2353	21381
10330	819	13135
29718	1722	29408
1993	819	10330
33984	2164	29718
3510	271	14277
22898	1972	33665
22898	1972	25946
22898	2021	23576
3510	1148	4188
3510	414	8406
4965	1052	6122
24353	1867	25510
27423	2100	25510
10781	1208	6122
27012	2493	25510
25510	2586	37932
12067	725	1632
22623	2234	21020
3235	807	1632
33521	1900	21020
33331	2127	21020
31455	2426	21020
4857	271	2268
24245	1972	22121
24245	2177	25830
24245	1972	32661
24245	1972	21656
4857	271	13273
9615	831	12926
29003	2532	37625
23761	2301	29003
29937	2127	29003
29003	2532	31973
4210	600	9615
9656	819	533
9656	634	41
29044	2335	31540
29044	2520	19921
14226	634	9656
19921	2353	29044
4935	809	4503
32790	2353	24323
13402	652	4935
4935	819	13402
24323	2528	24290
10476	819	4935
5984	87	4413
20749	2216	23801
11921	1185	4413
4413	627	2431
34153	1788	23801
4188	1612	4413
2898	426	2446
21834	2528	29547
6897	600	2446
21834	1900	24049
26285	2301	21834
2856	600	2446
6528	42	10100
25916	1760	25798
6528	231	14511
9809	1253	6528
29197	1789	25916
32713	1789	25916
2792	994	15940
34094	1878	22180
2792	340	1753
2792	670	14706
22180	2041	21141
25448	1878	22180
10321	563	14758
28879	2532	29709
10321	819	14758
34146	2264	29709
14758	563	10321
8268	413	10321
7556	1430	15124
26944	2164	33293
26944	2172	31369
26944	1872	29344
7556	1046	14595
7556	652	14331
6132	214	11915
25520	2520	21187
6132	463	9267
29577	2234	25520
21445	1816	25520
21187	2353	25520
9696	471	4963
29084	2291	32385
9696	652	275
29084	2353	19663
12997	819	9696
22881	2353	29084
30919	1722	22842
2343	21	3454
27662	1722	22842
21931	1722	22842
8841	21	3454
14891	21	3454
439	115	17712
19827	2089	31604
439	426	15526
32425	1856	19827
19827	1816	35857
439	155	13037
11137	126	7856
20748	2089	27244
7856	1569	7129
27244	1771	32938
7856	440	12552
12803	388	7856
6473	299	3163
25861	2000	22551
23315	2259	25861
6473	574	2039
6473	802	18664
25861	2503	24413
9541	21	2218
22686	2353	28929
28929	2353	30559
28929	2089	31599
30559	2520	28929
9541	388	12963
6071	819	11097
25459	2234	30485
7091	819	6071
6071	652	12140
7077	634	6071
25459	2528	22952
8312	388	3604
33864	2520	27700
14476	819	8312
27700	2172	35151
27700	2089	22714
27700	2528	28152
3811	494	9528
23199	1972	27884
23199	1972	25552
23199	1972	28916
3811	1148	9130
3811	271	6164
4520	426	8095
14809	590	8095
23908	2127	27483
27483	2335	32306
27483	2520	32306
27679	2114	27483
13494	177	8654
28042	2371	26843
24224	2196	28042
33100	1878	28042
8654	24	8421
8654	994	15940
6590	1244	12271
25978	1972	33665
20449	2044	25978
6590	271	14277
25978	2021	31659
6590	494	1061
7457	34	13231
26845	2141	23630
26845	2032	26300
7457	331	6912
11716	388	7457
7457	440	4242
7310	104	7637
26698	1805	19410
14504	762	7310
33892	2463	26698
26698	1805	27025
26698	1805	25560
9468	1137	8881
28856	2562	28269
9468	1291	14857
34245	1853	28856
28856	2562	33012
28856	2562	30066
3112	476	9242
22500	1972	30122
28630	2044	22500
22500	2177	28630
22500	1972	31331
22500	1972	21449
2652	463	2878
20942	2520	22266
2878	634	11560
20380	2164	22266
22266	2335	30948
22266	2335	22040
3233	271	3301
22621	1972	22689
22621	2177	24674
3233	271	6661
22621	2115	26049
3233	1244	7702
7984	1551	13336
10975	1378	7984
27372	2520	32913
27372	2127	32724
32733	2018	27372
32913	2353	27372
4914	147	9124
28512	2018	26432
9124	827	3839
28512	2528	23227
24302	1848	28512
9124	317	7044
2643	538	1746
22031	2239	28757
958	1692	2643
28862	2446	22031
22031	2239	24451
5063	745	2643
5706	756	11957
25094	2457	31345
12695	331	5706
25094	2457	34278
32083	1815	25094
25094	2420	20331
10315	810	11904
29703	2511	20450
29703	2511	31292
10315	810	3999
10315	810	5958
2726	1273	10315
931	147	12525
19567	2520	20319
931	652	5492
20319	2234	24104
20319	1848	24104
931	652	8653
266	163	12886
19654	2562	34758
19654	1864	32274
19654	2093	34758
266	869	8462
266	861	18591
9966	271	5980
29354	2021	29899
9966	1148	9059
29354	2177	24831
29354	1972	25368
9966	476	5443
8580	326	6060
32405	1972	25448
30437	1803	25448
6060	343	1414
23076	2115	25448
32405	2115	25448
4806	1081	4536
31364	1779	23924
5367	351	4536
23924	1857	31659
31746	1912	23924
26490	2382	23924
476	271	10929
19864	1972	21448
19864	1972	22122
9723	343	476
19864	1972	30943
476	271	2060
9580	471	16112
28968	2172	26181
28968	1743	28485
28968	2172	32866
28968	2172	25949
28968	2172	20176
7643	715	14976
27031	2271	36986
27031	2416	34364
7643	570	16142
27031	2307	34378
27031	2170	31556
6030	697	10253
25418	1993	24599
6030	155	22
25418	2423	29641
25418	1980	30939
25418	2349	20783
20861	2021	26548
7160	707	14827
23430	2528	26548
25948	2457	26548
1473	1194	7160
12466	75	7160
7151	440	13657
32618	2353	26539
26539	2089	34199
7151	388	14811
13230	652	7151
26539	2381	32618
3635	204	12485
23023	2581	33788
3635	880	12414
23023	1776	31461
23023	2482	25499
23023	2581	31802
11275	791	7360
7360	697	4735
30663	2492	26748
23373	2276	26748
26748	2398	24123
8782	575	7360
3971	810	13394
23359	2511	32782
23359	2511	25346
3971	815	11492
23359	2516	30880
23359	2511	20450
7007	199	7890
7890	255	2050
27278	2301	27176
34051	1900	27278
7890	600	7788
7890	426	1600
9217	374	4618
13969	1188	4618
19518	1848	24006
2008	1491	4618
27148	2075	24006
19878	2075	24006
4724	476	13366
24112	2115	31731
29096	2319	24112
24112	2177	28335
4724	1148	16759
9708	618	4724
13281	331	1635
32669	1815	21023
11728	1148	1635
1635	756	17777
21023	2937	24063
7571	271	5369
26959	1972	25946
26959	1972	23698
26959	2528	31659
7571	476	4426
7571	271	6558
4679	177	10921
24067	1878	30309
26273	2371	24067
12430	271	4679
24561	2115	24067
14908	102	4679
2985	271	14093
22373	2528	32503
22373	1972	33481
22373	1972	26541
2985	494	7153
2985	827	13115
3277	463	6846
23458	2335	22665
5206	533	3277
4070	634	3277
22665	2310	21956
22665	2234	33013
9392	21	7582
7582	463	14536
28780	2172	26970
33924	1722	26970
32749	1722	26970
28780	1722	26970
4862	652	2222
21610	2353	25811
6423	819	2222
21610	2528	35709
24250	2353	21610
2222	388	12046
1543	569	15841
7489	649	1543
8866	799	1543
32295	2172	20931
26877	2350	20931
22848	2172	20931
2564	888	13646
21952	2589	33034
33854	2291	21952
1447	533	2564
33478	2234	21952
21952	2589	29390
3573	271	2767
22961	1972	22155
22961	1972	33481
3573	271	14093
22961	2528	28875
22961	2177	29809
8184	1244	13925
27572	1972	21145
27572	1972	30945
27572	2177	22342
27572	2115	30945
8184	271	12343
1934	177	10392
21322	1878	29780
26572	1972	21322
1934	331	1786
21322	1815	21174
7184	271	1934
9206	494	10734
28594	1972	30122
9206	414	14706
28594	2115	34094
8480	57	9206
28594	1972	24848
5606	1646	7317
28166	1932	24994
24994	2021	31458
24694	1932	24994
5606	1448	8839
5606	1646	8462
9024	815	4260
23648	2147	27301
22808	2516	23648
12161	1052	4260
4331	1208	4260
4260	1208	7102
1671	1373	8564
1671	790	13069
24847	1805	21059
21059	2491	32457
1671	648	1395
21059	1993	24599
4278	244	14436
23666	1961	28557
4278	339	16509
23666	1945	33824
23666	1961	24798
23666	2140	38583
8070	1558	17226
33729	2520	27458
31430	2353	27458
8070	1690	12042
27458	2353	38408
8070	943	10304
2027	464	5084
24472	2517	24503
21415	2165	24472
5084	672	6680
5084	816	5115
5084	596	2027
7016	135	13285
7016	413	10508
26404	1836	32673
26404	2428	22725
32796	2528	26404
7016	458	8690
5816	388	8732
25204	2434	33511
31787	1923	25204
12399	222	5816
5816	733	2302
25204	2434	21690
5155	827	10406
23810	2307	29794
10406	21	11195
24001	1875	29794
4613	174	10406
24543	2528	29794
2977	55	9297
9297	549	11966
28685	1735	29225
14060	848	9297
22365	1853	28685
33448	2377	28685
14151	831	6662
26050	1900	33445
24931	2234	26050
6662	867	3855
33539	2532	26050
6662	600	14151
7744	968	12453
27132	2412	33732
9130	711	7744
14344	968	7744
29831	2412	27132
7744	1462	12851
7105	471	2718
27292	2172	22106
26493	2172	22106
2572	457	2718
33061	2172	22106
22106	1782	33536
1687	1403	8673
21075	2133	35474
1687	174	14642
34030	2484	21075
14235	1403	1687
21075	1875	34030
3783	271	6231
32370	2115	25619
25619	2044	28539
25619	1878	21945
12982	271	6231
28539	1972	25619
1464	652	11247
1464	380	734
23202	2353	20852
20852	2353	20122
1464	739	18062
20852	2440	35729
2721	819	13609
22109	2199	34090
22109	2520	32997
13609	652	2721
22109	2291	38215
2721	232	14702
3055	533	13783
3055	590	2085
3055	590	6512
22443	2353	33474
3055	217	1356
22443	1722	26984
11564	494	6359
25747	2044	27525
25747	1803	30221
8473	476	6359
6359	682	10475
12908	476	6359
6389	1649	12556
6389	1459	12502
25777	2528	23576
25777	1944	29952
25777	2021	31659
25777	2764	31890
7819	414	5278
27207	1972	24666
27207	1972	22122
27207	2528	31659
7819	271	2734
7819	271	5278
9671	1186	13231
3535	769	9671
29059	2470	34965
33917	2470	29059
29059	1929	19788
29059	2319	19483
13969	1639	1418
32692	2172	20806
1418	1411	12472
20806	2262	29207
23357	2395	20806
3969	213	1418
7075	102	7341
26729	1878	28641
7341	177	9253
28079	1803	26729
26463	1803	26729
29506	1803	26729
9125	20	3624
3624	211	1829
23012	1912	21217
23012	1912	24702
25892	1721	23012
12738	20	3624
2302	218	7129
26517	2148	32938
24731	2232	26517
33511	1771	26517
7856	1569	7129
21690	1771	26517
22372	2177	24674
24674	1803	31308
24674	2044	36513
32396	2096	24674
3028	476	5286
28742	2177	24674
5077	940	5780
5077	1137	5336
24465	1898	26771
26890	1853	24465
24465	2562	22163
9347	1291	5077
6329	271	16343
26878	2044	25717
6329	414	6111
25717	1972	25499
25717	1972	37954
13201	343	6329
4178	271	14489
23566	2528	32773
23566	2195	33877
23566	1972	25640
23566	2021	20400
4178	827	13385
3666	831	14936
31489	2301	23054
23054	2291	27390
26289	2127	23054
3666	426	6901
23054	1764	23370
13410	590	8247
27635	1972	26953
8247	1148	10619
27635	2528	30007
27635	1972	22761
8247	271	5391
7098	271	10647
26486	1972	30035
26486	2115	24619
7098	414	5231
7098	1148	14287
26486	2528	25172
2442	1378	116
19504	2172	33223
13430	908	116
19504	2528	31659
116	1653	13430
116	1483	7456
9264	652	12392
28652	2520	26367
32049	2353	28652
7828	413	9264
28652	2234	32049
12661	652	9264
10335	869	8105
11244	663	10335
30632	2364	29723
10335	426	18391
29723	2528	25172
29723	2528	22834
9332	1244	3564
28720	1972	29083
28916	2044	28720
28720	2177	31922
13148	699	9332
9332	271	9695
4951	177	63
31724	2234	24339
24339	2044	26531
33088	2291	24339
28484	1972	24339
24339	2234	24080
7486	118	5499
26874	2074	35709
7486	34	8528
26874	2036	26874
7205	688	7486
26874	1735	27916
3240	979	13231
22628	2509	32619
3240	42	6792
22628	2510	32619
3240	1553	1875
22628	2509	33045
9843	27	5071
6638	471	9843
29231	2270	24195
27927	2172	29231
8539	471	9843
22175	2350	29231
7719	1386	3287
22675	1789	26165
1838	511	3287
22675	1760	25357
3287	1441	6777
3287	1567	5969
34031	2509	24338
33275	2307	24338
11567	1244	4950
12130	815	4950
23103	2528	24338
13109	998	4950
94	471	5182
19482	2172	19766
7285	244	94
19482	2172	24570
19482	1961	21103
14734	364	94
184	1137	13445
19572	2562	32833
19572	1898	26771
184	1137	767
29339	2377	19572
19572	2562	33225
5872	756	200
20527	2528	19588
19588	1924	34696
25260	2457	19588
13436	756	200
200	309	5872
6845	373	7702
26233	2074	33896
26233	2074	27090
6845	373	14508
8800	177	7590
23527	2115	28188
28188	1878	26978
28754	1972	28188
9366	271	8800
4139	271	8800
30	494	9617
19418	1972	26444
30	271	18393
19418	2177	23824
19418	1972	30945
30	476	4436
3499	769	12160
22887	2470	31548
11751	754	3499
22887	2470	32275
12887	769	3499
31548	2470	22887
8935	343	18497
22434	1972	28323
29926	2581	28323
10538	571	8935
14352	271	8935
26299	2581	28323
5982	177	3134
22522	2597	32535
3134	994	3191
13147	177	3134
25370	1878	22522
22522	2597	25370
6705	526	7337
26725	1848	33955
26093	2164	26725
10319	688	7337
26725	2520	34385
26725	2127	22517
1631	331	18600
21019	2032	29969
21019	2173	29318
1631	472	9930
21019	2032	38560
1631	665	10581
1293	538	6948
20681	2239	20526
20681	2239	26336
20681	2239	24148
1293	538	4760
20681	2239	34742
7177	756	1886
12109	192	7177
26565	2457	31497
26565	2382	27922
31497	1893	26565
26565	2513	20105
3323	1252	8169
27557	1944	31458
27557	1760	26003
27557	2528	26827
8169	1646	7317
27557	2021	31458
6098	271	14256
25486	1972	32165
25486	1972	24613
6098	1244	13392
25486	2528	32780
25486	1972	34190
7914	115	10323
21597	1816	29711
11089	973	10323
29711	1722	33785
10323	21	14397
10323	171	7914
8848	271	5718
26553	1803	25106
25597	1972	25106
13703	494	5718
25106	1815	29133
7109	494	5718
3773	463	6842
14543	819	3773
23161	2172	27733
23161	2164	26230
33931	2520	23161
3773	440	6107
6843	512	1674
21062	2177	27917
1674	271	8404
21062	1972	27494
21062	1972	27792
1674	271	14421
5059	414	402
24447	1972	31914
5059	271	12526
5059	271	4679
24447	1972	24067
24447	2177	34022
84	34	13723
23242	2255	19472
6655	554	84
12190	8	84
19472	1735	33111
31578	1709	19472
6902	59	1450
27228	1864	20838
26315	1760	20838
1450	173	4189
20838	1874	23577
31923	1760	20838
6117	708	12349
25505	2319	31737
25505	2393	32619
6117	173	7414
6117	618	12349
25505	1874	26802
12988	395	7990
27378	2044	31918
20853	2177	27378
27378	2148	33366
7521	476	7990
27378	2044	22769
3888	1280	9819
23647	2172	29207
20571	2075	29207
29207	1848	23357
2872	1280	9819
9819	569	15969
4226	59	7840
23614	1945	25383
4226	244	5995
23614	1961	31635
4226	260	12247
13265	170	4226
13061	634	4475
4475	652	7564
23863	1722	34701
25468	2353	23863
26952	2353	23863
4475	21	17331
2122	388	4152
21510	2089	23540
21510	2089	31082
2122	388	2090
2122	388	11694
21510	2528	19597
6846	819	4070
31992	2291	26234
7970	463	6846
26234	2335	33209
6846	79	7970
5206	634	6846
2092	819	18893
21480	2520	36437
2092	317	273
5946	819	2092
21480	2353	25334
25334	2520	21480
9313	590	3668
23056	2164	32618
3668	388	4152
23056	1722	33785
28701	2353	23056
23056	2280	27354
2390	198	8350
7935	381	2390
21778	2373	31792
27738	2324	21778
12098	198	2390
24111	2038	21778
4242	107	6912
21148	2394	26300
23630	1808	26300
26845	2032	26300
33368	2528	26300
28085	2024	26300
5919	1244	3564
25307	1972	29149
25307	2177	23973
25307	2115	29149
25307	2177	31922
5919	476	4585
4102	873	563
19951	2414	24947
563	713	18321
13802	677	563
33190	2378	19951
13277	873	563
2379	271	4309
21767	1972	30042
2379	271	10654
21767	2177	24831
21767	1972	23697
2379	476	5443
2036	494	3559
8683	271	3559
21945	2371	22947
23388	1972	22947
24498	2096	22947
21123	1803	22947
6998	652	2432
21820	2520	26386
26386	1722	24759
6523	46	6998
26386	2353	21820
26386	2172	22943
11715	887	6212
25600	2164	26230
3316	27	6212
25600	2089	25485
22704	1728	25600
21881	2520	25600
6367	271	3407
25755	1972	27792
25552	2044	25755
25755	1972	22795
6367	271	8404
6164	343	6367
12516	374	9735
27878	2172	29123
14678	727	9735
34066	2428	29123
9735	1405	13713
9735	1050	6524
274	211	46
274	815	6812
29243	2087	19662
9855	386	274
274	211	183
19571	1950	19662
9222	810	8799
28610	2511	26736
27656	1779	28610
28610	1857	27138
28610	2511	28187
8268	78	9222
8130	809	5844
27518	2509	31452
8130	471	1529
27518	2172	20917
8130	320	14470
27518	2234	21554
1710	79	8272
21098	2335	28698
21098	2451	25859
32110	2353	21098
14525	652	1710
1710	819	14525
3620	1137	4032
33382	2562	23420
23420	2764	31659
14951	1137	4032
23420	2021	29952
13994	1137	4032
14190	33	2530
2530	345	14428
21918	2046	24144
21918	2539	33578
2530	606	12537
2530	838	14190
12157	343	9995
29383	1972	26066
29383	2177	24831
29383	1972	31545
31545	2044	29383
29383	2195	31545
790	538	12338
27607	2239	20178
20178	2239	23133
1609	538	790
9369	745	790
4270	538	790
5373	271	11557
24761	1972	30945
5373	271	5381
24761	1972	24769
5373	1244	8905
24761	2528	37495
6424	819	5544
24932	2520	37126
24932	2353	34039
2702	652	5544
25812	2520	24932
5544	652	14651
3581	1447	12851
14288	156	3581
22969	2350	31658
21423	2528	22969
22969	2552	33676
20395	2528	22969
12227	590	1611
20999	2164	21187
1611	533	12227
20999	2172	25223
20999	2520	31615
1611	463	6132
1069	609	14827
20457	2021	22759
20457	2520	33901
1069	1041	11981
25976	2353	20457
20457	2520	25976
9513	1531	9513
9513	1137	3896
28901	2373	26771
28901	1735	29952
28901	2140	19558
9513	1137	5336
885	189	3995
20273	1890	20961
20273	1890	26694
20273	1890	21263
885	189	1573
20273	1890	28235
7168	603	6734
26122	1805	25560
26556	2304	26122
6734	104	6172
22025	2058	26122
26122	1805	23329
2811	176	14675
2811	1324	12492
22199	1877	34063
22199	2581	29856
22199	2581	24469
22199	2581	21872
3345	34	13174
19825	1956	22733
32562	2390	22733
437	255	3345
22733	1927	37570
12832	867	3345
2434	59	7840
21822	1760	27228
32480	1945	21822
21822	2172	29956
13092	244	2434
21822	2268	36384
14384	676	2581
32602	2556	21969
21969	2423	33533
2581	482	13214
2581	676	10233
2581	152	14384
4501	429	3908
23296	1893	35132
3908	454	13164
32552	1734	23296
3908	838	4501
3908	192	16942
463	271	13400
19851	2195	31873
19851	2115	24665
32589	2044	19851
463	494	12485
19851	1972	32788
5207	331	10564
33514	1972	24595
13201	1433	5207
24595	2044	27697
24595	1878	23291
14126	271	5207
23286	1972	26231
3898	494	6843
3898	476	7990
23286	2177	23736
3898	271	6843
23286	2177	27378
23199	1972	25552
3811	271	6164
3922	271	6164
11567	271	6164
22410	1803	25552
28424	1972	25552
5352	652	13670
24740	2291	33058
24740	2172	27051
13670	819	5352
24740	2528	25260
33058	2520	24740
8039	973	14631
27427	1816	34019
22740	2562	27427
27427	2127	30093
3352	1137	8039
8039	1448	7383
7977	634	9368
9368	533	2233
28756	1722	27260
34163	2353	28756
21621	2520	28756
28756	2164	27365
14668	270	1399
20787	2319	24060
20787	2546	34056
1399	618	4672
34056	1971	20787
1399	326	4672
10250	819	5531
19921	2520	29638
533	533	10250
10250	317	1607
29638	2520	24919
29638	2528	37396
6829	521	750
20138	1815	23411
750	114	9841
26217	2222	20138
20138	1815	29229
750	114	4023
2691	152	13513
22079	1993	24599
13248	547	2691
21461	2289	22079
22079	2398	24123
2691	833	862
14648	819	535
34036	2520	19923
19923	2520	29552
535	652	14648
10164	652	535
535	819	10164
5623	264	8573
25011	2478	24060
25011	2478	24116
25011	2220	30943
5623	499	12343
25011	1965	27961
545	1172	13448
545	1519	12879
23750	2172	19933
31996	2172	19933
12608	374	545
22495	2172	19933
5048	271	2061
24436	1972	28146
24436	1972	21449
5048	476	12085
24436	2528	32302
24436	1972	22712
7469	739	6744
26857	1899	36412
26857	1985	28613
26857	1985	33825
7469	198	5703
7469	284	14437
6354	827	8124
27512	2114	27830
8124	22	13191
27512	2114	33364
8124	78	18314
32579	2528	27512
12039	414	3434
31427	1972	22822
22822	1878	24697
1890	271	3434
11995	102	3434
32254	2115	22822
2281	652	13606
32994	2520	21669
13606	819	2281
21669	1884	22354
21669	2353	32994
32994	2234	21669
2783	819	6689
32636	2291	26077
6057	29	6689
22171	2234	26077
6689	184	7803
13248	590	6689
2966	358	8837
28225	1900	27796
8837	471	11849
28225	2353	27247
28225	2291	27247
27247	2520	28225
8174	113	5804
13787	137	8174
33280	1701	27562
2130	0	8174
27562	1701	33175
33175	1838	27562
2518	590	9903
29291	1825	21906
2518	533	17942
21906	2291	24059
2518	498	923
21906	1722	24759
6701	218	6668
29296	2089	26089
13729	986	6701
26089	2032	23576
33117	2089	26089
9908	388	6701
