8615	26819
217	29843
10139	26004
1588	23732
3192	20075
2020	26127
9192	20011
3179	29286
3968	21898
489	26654
3339	24909
1870	21453
1465	23286
7893	19782
6771	26200
9546	25777
995	27444
7001	25994
3019	22951
2263	20032
4454	27031
3512	21905
4742	25144
9795	28118
8552	25359
5403	20151
9074	24709
10091	22582
9639	29377
1100	28139
1197	28069
9440	22681
4948	22364
10393	24000
6476	27992
2338	21585
8176	26065
3823	27541
5657	23732
5989	22846
654	19907
6809	24834
5917	22206
3098	29015
8928	19925
2988	25810
8872	24956
6387	26557
4987	22379
4410	21484
8005	27393
1378	20766
10221	29609
4681	24069
6633	26021
7095	26483
4837	24225
7960	27348
3952	23340
4065	23453
7699	27087
4778	24166
4496	23884
10413	29801
2810	22198
5835	25223
7731	27119
4090	23478
7263	26651
7056	26444
3144	22532
7269	26657
246	19634
10022	29410
9690	29078
910	20298
4465	23853
6986	26374
3776	23164
6596	25984
8828	28216
4045	23433
10420	29808
1167	20555
3377	22765
8953	28341
1304	20692
5831	25219
6623	26011
3790	23178
6575	25963
7363	26751
3894	23282
1662	21050
652	20040
481	19869
6404	25792
6077	25465
1385	20773
2226	21614