570	19958
10261	29649
6503	25891
10139	29527
1116	20504
8285	27673
4324	23712
8228	27616
5012	24400
2101	21489
10410	29798
4898	24286
5303	24691
3728	23116
10036	29424
15	19403
9511	28899
4202	23590
834	20222
5437	24825
1506	20894
4345	23733
1861	21249
3502	22890
189	19577
1269	20657
1308	20696
6440	25828
3256	22644
6189	25577
7771	27159
9638	29026
9583	28971
7542	26930
4458	23846
2223	21611
7071	26459
7865	27253
2157	21545
10435	29823
1675	21063
4406	23794
542	19930
2854	22242
2807	22195
9710	29098
2706	22094
508	19896
9446	28834
7801	27189
4610	23998
1066	20454
9284	28672
6979	26367
1430	20818
4021	23409
9123	28511
755	20143
9768	29156
9014	28402
1456	20844
4684	24072
4223	23611
9196	28584
8360	27748
10016	29404
9689	29077
6224	25612
2600	21988
2419	21807
7823	27211
8906	28294
1785	21173
2354	21742
1146	20534
1360	20748
7313	26701
366	19754
4261	23649
2897	22285
10004	29392
10457	29845
3118	22506
587	19975
10234	29622
1938	21326
4714	24102
1927	21315
8330	27718
3924	23312
9980	29368
5728	25116
3090	22478
4650	24038
624	20012
6911	26299
7687	27075
399	19787
1386	20774
4555	23943
9161	28549
9065	28453
3942	23330
96	19484
8138	27526
1276	20664
4744	24132
7434	26822
4858	24246
8011	27399
8611	27999
2848	22236
4005	23393
4704	24092
5128	24516
737	20125
1207	20595
6048	25436
2112	21500
10166	29554
1470	20858
10292	29680
5070	24458
6364	25752
4596	23984
9411	28799
2588	21976
1262	20650
4168	23556
9979	29367
8004	27392
5715	25103
3263	22651
7954	27342
9064	28452
10246	29634
5068	24456
9626	29014
3672	23060
1624	21012
10100	29488
9524	28912
3893	23281
4626	24014
1004	20392
8928	28316
3681	23069
8307	27695
7885	27273
3147	22535
3976	23364
2879	22267
5582	24970
8465	27853
7509	26897
5489	24877
1380	20768
4952	24340
6728	26116
456	19844
4678	24066
2187	21575
8437	27825
10312	29700
4677	24065
4780	24168
10398	29786
10299	29687
5874	25262
1832	21220
7011	26399
3322	22710
9056	28444
4545	23933
154	19542
8542	27930
5917	25305
6431	25819
8612	28000
9919	29307
1048	20436
5651	25039
4791	24179
8707	28095
10047	29435
6489	25877
5362	24750
2357	21745
2198	21586
9045	28433
2420	21808
9990	29378
8511	27899
2483	21871
3712	23100
3930	23318
3116	22504
9944	29332
4251	23639
1642	21030
7931	27319
201	19589
4967	24355
700	20088
5700	25088
3507	22895
7706	27094
6149	25537
6004	25392
7538	26926
9782	29170
6673	26061
4838	24226
1507	20895
7558	26946
1347	20735
901	20289
4363	23751
9697	29085
9648	29036
7343	26731
4892	24280
4341	23729
4071	23459
1152	20540
5724	25112
3871	23259
1225	20613
3186	22574
6904	26292
1407	20795
6012	25400
5806	25194
6233	25621
5678	25066
7835	27223
6101	25489
6454	25842
5327	24715
5169	24557
9471	28859
6450	25838
6898	26286
8579	27967
5772	25160
2965	22353
6411	25799
798	20186
8188	27576
8504	27892
3246	22634
2603	21991
8316	27704
1389	20777
6520	25908
5869	25257
3747	23135
1238	20626
4725	24113
4235	23623
6095	25483
9827	29215
2073	21461
5690	25078
6933	26321
6161	25549
2642	22030
2180	21568
1055	20443
1789	21177
6721	26109
9315	28703
2701	22089
1711	21099
71	19459
310	19698
9192	28580
2918	22306
2137	21525
7380	26768
1842	21230
3694	23082
9082	28470
2126	21514
1572	20960
7024	26412
300	19688
5521	24909
6702	26090
2819	22207
4719	24107
5692	25080
7059	26447
8516	27904
2669	22057
2031	21419
3291	22679
1099	20487
2968	22356
5049	24437
6166	25554
9212	28600
505	19893
10492	29880
4842	24230
5684	25072
2242	21630
226	19614
5238	24626
7904	27292
9362	28750
9117	28505
7350	26738
6330	25718
6365	25753
6835	26223
3364	22752
9180	28568
1323	20711
7375	26763
2329	21717
8500	27888
6619	26007
8390	27778
8556	27944
6141	25529
6548	25936
1628	21016
1979	21367
7824	27212
3334	22722
5221	24609
8884	28272
8422	27810
1357	20745
8847	28235
10150	29538
281	19669
1737	21125
8653	28041
5852	25240
6691	26079
2846	22234
3739	23127
7286	26674
1862	21250
1026	20414
768	20156
5058	24446
6862	26250
3916	23304
2545	21933
2423	21811
2902	22290
6516	25904
3620	23008
10273	29661
4919	24307
1133	20521
6924	26312
8679	28067
5796	25184
3471	22859
5380	24768
5162	24550
1286	20674
6235	25623
2292	21680
3337	22725
585	19973
6309	25697
10283	29671
8692	28080
858	20246
9760	29148
4428	23816
1137	20525
5967	25355
1768	21156
6788	26176
6741	26129
7308	26696
10279	29667
579	19967
2824	22212
2337	21725
9880	29268
4072	23460
4843	24231
975	20363
7930	27318
6254	25642
2422	21810
1725	21113
900	20288
5041	24429
3150	22538
10479	29867
284	19672
6102	25490
1230	20618
3594	22982
6824	26212
5044	24432
2894	22282
3420	22808
6717	26105
5137	24525
7993	27381
3227	22615
1029	20417
3391	22779
2263	21651
620	20008
6278	25666
4181	23569
1125	20513
6045	25433
8583	27971
9554	28942
6010	25398
5023	24411
3344	22732
8082	27470
10451	29839
4310	23698
5606	24994
7441	26829
1939	21327
9433	28821
2832	22220
6452	25840
7104	26492
5343	24731
238	19626
2595	21983
5808	25196
2041	21429
3094	22482
1024	20412
1805	21193
5601	24989
745	20133
6065	25453
9673	29061
4554	23942
313	19701
62	19450
9295	28683
9493	28881
5731	25119
2276	21664
6752	26140
9340	28728
1930	21318
4405	23793
6953	26341
373	19761
2628	22016
138	19526
3226	22614
1330	20718
9182	28570
2470	21858
5403	24791
4775	24163
10456	29844
2935	22323
7427	26815
10233	29621
1352	20740
1235	20623
991	20379
1964	21352
4156	23544
9667	29055
6074	25462
9127	28515
3654	23042
1987	21375
507	19895
472	19860
517	19905
6184	25572
7204	26592
4732	24120
8599	27987
8533	27921
6669	26057
8712	28100
8145	27533
4468	23856
2241	21629
1406	20794
2097	21485
9699	29087
243	19631
8080	27468
2264	21652
7717	27105
4311	23699
7991	27379
2655	22043
7747	27135
7839	27227
592	19980
2798	22186
5051	24439
10080	29468
6079	25467
4445	23833
7182	26570
6036	25424
9909	29297
4742	24130
2521	21909
7323	26711
6889	26277
479	19867
7992	27380
4570	23958
9148	28536
9391	28779
6827	26215
4817	24205
4172	23560
3274	22662
7586	26974
894	20282
9157	28545
4245	23633
424	19812
5280	24668
6399	25787
1857	21245
7284	26672
729	20117
10251	29639
6199	25587
7309	26697
6108	25496
4918	24306
90	19478
5267	24655
3543	22931
3755	23143
178	19566
3040	22428
9991	29379
9845	29233
4988	24376
10034	29422
7526	26914
5454	24842
2299	21687
937	20325
4398	23786
4376	23764
5402	24790
6448	25836
7268	26656
8439	27827
5425	24813
397	19785
4076	23464
2087	21475
5853	25241
4304	23692
4848	24236
4866	24254
7908	27296
6115	25503
8619	28007
5092	24480
9018	28406
314	19702
3858	23246
2844	22232
9546	28934
1418	20806
1465	20853
1452	20840
4502	23890
9476	28864
8115	27503
43	19431
6241	25629
3215	22603
3691	23079
2934	22322
431	19819
3544	22932
4253	23641
4298	23686
2612	22000
4153	23541
1420	20808
6240	25628
5921	25309
4145	23533
8555	27943
2000	21388
6151	25539
3660	23048
8407	27795
9166	28554
3457	22845
8440	27828
668	20056
3615	23003
8746	28134
8229	27617
7901	27289
3229	22617
8172	27560
6791	26179
9653	29041
6587	25975
1050	20438
7569	26957
9683	29071
3900	23288
1187	20575
8889	28277
5066	24454
14	19402
999	20387
833	20221
3786	23174
2520	21908
1170	20558
7	19395
9643	29031
7368	26756
4442	23830
1252	20640
3190	22578
1196	20584
10262	29650
6994	26382
9447	28835
4163	23551
8981	28369
4334	23722
2298	21686
6676	26064
5703	25091
2771	22159
4689	24077
106	19494
6754	26142
3583	22971
8711	28099
699	20087
2130	21518
4547	23935
1459	20847
8302	27690
1807	21195
10444	29832
6880	26268
10026	29414
1701	21089
283	19671
8150	27538
8565	27953
848	20236
6147	25535
16	19404
7137	26525
6419	25807
10051	29439
6423	25811
6119	25507
3165	22553
4004	23392
8426	27814
1943	21331
32	19420
3732	23120
204	19592
4352	23740
7034	26422
7935	27323
8952	28340
458	19846
5729	25117
155	19543
5210	24598
9566	28954
7875	27263
8626	28014
7956	27344
9687	29075
4760	24148
6251	25639
694	20082
10434	29822
1720	21108
9933	29321
1638	21026
10218	29606
3524	22912
1708	21096
10102	29490
3740	23128
9951	29339
7755	27143
1713	21101
3869	23257
4257	23645
3363	22751
9240	28628
1283	20671
4518	23906
5081	24469
5928	25316
2018	21406
500	19888
6546	25934
4888	24276
3863	23251
1816	21204
6094	25482
405	19793
4449	23837
6582	25970
2289	21677
6510	25898
990	20378
5308	24696
2802	22190
8706	28094
2641	22029
5581	24969
5798	25186
4450	23838
4318	23706
9377	28765
1228	20616
3372	22760
9138	28526
5332	24720
5896	25284
2764	22152
1053	20441
1335	20723
9569	28957
9796	29184
5379	24767
6704	26092
5030	24418
1080	20468
1318	20706
70	19458
350	19738
3208	22596
1536	20924
1554	20942
7000	26388
8491	27879
4795	24183
8277	27665
7046	26434
2116	21504
7667	27055
2395	21783
2593	21981
2045	21433
7994	27382
6315	25703
6194	25582
9805	29193
1110	20498
8913	28301
8359	27747
3547	22935
10123	29511
4356	23744
3983	23371
7423	26811
1915	21303
1520	20908
3149	22537
3546	22934
9952	29340
1185	20573
2896	22284
6783	26171
1637	21025
3532	22920
3736	23124
9573	28961
1013	20401
10185	29573
8256	27644
4611	23999
10336	29724
8227	27615
9440	28828
1738	21126
2775	22163
4976	24364
3495	22883
9932	29320
8808	28196
5543	24931
1272	20660
1063	20451
10329	29717
474	19862
6686	26074
7977	27365
5593	24981
9866	29254
5929	25317
5940	25328
4089	23477
7394	26782
10066	29454
891	20279
10055	29443
5627	25015
8829	28217
9178	28566
6283	25671
4696	24084
2711	22099
3200	22588
4864	24252
2677	22065
2511	21899
5732	25120
2446	21834
8523	27911
7924	27312
8943	28331
555	19943
1852	21240
1093	20481
4830	24218
6565	25953
1604	20992
8381	27769
8029	27417
8213	27601
3481	22869
3603	22991
8792	28180
271	19659
9185	28573
4189	23577
7195	26583
10281	29669
5596	24984
6128	25516
5334	24722
1455	20843
8502	27890
9422	28810
5022	24410
2539	21927
5281	24669
7206	26594
1514	20902
3845	23233
9523	28911
6179	25567
680	20068
6139	25527
3243	22631
7624	27012
2090	21478
2183	21571
2872	22260
9871	29259
9177	28565
3446	22834
7139	26527
8235	27623
3237	22625
2695	22083
6751	26139
4366	23754
216	19604
6227	25615
10238	29626
3939	23327
8318	27706
2107	21495
7168	26556
10346	29734
7658	27046
5114	24502
2847	22235
912	20300
9912	29300
6473	25861
605	19993
8214	27602
6955	26343
6541	25929
2369	21757
8424	27812
3984	23372
4011	23399
5054	24442
7833	27221
4108	23496
5989	25377
7594	26982
7886	27274
7335	26723
530	19918
9931	29319
9865	29253
7964	27352
6288	25676
5218	24606
7497	26885
4074	23462
1612	21000
9070	28458
10440	29828
2837	22225
5685	25073
7553	26941
4368	23756
5304	24692
1973	21361
4410	23798
5233	24621
7086	26474
5616	25004
7605	26993
4289	23677
2694	22082
9685	29073
1678	21066
6413	25801
2946	22334
7406	26794
5523	24911
9355	28743
5780	25168
8445	27833
3082	22470
10303	29691
3771	23159
4522	23910
3993	23381
4284	23672
9601	28989
3512	22900
4096	23484
1065	20453
2109	21497
7143	26531
2816	22204
5413	24801
4656	24044
1182	20570
7866	27254
3394	22782
5208	24596
10227	29615
4271	23659
7736	27124
2571	21959
4766	24154
10086	29474
5405	24793
4037	23425
3339	22727
839	20227
1658	21046
7097	26485
6799	26187
9444	28832
6601	25989
5622	25010
9275	28663
840	20228
5417	24805
6261	25649
1278	20666
9333	28721
7229	26617
7955	27343
4705	24093
1413	20801
2977	22365
8469	27857
3749	23137
2440	21828
7507	26895
6285	25673
9004	28392
2763	22151
4734	24122
2318	21706
708	20096
248	19636
9948	29336
3340	22728
7183	26571
2370	21758
6202	25590
969	20357
5825	25213
1813	21201
4047	23435
1041	20429
4441	23829
3320	22708
3068	22456
1965	21353
307	19695
7679	27067
10068	29456
5809	25197
5922	25310
245	19633
3265	22653
3127	22515
9640	29028
3432	22820
3580	22968
779	20167
3124	22512
9924	29312
7003	26391
1145	20533
7730	27118
1366	20754
8444	27832
1871	21259
428	19816
0	19388
8855	28243
4793	24181
9674	29062
10000	29388
8893	28281
859	20247
5812	25200
9817	29205
2961	22349
892	20280
2829	22217
522	19910
7352	26740
2529	21917
3053	22441
10015	29403
4437	23825
7818	27206
95	19483
5445	24833
5497	24885
1838	21226
3527	22915
5293	24681
3556	22944
469	19857
9360	28748
7557	26945
9832	29220
4521	23909
8945	28333
10467	29855
2637	22025
9875	29263
6078	25466
9160	28548
6135	25523
8394	27782
1543	20931
9091	28479
1216	20604
1129	20517
10127	29515
6034	25422
2518	21906
4959	24347
864	20252
10490	29878
9551	28939
1615	21003
1742	21130
5042	24430
1097	20485
1268	20656
2663	22051
4095	23483
6472	25860
319	19707
7197	26585
7068	26456
3788	23176
2352	21740
8267	27655
1798	21186
5035	24423
8416	27804
8519	27907
10381	29769
6760	26148
5324	24712
10019	29407
3563	22951
10385	29773
8219	27607
5367	24755
140	19528
8063	27451
965	20353
2754	22142
3758	23146
812	20200
9069	28457
7484	26872
3044	22432
7466	26854
8693	28081
6719	26107
7727	27115
1505	20893
7271	26659
8891	28279
7048	26436
9485	28873
7828	27216
958	20346
6779	26167
8835	28223
6818	26206
79	19467
8976	28364
1476	20864
9920	29308
501	19889
8392	27780
8872	28260
5202	24590
4568	23956
3462	22850
4220	23608
64	19452
5970	25358
9858	29246
3484	22872
3914	23302
8703	28091
1333	20721
9410	28798
442	19830
654	20042
5516	24904
4184	23572
6316	25704
9158	28546
6771	26159
415	19803
4831	24219
10340	29728
4404	23792
8453	27841
4094	23482
9000	28388
9119	28507
867	20255
5727	25115
5878	25266
1679	21067
6244	25632
10324	29712
9489	28877
7536	26924
7322	26710
982	20370
10213	29601
5259	24647
6526	25914
8090	27478
3550	22938
5750	25138
2760	22148
1969	21357
9823	29211
2857	22245
6910	26298
9504	28892
556	19944
3815	23203
8177	27565
6082	25470
10282	29670
9846	29234
8388	27776
5709	25097
10487	29875
10129	29517
6809	26197
10044	29432
7254	26642
10009	29397
5189	24577
2955	22343
2585	21973
2580	21968
227	19615
9243	28631
225	19613
2962	22350
1888	21276
8217	27605
8898	28286
608	19996
2490	21878
1684	21072
82	19470
6851	26239
6323	25711
1722	21110
5836	25224
7907	27295
5948	25336
5199	24587
4192	23580
4710	24098
4712	24100
4068	23456
7802	27190
10424	29812
1458	20846
1299	20687
7200	26588
2651	22039
1920	21308
2684	22072
3163	22551
3422	22810
1324	20712
3566	22954
8054	27442
9772	29160
9795	29183
4053	23441
8690	28078
4252	23640
6097	25485
4403	23791
8927	28315
4771	24159
4209	23597
236	19624
7341	26729
8629	28017
10433	29821
875	20263
3255	22643
4201	23589
4424	23812
8387	27775
8412	27800
3096	22484
9263	28651
4685	24073
8673	28061
8688	28076
4938	24326
2699	22087
3463	22851
986	20374
9060	28448
5298	24686
9921	29309
2208	21596
2597	21985
91	19479
5867	25255
6072	25460
10428	29816
6687	26075
361	19749
6749	26137
7171	26559
7328	26716
3177	22565
5742	25130
7289	26677
3487	22875
9229	28617
8015	27403
489	19877
6786	26174
2255	21643
3840	23228
4179	23567
6801	26189
1926	21314
4479	23867
7632	27020
1081	20469
3974	23362
4206	23594
10118	29506
5031	24419
805	20193
2334	21722
7045	26433
10240	29628
601	19989
7573	26961
1828	21216
4746	24134
1469	20857
5736	25124
1210	20598
10370	29758
2030	21418
5011	24399
5799	25187
9712	29100
206	19594
8959	28347
10365	29753
955	20343
3435	22823
9721	29109
3474	22862
6671	26059
8436	27824
1724	21112
7721	27109
8530	27918
8043	27431
7476	26864
274	19662
3230	22618
4421	23809
2089	21477
6376	25764
8702	28090
9271	28659
4443	23831
4978	24366
3777	23165
8937	28325
259	19647
10315	29703
3567	22955
10054	29442
6683	26071
148	19536
1198	20586
10095	29483
3254	22642
6062	25450
8566	27954
2782	22170
10038	29426
8176	27564
5693	25081
6512	25900
7622	27010
7296	26684
5271	24659
4923	24311
5190	24578
5436	24824
6907	26295
3451	22839
6802	26190
8099	27487
349	19737
6712	26100
3920	23308
10331	29719
5680	25068
2794	22182
1908	21296
3217	22605
2840	22228
9977	29365
1445	20833
3568	22956
5743	25131
3938	23326
4464	23852
6459	25847
2990	22378
6418	25806
5752	25140
2371	21759
9034	28422
2326	21714
8482	27870
5620	25008
9394	28782
8608	27996
10011	29399
9711	29099
1042	20430
3469	22857
1160	20548
1435	20823
10157	29545
6919	26307
2194	21582
3361	22749
5787	25175
3130	22518
7142	26530
4649	24037
3503	22891
2120	21508
1467	20855
9304	28692
4100	23488
2080	21468
10116	29504
6731	26119
7965	27353
8526	27914
10369	29757
4060	23448
8698	28086
6785	26173
7518	26906
9301	28689
7752	27140
342	19730
4472	23860
9885	29273
4129	23517
8420	27808
3179	22567
8409	27797
10425	29813
7063	26451
10008	29396
3020	22408
7333	26721
1968	21356
862	20250
9412	28800
473	19861
2808	22196
3791	23179
4960	24348
1288	20676
7357	26745
9651	29039
7919	27307
3734	23122
10057	29445
7548	26936
4921	24309
2484	21872
7852	27240
8902	28290
952	20340
5323	24711
8245	27633
2569	21957
9325	28713
5950	25338
6999	26387
6112	25500
9199	28587
8170	27558
5814	25202
235	19623
1582	20970
2207	21595
1253	20641
1239	20627
814	20202
8729	28117
9729	29117
1810	21198
5935	25323
5317	24705
3437	22825
1426	20814
1396	20784
1906	21294
9035	28423
8539	27927
8246	27634
7560	26948
4330	23718
8218	27606
6690	26078
8231	27619
7348	26736
7817	27205
4759	24147
5873	25261
4877	24265
3903	23291
5663	25051
10075	29463
3516	22904
7615	27003
196	19584
2234	21622
3375	22763
496	19884
9445	28833
4534	23922
1586	20974
2838	22226
3132	22520
5782	25170
723	20111
1693	21081
4634	24022
8525	27913
3549	22937
10089	29477
406	19794
4236	23624
3223	22611
7683	27071
3729	23117
6882	26270
2744	22132
443	19831
868	20256
841	20229
4254	23642
4306	23694
9288	28676
998	20386
569	19957
7670	27058
8552	27940
8833	28221
2426	21814
9074	28462
9497	28885
6131	25519
10247	29635
9084	28472
7502	26890
2836	22224
9604	28992
107	19495
5701	25089
6409	25797
9893	29281
1372	20760
9718	29106
2512	21900
447	19835
2952	22340
6568	25956
7847	27235
4867	24255
6152	25540
5963	25351
4000	23388
5073	24461
7081	26469
6943	26331
5101	24489
6118	25506
2801	22189
5759	25147
590	19978
2885	22273
1197	20585
3950	23338
1940	21328
8056	27444
3245	22633
1490	20878
2770	22158
1845	21233
8222	27610
9207	28595
1919	21307
7534	26922
2974	22362
9336	28724
5676	25064
10429	29817
7915	27303
7131	26519
2662	22050
806	20194
9864	29252
5629	25017
4039	23427
3500	22888
7302	26690
5477	24865
10310	29698
4119	23507
1976	21364
466	19854
869	20257
1179	20567
1181	20569
8563	27951
2028	21416
1014	20402
2525	21913
6123	25511
2349	21737
5063	24451
8813	28201
987	20375
9692	29080
2084	21472
4663	24051
9700	29088
8326	27714
7496	26884
400	19788
598	19986
250	19638
7064	26452
4497	23885
3508	22896
5939	25327
8028	27416
6005	25393
3862	23250
4593	23981
2452	21840
1683	21071
66	19454
10	19398
8818	28206
10469	29857
7150	26538
5500	24888
7246	26634
5404	24792
1778	21166
10372	29760
7280	26668
7588	26976
7660	27048
4789	24177
8524	27912
3821	23209
5395	24783
3427	22815
9605	28993
6550	25938
6699	26087
4386	23774
2332	21720
2131	21519
5859	25247
