6761	26575
8823	28637
3282	23096
5934	25748
2264	22078
2561	22375
3764	23578
6519	26333
9213	29027
6427	26241
5456	25270
4790	24604
6504	26318
4367	24181
7959	27773
5619	25433
1415	21229
6090	25904
1564	21378
5424	25238
3242	23056
1039	20853
2609	22423
3093	22907
1182	20996
5288	25102
7830	27644
1951	21765
1170	20984
1447	21261
3144	22958
3526	23340
6909	26723
3798	23612
4733	24547
6872	26686
4275	24089
6215	26029
5481	25295
9793	29607
9085	28899
7132	26946
2997	22811
5676	25490
8667	28481
4234	24048
3131	22945
9557	29371
2765	22579
9774	29588
968	20782
8906	28720
7673	27487
4868	24682
298	20112
3643	23457
7667	27481
3514	23328
5732	25546
1088	20902
9270	29084
3821	23635
1659	21473
811	20625
4563	24377
5574	25388
1578	21392
5022	24836
7139	26953
7641	27455
5463	25277
9410	29224
4478	24292
9798	29612
8298	28112
4500	24314
5701	25515
3968	23782
3448	23262
8251	28065
8843	28657
8397	28211
463	20277
1272	21086
7440	27254
6907	26721
4480	24294
6912	26726
7300	27114
7313	27127
4198	24012
8885	28699
580	20394
8228	28042
3001	22815
10091	29905
5346	25160
7450	27264
2036	21850
9547	29361
2889	22703
1596	21410
9156	28970
1681	21495
78	19892
2917	22731
5505	25319
5555	25369
3342	23156
1012	20826
1992	21806
8057	27871
3733	23547
7628	27442
9736	29550
9581	29395
357	20171
2381	22195
8499	28313
10236	30050
7634	27448
2167	21981
3604	23418
1288	21102
3648	23462
597	20411
8105	27919
5291	25105
7368	27182
8172	27986
7356	27170
8292	28106
7974	27788
8836	28650
6095	25909
5814	25628
1519	21333
3102	22916
4121	23935
4190	24004
6245	26059
6698	26512
9122	28936
8417	28231
697	20511
4762	24576
6275	26089
9041	28855
8001	27815
8340	28154
3747	23561
2674	22488
7021	26835
6750	26564
2560	22374
9296	29110
6860	26674
1309	21123
5960	25774
2483	22297
2800	22614
9592	29406
8376	28190
6314	26128
9756	29570
102	19916
6639	26453
8146	27960
6796	26610
1975	21789
7537	27351
2156	21970
167	19981
4108	23922
8800	28614
7773	27587
977	20791
6923	26737
7465	27279
1581	21395
9232	29046
4653	24467
6131	25945
9144	28958
3515	23329
3564	23378
8547	28361
2810	22624
9863	29677
3740	23554
5195	25009
2440	22254
7032	26846
7557	27371
6305	26119
5183	24997
7878	27692
4404	24218
8723	28537
6626	26440
8069	27883
2039	21853
7717	27531
688	20502
8238	28052
4907	24721
7336	27150
7352	27166
9464	29278
6565	26379
5680	25494
7444	27258
109	19923
8115	27929
5908	25722
262	20076
8219	28033
3178	22992
5802	25616
6540	26354
2499	22313
9605	29419
8995	28809
6020	25834
3453	23267
10118	29932
7234	27048
904	20718
1004	20818
5356	25170
5909	25723
2871	22685
10282	30096
9832	29646
1094	20908
2729	22543
3010	22824
3058	22872
9367	29181
2528	22342
10429	30243
130	19944
67	19881
1625	21439
10085	29899
2592	22406
2430	22244
2068	21882
8519	28333
3600	23414
6710	26524
2737	22551
5098	24912
1296	21110
8327	28141
9494	29308
7209	27023
6496	26310
1931	21745
6954	26768
5832	25646
5719	25533
7154	26968
9544	29358
4985	24799
6566	26380
9347	29161
771	20585
6067	25881
9004	28818
9614	29428
7166	26980
6197	26011
7074	26888
9400	29214
7284	27098
7499	27313
339	20153
1455	21269
2464	22278
7292	27106
7909	27723
604	20418
7452	27266
8553	28367
6699	26513
6144	25958
3938	23752
9133	28947
6526	26340
8273	28087
3871	23685
3308	23122
988	20802
8558	28372
703	20517
8363	28177
3546	23360
6065	25879
2296	22110
9814	29628
3369	23183
1609	21423
3057	22871
690	20504
5012	24826
8248	28062
7340	27154
3245	23059
2886	22700
9333	29147
2164	21978
8666	28480
9028	28842
5347	25161
3351	23165
1969	21783
5465	25279
7449	27263
7233	27047
1368	21182
7482	27296
4677	24491
7947	27761
1454	21268
9971	29785
1510	21324
2730	22544
10233	30047
360	20174
7603	27417
6457	26271
5938	25752
474	20288
7256	27070
5543	25357
2418	22232
4291	24105
3529	23343
4261	24075
4993	24807
1533	21347
8943	28757
6446	26260
5651	25465
9742	29556
8901	28715
1632	21446
1016	20830
565	20379
7559	27373
3052	22866
3362	23176
3024	22838
8600	28414
9754	29568
2287	22101
7298	27112
8838	28652
10293	30107
7757	27571
7392	27206
519	20333
5102	24916
7280	27094
7204	27018
2110	21924
6005	25819
8936	28750
7390	27204
2807	22621
9517	29331
3370	23184
3783	23597
6898	26712
10265	30079
3499	23313
7852	27666
776	20590
1584	21398
2904	22718
5394	25208
3918	23732
8874	28688
865	20679
8641	28455
9796	29610
608	20422
3940	23754
1219	21033
4384	24198
7485	27299
1274	21088
9476	29290
7073	26887
196	20010
8214	28028
5062	24876
5191	25005
9665	29479
6997	26811
9899	29713
10433	30247
4336	24150
9962	29776
10054	29868
5349	25163
9749	29563
7419	27233
7215	27029
1595	21409
3714	23528
4811	24625
3216	23030
9951	29765
9236	29050
5485	25299
2825	22639
4417	24231
5173	24987
4537	24351
9069	28883
5326	25140
6121	25935
2288	22102
2414	22228
10072	29886
5363	25177
6542	26356
7156	26970
2206	22020
7194	27008
9117	28931
10240	30054
7470	27284
9366	29180
1518	21332
1196	21010
1388	21202
10092	29906
8411	28225
4581	24395
4446	24260
6458	26272
9603	29417
3960	23774
6876	26690
3139	22953
6494	26308
8407	28221
9248	29062
9987	29801
6820	26634
8717	28531
9050	28864
10364	30178
7875	27689
1746	21560
4561	24375
269	20083
8347	28161
1637	21451
6908	26722
213	20027
5942	25756
9177	28991
6865	26679
5905	25719
6662	26476
848	20662
5324	25138
5613	25427
3977	23791
2684	22498
6241	26055
5599	25413
358	20172
3160	22974
3636	23450
7468	27282
5185	24999
2194	22008
6677	26491
278	20092
7616	27430
9897	29711
5341	25155
2148	21962
7400	27214
10077	29891
619	20433
5506	25320
1462	21276
8576	28390
4408	24222
1661	21475
1843	21657
7689	27503
3474	23288
8725	28539
1374	21188
7656	27470
750	20564
892	20706
9732	29546
8711	28525
3961	23775
3581	23395
9692	29506
9770	29584
7690	27504
6189	26003
4197	24011
8420	28234
2234	22048
8669	28483
3973	23787
261	20075
722	20536
1914	21728
5951	25765
2157	21971
3828	23642
9032	28846
4697	24511
9293	29107
9722	29536
9577	29391
700	20514
4349	24163
2033	21847
2994	22808
6505	26319
4184	23998
9906	29720
759	20573
3964	23778
5224	25038
18	19832
7151	26965
8487	28301
10037	29851
2250	22064
2954	22768
5444	25258
10434	30248
8538	28352
740	20554
9649	29463
1448	21262
10403	30217
7758	27572
7871	27685
4707	24521
10187	30001
8550	28364
876	20690
3841	23655
637	20451
4010	23824
7745	27559
4249	24063
1125	20939
4251	24065
6950	26764
8618	28432
2178	21992
5436	25250
5242	25056
8712	28526
10311	30125
5087	24901
1268	21082
9456	29270
3562	23376
10270	30084
1597	21411
6420	26234
10028	29842
7978	27792
837	20651
6548	26362
8461	28275
612	20426
756	20570
777	20591
8037	27851
7631	27445
5918	25732
7724	27538
6839	26653
1410	21224
5917	25731
9373	29187
10205	30019
8559	28373
6920	26734
104	19918
3832	23646
2792	22606
5454	25268
5989	25803
6834	26648
6191	26005
7511	27325
7622	27436
8740	28554
1489	21303
3483	23297
8351	28165
4626	24440
4661	24475
5890	25704
976	20790
1286	21100
5979	25793
2881	22695
814	20628
3304	23118
4530	24344
9101	28915
8258	28072
2398	22212
5276	25090
5726	25540
6328	26142
8399	28213
2754	22568
8225	28039
7821	27635
1641	21455
2659	22473
8284	28098
535	20349
4123	23937
7474	27288
2233	22047
9285	29099
227	20041
4651	24465
2845	22659
6433	26247
3468	23282
3156	22970
3302	23116
601	20415
3801	23615
7934	27748
3936	23750
4080	23894
1355	21169
6079	25893
6270	26084
8065	27879
1	19815
2196	22010
5628	25442
9998	29812
596	20410
7050	26864
4515	24329
2544	22358
8729	28543
8707	28521
7473	27287
8274	28088
6916	26730
7845	27659
9868	29682
7726	27540
2888	22702
5045	24859
1111	20925
8295	28109
3219	23033
1617	21431
5314	25128
1328	21142
5870	25684
4612	24426
3587	23401
5643	25457
5846	25660
4283	24097
234	20048
1074	20888
1830	21644
346	20160
3271	23085
458	20272
6473	26287
7107	26921
3034	22848
626	20440
3816	23630
8389	28203
5259	25073
7545	27359
1809	21623
3354	23168
10049	29863
9242	29056
2672	22486
2832	22646
3953	23767
9423	29237
3854	23668
6097	25911
2508	22322
2864	22678
7663	27477
10369	30183
8303	28117
2630	22444
9929	29743
6870	26684
4820	24634
7007	26821
8300	28114
5999	25813
2873	22687
5145	24959
160	19974
3416	23230
4808	24622
3424	23238
8751	28565
9782	29596
1384	21198
721	20535
3962	23776
1428	21242
760	20574
119	19933
6562	26376
5853	25667
3796	23610
8164	27978
9266	29080
6342	26156
6971	26785
4512	24326
5134	24948
860	20674
4516	24330
10467	30281
4869	24683
1691	21505
4520	24334
9482	29296
2590	22404
2949	22763
826	20640
6838	26652
7942	27756
3477	23291
8862	28676
6859	26673
5205	25019
5835	25649
672	20486
4476	24290
2559	22373
4755	24569
7826	27640
1149	20963
2656	22470
2501	22315
3907	23721
3159	22973
8395	28209
3859	23673
7232	27046
6377	26191
179	19993
1669	21483
4777	24591
5491	25305
6773	26587
1378	21192
1855	21669
8133	27947
10058	29872
1048	20862
7887	27701
10332	30146
729	20543
4206	24020
10325	30139
5709	25523
6413	26227
3061	22875
2106	21920
6896	26710
2578	22392
9173	28987
4189	24003
9618	29432
3785	23599
1651	21465
2805	22619
3469	23283
5201	25015
9229	29043
8739	28553
7742	27556
8979	28793
5664	25478
8588	28402
2422	22236
2826	22640
2018	21832
5009	24823
6451	26265
7146	26960
8401	28215
2519	22333
2987	22801
1059	20873
3305	23119
2588	22402
5057	24871
4285	24099
3400	23214
6381	26195
7326	27140
2643	22457
9991	29805
7376	27190
3276	23090
5691	25505
4014	23828
1391	21205
6978	26792
3992	23806
217	20031
4853	24667
5565	25379
3051	22865
1811	21625
8721	28535
6842	26656
9554	29368
10402	30216
9636	29450
391	20205
7810	27624
526	20340
4848	24662
9504	29318
1545	21359
7116	26930
7991	27805
8675	28489
3903	23717
4519	24333
6655	26469
10425	30239
5208	25022
3937	23751
720	20534
7858	27672
5061	24875
7416	27230
8954	28768
4957	24771
1476	21290
8484	28298
4549	24363
4464	24278
7174	26988
7328	27142
10283	30097
3762	23576
7348	27162
478	20292
3721	23535
1605	21419
9237	29051
5097	24911
8883	28697
1121	20935
2878	22692
9937	29751
3966	23780
9475	29289
6936	26750
7011	26825
1781	21595
1563	21377
9866	29680
1562	21376
5766	25580
9728	29542
479	20293
2977	22791
6057	25871
5542	25356
1908	21722
4130	23944
6994	26808
4239	24053
1892	21706
7443	27257
9783	29597
380	20194
9511	29325
2824	22638
3700	23514
7203	27017
2891	22705
8044	27858
9589	29403
8275	28089
4554	24368
1324	21138
10348	30162
9712	29526
951	20765
8282	28096
7309	27123
632	20446
8848	28662
6492	26306
995	20809
3188	23002
912	20726
4459	24273
4229	24043
8526	28340
7274	27088
9928	29742
7555	27369
1557	21371
2980	22794
1130	20944
1024	20838
1718	21532
3760	23574
1767	21581
9462	29276
8211	28025
7601	27415
7251	27065
4652	24466
7650	27464
1261	21075
6886	26700
10307	30121
8537	28351
1023	20837
7205	27019
2627	22441
6443	26257
3149	22963
8488	28302
9033	28847
2011	21825
2025	21839
4799	24613
5223	25037
10376	30190
9274	29088
1145	20959
1772	21586
4344	24158
7181	26995
7388	27202
9255	29069
99	19913
5524	25338
7958	27772
696	20510
3993	23807
9763	29577
6193	26007
8993	28807
1886	21700
6537	26351
541	20355
2706	22520
8143	27957
866	20680
3418	23232
5777	25591
8719	28533
3633	23447
7989	27803
4075	23889
2574	22388
9444	29258
4588	24402
9584	29398
3323	23137
2457	22271
7654	27468
1260	21074
1943	21757
2231	22045
3812	23626
6943	26757
6556	26370
1038	20852
9599	29413
1946	21760
1040	20854
1152	20966
9496	29310
2285	22099
1934	21748
3252	23066
5013	24827
900	20714
1056	20870
6172	25986
220	20034
8256	28070
94	19908
1996	21810
3715	23529
6484	26298
10302	30116
2308	22122
5792	25606
6449	26263
2189	22003
9189	29003
5759	25573
350	20164
3577	23391
8156	27970
4628	24442
5915	25729
4033	23847
7070	26884
1836	21650
10346	30160
8151	27965
6176	25990
2655	22469
9469	29283
8400	28214
2345	22159
6207	26021
4654	24468
9039	28853
9125	28939
2479	22293
8362	28176
11	19825
5790	25604
8911	28725
4616	24430
5174	24988
4423	24237
143	19957
10382	30196
6964	26778
5519	25333
3484	23298
10336	30150
8346	28160
780	20594
560	20374
3134	22948
481	20295
4415	24229
9135	28949
5696	25510
3703	23517
10046	29860
4844	24658
9281	29095
683	20497
7637	27451
2183	21997
2624	22438
8199	28013
7303	27117
8817	28631
8981	28795
9212	29026
5330	25144
5153	24967
9816	29630
4570	24384
3056	22870
6493	26307
7077	26891
2652	22466
841	20655
9113	28927
2401	22215
2372	22186
4989	24803
3150	22964
3429	23243
5420	25234
8755	28569
461	20275
3334	23148
9310	29124
1917	21731
6652	26466
877	20691
6893	26707
8850	28664
5653	25467
4527	24341
3943	23757
2875	22689
9184	28998
3667	23481
10013	29827
4209	24023
8582	28396
1137	20951
673	20487
2468	22282
3549	23363
10396	30210
6691	26505
1407	21221
4350	24164
4845	24659
5655	25469
8070	27884
6415	26229
10292	30106
2336	22150
4214	24028
3868	23682
4876	24690
279	20093
4193	24007
8940	28754
4721	24535
1586	21400
8056	27870
3333	23147
6076	25890
1301	21115
1104	20918
5118	24932
1082	20896
5512	25326
3019	22833
2118	21932
1369	21183
212	20026
4132	23946
8505	28319
10286	30100
4470	24284
8271	28085
6276	26090
5159	24973
4904	24718
9626	29440
7675	27489
5261	25075
540	20354
4731	24545
331	20145
4472	24286
6615	26429
7980	27794
10029	29843
5419	25233
1960	21774
9466	29280
3844	23658
6068	25882
4683	24497
7530	27344
2353	22167
6262	26076
10218	30032
5371	25185
6073	25887
4857	24671
5738	25552
2915	22729
8544	28358
4149	23963
7722	27536
10136	29950
2922	22736
9396	29210
3906	23720
8652	28466
10174	29988
10444	30258
9407	29221
2981	22795
10316	30130
1224	21038
9304	29118
7210	27024
6113	25927
1667	21481
1006	20820
6805	26619
7383	27197
6429	26243
7685	27499
9471	29285
1138	20952
10108	29922
7163	26977
3911	23725
6318	26132
3119	22933
3110	22924
6335	26149
8609	28423
1820	21634
4498	24312
372	20186
1693	21507
9260	29074
4043	23857
745	20559
4529	24343
7033	26847
5860	25674
8910	28724
4826	24640
8560	28374
6824	26638
3856	23670
1053	20867
1663	21477
5316	25130
3909	23723
1237	21051
6979	26793
3309	23123
7351	27165
9657	29471
7168	26982
2065	21879
8176	27990
8994	28808
1434	21248
3285	23099
3921	23735
5672	25486
8804	28618
1814	21628
4224	24038
3028	22842
8665	28479
5338	25152
3194	23008
8396	28210
939	20753
994	20808
3256	23070
4785	24599
204	20018
3306	23120
4824	24638
5059	24873
4369	24183
6221	26035
8152	27966
2742	22556
2565	22379
1761	21575
1277	21091
4671	24485
1662	21476
1173	20987
1901	21715
3293	23107
10377	30191
6361	26175
835	20649
8423	28237
2753	22567
3411	23225
4316	24130
10275	30089
10167	29981
5744	25558
1918	21732
4604	24418
2607	22421
9356	29170
7048	26862
5273	25087
925	20739
6132	25946
7953	27767
6213	26027
7575	27389
10105	29919
845	20659
7793	27607
4365	24179
2383	22197
2459	22273
4911	24725
10019	29833
1363	21177
224	20038
7068	26882
4758	24572
2421	22235
4896	24710
10304	30118
1162	20976
6141	25955
7824	27638
8529	28343
1986	21800
9739	29553
3201	23015
3655	23469
2955	22769
1829	21643
1961	21775
5745	25559
7408	27222
1849	21663
7813	27627
2079	21893
3463	23277
3830	23644
646	20460
7930	27744
864	20678
3732	23546
7972	27786
6902	26716
7906	27720
2536	22350
3523	23337
5383	25197
2984	22798
7819	27633
7512	27326
475	20289
4759	24573
557	20371
8977	28791
19	19833
9854	29668
1060	20874
3403	23217
7193	27007
1521	21335
5980	25794
8937	28751
1906	21720
2768	22582
8135	27949
5017	24831
6999	26813
6759	26573
7231	27045
7361	27175
7282	27096
7497	27311
8578	28392
8021	27835
330	20144
6233	26047
1995	21809
9190	29004
8100	27914
9799	29613
7657	27471
5247	25061
246	20060
669	20483
919	20733
3984	23798
1397	21211
7124	26938
1678	21492
5660	25474
1525	21339
7736	27550
8842	28656
668	20482
4951	24765
838	20652
4539	24353
743	20557
2402	22216
5801	25615
3582	23396
6281	26095
10038	29852
7863	27677
2688	22502
193	20007
4642	24456
8611	28425
4717	24531
8775	28589
2150	21964
8548	28362
9151	28965
2305	22119
247	20061
7853	27667
9277	29091
5340	25154
2014	21828
3083	22897
3341	23155
6013	25827
3614	23428
4165	23979
2855	22669
2114	21928
3455	23269
3889	23703
9182	28996
8444	28258
770	20584
2733	22547
6045	25859
7602	27416
9413	29227
4170	23984
6036	25850
979	20793
901	20715
1851	21665
4100	23914
6487	26301
353	20167
6032	25846
2176	21990
7873	27687
9038	28852
4449	24263
6368	26182
6790	26604
1421	21235
7811	27625
2249	22063
1049	20863
5923	25737
148	19962
10223	30037
2500	22314
3084	22898
8178	27992
916	20730
6081	25895
4460	24274
4765	24579
3926	23740
6609	26423
3244	23058
1189	21003
2407	22221
3132	22946
7560	27374
7123	26937
9403	29217
7135	26949
4963	24777
9946	29760
5080	24894
1976	21790
497	20311
4493	24307
9595	29409
4397	24211
2972	22786
6133	25947
4953	24767
7347	27161
981	20795
2529	22343
8890	28704
8744	28558
2060	21874
649	20463
9430	29244
4958	24772
10453	30267
6675	26489
5711	25525
8577	28391
8470	28284
8657	28471
9926	29740
3221	23035
589	20403
1164	20978
2289	22103
1371	21185
9143	28957
4021	23835
9061	28875
6640	26454
3566	23380
5600	25414
4560	24374
7649	27463
4028	23842
1027	20841
1833	21647
644	20458
5527	25341
2993	22807
3684	23498
6884	26698
545	20359
347	20161
9869	29683
2078	21892
3085	22899
3939	23753
7171	26985
3524	23338
6874	26688
7159	26973
9570	29384
453	20267
6557	26371
6554	26368
4361	24175
8682	28496
6521	26335
3336	23150
5113	24927
396	20210
4510	24324
2960	22774
630	20444
6541	26355
9395	29209
371	20185
7711	27525
8087	27901
5581	25395
8119	27933
3986	23800
4390	24204
7896	27710
8613	28427
10463	30277
3253	23067
1330	21144
8801	28615
3599	23413
4708	24522
6472	26286
5296	25110
7598	27412
9440	29254
2789	22603
156	19970
7900	27714
3372	23186
2965	22779
521	20335
7620	27434
9707	29521
9633	29447
4950	24764
1831	21645
10413	30227
2781	22595
3503	23317
1217	21031
3635	23449
4307	24121
1480	21294
7767	27581
6514	26328
7130	26944
2082	21896
657	20471
7014	26828
5446	25260
7129	26943
10036	29850
3105	22919
9900	29714
10267	30081
1174	20988
3343	23157
10340	30154
4000	23814
8367	28181
3401	23215
8998	28812
10204	30018
5910	25724
8334	28148
9575	29389
9759	29573
820	20634
8569	28383
1979	21793
8398	28212
1941	21755
7250	27064
5104	24918
9472	29286
9920	29734
5959	25773
1697	21511
2309	22123
6587	26401
8939	28753
5493	25307
6930	26744
8357	28171
5751	25565
7917	27731
8720	28534
9483	29297
3735	23549
3765	23579
3900	23714
7415	27229
1612	21426
9891	29705
7178	26992
7763	27577
1527	21341
9960	29774
10	19824
8134	27948
10173	29987
812	20626
2725	22539
6268	26082
7792	27606
6083	25897
6598	26412
2707	22521
9886	29700
5603	25417
10353	30167
5604	25418
5740	25554
2179	21993
3459	23273
9203	29017
9306	29120
1491	21305
5981	25795
7848	27662
7025	26839
1603	21417
9860	29674
4445	24259
8722	28536
9079	28893
404	20218
7840	27654
2612	22426
9528	29342
4063	23877
5157	24971
8914	28728
9425	29239
2634	22448
7259	27073
3430	23244
2052	21866
1823	21637
2642	22456
9571	29385
9309	29123
6956	26770
1406	21220
1598	21412
7540	27354
5136	24950
846	20660
2448	22262
3233	23047
7507	27321
5948	25762
8988	28802
10345	30159
4594	24408
8068	27882
5154	24968
10475	30289
8490	28304
7108	26922
6392	26206
3097	22911
1535	21349
2333	22147
9499	29313
4976	24790
4490	24304
7490	27304
917	20731
2829	22643
4090	23904
3263	23077
4253	24067
10088	29902
10430	30244
2426	22240
1477	21291
10096	29910
647	20461
10234	30048
9621	29435
8584	28398
4109	23923
4443	24257
9319	29133
7372	27186
2834	22648
5475	25289
7604	27418
10219	30033
7609	27423
508	20322
1360	21174
4830	24644
10428	30242
5397	25211
5437	25251
8333	28147
5464	25278
6227	26041
7039	26853
9802	29616
10449	30263
4115	23929
552	20366
2961	22775
1883	21697
7762	27576
4931	24745
10285	30099
5834	25648
2493	22307
1948	21762
4387	24201
4178	23992
7966	27780
10059	29873
1736	21550
5831	25645
5723	25537
547	20361
10248	30062
2382	22196
225	20039
1187	21001
2020	21834
184	19998
1080	20894
5233	25047
6599	26413
8908	28722
10372	30186
5458	25272
4584	24398
3946	23760
676	20490
3942	23756
6673	26487
5690	25504
1409	21223
534	20348
8968	28782
7929	27743
9071	28885
280	20094
6815	26629
189	20003
7916	27730
10110	29924
5566	25380
10247	30061
7287	27101
2673	22487
1229	21043
2758	22572
4942	24756
5033	24847
9082	28896
1881	21695
5965	25779
2541	22355
651	20465
4124	23938
329	20143
8485	28299
732	20546
1560	21374
3270	23084
5333	25147
9308	29122
3971	23785
2171	21985
2806	22620
9323	29137
2827	22641
3184	22998
8003	27817
598	20412
1769	21583
1990	21804
5398	25212
9612	29426
5131	24945
5016	24830
10001	29815
10139	29953
5847	25661
8792	28606
10066	29880
7756	27570
9778	29592
8165	27979
3967	23781
1593	21407
9439	29253
3207	23021
6501	26315
829	20643
4485	24299
5395	25209
8590	28404
9984	29798
169	19983
1398	21212
6745	26559
5924	25738
5557	25371
2208	22022
2842	22656
4531	24345
4908	24722
5805	25619
4287	24101
3727	23541
9368	29182
6208	26022
3606	23420
6611	26425
4840	24654
10078	29892
3517	23331
9949	29763
10390	30204
8343	28157
4013	23827
2263	22077
10280	30094
1001	20815
4836	24650
1279	21093
4281	24095
6038	25852
2546	22360
3592	23406
7329	27143
101	19915
9904	29718
3682	23496
7643	27457
3588	23402
606	20420
761	20575
335	20149
1271	21085
7588	27402
6317	26131
1375	21189
1058	20872
4608	24422
4141	23955
5556	25370
3437	23251
8573	28387
2704	22518
4656	24470
5987	25801
4092	23906
9146	28960
8647	28461
7814	27628
9508	29322
8961	28775
8328	28142
6418	26232
5945	25759
7599	27413
287	20101
1172	20986
7544	27358
9917	29731
1591	21405
4144	23958
5228	25042
334	20148
5408	25222
9102	28916
1255	21069
1468	21282
7451	27265
3963	23777
6955	26769
5160	24974
9350	29164
1551	21365
206	20020
7874	27688
1425	21239
3224	23038
2064	21878
10389	30203
5279	25093
9244	29058
7750	27564
6590	26404
10145	29959
2815	22629
7684	27498
3217	23031
528	20342
3803	23617
8938	28752
5443	25257
2484	22298
2723	22537
9650	29464
8833	28647
5482	25296
4044	23858
5003	24817
9387	29201
7778	27592
5673	25487
216	20030
4678	24492
1594	21408
739	20553
6986	26800
8033	27847
9715	29529
6478	26292
1167	20981
9974	29788
1403	21217
4577	24391
10090	29904
3568	23382
1181	20995
4294	24108
308	20122
4718	24532
5548	25362
4112	23926
3543	23357
2119	21933
2099	21913
948	20762
6802	26616
8945	28759
6823	26637
7212	27026
6053	25867
401	20215
5206	25020
7855	27669
181	19995
3805	23619
233	20047
4217	24031
383	20197
3091	22905
4727	24541
2958	22772
4437	24251
3719	23533
6022	25836
2552	22366
9441	29255
5487	25301
6228	26042
447	20261
7784	27598
1704	21518
1133	20947
3066	22880
2134	21948
6080	25894
7188	27002
2101	21915
2070	21884
76	19890
323	20137
7155	26969
7492	27306
3793	23607
764	20578
4994	24808
90	19904
1700	21514
4986	24800
2951	22765
2335	22149
9105	28919
315	20129
9186	29000
2244	22058
10055	29869
7051	26865
1155	20969
3625	23439
3313	23127
4222	24036
7573	27387
9003	28817
8245	28059
5597	25411
64	19878
10410	30224
4972	24786
7423	27237
1177	20991
9391	29205
947	20761
1380	21194
7461	27275
843	20657
6829	26643
4821	24635
3158	22972
6591	26405
1335	21149
9287	29101
9559	29373
10057	29871
3428	23242
6378	26192
4272	24086
8962	28776
5771	25585
8074	27888
9806	29620
2502	22316
993	20807
9060	28874
2934	22748
223	20037
4452	24266
4299	24113
1337	21151
5144	24958
4532	24346
8236	28050
1169	20983
6827	26641
4232	24046
6165	25979
3392	23206
9760	29574
1193	21007
6093	25907
7964	27778
7547	27361
8189	28003
1282	21096
7561	27375
6649	26463
9334	29148
3845	23659
3944	23758
9890	29704
2534	22348
10268	30082
898	20712
2823	22637
7088	26902
2083	21897
6125	25939
3815	23629
6170	25984
491	20305
1638	21452
2294	22108
123	19937
2640	22454
5310	25124
3853	23667
9320	29134
9145	28959
3317	23131
3486	23300
5665	25479
3494	23308
1577	21391
3266	23080
1405	21219
9873	29687
7590	27404
629	20443
8877	28691
10144	29958
7065	26879
10155	29969
1417	21231
5826	25640
8996	28810
4175	23989
5561	25375
55	19869
9887	29701
10040	29854
499	20313
2160	21974
1921	21735
125	19939
7173	26987
945	20759
3513	23327
4674	24488
10168	29982
3068	22882
4839	24653
4629	24443
6056	25870
3866	23680
1765	21579
2400	22214
7034	26848
8780	28594
7268	27082
6330	26144
10399	30213
4412	24226
10127	29941
7993	27807
4391	24205
7225	27039
9495	29309
4095	23909
5386	25200
6867	26681
82	19896
500	20314
3607	23421
2109	21923
1216	21030
349	20163
2343	22157
375	20189
1817	21631
7713	27527
9382	29196
8149	27963
1959	21773
257	20071
2526	22340
1695	21509
6129	25943
2667	22481
9624	29438
7161	26975
1487	21301
5081	24895
1522	21336
5507	25321
10034	29848
5525	25339
7495	27309
10244	30058
3777	23591
880	20694
655	20469
694	20508
801	20615
6911	26725
7691	27505
6574	26388
9750	29564
4017	23831
9001	28815
8055	27869
9640	29454
379	20193
5614	25428
4242	24056
286	20100
175	19989
7434	27248
8593	28407
3504	23318
2481	22295
7413	27227
855	20669
8129	27943
1028	20842
8084	27898
1197	21011
1538	21352
2368	22182
9010	28824
5703	25517
7101	26915
10493	30307
8794	28608
9314	29128
10052	29866
8496	28310
3101	22915
3467	23281
6156	25970
7247	27061
7774	27588
1493	21307
5108	24922
7954	27768
658	20472
3904	23718
3081	22895
7179	26993
8147	27961
4177	23991
8036	27850
958	20772
599	20413
5024	24838
1002	20816
2297	22111
4133	23947
7682	27496
4308	24122
4875	24689
2903	22717
882	20696
5343	25157
6941	26755
7346	27160
2370	22184
3346	23160
4791	24605
6563	26377
9256	29070
9689	29503
5329	25143
10486	30300
7158	26972
7979	27793
1329	21143
10214	30028
8703	28517
7227	27041
9193	29007
603	20417
3887	23701
6730	26544
1045	20859
9693	29507
8198	28012
9980	29794
4284	24098
5422	25236
2255	22069
2366	22180
2516	22330
8294	28108
6774	26588
6058	25872
2168	21982
2595	22409
7006	26820
9123	28937
4364	24178
8372	28186
3017	22831
1000	20814
7500	27314
6169	25983
4937	24751
7715	27529
6419	26233
6713	26527
9037	28851
5099	24913
10198	30012
6952	26766
863	20677
9470	29284
6987	26801
7572	27386
818	20632
9104	28918
2623	22437
124	19938
7938	27752
6075	25889
5953	25767
6601	26415
4792	24606
6668	26482
956	20770
8595	28409
9968	29782
10220	30034
1295	21109
4798	24612
9150	28964
2626	22440
2193	22007
5921	25735
2741	22555
9389	29203
7265	27079
7595	27409
4623	24437
6535	26349
839	20653
4400	24214
7384	27198
908	20722
1980	21794
4928	24742
695	20509
678	20492
3626	23440
3077	22891
4591	24405
4783	24597
9699	29513
8806	28620
289	20103
1508	21322
3982	23796
208	20022
4148	23962
6792	26606
6249	26063
4975	24789
1018	20832
8677	28491
10189	30003
239	20053
6772	26586
5334	25148
10186	30000
918	20732
3358	23172
10124	29938
2494	22308
3405	23219
9518	29332
4779	24593
253	20067
1785	21599
9893	29707
2912	22726
8583	28397
5828	25642
4441	24255
5809	25623
4944	24758
6663	26477
10229	30043
10421	30235
7519	27333
9514	29328
1679	21493
10379	30193
10084	29898
7790	27604
7504	27318
7732	27546
8413	28227
9726	29540
886	20700
4597	24411
2996	22810
6198	26012
7076	26890
5684	25498
4635	24449
2295	22109
9856	29670
9957	29771
6751	26565
4353	24167
2584	22398
3692	23506
3713	23527
5412	25226
7902	27716
7983	27797
10237	30051
7907	27721
10148	29962
5927	25741
9027	28841
6391	26205
4338	24152
5381	25195
6338	26152
8233	28047
825	20639
9567	29381
5126	24940
6522	26336
8317	28131
5991	25805
1688	21502
5717	25531
1858	21672
4823	24637
6359	26173
7787	27601
10309	30123
4419	24233
769	20583
4996	24810
9985	29799
7986	27800
5031	24845
8029	27843
5734	25548
1733	21547
1319	21133
987	20801
8387	28201
9303	29117
6060	25874
8865	28679
2911	22725
9502	29316
921	20735
3775	23589
8050	27864
8502	28316
5883	25697
510	20324
748	20562
4609	24423
4104	23918
3931	23745
3969	23783
10436	30250
3226	23040
3200	23014
1460	21274
5720	25534
8760	28574
4385	24199
9885	29699
271	20085
9744	29558
8689	28503
7880	27694
5781	25595
7700	27514
8336	28150
5705	25519
2568	22382
5658	25472
8366	28180
5091	24905
5642	25456
6571	26385
1544	21358
9345	29159
773	20587
7463	27277
8437	28251
9434	29248
8946	28760
659	20473
784	20598
6631	26445
4723	24537
3255	23069
1758	21572
827	20641
4379	24193
5175	24989
3136	22950
32	19846
3742	23556
8868	28682
4709	24523
9632	29446
5211	25025
5377	25191
9568	29382
10158	29972
7775	27589
8299	28113
5552	25366
2093	21907
2201	22015
8815	28629
7380	27194
8917	28731
4555	24369
6766	26580
2260	22074
8486	28300
2982	22796
1131	20945
2583	22397
7612	27426
8465	28279
1341	21155
4468	24282
5222	25036
3111	22925
8989	28803
1978	21792
3120	22934
8341	28155
6320	26134
3642	23456
7820	27634
8851	28665
9450	29264
5977	25791
4474	24288
1799	21613
7864	27678
8091	27905
7915	27729
4552	24366
6345	26159
9360	29174
157	19971
3482	23296
8960	28774
1676	21490
9227	29041
2898	22712
9261	29075
5639	25453
4194	24008
9779	29593
7508	27322
2849	22663
5688	25502
2393	22207
7626	27440
4954	24768
2557	22371
2831	22645
5520	25334
59	19873
8630	28444
8907	28721
9272	29086
285	20099
8011	27825
7223	27037
3882	23696
6692	26506
2527	22341
634	20448
3082	22896
6846	26660
10245	30059
1161	20975
8527	28341
3490	23304
5225	25039
10008	29822
5210	25024
3627	23441
7607	27421
5894	25708
3917	23731
2434	22248
382	20196
692	20506
8795	28609
680	20494
6414	26228
8103	27917
8455	28269
7794	27608
8405	28219
10327	30141
9685	29499
5282	25096
7446	27260
1962	21776
3994	23808
307	20121
9362	29176
3950	23764
9850	29664
1740	21554
4049	23863
1503	21317
4548	24362
1904	21718
6077	25891
3473	23287
5209	25023
2042	21856
10098	29912
6102	25916
6152	25966
4619	24433
6657	26471
1317	21131
1923	21737
8345	28159
7137	26951
5775	25589
610	20424
4945	24759
9879	29693
4440	24254
5432	25246
681	20495
178	19992
6224	26038
2920	22734
2788	22602
8108	27922
4481	24295
1291	21105
8934	28748
5453	25267
6972	26786
7399	27213
9522	29336
416	20230
4916	24730
3314	23128
3731	23545
3850	23664
2031	21845
5290	25104
10358	30172
7387	27201
1256	21070
7056	26870
9422	29236
5213	25027
2847	22661
6408	26222
5881	25695
2181	21995
1276	21090
4208	24022
1136	20950
1871	21685
569	20383
1336	21150
7948	27762
5030	24844
6507	26321
10343	30157
7299	27113
10473	30287
1656	21470
4048	23862
8535	28349
4884	24698
9644	29458
3630	23444
6118	25932
9780	29594
9936	29750
3605	23419
645	20459
8182	27996
5997	25811
8109	27923
7407	27221
868	20682
9691	29505
5026	24840
766	20580
9560	29374
613	20427
3050	22864
8852	28666
3210	23024
582	20396
6736	26550
3122	22936
7358	27172
3915	23729
4216	24030
1114	20928
1424	21238
2396	22210
2137	21951
6052	25866
7125	26939
8122	27936
1402	21216
2085	21899
518	20332
6064	25878
58	19872
7524	27338
6913	26727
2705	22519
9766	29580
9643	29457
9537	29351
450	20264
7206	27020
5137	24951
2668	22482
7069	26883
8239	28053
7455	27269
430	20244
2553	22367
9235	29049
924	20738
417	20231
4082	23896
4914	24728
8714	28528
1346	21160
6787	26601
185	19999
4058	23872
2680	22494
5477	25291
8206	28020
243	20057
7018	26832
1987	21801
8308	28122
4140	23954
5983	25797
4174	23988
4789	24603
4267	24081
2809	22623
7148	26962
1709	21523
6849	26663
3035	22849
5873	25687
6296	26110
4898	24712
8204	28018
5813	25627
4254	24068
6147	25961
1148	20962
874	20688
1604	21418
3507	23321
6648	26462
282	20096
6422	26236
6905	26719
2676	22490
5229	25043
7872	27686
5872	25686
8805	28619
6354	26168
623	20437
828	20642
6011	25825
6155	25969
3827	23641
3901	23715
6953	26767
10431	30245
5925	25739
8425	28239
2017	21831
6434	26248
6578	26392
1955	21769
1719	21533
4714	24528
3454	23268
7035	26849
4324	24138
6877	26691
10277	30091
3905	23719
10440	30254
2585	22399
276	20090
2090	21904
3699	23513
6720	26534
3679	23493
2265	22079
1774	21588
936	20750
10407	30221
7868	27682
1103	20917
4179	23993
8224	28038
2812	22626
938	20752
4740	24554
949	20763
9844	29658
7589	27403
3337	23151
6885	26699
7344	27158
7723	27537
7688	27502
6816	26630
7359	27173
9593	29407
9896	29710
4855	24669
406	20220
4938	24752
10356	30170
3146	22960
2075	21889
10306	30120
8678	28492
2513	22327
6382	26196
6498	26312
1958	21772
2356	22170
7494	27308
5190	25004
1854	21668
6961	26775
2172	21986
1157	20971
4335	24149
3311	23125
7677	27491
1445	21259
7680	27494
3820	23634
449	20263
5370	25184
8207	28021
2775	22589
4967	24781
4696	24510
9233	29047
6888	26702
10006	29820
3554	23368
2520	22334
10254	30068
7841	27655
8531	28345
2429	22243
295	20109
5146	24960
9157	28971
4955	24769
6157	25971
4438	24252
10151	29965
6684	26498
7706	27520
7799	27613
5181	24995
1467	21281
5365	25179
9930	29744
3179	22993
2901	22715
3018	22832
7099	26913
7945	27759
1183	20997
8266	28080
365	20179
4238	24052
8661	28475
496	20310
8306	28120
9219	29033
5308	25122
2047	21861
10458	30272
2924	22738
3683	23497
3553	23367
8866	28680
5390	25204
2663	22477
1898	21712
10202	30016
7314	27128
7542	27356
8870	28684
9959	29773
6779	26593
10126	29940
3884	23698
5884	25698
1461	21275
2872	22686
1502	21316
8196	28010
1316	21130
9428	29242
4393	24207
2100	21914
6619	26433
8067	27881
5736	25550
1576	21390
4568	24382
8991	28805
600	20414
4077	23891
5645	25459
7707	27521
1091	20905
8742	28556
1985	21799
9925	29739
1528	21342
252	20066
5928	25742
6293	26107
3933	23747
10128	29942
2304	22118
9841	29655
1880	21694
7445	27259
3227	23041
4011	23825
2683	22497
8563	28377
10261	30075
4161	23975
9680	29494
4221	24035
9226	29040
507	20321
8004	27818
136	19950
6477	26291
8700	28514
875	20689
6278	26092
3415	23229
4780	24594
29	19843
4551	24365
6656	26470
8208	28022
4917	24731
7998	27812
5659	25473
8229	28043
6403	26217
4847	24661
1241	21055
423	20237
7725	27539
5770	25584
816	20630
3674	23488
8338	28152
1569	21383
4056	23870
2567	22381
3893	23707
2146	21960
1246	21060
312	20126
132	19946
6589	26403
2512	22326
3165	22979
10125	29939
6516	26330
306	20120
3919	23733
896	20710
6645	26459
3839	23653
4750	24564
228	20042
8185	27999
2537	22351
6734	26548
4035	23849
3186	23000
10466	30280
4105	23919
7481	27295
2747	22561
6617	26431
6864	26678
7956	27770
2315	22129
3381	23195
7291	27105
4770	24584
8604	28418
2531	22345
3619	23433
1793	21607
8048	27862
2939	22753
2998	22812
7333	27147
3665	23479
9938	29752
6917	26731
7932	27746
3288	23102
5011	24825
5741	25555
9206	29020
6069	25883
6880	26694
6286	26100
4702	24516
6739	26553
10459	30273
9877	29691
3489	23303
1902	21716
8589	28403
5271	25085
9371	29185
3218	23032
1897	21711
5657	25471
10007	29821
9812	29626
96	19910
536	20350
2932	22746
8324	28138
654	20468
5051	24865
3012	22826
5857	25671
3251	23065
4202	24016
648	20462
6721	26535
5197	25011
4199	24013
8320	28134
3941	23755
3118	22932
2154	21968
5592	25406
9171	28985
8699	28513
6832	26646
1572	21386
8975	28789
1431	21245
4345	24159
6695	26509
5988	25802
873	20687
1159	20973
291	20105
9449	29263
667	20481
689	20503
9262	29076
9152	28966
4641	24455
5364	25178
1857	21671
1715	21529
5221	25035
4171	23985
5837	25651
6351	26165
7412	27226
7157	26971
10021	29835
5266	25080
9045	28859
8072	27886
494	20308
7409	27223
2024	21838
9914	29728
5594	25408
4269	24083
448	20262
2946	22760
2449	22263
7961	27775
4933	24747
4407	24221
8094	27908
2782	22596
4473	24287
5325	25139
9167	28981
1983	21797
3620	23434
8494	28308
5217	25031
1030	20844
180	19994
9172	28986
1289	21103
2937	22751
5335	25149
4309	24123
10215	30029
8919	28733
9300	29114
923	20737
6760	26574
3851	23665
4829	24643
7260	27074
4311	24125
6063	25877
4648	24462
6110	25924
4271	24085
476	20290
5583	25397
363	20177
982	20796
3807	23621
3367	23181
405	20219
8841	28655
915	20729
7889	27703
8656	28470
2292	22106
2186	22000
244	20058
2555	22369
6309	26123
6882	26696
9140	28954
10004	29818
568	20382
1634	21448
635	20449
4692	24506
6613	26427
7613	27427
4068	23882
5529	25343
1622	21436
6088	25902
3923	23737
4235	24049
10257	30071
9328	29142
7295	27109
5467	25281
7053	26867
10381	30195
7317	27131
9282	29096
790	20604
6438	26252
5598	25412
5546	25360
4970	24784
871	20685
8311	28125
1935	21749
4610	24424
2432	22246
8672	28486
5299	25113
8002	27816
7797	27611
7636	27450
888	20702
7952	27766
4166	23980
1970	21784
2893	22707
4939	24753
6813	26627
5428	25242
7103	26917
8349	28163
9089	28903
9218	29032
8184	27998
1025	20839
7060	26874
4947	24761
9695	29509
9861	29675
1728	21542
5907	25721
3451	23265
4873	24687
4330	24144
3834	23648
8297	28111
2403	22217
7357	27171
8145	27959
3127	22941
1698	21512
772	20586
851	20665
412	20226
3292	23106
9348	29162
6445	26259
95	19909
5466	25280
3693	23507
4323	24137
2606	22420
5382	25196
4715	24529
980	20794
8054	27868
1050	20864
9785	29599
273	20087
7697	27511
1915	21729
1760	21574
9597	29411
3209	23023
3492	23306
8790	28604
4834	24648
789	20603
2384	22198
9049	28863
8534	28348
9115	28929
9419	29233
2235	22049
194	20008
5926	25740
8639	28453
6879	26693
5550	25364
2608	22422
2523	22337
9889	29703
4983	24797
6702	26516
4730	24544
7642	27456
9474	29288
9550	29364
2817	22631
237	20051
8931	28745
7615	27429
251	20065
6725	26539
8309	28123
4456	24270
8006	27820
7016	26830
5607	25421
8637	28451
10406	30220
9535	29349
7940	27754
4496	24310
5718	25532
5772	25586
2580	22394
6618	26432
7177	26991
207	20021
2397	22211
10251	30065
5093	24907
161	19975
10397	30211
84	19898
2970	22784
795	20609
4065	23879
8511	28325
6637	26451
6122	25936
3555	23369
9294	29108
6091	25905
290	20104
3299	23113
1034	20848
54	19868
6588	26402
8080	27894
5076	24890
8633	28447
515	20329
7897	27711
671	20485
93	19907
9198	29012
884	20698
4835	24649
9673	29487
10115	29929
9437	29251
7110	26924
578	20392
9336	29150
8886	28700
6621	26435
2238	22052
8580	28394
4319	24133
9421	29235
691	20505
3996	23810
2002	21816
8180	27994
1007	20821
2069	21883
2290	22104
8089	27903
8947	28761
452	20266
9532	29346
221	20035
4289	24103
10468	30282
4858	24672
9339	29153
1499	21313
9405	29219
7777	27591
6935	26749
3644	23458
3613	23427
2038	21852
9415	29229
7453	27267
8982	28796
902	20716
4864	24678
2278	22092
2614	22428
10341	30155
10420	30234
7567	27381
9954	29768
8726	28540
6858	26672
1061	20875
6243	26057
7827	27641
4219	24033
6848	26662
6981	26795
1939	21753
4745	24559
883	20697
8237	28051
7733	27547
9668	29482
1310	21124
2121	21935
8223	28037
2744	22558
1014	20828
3408	23222
8028	27842
7487	27301
6749	26563
7373	27187
3264	23078
9275	29089
4724	24538
5286	25100
3382	23196
1242	21056
6237	26051
4666	24480
9916	29730
9160	28974
10109	29923
4867	24681
2162	21976
1783	21597
5101	24915
733	20547
903	20717
9992	29806
7586	27400
5547	25361
10070	29884
2487	22301
8015	27829
4567	24381
7714	27528
6341	26155
1304	21118
10195	30009
8704	28518
5761	25575
5681	25495
7593	27407
6183	25997
7121	26935
8127	27941
6355	26169
10113	29927
2498	22312
195	20009
8136	27950
5902	25716
9055	28869
8636	28450
2538	22352
6029	25843
8250	28064
1222	21036
7304	27118
6958	26772
1504	21318
8705	28519
4686	24500
6633	26447
455	20269
5311	25125
10337	30151
7633	27447
7102	26916
9012	28826
3258	23072
3500	23314
6195	26009
6299	26113
2790	22604
7349	27163
5471	25285
1826	21640
954	20768
5262	25076
3488	23302
6267	26081
3449	23263
8585	28399
4647	24461
7467	27281
10053	29867
34	19848
9894	29708
4465	24279
3857	23671
1579	21393
6697	26511
10290	30104
48	19862
4726	24540
6895	26709
4183	23997
3657	23471
9335	29149
991	20805
183	19997
10269	30083
5843	25657
4870	24684
1828	21642
158	19972
6407	26221
8019	27833
6217	26031
1203	21017
6336	26150
1777	21591
5697	25511
2745	22559
7199	27013
9762	29576
6636	26450
2094	21908
4405	24219
7112	26926
16	19830
719	20533
7809	27623
3151	22965
3352	23166
1526	21340
3140	22954
8301	28115
8382	28196
8992	28806
6226	26040
2899	22713
2766	22580
6625	26439
3610	23424
1115	20929
31	19845
9561	29375
5166	24980
6282	26096
8687	28501
2495	22309
5235	25049
4633	24447
8706	28520
6285	26099
4296	24110
8018	27832
9286	29100
3629	23443
5731	25545
5044	24858
10476	30290
7045	26859
4682	24496
9354	29168
930	20744
2116	21930
7618	27432
1967	21781
10368	30182
2722	22536
5141	24955
2767	22581
8503	28317
8844	28658
2857	22671
8369	28183
7370	27184
2142	21956
7491	27305
9486	29300
1635	21449
10383	30197
2752	22566
1370	21184
10203	30017
2743	22557
3505	23319
717	20531
5025	24839
10447	30261
2641	22455
3272	23086
6855	26669
7747	27561
3280	23094
2874	22688
3022	22836
5685	25499
3556	23370
5526	25340
1873	21687
4211	24025
354	20168
527	20341
3947	23761
3374	23188
9901	29715
1621	21435
8607	28421
7698	27512
1416	21230
9690	29504
9876	29690
2486	22300
6854	26668
9817	29631
9921	29735
6222	26036
4569	24383
5376	25190
8497	28311
3278	23092
5893	25707
313	20127
1089	20903
1107	20921
8468	28282
8941	28755
1580	21394
1095	20909
3922	23736
6168	25982
10424	30238
6272	26086
1194	21008
6455	26269
4094	23908
1041	20855
2049	21863
1376	21190
4145	23959
134	19948
10300	30114
5479	25293
2470	22284
3385	23199
5414	25228
9594	29408
9813	29627
5752	25566
9952	29766
8277	28091
3608	23422
7441	27255
10298	30112
9280	29094
928	20742
7514	27328
1293	21107
5063	24877
859	20673
1098	20912
366	20180
3690	23504
2210	22024
4457	24271
9543	29357
4380	24194
2306	22120
4342	24156
8312	28126
2740	22554
2371	22185
7751	27565
6520	26334
8543	28357
3204	23018
9276	29090
9298	29112
2433	22247
6033	25847
531	20345
5158	24972
9134	28948
4806	24620
2665	22479
8371	28185
9842	29656
10418	30232
6082	25896
2252	22066
9526	29340
675	20489
3787	23601
4205	24019
8820	28634
2648	22462
8649	28463
5504	25318
8418	28232
9909	29723
3811	23625
10045	29859
7480	27294
3664	23478
8447	28261
219	20033
1780	21594
4432	24246
9420	29234
10437	30251
10076	29890
7141	26955
2062	21876
2392	22206
8194	28008
511	20325
2163	21977
5896	25710
1153	20967
5474	25288
4280	24094
6346	26160
4439	24253
1546	21360
8957	28771
6976	26790
8039	27853
8724	28538
7377	27191
4156	23970
4167	23981
2441	22255
10160	29974
3959	23773
8507	28321
2054	21868
5856	25670
5152	24966
7702	27516
3539	23353
3145	22959
2170	21984
6105	25919
7753	27567
1878	21692
8042	27856
2757	22571
3261	23075
409	20223
2461	22275
8352	28166
2279	22093
1845	21659
9443	29257
10227	30041
3891	23705
9622	29436
8683	28497
9065	28879
3137	22951
8709	28523
6705	26519
7640	27454
6651	26465
10199	30013
6560	26374
1803	21617
7414	27228
6490	26304
7629	27443
17	19831
4116	23930
4511	24325
6274	26088
1808	21622
8073	27887
6970	26784
5202	25016
3883	23697
6552	26366
1936	21750
8967	28781
2056	21870
7454	27268
5472	25286
9801	29615
3789	23603
7191	27005
9361	29175
8660	28474
9521	29335
7324	27138
5850	25664
10497	30311
3999	23813
3193	23007
4376	24190
5933	25747
2450	22264
1325	21139
4523	24337
5994	25808
725	20539
4374	24188
2861	22675
7394	27208
1334	21148
5488	25302
1937	21751
3371	23185
9148	28962
6023	25837
4886	24700
9375	29189
9627	29441
8575	28389
7949	27763
1084	20898
6861	26675
4328	24142
5610	25424
2177	21991
7343	27157
6321	26135
5328	25142
3521	23335
337	20151
9846	29660
4358	24172
6481	26295
3378	23192
3458	23272
664	20478
256	20070
4195	24009
4579	24393
5058	24872
6597	26411
3712	23526
10210	30024
9530	29344
8716	28530
2613	22427
7019	26833
4804	24618
8966	28780
255	20069
3167	22981
1171	20985
6768	26582
8768	28582
8169	27983
1333	21147
3497	23311
5459	25273
7169	26983
7849	27663
1752	21566
2964	22778
10371	30185
7320	27134
7931	27745
5230	25044
5830	25644
326	20140
162	19976
2925	22739
1163	20977
8909	28723
768	20582
3349	23163
2314	22128
8082	27896
9864	29678
1601	21415
1755	21569
9398	29212
522	20336
6480	26294
4842	24656
264	20078
4341	24155
9713	29527
4764	24578
8788	28602
10347	30161
8897	28711
7143	26957
8482	28296
5713	25527
3493	23307
6517	26331
8612	28426
8110	27924
342	20156
6054	25868
1092	20906
8467	28281
9703	29517
744	20558
1033	20847
7089	26903
9753	29567
6234	26048
3417	23231
4795	24609
8263	28077
1786	21600
7140	26954
7241	27055
1816	21630
6026	25840
3708	23522
10278	30092
1206	21020
10235	30049
9865	29679
10192	30006
85	19899
8051	27865
561	20375
5601	25415
343	20157
5521	25335
2322	22136
8390	28204
8504	28318
7606	27420
5579	25393
5572	25386
2043	21857
7100	26914
2251	22065
10154	29968
10097	29911
3445	23259
2113	21927
4227	24041
9671	29485
2184	21998
9358	29172
1443	21257
5815	25629
8368	28182
3849	23663
8489	28303
106	19920
2814	22628
9372	29186
5591	25405
8113	27927
8579	28393
10228	30042
9924	29738
3810	23624
3952	23766
3571	23385
9417	29231
3995	23809
9564	29378
8733	28547
4893	24707
1537	21351
432	20246
2128	21942
4761	24575
6089	25903
8086	27900
4540	24354
6810	26624
1389	21203
187	20001
2762	22576
3414	23228
5140	24954
3615	23429
5785	25599
1365	21179
8787	28601
10438	30252
2228	22042
10495	30309
6845	26659
4218	24032
2582	22396
1711	21525
4784	24598
7221	27035
5275	25089
5839	25653
5677	25491
5176	24990
7748	27562
9432	29246
8426	28240
9902	29716
6260	26074
4389	24203
8162	27976
10400	30214
6744	26558
6012	25826
10207	30021
2679	22493
712	20526
5198	25012
4640	24454
9931	29745
9720	29534
9853	29667
7760	27574
5823	25637
6030	25844
1947	21761
622	20436
1101	20915
4675	24489
4454	24268
2073	21887
1895	21709
6726	26540
2102	21916
4710	24524
4546	24360
4102	23916
9044	28858
872	20686
7838	27652
3060	22874
4180	23994
970	20784
10328	30142
7571	27385
240	20054
8322	28136
3774	23588
9246	29060
5656	25470
9804	29618
8581	28395
6251	26065
2601	22415
6395	26209
1657	21471
6672	26486
8893	28707
6674	26488
4689	24503
9048	28862
2126	21940
1727	21541
6219	26033
6901	26715
9393	29207
5293	25107
1835	21649
7104	26918
706	20520
4655	24469
10423	30237
8621	28435
4856	24670
1592	21406
5040	24854
10315	30129
2084	21898
9752	29566
41	19855
7367	27181
9883	29697
6580	26394
1759	21573
10461	30275
2174	21988
9343	29157
7645	27459
1884	21698
3863	23677
9429	29243
4210	24024
3865	23679
5489	25303
1495	21309
9480	29294
6819	26633
2521	22335
3384	23198
5827	25641
3838	23652
6862	26676
431	20245
4605	24419
8168	27982
4256	24070
6061	25875
6130	25944
2097	21911
9827	29641
3383	23197
5763	25577
7010	26824
9658	29472
2629	22443
6623	26437
5319	25133
9026	28840
7648	27462
6186	26000
7420	27234
4987	24801
10263	30077
425	20239
4084	23898
10256	30070
2063	21877
4658	24472
9670	29484
2895	22709
4409	24223
8747	28561
10448	30262
4906	24720
6211	26025
9394	29208
8597	28411
1087	20901
698	20512
3373	23187
9341	29155
6982	26796
1254	21068
4067	23881
2354	22168
8293	28107
821	20635
118	19932
1639	21453
9503	29317
5107	24921
3776	23590
10041	29855
6995	26809
6327	26141
1512	21326
4793	24607
7183	26997
7258	27072
3047	22861
27	19841
3324	23138
8032	27846
8261	28075
1436	21250
1129	20943
6942	26756
1070	20884
8965	28779
3579	23393
1945	21759
3609	23423
6700	26514
2550	22364
6062	25876
7834	27648
8209	28023
6117	25931
6763	26577
7985	27799
2822	22636
6372	26186
7185	26999
5903	25717
2938	22752
5786	25600
4186	24000
8631	28445
9408	29222
1832	21646
5049	24863
2653	22467
6203	26017
198	20012
6019	25833
6364	26178
9307	29121
1771	21585
6263	26077
5803	25617
1086	20900
3736	23550
4767	24581
23	19837
663	20477
7244	27058
9414	29228
2517	22331
10313	30127
1386	21200
5993	25807
7839	27653
6807	26621
10018	29832
8732	28546
718	20532
4264	24078
1253	21067
4111	23925
1589	21403
3988	23802
7857	27671
2713	22527
5629	25443
2092	21906
6474	26288
10472	30286
3460	23274
4741	24555
4580	24394
767	20581
9265	29079
3840	23654
2307	22121
7674	27488
8441	28255
2778	22592
2897	22711
9500	29314
10206	30020
1725	21539
3130	22944
7308	27122
211	20025
5120	24934
3027	22841
7704	27518
853	20667
2853	22667
7294	27108
935	20749
3621	23435
7385	27199
2272	22086
6826	26640
3897	23711
6529	26343
3478	23292
6220	26034
4331	24145
1258	21072
359	20173
2127	21941
9438	29252
3870	23684
6973	26787
685	20499
2490	22304
8038	27852
6991	26805
6126	25940
8574	28388
8262	28076
1243	21057
1839	21653
3792	23606
5462	25276
8175	27989
5450	25264
9672	29486
4890	24704
4851	24665
7498	27312
9165	28979
7921	27735
7430	27244
869	20683
8092	27906
327	20141
9337	29151
9852	29666
10427	30241
7768	27582
1501	21315
121	19935
9078	28892
3956	23770
5315	25129
9029	28843
3348	23162
1079	20893
1345	21159
4699	24513
7350	27164
2846	22660
1977	21791
7004	26818
5725	25539
6980	26794
2458	22272
6295	26109
8523	28337
4138	23952
10398	30212
9497	29311
728	20542
3421	23235
69	19883
272	20086
9912	29726
7625	27439
1534	21348
10082	29896
5429	25243
9239	29053
1381	21195
833	20647
3538	23352
3176	22990
906	20720
5156	24970
3138	22952
6432	26246
5352	25166
6279	26093
4038	23852
1151	20965
2037	21851
3890	23704
8545	28359
3294	23108
5892	25706
7248	27062
8658	28472
3420	23234
7030	26844
8990	28804
10334	30148
3948	23762
620	20434
3822	23636
4924	24738
9935	29749
10138	29952
8552	28366
3031	22845
6847	26661
120	19934
1587	21401
4843	24657
6513	26327
9970	29784
165	19979
1848	21662
4887	24701
8905	28719
4852	24666
710	20524
6360	26174
2685	22499
7744	27558
4883	24697
5686	25500
6379	26193
9655	29469
4754	24568
2929	22743
7844	27658
8615	28429
2990	22804
6138	25952
4910	24724
5947	25761
6753	26567
4573	24387
3168	22982
10488	30302
4016	23830
1220	21034
6836	26650
7610	27424
6424	26238
1954	21768
10183	29997
2518	22332
1791	21605
3344	23158
3380	23194
9540	29354
2325	22139
2229	22043
6518	26332
1773	21587
3203	23017
5409	25223
6491	26305
9299	29113
3729	23543
1062	20876
6575	26389
7236	27050
97	19911
8829	28643
7331	27145
9223	29037
5975	25789
107	19921
9018	28832
1570	21384
7910	27724
10284	30098
7865	27679
3301	23115
9706	29520
10015	29829
1066	20880
10442	30256
9109	28923
8310	28124
9507	29321
1198	21012
1311	21125
9710	29524
684	20498
9091	28905
7020	26834
9587	29401
9153	28967
3876	23690
9956	29770
7937	27751
5285	25099
2507	22321
5258	25072
9566	29380
1356	21170
6008	25822
8671	28485
4854	24668
2796	22610
7261	27075
6437	26251
8213	28027
9230	29044
9312	29126
4240	24054
2330	22144
2318	22132
10324	30138
6757	26571
6533	26347
5811	25625
3279	23093
2195	22009
4587	24401
5368	25182
2759	22573
539	20353
10253	30067
8365	28179
1411	21225
5243	25057
5234	25048
4665	24479
8243	28057
8112	27926
1068	20882
9645	29459
6704	26518
5990	25804
2143	21957
376	20190
2503	22317
3230	23044
2602	22416
2646	22460
7398	27212
9700	29514
10009	29823
9374	29188
2865	22679
2651	22465
1865	21679
2135	21949
8491	28305
10121	29935
6204	26018
10135	29949
6347	26161
3894	23708
2712	22526
8556	28370
2454	22268
8394	28208
3099	22913
2710	22524
5151	24965
4582	24396
7321	27135
2870	22684
4962	24776
1387	21201
6624	26438
7096	26910
9758	29572
5105	24919
1834	21648
4502	24316
7213	27027
8137	27951
850	20664
6290	26104
616	20430
4725	24539
9524	29338
4359	24173
3761	23575
8859	28673
8586	28400
5609	25423
618	20432
8808	28622
9130	28944
4631	24445
5207	25021
4688	24502
4418	24232
5029	24843
7008	26822
1794	21608
8894	28708
3758	23572
2586	22400
2045	21859
6776	26590
5743	25557
5791	25605
4362	24176
1618	21432
6040	25854
1862	21676
4259	24073
1999	21813
3716	23530
9771	29585
4125	23939
6828	26642
3055	22869
4925	24739
1292	21106
4255	24069
7516	27330
9963	29777
10065	29879
9836	29650
10112	29926
5367	25181
3208	23022
5111	24925
9741	29555
6468	26282
4286	24100
8972	28786
6284	26098
7271	27085
3413	23227
1348	21162
5182	24996
2933	22747
3479	23293
8753	28567
895	20709
2916	22730
5742	25556
5023	24837
9289	29103
857	20671
6926	26740
8533	28347
9534	29348
6489	26303
1968	21782
2944	22758
6798	26612
4366	24180
10123	29937
4574	24388
9905	29719
5069	24883
283	20097
8659	28473
9062	28876
9923	29737
7926	27740
4716	24530
9	19823
2215	22029
5748	25562
7175	26989
414	20228
7580	27394
2344	22158
6111	25925
2649	22463
8536	28350
8287	28101
4687	24501
7522	27336
624	20438
2337	22151
8902	28716
410	20224
7208	27022
7165	26979
459	20273
6106	25920
8746	28560
8381	28195
4327	24141
10483	30297
10010	29824
6658	26472
6747	26561
726	20540
2506	22320
1614	21428
2380	22194
2120	21934
258	20072
7925	27739
7563	27377
7577	27391
4909	24723
5366	25180
9446	29260
9818	29632
4734	24548
8791	28605
9979	29793
5079	24893
852	20666
5124	24938
10116	29930
6259	26073
8452	28266
9740	29554
8014	27828
8873	28687
2091	21905
7808	27622
2197	22011
35	19849
8480	28294
9477	29291
241	20055
7957	27771
5670	25484
6871	26685
10132	29946
8210	28024
397	20211
1565	21379
1280	21094
6271	26085
444	20258
10002	29816
9131	28945
3284	23098
2004	21818
1318	21132
9076	28890
7310	27124
7829	27643
4663	24477
3107	22921
1344	21158
6256	26070
7087	26901
3398	23212
9121	28935
2913	22727
9118	28932
9847	29661
6782	26596
8384	28198
1613	21427
5590	25404
10093	29907
2404	22218
3640	23454
6098	25912
3347	23161
7503	27317
8715	28529
1158	20972
7847	27661
7113	26927
1907	21721
2887	22701
4535	24349
5200	25014
1837	21651
2491	22305
3491	23305
5544	25358
4137	23951
9767	29581
236	20050
4352	24166
5042	24856
1185	20999
9823	29637
5871	25685
8240	28054
8222	28036
6543	26357
4491	24305
2124	21938
9574	29388
10451	30265
9513	29327
3561	23375
8458	28272
1770	21584
7266	27080
5387	25201
2145	21959
6789	26603
1673	21487
492	20306
4659	24473
3848	23662
4019	23833
8812	28626
1905	21719
4363	24177
8686	28500
577	20391
5636	25450
8445	28259
2839	22653
8337	28151
2596	22410
386	20200
1464	21278
9409	29223
8692	28506
6801	26615
6536	26350
6050	25864
5858	25672
796	20610
3782	23596
2003	21817
4615	24429
6137	25951
111	19925
2992	22806
10101	29915
9053	28867
5700	25514
6531	26345
3211	23025
4467	24281
68	19882
555	20369
3481	23295
7913	27727
293	20107
1629	21443
1838	21652
8344	28158
3737	23551
7807	27621
5096	24910
6142	25956
1486	21300
1702	21516
5220	25034
10039	29853
4693	24507
7431	27245
4877	24691
8567	28381
10209	30023
6114	25928
5537	25351
5245	25059
6528	26342
6594	26408
3395	23209
5379	25193
5750	25564
1724	21538
4159	23973
1017	20831
5630	25444
9764	29578
274	20088
5758	25572
1393	21207
9455	29269
2801	22615
4669	24483
7944	27758
462	20276
2995	22809
248	20062
3003	22817
4463	24277
960	20774
4103	23917
4442	24256
2927	22741
2007	21821
9329	29143
6771	26585
398	20212
3603	23417
2087	21901
9743	29557
5879	25693
2323	22137
3928	23742
571	20385
3528	23342
7687	27501
8789	28603
9479	29293
4813	24627
267	20081
9340	29154
5641	25455
4025	23839
1717	21531
1734	21548
2793	22607
7353	27167
2321	22135
9447	29261
6840	26654
3724	23538
5170	24984
5484	25298
3786	23600
9022	28836
8821	28635
5794	25608
4787	24601
3042	22856
525	20339
8830	28644
10492	30306
3472	23286
6316	26130
5374	25188
3696	23510
8798	28612
7901	27715
5249	25063
9467	29281
3535	23349
4796	24610
9458	29272
7366	27180
3516	23330
4589	24403
1300	21114
3175	22989
1846	21660
1690	21504
2286	22100
1893	21707
3016	22830
7322	27136
537	20351
8289	28103
5778	25592
9611	29425
558	20372
2909	22723
8628	28442
1686	21500
3039	22853
3247	23061
9702	29516
7066	26880
4818	24632
8431	28245
4074	23888
6107	25921
8479	28293
147	19961
6762	26576
6506	26320
642	20456
7528	27342
4706	24520
7031	26845
8935	28749
200	20014
7189	27003
799	20613
10384	30198
8921	28735
3359	23173
9273	29087
170	19984
5996	25810
1713	21527
10117	29931
8881	28695
4153	23967
8016	27830
1299	21113
9075	28889
2545	22359
6154	25968
5559	25373
3974	23788
989	20803
5571	25385
8784	28598
3560	23374
8754	28568
3622	23436
8270	28084
927	20741
1726	21540
9531	29345
6743	26557
1488	21302
8268	28082
1323	21137
856	20670
8255	28069
2836	22650
10043	29857
6410	26224
2821	22635
4152	23966
9730	29544
5369	25183
4738	24552
7771	27585
4247	24061
6654	26468
2776	22590
2466	22280
5188	25002
10484	30298
2334	22148
4995	24809
9492	29306
2203	22017
2355	22169
10415	30229
6711	26525
1067	20881
2271	22085
6791	26605
10363	30177
8638	28452
8477	28291
861	20675
1195	21009
3135	22949
5937	25751
336	20150
4832	24646
8635	28449
5970	25784
1015	20829
963	20777
10141	29955
4559	24373
9178	28992
7341	27155
9884	29698
8500	28314
4522	24336
1140	20954
9258	29072
3739	23553
1927	21741
10068	29882
5442	25256
8999	28813
3831	23645
5800	25614
1418	21232
3128	22942
3283	23097
3660	23474
3390	23204
1553	21367
1896	21710
5502	25316
4837	24651
6915	26729
4488	24302
5004	24818
6452	26266
1430	21244
7903	27717
625	20439
9201	29015
3088	22902
5806	25620
8839	28653
5357	25171
7338	27152
10255	30069
3169	22983
1124	20938
1214	21028
1993	21807
6944	26758
8693	28507
10450	30264
3945	23759
4599	24413
7914	27728
6031	25845
6780	26594
8215	28029
7708	27522
9006	28820
6404	26218
4062	23876
5932	25746
5634	25448
1608	21422
6933	26747
8694	28508
9848	29662
6622	26436
8473	28287
9797	29611
2808	22622
2492	22306
5005	24819
6232	26046
3896	23710
7459	27273
8898	28712
8942	28756
2438	22252
263	20077
8824	28638
563	20377
10180	29994
3071	22885
9247	29061
7411	27225
3067	22881
5180	24994
6103	25917
7982	27796
7111	26925
950	20764
3877	23691
6883	26697
9701	29515
6723	26537
8304	28118
1331	21145
5047	24861
9988	29802
8757	28571
1474	21288
9056	28870
5615	25429
5531	25345
10020	29834
1205	21019
2497	22311
1909	21723
6025	25839
7614	27428
7360	27174
7369	27183
8944	28758
2746	22560
7755	27569
8454	28268
3433	23247
7817	27631
7581	27395
972	20786
1863	21677
2478	22292
6764	26578
1916	21730
153	19967
8030	27844
8819	28633
2910	22724
9473	29287
1117	20931
6340	26154
9809	29623
1396	21210
7364	27178
7597	27411
551	20365
2919	22733
4355	24169
1209	21023
5110	24924
7318	27132
10393	30207
3843	23657
1984	21798
2269	22083
5866	25680
5303	25117
4971	24785
4072	23886
4585	24399
1429	21243
8040	27854
1888	21702
5911	25725
2153	21967
4649	24463
9088	28902
6200	26014
997	20811
7818	27632
8386	28200
9675	29489
2074	21888
7890	27704
9179	28993
2816	22630
3397	23211
10193	30007
1438	21252
8913	28727
83	19897
6696	26510
5946	25760
6143	25957
8241	28055
2635	22449
961	20775
1439	21253
3163	22977
5797	25611
6947	26761
9664	29478
6857	26671
7743	27557
3879	23693
8884	28698
4596	24410
129	19943
6894	26708
4817	24631
7574	27388
3059	22873
8421	28235
199	20013
3691	23505
10362	30176
4538	24352
2687	22501
3537	23351
7798	27612
4321	24135
5710	25524
7749	27563
2979	22793
2445	22259
8571	28385
2540	22354
9600	29414
8880	28694
5378	25192
579	20393
2551	22365
9933	29747
3196	23010
4601	24415
5992	25806
809	20623
885	20699
8643	28457
4188	24002
6212	26026
229	20043
4822	24636
7920	27734
2605	22419
7118	26932
2617	22431
641	20455
2908	22722
2489	22303
5821	25635
5114	24928
6701	26515
4690	24504
2088	21902
7264	27078
218	20032
802	20616
730	20544
8046	27860
10212	30026
2974	22788
6811	26625
7379	27193
2905	22719
7566	27380
8837	28651
6830	26644
9683	29497
2786	22600
325	20139
6486	26300
6795	26609
9097	28911
5671	25485
3239	23053
4471	24285
8318	28132
5302	25116
7187	27001
7153	26967
9292	29106
4625	24439
7067	26881
6564	26378
3788	23602
2671	22485
4915	24729
6584	26398
6042	25856
9619	29433
8818	28632
5602	25416
3795	23609
9772	29586
7662	27476
7059	26873
4501	24315
3501	23315
4182	23996
6252	26066
7791	27605
5270	25084
1290	21104
7658	27472
2973	22787
10044	29858
5155	24969
8796	28610
7835	27649
4241	24055
2165	21979
4339	24153
3670	23484
1113	20927
6992	26806
10465	30279
6440	26254
8685	28499
9660	29474
1645	21459
3021	22835
4802	24616
8749	28563
9454	29268
88	19902
5095	24909
6453	26267
2798	22612
9379	29193
2677	22491
3396	23210
6163	25977
9616	29430
6630	26444
9484	29298
9908	29722
3677	23491
7475	27289
7877	27691
8953	28767
4257	24071
5554	25368
7015	26829
6647	26461
2813	22627
7290	27104
1844	21658
9549	29363
9757	29571
3072	22886
10171	29985
10479	30293
1566	21380
3645	23459
985	20799
100	19914
1952	21766
6502	26316
1739	21553
7217	27031
8078	27892
1710	21524
8253	28067
2666	22480
8655	28469
3096	22910
6775	26589
3171	22985
4022	23836
10224	30038
6881	26695
1550	21364
3653	23467
10184	29998
1665	21479
9349	29163
7866	27680
8759	28573
4322	24136
3823	23637
8518	28332
9875	29689
5897	25711
77	19891
7319	27133
7296	27110
2001	21815
8231	28045
3646	23460
9934	29748
1529	21343
2027	21841
4444	24258
4992	24806
8602	28416
3277	23091
1210	21024
6667	26481
1556	21370
1226	21040
345	20159
3108	22922
1339	21153
377	20191
6653	26467
2542	22356
4402	24216
6951	26765
6128	25942
7898	27712
8845	28659
6635	26449
1009	20823
5796	25610
787	20601
2342	22156
2639	22453
7740	27554
5468	25282
3875	23689
150	19964
115	19929
6866	26680
3391	23205
10181	29995
8521	28335
3220	23034
5913	25727
2942	22756
3026	22840
5052	24866
369	20183
6550	26364
5868	25682
2867	22681
5877	25691
4711	24525
7196	27010
182	19996
9185	28999
3153	22967
5307	25121
4114	23928
1484	21298
4120	23934
1965	21779
4228	24042
7427	27241
3617	23431
5090	24904
2096	21910
3065	22879
5430	25244
3269	23083
9110	28924
2103	21917
3225	23039
1126	20940
7569	27383
2021	21835
6047	25861
7517	27331
1420	21234
8167	27981
10030	29844
1190	21004
9628	29442
7761	27575
7825	27639
5128	24942
854	20668
4768	24582
8063	27877
8446	28260
1509	21323
566	20380
4066	23880
794	20608
1122	20936
9829	29643
4988	24802
5799	25613
10494	30308
5305	25119
4005	23819
5503	25317
6322	26136
3949	23763
1042	20856
4794	24608
502	20316
422	20236
5576	25390
9051	28865
9355	29169
9747	29561
303	20117
4894	24708
5560	25374
7201	27015
3427	23241
4051	23865
6101	25915
5931	25745
3174	22988
7965	27779
4901	24715
5473	25287
8472	28286
10238	30052
4541	24355
7703	27517
9204	29018
1266	21080
4735	24549
8442	28256
10445	30259
8428	28242
9990	29804
4753	24567
9667	29481
7375	27189
8498	28312
3663	23477
8142	27956
2161	21975
751	20565
4187	24001
2347	22161
2681	22495
3133	22947
10120	29934
7647	27461
1672	21486
6470	26284
8509	28323
9054	28868
1166	20980
6781	26595
8835	28649
1749	21563
2192	22006
5426	25240
3754	23568
2095	21909
322	20136
9448	29262
10114	29928
490	20304
9478	29292
3020	22834
8132	27946
7327	27141
1989	21803
3929	23743
5663	25477
1232	21046
6686	26500
9939	29753
650	20464
1516	21330
10140	29954
5194	25008
8688	28502
3542	23356
4326	24140
9058	28872
2136	21950
9688	29502
7286	27100
4756	24570
6553	26367
9352	29166
8918	28732
3435	23249
2412	22226
5496	25310
2431	22245
2811	22625
10064	29878
304	20118
1221	21035
1270	21084
1542	21356
9243	29057
471	20285
5589	25403
2485	22299
8710	28524
4509	24323
486	20300
1400	21214
1539	21353
3112	22926
1003	20817
533	20347
9259	29073
3531	23345
2830	22644
4712	24526
9927	29741
5787	25601
1753	21567
5715	25529
3038	22852
661	20475
3387	23201
5782	25596
427	20241
6593	26407
6777	26591
9205	29019
7064	26878
428	20242
3746	23560
2209	22023
4825	24639
6004	25818
2818	22632
7532	27346
2890	22704
6078	25892
6394	26208
2129	21943
5189	25003
7184	26998
6680	26494
7302	27116
969	20783
4436	24250
1057	20871
6567	26381
8825	28639
8325	28139
9656	29470
2986	22800
3957	23771
10395	30209
2406	22220
403	20217
4679	24493
2940	22754
3190	23004
5187	25001
5455	25269
5769	25583
7585	27399
9705	29519
3867	23681
514	20328
4598	24412
9141	28955
633	20447
1351	21165
6145	25959
2455	22269
5320	25134
9955	29769
86	19900
2158	21972
7870	27684
5250	25064
9040	28854
4057	23871
8385	28199
6238	26052
8922	28736
5020	24834
3248	23062
9459	29273
3806	23620
7404	27218
2059	21873
6006	25820
702	20516
1085	20899
9369	29183
3315	23129
8075	27889
9251	29065
617	20431
1238	21052
5538	25352
6906	26720
2427	22241
10416	30230
4060	23874
5317	25131
6676	26490
3043	22857
2804	22618
9468	29282
7786	27600
310	20124
5418	25232
7240	27054
6161	25975
5417	25231
9548	29362
6463	26277
594	20408
4968	24782
1721	21535
1013	20827
8554	28368
7946	27760
2437	22251
3519	23333
9136	28950
10344	30158
9138	28952
259	20073
8566	28380
1694	21508
9697	29511
5461	25275
7044	26858
9976	29790
2232	22046
2010	21824
4290	24104
3979	23793
1119	20933
2051	21865
3618	23432
2122	21936
10361	30175
4357	24171
7460	27274
1922	21736
2274	22088
4136	23950
9947	29761
3246	23060
10305	30119
5914	25728
1308	21122
6162	25976
8121	27935
8354	28168
6304	26118
8364	28178
9080	28894
7538	27352
2324	22138
9775	29589
9005	28819
8008	27822
3720	23534
4292	24106
5289	25103
3275	23089
2328	22142
7679	27493
9583	29397
6644	26458
8339	28153
3074	22888
605	20419
8419	28233
2340	22154
5495	25309
202	20016
5251	25065
5780	25594
6430	26244
10386	30200
1872	21686
2273	22087
2918	22732
5833	25647
7220	27034
614	20428
9036	28850
9378	29192
2226	22040
8286	28100
10342	30156
9007	28821
6461	26275
5789	25603
7421	27235
1343	21157
524	20338
10391	30205
6794	26608
7276	27090
6709	26523
487	20301
7752	27566
6257	26071
7515	27329
5699	25513
6957	26771
2530	22344
6841	26655
4258	24072
8542	28356
6809	26623
4113	23927
7176	26990
8616	28430
8315	28129
9602	29416
7042	26856
5631	25445
754	20568
5393	25207
9966	29780
803	20617
6495	26309
1433	21247
9116	28930
4797	24611
5355	25169
402	20216
7093	26907
5406	25220
4191	24005
2029	21843
1223	21037
7285	27099
210	20024
9922	29736
5257	25071
1320	21134
1123	20937
4388	24202
9316	29130
7063	26877
4943	24757
7418	27232
2058	21872
4425	24239
3049	22863
3723	23537
4719	24533
2860	22674
10318	30132
2795	22609
2149	21963
4213	24027
5165	24979
2748	22562
7354	27168
6365	26179
5002	24816
1926	21740
5540	25354
10178	29992
1394	21208
6706	26520
9516	29330
2856	22670
6962	26776
3595	23409
8596	28410
1620	21434
8012	27826
9159	28973
9090	28904
4861	24675
5530	25344
2594	22408
9488	29302
3237	23051
5754	25568
6086	25900
9510	29324
3181	22995
6385	26199
7301	27115
660	20474
6568	26382
5889	25703
588	20402
8562	28376
5762	25576
6703	26517
1143	20957
4973	24787
5301	25115
6329	26143
3826	23640
4200	24014
5878	25692
8540	28354
5798	25612
6754	26568
10296	30110
10414	30228
9551	29365
9322	29136
3329	23143
57	19871
5425	25239
103	19917
4618	24432
6738	26552
10435	30249
3410	23224
437	20251
8520	28334
4430	24244
3980	23794
1230	21044
7214	27028
7488	27302
9401	29215
7635	27449
6387	26201
1150	20964
2350	22164
4039	23853
4424	24238
7850	27664
8061	27875
8321	28135
1606	21420
9238	29052
3766	23580
6417	26231
7962	27776
6740	26554
6431	26245
5514	25328
4245	24059
137	19951
9811	29625
9932	29746
807	20621
1446	21260
9761	29575
9870	29684
311	20125
2719	22533
5082	24896
429	20243
1868	21682
576	20390
6889	26703
1757	21571
615	20429
3885	23699
6179	25993
1035	20849
891	20705
2572	22386
8010	27824
10111	29925
3098	22912
9364	29178
3802	23616
3250	23064
6837	26651
13	19827
4069	23883
6277	26091
6732	26546
4270	24084
6712	26526
7138	26952
10087	29901
5585	25399
5085	24899
1120	20934
2774	22588
3656	23470
8408	28222
3567	23381
3780	23594
4050	23864
8950	28764
6989	26803
10080	29894
4565	24379
8624	28438
5714	25528
8673	28487
8495	28309
3958	23772
554	20368
2275	22089
3525	23339
5075	24889
3658	23472
5476	25290
9445	29259
2332	22146
2463	22277
4611	24425
9591	29405
9452	29266
7382	27196
978	20792
5788	25602
7091	26905
10003	29817
792	20606
5753	25567
793	20607
6576	26390
8813	28627
10456	30270
1988	21802
9892	29706
5337	25151
3580	23394
6694	26508
6153	25967
3198	23012
7083	26897
5901	25715
7417	27231
6665	26479
6918	26732
5822	25636
6261	26075
9748	29562
959	20773
2577	22391
10182	29996
4453	24267
7426	27240
3197	23011
2326	22140
3819	23633
711	20525
3005	22819
1037	20851
8234	28048
7253	27067
9424	29238
6616	26430
2791	22605
4827	24641
6018	25832
4507	24321
9862	29676
8217	28031
8860	28674
254	20068
6135	25949
2983	22797
42	19856
7252	27066
2125	21939
8163	27977
8281	28095
4809	24623
4246	24060
4192	24006
1251	21065
4428	24242
9609	29423
2387	22201
493	20307
6283	26097
8895	28709
3809	23623
10014	29828
7770	27584
3734	23548
7681	27495
8810	28624
6634	26448
7552	27366
3704	23518
1168	20982
2312	22126
6028	25842
411	20225
4543	24357
8064	27878
6218	26032
8832	28646
4079	23893
7131	26945
6939	26753
6350	26164
3335	23149
4059	23873
3109	22923
8020	27834
9465	29279
6607	26421
9579	29393
3124	22938
7924	27738
50	19864
9838	29652
6573	26387
5167	24981
10073	29887
8853	28667
6714	26528
7923	27737
5403	25217
9608	29422
3404	23218
6975	26789
4979	24793
7860	27674
3527	23341
9669	29483
2348	22162
7727	27541
3425	23239
2718	22532
3985	23799
538	20352
145	19959
3353	23167
407	20221
6313	26127
3858	23672
6669	26483
9586	29400
9174	28988
3611	23425
4347	24161
3673	23487
3231	23045
4101	23915
9338	29152
1674	21488
9945	29759
5973	25787
8391	28205
1245	21059
7197	27011
9642	29456
7803	27617
2081	21895
5362	25176
10095	29909
8781	28595
309	20123
7788	27602
9719	29533
5885	25699
2012	21826
5294	25108
9515	29329
532	20346
2216	22030
7862	27676
7254	27068
10367	30181
5935	25749
6596	26410
3238	23052
10387	30201
9192	29006
6929	26743
4506	24320
2026	21840
10335	30149
2731	22545
8528	28342
5177	24991
2779	22593
9918	29732
3037	22851
6479	26293
4885	24699
4556	24370
975	20789
4899	24713
4266	24080
9839	29653
4377	24191
3778	23592
8846	28660
1738	21552
2963	22777
9311	29125
1511	21325
250	20064
5172	24986
10322	30136
3274	23088
4131	23945
4524	24338
3215	23029
638	20452
9641	29455
7245	27059
4089	23903
8427	28241
9738	29552
4800	24614
2598	22412
2732	22546
5869	25683
3316	23130
6456	26270
4032	23846
4041	23855
8083	27897
6051	25865
6174	25988
983	20797
8625	28439
6875	26689
5852	25666
1940	21754
10469	30283
4913	24727
4106	23920
6466	26280
3532	23346
9169	28983
3710	23524
7180	26994
1239	21053
10388	30202
5246	25060
3847	23661
7955	27769
7936	27750
7579	27393
389	20203
1590	21404
9784	29598
9803	29617
10157	29971
6690	26504
9882	29696
8493	28307
3506	23320
8696	28510
7195	27009
6670	26484
6919	26733
7960	27774
9126	28940
2936	22750
6393	26207
3422	23236
7422	27236
8107	27921
7592	27406
333	20147
6988	26802
6139	25953
9961	29775
1026	20840
10050	29864
8555	28369
3300	23114
7228	27042
4134	23948
4639	24453
4031	23845
1047	20861
8024	27838
5074	24888
10232	30046
1051	20865
8915	28729
2111	21925
4489	24303
1910	21724
2105	21919
6683	26497
6021	25835
1680	21494
6582	26396
736	20550
7918	27732
5083	24897
8062	27876
3769	23583
482	20296
8927	28741
3222	23036
9066	28880
3062	22876
384	20198
1763	21577
8952	28766
1567	21381
393	20207
8220	28034
9073	28887
2243	22057
1963	21777
9919	29733
7052	26866
5662	25476
6308	26122
2191	22005
8702	28516
5845	25659
2957	22771
6425	26239
9553	29367
9490	29304
9556	29370
7305	27119
7090	26904
420	20234
3576	23390
9207	29021
2456	22270
3662	23476
8599	28413
7478	27292
1215	21029
6806	26620
299	20113
318	20132
6384	26198
6096	25910
10314	30128
3751	23565
8267	28081
4600	24414
7029	26843
5564	25378
10259	30073
6255	26069
9002	28816
9302	29116
1132	20946
2620	22434
9093	28907
8187	28001
301	20115
4737	24551
5807	25621
3583	23397
5819	25633
9545	29359
553	20367
4154	23968
128	19942
781	20595
6246	26060
716	20530
7553	27367
7780	27594
7928	27742
2443	22257
4029	23843
8355	28169
6085	25899
8252	28066
2625	22439
1666	21480
4846	24660
4469	24283
8857	28671
2416	22230
5470	25284
7072	26886
10071	29885
1870	21684
8572	28386
141	19955
3249	23063
2204	22018
6294	26108
5841	25655
3350	23164
7402	27216
7432	27246
9491	29305
8348	28162
1044	20858
7024	26838
1912	21726
5721	25535
1887	21701
1314	21128
6306	26120
9996	29810
5682	25496
1303	21117
3262	23076
7976	27790
2914	22728
5694	25508
2976	22790
2199	22013
9000	28814
8923	28737
823	20637
4433	24247
734	20548
1236	21050
4394	24208
1385	21199
7935	27749
520	20334
1227	21041
5596	25410
699	20513
3800	23614
446	20260
3570	23384
6538	26352
9682	29496
5196	25010
6602	26416
5584	25398
7556	27370
7433	27247
6010	25824
6177	25991
2525	22339
7543	27357
7362	27176
5433	25247
4215	24029
1827	21641
451	20265
2439	22253
5739	25553
7270	27084
9489	29303
9573	29387
3114	22928
7224	27038
7005	26819
8023	27837
1377	21191
7046	26860
3639	23453
8150	27964
10047	29861
10196	30010
60	19874
7229	27043
1278	21092
466	20280
9663	29477
8330	28144
8738	28552
8123	27937
7456	27270
9064	28878
6398	26212
4310	24124
3243	23057
6793	26607
9725	29539
5522	25336
4243	24057
7082	26896
6216	26030
1449	21263
387	20201
441	20255
470	20284
10024	29838
2884	22698
6718	26532
1664	21478
8160	27974
1913	21727
6002	25816
231	20045
4936	24750
6993	26807
6462	26276
674	20488
22	19836
9011	28825
10374	30188
6166	25980
10129	29943
3312	23126
1199	21013
3799	23613
9994	29808
87	19901
9610	29424
1842	21656
9737	29551
6374	26188
8099	27913
10250	30064
9288	29102
3004	22818
870	20684
7238	27052
8626	28440
8691	28505
3195	23009
2669	22483
840	20654
8403	28217
302	20116
2364	22178
5943	25757
7884	27698
10417	30231
8614	28428
3328	23142
1585	21399
6109	25923
9278	29092
9431	29245
5106	24920
3338	23152
9769	29583
3695	23509
9047	28861
4949	24763
3935	23749
8183	27997
5055	24869
381	20195
4748	24562
5339	25153
413	20227
5036	24850
7486	27300
1235	21049
7776	27590
7477	27291
4494	24308
6423	26237
7293	27107
6459	26273
666	20480
9837	29651
5956	25770
5199	25013
3376	23190
9331	29145
6546	26360
10482	30296
10230	30044
2009	21823
10439	30253
197	20011
1055	20869
4743	24557
6990	26804
477	20291
940	20754
3518	23332
3536	23350
7800	27614
7651	27465
753	20567
4212	24026
4414	24228
6214	26028
4462	24276
1894	21708
8200	28014
15	19829
9704	29518
4812	24626
5359	25173
6835	26649
4220	24034
419	20233
8116	27930
8332	28146
2947	22761
5269	25083
5712	25526
8879	28693
8525	28339
709	20523
4201	24015
7510	27324
2978	22792
9977	29791
4841	24655
7219	27033
6998	26812
10107	29921
2423	22237
8153	27967
9377	29191
3781	23595
4018	23832
7696	27510
1779	21593
5961	25775
3487	23301
163	19977
4416	24230
992	20806
4672	24486
1653	21467
4237	24051
9880	29694
9072	28886
7739	27553
5637	25451
2175	21989
3596	23410
1457	21271
7693	27507
10295	30109
5984	25798
2952	22766
2953	22767
8610	28424
8951	28765
2763	22577
932	20746
6628	26442
6627	26441
1052	20866
1875	21689
3423	23237
3399	23213
9114	28928
9711	29525
2055	21869
4273	24087
7941	27755
10470	30284
3162	22976
7239	27053
2966	22780
6112	25926
5919	25733
1482	21296
9301	29115
6253	26067
2378	22192
3659	23473
5768	25582
4371	24185
5388	25202
5421	25235
2819	22633
1367	21181
3770	23584
2341	22155
1515	21329
260	20074
2316	22130
7541	27355
3213	23027
127	19941
8546	28360
362	20176
2661	22475
3794	23608
593	20407
7057	26871
10339	30153
8047	27861
2225	22039
8769	28583
9180	28994
7527	27341
10258	30072
9810	29624
7851	27665
7831	27645
3191	23005
8634	28448
10122	29936
4278	24092
3872	23686
8557	28371
9590	29404
7638	27452
72	19886
45	19859
4774	24588
5351	25165
6873	26687
6509	26323
7804	27618
9353	29167
10426	30240
2698	22512
5	19819
6071	25885
4775	24589
3833	23647
1754	21568
1797	21611
5578	25392
4036	23850
5976	25790
3711	23525
2532	22346
1819	21633
4207	24021
1812	21626
9380	29194
10276	30090
10355	30169
9154	28968
4098	23912
8117	27931
2237	22051
1802	21616
4356	24170
8964	28778
1466	21280
3079	22893
2267	22081
10134	29948
5132	24946
3032	22846
5534	25348
9092	28906
847	20661
2711	22525
9406	29220
9953	29767
6515	26329
4298	24112
1677	21491
2611	22425
8093	27907
9555	29369
5318	25132
1973	21787
4265	24079
9384	29198
6405	26219
9867	29681
1307	21121
1321	21135
5608	25422
7062	26876
6280	26094
5232	25046
7967	27781
8758	28572
8501	28315
6265	26079
5966	25780
9634	29448
6778	26592
4694	24508
9318	29132
501	20315
8257	28071
5674	25488
3086	22900
0	19814
3322	23136
10177	29991
4978	24792
9215	29029
6210	26024
6499	26313
964	20778
5015	24829
4513	24327
3725	23539
9833	29647
7502	27316
3129	22943
2131	21945
6184	25998
7529	27343
7911	27725
2838	22652
2140	21954
1536	21350
782	20596
3534	23348
9451	29265
5280	25094
30	19844
8876	28690
7078	26892
3902	23716
5018	24832
3496	23310
3631	23445
8565	28379
3578	23392
4934	24748
2256	22070
5575	25389
6643	26457
5611	25425
5900	25714
920	20734
6014	25828
7235	27049
8106	27920
7466	27280
7950	27764
3365	23179
708	20522
6646	26460
9162	28976
4091	23905
8807	28621
8855	28669
9777	29591
2474	22288
7002	26816
4306	24120
6046	25860
439	20253
8926	28740
804	20618
5133	24947
400	20214
4620	24434
6192	26006
9941	29755
10264	30078
9648	29462
8290	28104
7859	27673
1540	21354
6605	26419
6406	26220
296	20110
5605	25419
8978	28792
4819	24633
3036	22850
7401	27215
5304	25118
7109	26923
3681	23495
8388	28202
763	20577
7307	27121
2930	22744
2883	22697
1054	20868
6890	26704
1312	21126
9944	29758
2571	22385
4691	24505
1494	21308
3464	23278
1743	21557
4054	23868
98	19912
7126	26940
504	20318
5644	25458
1426	21240
9390	29204
7846	27660
1249	21063
7311	27125
8654	28468
5313	25127
7828	27642
2300	22114
6620	26434
9158	28972
4505	24319
37	19851
9271	29085
10149	29963
7476	27290
8959	28773
4461	24275
9527	29341
7587	27401
6497	26311
7162	26976
5241	25055
6693	26507
7576	27390
1231	21045
9426	29240
3259	23073
5582	25396
3063	22877
5963	25777
3180	22994
1472	21286
1723	21537
907	20721
1548	21362
4135	23949
1692	21506
2569	22383
7669	27483
9840	29654
9330	29144
5416	25230
3880	23694
5244	25058
7583	27397
10329	30143
5650	25464
6072	25886
6158	25972
3267	23081
4781	24595
8924	28738
9629	29443
4107	23921
9625	29439
4333	24147
4662	24476
1683	21497
7816	27630
3466	23280
9436	29250
7856	27670
1520	21334
1735	21549
4621	24435
1507	21321
7263	27077
5500	25314
8776	28590
2854	22668
6570	26384
3456	23270
443	20257
7699	27513
6577	26391
3709	23523
3310	23124
9794	29608
934	20748
8071	27885
746	20560
9585	29399
472	20286
5021	24835
4732	24546
4990	24804
176	19990
4223	24037
10357	30171
8192	28006
1668	21482
2408	22222
2254	22068
1440	21254
7815	27629
9576	29390
4534	24348
10320	30134
1619	21433
3202	23016
8166	27980
4276	24090
3331	23145
8436	28250
1874	21688
2948	22762
5078	24892
1362	21176
5073	24887
3666	23480
1628	21442
4087	23901
1981	21795
5204	25018
4070	23884
3987	23801
1583	21397
724	20538
9427	29241
5708	25522
2446	22260
235	20049
2728	22542
7922	27736
6892	26706
8453	28267
8735	28549
10432	30246
5438	25252
1142	20956
2902	22716
6735	26549
