need:	[2904, 478, 8533]	[8533, 91, 10232]	[13532, 222, 8533]	[33346, 1521, 28347]	[22718, 1777, 28347]	[28347, 1390, 30046],delete:
need:	[11035, 1017, 3531]	[11232, 711, 3531]	[30849, 1337, 23345],delete:
need:	[12532, 760, 2265]	[2265, 714, 4472]	[32346, 1923, 22079],delete:
need:,delete:
need:	[29291, 1713, 24123],delete:
need:	[25874, 2044, 26095]	[25874, 2044, 32544],delete:
need:	[33507, 1367, 27755]	[13693, 68, 7941]	[28314, 1457, 27755],delete:
need:	[26161, 1795, 20273]	[459, 204, 5953]	[20273, 1424, 24139]	[3701, 406, 459],delete:
need:	[28618, 1725, 25321]	[4321, 1159, 8804]	[8804, 1159, 4321]	[21175, 1725, 28618],delete:
need:	[8428, 751, 10622]	[30436, 2355, 28242],delete:
need:	[6635, 680, 1992]	[6635, 824, 13967]	[26449, 1537, 21806]	[26449, 1633, 29198],delete:
need:	[9480, 167, 8152]	[27966, 1478, 29294],delete:
need:	[29446, 1628, 26938]	[9632, 329, 10078],delete:
need:	[2865, 204, 5246]	[25060, 1390, 37113],delete:
need:	[2199, 537, 4335]	[2502, 341, 2199]	[22013, 1807, 32956]	[22316, 1640, 22013]	[22013, 1318, 24469]	[22013, 1549, 24149],delete:
need:	[9471, 1017, 8902]	[28716, 1390, 38014],delete:
need:	[26519, 1432, 24817]	[6705, 717, 5003],delete:
need:	[12268, 356, 3049]	[22863, 1718, 32250],delete:
need:	[21518, 1740, 35412]	[1704, 441, 18339],delete:
need:	[31091, 1437, 30248],delete:
need:	[1499, 286, 118]	[33290, 1424, 19932],delete:
need:	[5493, 90, 8543]	[25307, 1389, 28357]	[25307, 1784, 36399],delete:
need:	[12663, 420, 1904],delete:
need:	[24924, 1361, 20547]	[5110, 62, 11924],delete:
need:	[23106, 2130, 34943]	[10175, 768, 3292],delete:
need:	[7932, 768, 10150],delete:
need:	[30073, 1690, 30853]	[10259, 391, 11039]	[10259, 26, 55],delete:
need:	[596, 1031, 524]	[20338, 1795, 34062],delete:
need:	[9445, 932, 14545]	[5757, 622, 9445]	[29913, 2067, 29259],delete:
need:,delete:
need:	[24173, 1725, 33641]	[4359, 132, 10703]	[30517, 1866, 24173],delete:
need:	[22713, 1345, 20749]	[2899, 824, 935],delete:
need:	[12421, 90, 6050]	[24435, 1389, 25864],delete:
need:	[21677, 1523, 20613]	[1863, 224, 6222],delete:
need:	[5419, 167, 15962]	[5419, 506, 8367],delete:
need:	[28952, 1505, 29751]	[9138, 206, 9937],delete:
need:	[9567, 62, 11948]	[29381, 1361, 31762],delete:
need:	[802, 1017, 3060]	[3060, 711, 8334],delete:
need:	[7877, 159, 5156],delete:
need:	[3561, 333, 18563],delete:
need:	[446, 384, 9892]	[20260, 1683, 29706],delete:
need:,delete:
need:	[312, 420, 2100]	[20126, 1719, 21914],delete:
need:	[386, 985, 19731]	[20200, 1390, 33578],delete:
need:	[6142, 351, 3865]	[13519, 119, 6142]	[33333, 1418, 25956],delete:
need:	[4767, 1222, 10600]	[24581, 1696, 27824]	[24581, 1578, 30414],delete:
need:	[10087, 519, 10623]	[29901, 1818, 30437],delete:
need:	[8637, 295, 15378]	[8637, 575, 15087]	[8637, 376, 14638]	[28451, 1446, 34452]	[28451, 2027, 35996],delete:
need:	[23422, 1784, 22879]	[4943, 485, 3065],delete:
need:	[4053, 1091, 6064]	[6064, 247, 4469]	[25878, 1546, 24283],delete:
need:,delete:
need:	[30730, 1549, 27229]	[14874, 159, 7415],delete:
need:	[23428, 2037, 20607]	[10374, 274, 793],delete:
need:	[4029, 96, 8521]	[24429, 1888, 28335],delete:
need:	[9839, 309, 17623]	[9839, 306, 225],delete:
need:	[8835, 330, 10786]	[28649, 1629, 30600],delete:
need:	[4351, 286, 4714]	[32930, 1585, 24528],delete:
need:	[29112, 1458, 27680]	[31682, 1836, 29112],delete:
need:	[9334, 717, 13907]	[425, 1252, 9334],delete:
need:	[27033, 1547, 22271]	[2457, 786, 4005],delete:
need:	[7841, 1017, 4840]	[7841, 760, 4717]	[4840, 1017, 7841]	[7841, 714, 17997]	[24531, 2411, 27655]	[27655, 1858, 36880]	[27655, 1923, 24531]	[27655, 1923, 37539]	[27655, 1337, 24654]	[24654, 1337, 27655],delete:
need:	[34455, 1418, 29608]	[9794, 322, 14641],delete:
need:	[892, 1031, 10493],delete:
need:	[29306, 1432, 26903]	[9492, 717, 7089],delete:
need:	[26086, 1628, 27110]	[6272, 722, 12568]	[6272, 537, 7883],delete:
need:	[34615, 1478, 28448]	[8634, 441, 2332],delete:
need:	[6026, 796, 3974]	[6026, 119, 17244]	[6026, 506, 16128]	[6026, 167, 15540]	[25840, 1725, 36893]	[23788, 1494, 25840]	[25840, 1505, 23788]	[25840, 1850, 23893],delete:
need:	[1990, 1173, 4453]	[12086, 496, 4453],delete:
need:	[3482, 1173, 13417]	[23296, 1458, 32489],delete:
need:	[31741, 1507, 29767]	[29767, 1696, 26192]	[9953, 1162, 6378],delete:
need:,delete:
need:	[9688, 144, 10857]	[29502, 1443, 30671]	[29502, 1647, 38935],delete:
need:	[367, 824, 7191],delete:
need:	[21063, 1733, 24085]	[1249, 107, 4271],delete:
need:,delete:
need:	[13156, 286, 2088]	[21902, 1795, 30997]	[24038, 1795, 21902],delete:
need:	[25927, 1668, 26768]	[25927, 1795, 21720],delete:
need:	[3596, 966, 14447]	[23410, 2044, 34261],delete:
need:	[93, 377, 11452]	[13213, 653, 93],delete:
need:	[31321, 1795, 26880]	[7066, 406, 19466],delete:
need:	[22455, 1337, 37689]	[22455, 2411, 27281]	[2641, 1017, 17697],delete:
need:	[1777, 1078, 18668]	[21591, 1978, 36028]	[9221, 972, 1777],delete:
need:	[1352, 420, 3277],delete:
need:	[28972, 1683, 39013]	[9158, 384, 18246]	[9158, 384, 1585],delete:
need:	[492, 420, 410]	[20286, 1535, 20306]	[23402, 1389, 20306],delete:
need:,delete:
need:	[20826, 1795, 20558]	[744, 339, 12618]	[20558, 1544, 24609],delete:
need:	[4612, 351, 3084]	[24426, 1650, 22898],delete:
need:	[9374, 426, 3369]	[29188, 1850, 24469]	[9374, 551, 4655],delete:
need:	[5475, 485, 8546]	[25289, 1784, 28360],delete:
need:	[1683, 420, 11944]	[11606, 90, 1683],delete:
need:	[7770, 179, 3695]	[23509, 1740, 24073]	[3634, 426, 3695],delete:
need:	[10018, 261, 9761]	[29832, 1560, 29575]	[32144, 1826, 29832],delete:
need:	[8117, 494, 4402]	[8117, 96, 4677]	[27931, 2037, 24491],delete:
need:	[32063, 1418, 30261]	[29338, 1725, 30261],delete:
need:	[22375, 1683, 27576]	[27576, 1683, 27927],delete:
need:	[7016, 204, 18674]	[7016, 245, 7633]	[26830, 1503, 22603]	[26830, 1544, 27447],delete:
need:	[9134, 653, 12178]	[8707, 794, 9134],delete:
need:	[4791, 872, 17360]	[24605, 2132, 38356],delete:
need:	[8402, 863, 5813]	[10911, 206, 5813]	[5813, 883, 14377],delete:
need:	[21581, 1958, 27997]	[1767, 894, 16032]	[1767, 1147, 2117]	[21581, 1628, 21931],delete:
need:	[27870, 1575, 21417]	[22122, 1394, 21417],delete:
need:	[8703, 236, 6649]	[8703, 420, 410]	[32278, 1795, 28517],delete:
need:	[10298, 1222, 10465]	[30112, 1578, 36562],delete:
need:	[29268, 1923, 27521]	[27521, 2411, 29268]	[7707, 159, 13636],delete:
need:	[32438, 1628, 26806]	[6992, 138, 4084],delete:
need:	[28615, 1389, 34357],delete:
need:	[2045, 376, 9160]	[21859, 1796, 29128],delete:
need:	[3190, 179, 15182]	[23004, 1740, 38030],delete:
need:	[10187, 138, 90]	[10187, 91, 90],delete:
need:	[1034, 261, 6409],delete:
need:	[1367, 1243, 12543]	[21181, 2104, 32357]	[12543, 872, 1367],delete:
need:	[23360, 1535, 36423]	[3546, 236, 15329]	[23360, 1719, 30586],delete:
need:	[3595, 760, 7250]	[3595, 1017, 10794],delete:
need:	[5003, 529, 8819]	[28633, 1566, 32406]	[8819, 870, 12592],delete:
need:	[4605, 384, 1724]	[21488, 1418, 21538],delete:
need:	[2853, 179, 13330]	[31851, 1621, 22667],delete:
need:	[27265, 1796, 33662]	[4879, 1173, 7451],delete:
need:	[21137, 1795, 33106]	[13307, 679, 1323],delete:
need:	[29212, 1818, 29598]	[13559, 519, 9784]	[29598, 1645, 38582],delete:
need:	[14819, 687, 6133]	[25947, 1696, 29898],delete:
need:	[22875, 1497, 33481]	[22875, 1784, 19859],delete:
need:	[26021, 1388, 22415]	[22415, 1807, 22590],delete:
need:	[21473, 1535, 22800]	[2986, 420, 12233]	[22800, 1719, 23244],delete:
need:	[33207, 1730, 21572]	[21572, 1719, 21950]	[13393, 431, 1758],delete:
need:	[20417, 1466, 21682]	[603, 167, 1868],delete:
need:	[29670, 1818, 30437]	[9856, 519, 10623]	[29670, 1718, 31692],delete:
need:,delete:
need:	[6405, 406, 4034]	[6405, 485, 16353],delete:
need:	[24888, 1389, 25378],delete:
need:	[9624, 485, 19406]	[29438, 1795, 27295],delete:
need:	[31888, 1549, 30009]	[12074, 537, 10195]	[745, 159, 10195],delete:
need:	[3423, 107, 16049]	[23237, 1587, 32020],delete:
need:	[8274, 506, 11585]	[28088, 1740, 26511]	[8274, 441, 6697],delete:
need:	[2887, 496, 8338]	[22701, 1836, 34087],delete:
need:	[34167, 1549, 21392]	[14353, 634, 1578]	[1578, 1001, 36]	[21392, 1318, 29611],delete:
need:,delete:
need:	[3435, 236, 1520]	[1520, 420, 9192]	[21334, 1719, 29006]	[27270, 1406, 21334]	[21334, 1497, 29334],delete:
need:	[26627, 1628, 32308]	[6813, 159, 12494],delete:
need:	[4768, 870, 3178]	[22992, 1578, 20014],delete:
need:	[976, 245, 12090]	[20790, 1544, 31904],delete:
need:	[7863, 159, 7761]	[7863, 537, 774]	[7863, 496, 5815],delete:
need:	[29298, 1389, 33996],delete:
need:	[11218, 179, 923]	[923, 384, 16813]	[20737, 1740, 34743],delete:
need:	[298, 159, 11279]	[20112, 1836, 20701],delete:
need:	[14392, 195, 8894]	[34206, 1494, 28708],delete:
need:	[26059, 1389, 34738]	[14924, 236, 6245],delete:
need:	[22981, 1716, 23800]	[3167, 417, 3986]	[3167, 417, 6244],delete:
need:	[26021, 1628, 26477]	[6207, 939, 10998],delete:
need:	[27884, 1481, 33799]	[8070, 159, 1220],delete:
need:	[20159, 1390, 34118]	[345, 496, 7983]	[25076, 1745, 20159],delete:
need:	[3765, 235, 3077],delete:
need:	[26603, 2411, 26987]	[13801, 1017, 7173],delete:
need:,delete:
need:	[5589, 1152, 12664]	[25403, 1378, 32478],delete:
need:	[20590, 1424, 35704]	[776, 286, 3623],delete:
need:	[23763, 1671, 30100]	[3949, 371, 10286]	[10286, 419, 11916],delete:
need:	[24721, 1535, 32726]	[4907, 236, 12912],delete:
need:	[34294, 1478, 26680]	[6449, 119, 6866],delete:
need:	[5455, 872, 13913]	[25269, 2132, 33727],delete:
need:,delete:
need:	[24771, 1388, 20613]	[4957, 89, 799],delete:
need:	[8683, 268, 14106]	[8683, 72, 13967]	[28497, 1567, 33920]	[28497, 1371, 33781],delete:
need:	[9569, 125, 3513]	[23327, 1795, 28350],delete:
need:	[21927, 1872, 32731]	[2113, 717, 12917]	[21927, 2355, 22198],delete:
need:	[25528, 2311, 23348]	[25528, 1888, 19961],delete:
need:	[7440, 485, 14086]	[7440, 204, 5625]	[27254, 1406, 34446],delete:
need:,delete:
need:	[4339, 179, 8884]	[26726, 1621, 28698],delete:
need:,delete:
need:	[2975, 714, 4780]	[32048, 1858, 24594],delete:
need:	[27226, 1406, 20655],delete:
need:	[22214, 1872, 33742]	[2400, 717, 13928],delete:
need:	[3928, 441, 6111]	[23742, 1740, 25925],delete:
need:	[9419, 159, 10635]	[9419, 19, 13726]	[30449, 1549, 29233],delete:
need:	[8787, 537, 9918]	[22700, 1677, 28601],delete:
need:	[247, 883, 2386]	[20061, 1725, 28875],delete:
need:	[9497, 329, 15994]	[29311, 1628, 37843],delete:
need:	[21019, 1836, 20700]	[21019, 1628, 33853],delete:
need:	[3830, 101, 12483]	[24748, 1371, 23644]	[3830, 261, 9761]	[4934, 639, 3830]	[23644, 1826, 23824]	[23644, 1752, 34527],delete:
need:	[13830, 717, 1977]	[33644, 1872, 21791],delete:
need:	[11558, 110, 5751]	[25565, 1872, 20022],delete:
need:	[21547, 1549, 26156]	[28549, 1628, 21547],delete:
need:	[3088, 760, 17053]	[22902, 1923, 39489]	[22902, 1923, 36327],delete:
need:	[27897, 1836, 35249]	[27897, 1519, 34157],delete:
need:	[508, 418, 10265]	[508, 1216, 6854],delete:
need:	[1629, 90, 11738]	[9893, 537, 1629]	[21443, 1389, 31552],delete:
need:	[14337, 286, 7519]	[34151, 1424, 27333],delete:
need:	[32907, 1839, 27023]	[7216, 971, 7209],delete:
need:	[30084, 1872, 31510]	[10270, 717, 11696],delete:
need:	[7827, 679, 1515],delete:
need:	[362, 380, 10686]	[20176, 1679, 30500],delete:
need:	[27528, 1628, 32581]	[7714, 159, 12767],delete:
need:	[11102, 271, 9117]	[11102, 1216, 9117],delete:
need:	[25301, 1683, 38315]	[25301, 1650, 33198],delete:
need:	[104, 496, 9584]	[19918, 1628, 32926],delete:
need:	[26657, 1730, 26937]	[26937, 1719, 26567]	[29941, 1535, 26937],delete:
need:	[12120, 351, 1581]	[2273, 506, 1581],delete:
need:	[32119, 1494, 23714]	[12305, 584, 3900]	[23714, 2145, 35955]	[29643, 1520, 23714],delete:
need:,delete:
need:	[9055, 167, 3603]	[2759, 351, 9055],delete:
need:	[12623, 912, 4090]	[31270, 1458, 23904],delete:
need:	[27914, 1725, 32301]	[27383, 1494, 27914],delete:
need:	[23034, 1748, 24251]	[22161, 2311, 24251]	[1672, 1097, 4437],delete:
need:	[28432, 1621, 26504]	[24650, 1466, 28432]	[27996, 1478, 28432],delete:
need:	[4388, 204, 17313]	[30908, 1795, 24202],delete:
need:	[33845, 1888, 26710]	[26710, 1570, 23428],delete:
need:	[2074, 90, 13454]	[21888, 1389, 33268],delete:
need:	[28505, 2242, 26681]	[26681, 1696, 28637]	[6867, 1162, 8823]	[6867, 1252, 15721],delete:
need:	[27501, 1872, 34123],delete:
need:	[3663, 537, 10103]	[14141, 537, 3663],delete:
need:	[7828, 217, 16320]	[27642, 1516, 35580],delete:
need:	[3884, 87, 17572],delete:
need:	[125, 261, 6145]	[19939, 1560, 25959],delete:
need:	[3691, 1050, 12450]	[23505, 1316, 32264],delete:
need:	[28261, 1305, 26316]	[8447, 1273, 15107]	[8447, 583, 6502]	[28261, 1668, 38740],delete:
need:	[6342, 159, 19106]	[26156, 1628, 21547],delete:
need:	[24657, 1872, 28745]	[4843, 717, 8931]	[738, 1252, 4843]	[24657, 1872, 20552],delete:
need:	[5711, 717, 10660]	[25525, 1872, 30474],delete:
need:	[9272, 159, 3227]	[23041, 1795, 33825],delete:
need:	[29871, 1650, 20831]	[10057, 179, 2174],delete:
need:	[30974, 1503, 20764]	[2672, 204, 950],delete:
need:	[4594, 1105, 12396]	[24408, 1457, 32210],delete:
need:	[3872, 288, 15206]	[23686, 1609, 38687],delete:
need:	[3120, 1091, 10937]	[22934, 1872, 29302],delete:
need:	[23743, 1650, 32892]	[3929, 351, 13078],delete:
need:	[3153, 725, 12102]	[22967, 1618, 31916],delete:
need:	[5853, 1162, 12980]	[25667, 1696, 32794],delete:
need:	[21793, 1586, 23989]	[23989, 1318, 24469],delete:
need:	[21801, 1549, 25841]	[1987, 537, 8207],delete:
need:	[10497, 441, 260]	[30311, 1740, 20074],delete:
need:	[5085, 485, 12560]	[24899, 1784, 38107]	[5085, 339, 19088]	[28328, 1795, 24899],delete:
need:,delete:
need:	[34486, 1418, 22896]	[13922, 119, 3082],delete:
need:	[32704, 1318, 20943],delete:
need:,delete:
need:	[32751, 1458, 21700],delete:
need:	[3137, 89, 8213]	[3137, 439, 6615],delete:
need:	[21835, 1719, 28225]	[2021, 420, 8417],delete:
need:	[23916, 2058, 35938],delete:
need:	[20417, 1466, 21682]	[3338, 351, 1868],delete:
need:	[12876, 1216, 8397]	[28211, 2311, 28846],delete:
need:,delete:
need:	[725, 351, 9215]	[9215, 322, 17252],delete:
need:	[7295, 322, 10276]	[27109, 1418, 33044],delete:
need:	[10004, 420, 9192]	[13036, 431, 10004]	[32850, 1730, 29818],delete:
need:	[13234, 959, 8382]	[28196, 1590, 33613],delete:
need:	[2500, 537, 1283]	[2500, 159, 13278],delete:
need:	[22118, 1805, 28868]	[11758, 119, 9054],delete:
need:,delete:
need:	[10889, 119, 4257]	[25087, 1621, 24071]	[24071, 1418, 25087],delete:
need:	[25606, 1621, 25504]	[25606, 1418, 35557],delete:
need:	[11264, 245, 3285]	[31078, 1544, 23099],delete:
need:	[638, 883, 12600]	[20452, 1621, 21796]	[20452, 1850, 32450],delete:
need:	[3560, 322, 17712],delete:
need:	[1101, 96, 1623]	[20915, 1575, 20893],delete:
need:	[12479, 939, 9377],delete:
need:	[21911, 2104, 38956]	[2097, 1261, 8717]	[2097, 1243, 16281]	[21911, 1656, 36287],delete:
need:	[29094, 1740, 25464]	[9280, 441, 5650],delete:
need:	[22812, 1872, 31485]	[2998, 717, 11671],delete:
need:	[27220, 1458, 21824]	[27345, 1481, 21824],delete:
need:,delete:
need:	[541, 406, 1020]	[20355, 1406, 25060],delete:
need:	[5574, 261, 1975]	[33781, 1560, 21789],delete:
need:	[11273, 102, 5786]	[31087, 1401, 25600],delete:
need:	[10340, 167, 1258]	[30154, 1466, 21072],delete:
need:	[27590, 1571, 27590]	[8615, 90, 7776]	[27590, 1784, 21419],delete:
need:	[21033, 1503, 29690]	[1219, 204, 9876],delete:
need:,delete:
need:	[4806, 702, 417]	[24620, 2104, 37334]	[4806, 723, 12691]	[4806, 1243, 16723],delete:
need:	[4389, 653, 14682]	[24203, 1565, 25480],delete:
need:	[5927, 161, 17296]	[25741, 1460, 38514],delete:
need:	[4473, 200, 7966]	[12366, 521, 4473]	[24287, 1499, 27780],delete:
need:	[6499, 159, 14829]	[6499, 496, 3307],delete:
need:	[3774, 441, 432]	[3774, 167, 10030]	[23588, 1740, 20246],delete:
need:	[7371, 939, 7309]	[2164, 714, 7309],delete:
need:	[3424, 109, 11925]	[3424, 109, 19496],delete:
need:	[26468, 1740, 20906]	[33902, 1683, 20906],delete:
need:	[23548, 1437, 32140]	[3734, 589, 12326],delete:
need:	[28466, 1795, 30648],delete:
need:	[9186, 204, 982]	[29000, 1503, 20796]	[9186, 420, 2136],delete:
need:,delete:
need:,delete:
need:	[27908, 1560, 25959]	[8094, 261, 6145],delete:
need:	[6054, 496, 2324]	[25868, 1795, 22138],delete:
need:	[1474, 119, 4573]	[24387, 1710, 33856],delete:
need:	[5699, 119, 9648]	[25513, 1418, 29462]	[29462, 1478, 25513],delete:
need:	[10815, 520, 2495]	[22309, 1565, 30629],delete:
need:	[3275, 62, 16397]	[23089, 1361, 37427],delete:
need:	[4470, 140, 8109]	[8109, 959, 5247]	[8109, 1162, 8823]	[24284, 1439, 27923]	[27923, 1696, 28637]	[28505, 2242, 27923]	[19828, 1872, 27923],delete:
need:	[2106, 90, 5458]	[21920, 1389, 25272],delete:
need:	[4312, 851, 10430],delete:
need:	[7212, 1162, 11763]	[27026, 1696, 31577],delete:
need:	[34653, 1466, 28985]	[14839, 167, 9171],delete:
need:	[21290, 1466, 24443]	[4629, 384, 1476],delete:
need:	[11038, 824, 10173]	[31946, 1345, 29987],delete:
need:	[13926, 1234, 10136]	[13534, 1234, 10136]	[33348, 2159, 29950]	[29950, 1390, 20972]	[33740, 2159, 29950],delete:
need:,delete:
need:	[673, 179, 8368]	[13078, 506, 673],delete:
need:	[6573, 537, 2111]	[26387, 1390, 21586],delete:
need:	[23378, 1733, 27061]	[32170, 1424, 23378],delete:
need:	[6241, 159, 9339]	[26055, 1458, 29153],delete:
need:	[5069, 642, 10686]	[24883, 1571, 37947],delete:
need:	[1416, 90, 10768]	[21230, 1784, 36558],delete:
need:	[14712, 1159, 4945]	[34526, 1345, 24759],delete:
need:	[29927, 1725, 28182]	[21684, 1466, 28182],delete:
need:	[22888, 1713, 36020],delete:
need:	[22449, 1503, 21308]	[2635, 204, 1494],delete:
need:	[12479, 721, 9810]	[29624, 1718, 25357]	[32293, 1388, 29624],delete:
need:	[19832, 1730, 23617]	[23617, 1389, 27541],delete:
need:,delete:
need:	[3775, 384, 16022]	[23589, 1805, 32787],delete:
need:	[2895, 159, 6186]	[22709, 1836, 38988],delete:
need:	[5379, 322, 6654]	[6654, 351, 16146],delete:
need:	[12111, 406, 9289]	[31925, 1705, 29103],delete:
need:	[32926, 1390, 26294]	[26294, 1621, 33638],delete:
need:	[29750, 1389, 29952]	[10138, 485, 4397],delete:
need:	[6874, 200, 285]	[26688, 1516, 35123]	[6874, 217, 12802],delete:
need:	[4025, 1155, 4500]	[14953, 566, 4500]	[23839, 1797, 24314]	[34767, 1527, 24314],delete:
need:	[7561, 159, 12935]	[34609, 1458, 27375],delete:
need:	[12510, 966, 4446]	[27511, 1439, 24260],delete:
need:	[6495, 690, 7113]	[33398, 1621, 26309]	[7603, 384, 6495],delete:
need:	[2223, 161, 7168]	[22037, 1460, 26982],delete:
need:	[13518, 418, 4369]	[24183, 1888, 30448],delete:
need:	[14935, 1216, 9970]	[6168, 271, 9970],delete:
need:,delete:
need:	[21507, 1570, 20171]	[1693, 1216, 357],delete:
need:	[6884, 236, 16118]	[26698, 1535, 34590],delete:
need:	[12469, 1252, 4212]	[24026, 1872, 32283],delete:
need:	[2255, 485, 1605]	[2255, 420, 6905]	[22069, 1719, 21364]	[22069, 1497, 20972]	[22069, 1719, 26719]	[22069, 1784, 21419],delete:
need:	[7708, 1222, 10465]	[27522, 1578, 30279],delete:
need:	[6479, 441, 5889]	[12981, 384, 6479],delete:
need:	[11845, 1162, 8295]	[1025, 1162, 8295],delete:
need:	[3527, 485, 7137],delete:
need:	[9741, 885, 471]	[471, 677, 1123],delete:
need:	[28453, 1458, 24633]	[28453, 1458, 20512]	[8639, 711, 5754],delete:
need:	[27296, 1713, 19916],delete:
need:	[443, 420, 14871]	[20257, 1719, 20224],delete:
need:	[24161, 1578, 24980]	[4347, 959, 5166],delete:
need:,delete:
need:,delete:
need:	[2640, 119, 6589]	[2640, 351, 10736],delete:
need:	[789, 1173, 4655]	[20603, 1318, 24469]	[32714, 1836, 20603],delete:
need:	[33367, 1784, 28619]	[13553, 485, 8805]	[28619, 1719, 34685],delete:
need:	[3456, 89, 8213]	[34439, 1671, 28027],delete:
need:	[5610, 935, 59]	[25424, 1525, 23817],delete:
need:	[9955, 788, 2934]	[4263, 1001, 9955]	[21232, 1807, 29769]	[29769, 2111, 22748],delete:
need:	[7073, 280, 5409]	[26887, 1454, 23428],delete:
need:	[9673, 139, 14456]	[9673, 309, 13469],delete:
need:	[10078, 329, 4730]	[24544, 1628, 28799],delete:
need:,delete:
need:	[1814, 420, 9192]	[1814, 485, 15271]	[21628, 1784, 39494]	[2643, 90, 1814],delete:
need:	[8199, 617, 11921]	[28013, 2202, 31735],delete:
need:	[4520, 204, 12956]	[31790, 1585, 24334],delete:
need:	[25854, 1389, 27749],delete:
need:	[13311, 90, 5261]	[5261, 198, 960],delete:
need:	[3960, 351, 4731]	[33840, 1650, 23774],delete:
need:	[4823, 725, 3521],delete:
need:	[33533, 1389, 23551]	[10941, 90, 3737],delete:
need:	[6981, 261, 6591]	[26795, 1560, 25168],delete:
need:	[25784, 2130, 25343],delete:
need:	[21339, 1418, 35598]	[1525, 322, 1724],delete:
need:	[1101, 1216, 9308]	[9308, 155, 4476],delete:
need:	[31871, 1389, 25936]	[13311, 90, 6122],delete:
need:	[8491, 217, 17155]	[28305, 1516, 38531]	[14602, 1162, 8491],delete:
need:	[9514, 939, 2512]	[9514, 939, 5170]	[9514, 721, 18057],delete:
need:	[1875, 1183, 9223]	[21689, 1696, 29037]	[21689, 1578, 38588],delete:
need:	[10059, 540, 7336],delete:
need:	[6496, 496, 6466],delete:
need:	[1385, 1173, 13945]	[1023, 182, 1385]	[21199, 1437, 23714],delete:
need:	[1410, 722, 12486]	[889, 537, 1410],delete:
need:	[29012, 1683, 30662]	[32149, 1478, 29012],delete:
need:	[3063, 1031, 7949]	[6432, 341, 7949],delete:
need:	[8634, 441, 2332]	[22146, 1650, 34787]	[2332, 119, 10901],delete:
need:	[8443, 410, 4551]	[13835, 288, 4551]	[4551, 935, 13699],delete:
need:	[152, 204, 1406]	[21220, 1389, 29040],delete:
need:	[7185, 204, 11669]	[26999, 1503, 31483],delete:
need:	[5894, 551, 12636]	[5894, 426, 12439]	[25708, 1725, 32253]	[25708, 1725, 26802]	[25708, 1850, 32450],delete:
need:	[902, 250, 14959]	[14959, 159, 902],delete:
need:	[771, 84, 5040]	[5040, 288, 15314]	[24854, 1609, 36644],delete:
need:	[4775, 1105, 12845]	[24589, 1457, 32659],delete:
need:	[3833, 267, 8545]	[8545, 1222, 14668]	[28359, 1578, 34482],delete:
need:	[23267, 1406, 38055]	[3453, 245, 8716]	[3453, 107, 17437],delete:
need:	[7814, 226, 22]	[7814, 226, 4535]	[32664, 1458, 27628]	[24349, 1383, 27628],delete:
need:	[27342, 1624, 23871]	[8427, 653, 4057]	[31730, 1457, 23871],delete:
need:	[20834, 1424, 22751]	[22751, 1795, 35917],delete:
need:	[23810, 1319, 28669]	[3996, 439, 15083]	[3996, 330, 6069]	[23810, 1388, 31492],delete:
need:	[20630, 1394, 20171]	[816, 1216, 2695],delete:
need:	[8348, 537, 3249]	[3249, 537, 4207],delete:
need:	[20801, 1523, 27379],delete:
need:	[26318, 1650, 27171]	[26318, 1478, 24073],delete:
need:	[935, 453, 5543]	[21000, 1390, 25357],delete:
need:	[31302, 1628, 27202]	[27202, 1481, 23119],delete:
need:	[30403, 1361, 26084]	[7600, 62, 6270],delete:
need:	[22874, 2411, 28148]	[7588, 1017, 8334],delete:
need:,delete:
need:	[2940, 951, 9340]	[9340, 33, 13865]	[29154, 1364, 23155],delete:
need:	[28510, 1795, 30202]	[8696, 496, 10388],delete:
need:	[4220, 1078, 11290]	[22343, 2072, 24034],delete:
need:	[6757, 1017, 18627]	[26571, 1337, 37040],delete:
need:	[3079, 537, 6204]	[22893, 1549, 26300],delete:
need:	[7394, 54, 4522]	[14582, 564, 4522]	[24336, 2172, 34396],delete:
need:,delete:
need:	[27246, 1718, 38027]	[7432, 516, 11635],delete:
need:	[22753, 1478, 25279]	[282, 179, 2939],delete:
need:	[9236, 309, 1985]	[22621, 1608, 21799],delete:
need:	[4666, 441, 9971]	[24480, 1740, 29785],delete:
need:	[25628, 1535, 28741],delete:
need:	[5025, 351, 6246]	[24839, 1418, 34007],delete:
need:	[25083, 1503, 23947]	[5269, 204, 4133],delete:
need:	[9517, 88, 2316]	[22130, 1387, 31236],delete:
need:	[29344, 1847, 25640]	[9530, 548, 5826],delete:
need:	[6840, 431, 19253]	[26654, 1389, 34811],delete:
need:	[9547, 159, 9311]	[21045, 1458, 29361],delete:
need:	[5677, 441, 9101]	[25491, 1740, 28915],delete:
need:	[21276, 1423, 28428],delete:
need:	[260, 351, 15980]	[20074, 1650, 36174],delete:
need:	[21046, 1740, 33010]	[1232, 441, 13196],delete:
need:	[20342, 1683, 29458]	[34044, 1418, 20342],delete:
need:	[25087, 1740, 26716]	[25087, 1418, 30645],delete:
need:	[101, 119, 9663]	[29477, 1740, 34342],delete:
need:	[26315, 1740, 27380]	[6501, 384, 18934]	[6501, 441, 7566],delete:
need:	[21150, 1560, 30193]	[1336, 261, 14735]	[20168, 1803, 21150],delete:
need:	[5285, 920, 9143],delete:
need:	[7871, 496, 8906]	[28386, 1795, 28720],delete:
need:	[10204, 714, 8346]	[10204, 953, 10269]	[30018, 1858, 28160]	[30018, 2411, 30535],delete:
need:	[6340, 351, 10671]	[26154, 1478, 32143],delete:
need:	[20495, 1872, 28410]	[28410, 1696, 29130]	[8596, 1183, 9316],delete:
need:	[667, 721, 2995]	[3723, 971, 667],delete:
need:	[5346, 537, 14014],delete:
need:	[20065, 1549, 22612],delete:
need:	[12899, 485, 9945]	[31143, 1784, 29759],delete:
need:	[3312, 441, 1808]	[29250, 1740, 23126],delete:
need:	[919, 711, 2993]	[20733, 2411, 22807],delete:
need:	[4992, 872, 19203]	[4992, 1243, 16974]	[24806, 2104, 37669]	[24806, 2132, 38483],delete:
need:,delete:
need:	[7507, 717, 11370]	[27321, 1378, 31184],delete:
need:	[2516, 167, 9870]	[22330, 1466, 29684],delete:
need:	[4342, 959, 2837]	[27292, 1378, 24156]	[4342, 698, 7345]	[4342, 1252, 1557]	[24156, 1696, 33134],delete:
need:	[10134, 167, 10736]	[29948, 1466, 30550],delete:
need:	[1028, 119, 16354]	[20842, 1650, 30684]	[1028, 351, 10870],delete:
need:	[29612, 1488, 20981]	[29612, 1719, 29006]	[9798, 90, 12559],delete:
need:	[7547, 717, 13015]	[27361, 1872, 20090],delete:
need:	[5201, 1216, 11333]	[25015, 1888, 31147],delete:
need:	[26394, 1719, 23453],delete:
need:	[301, 1173, 5339]	[438, 786, 5339]	[20252, 1318, 25153],delete:
need:	[10445, 496, 9584]	[10445, 329, 14795],delete:
need:	[26136, 2037, 30448]	[6322, 96, 10634],delete:
need:	[353, 952, 13711]	[353, 84, 18388],delete:
need:	[3780, 717, 9968]	[9968, 1222, 10856]	[29782, 1578, 30670]	[23594, 1872, 29782],delete:
need:	[27222, 1797, 24689]	[7408, 750, 14518]	[27222, 1559, 34332],delete:
need:	[26276, 1549, 21428]	[21428, 1390, 33998],delete:
need:	[7631, 87, 10750]	[7631, 87, 17960],delete:
need:	[28394, 2037, 27099]	[8580, 96, 7285],delete:
need:	[23785, 1719, 20224]	[10678, 90, 3971],delete:
need:	[2157, 206, 18783]	[27516, 1478, 21971],delete:
need:,delete:
need:	[21482, 1478, 25260]	[1668, 179, 5446],delete:
need:	[4338, 250, 12872],delete:
need:	[31476, 1499, 22382]	[9568, 200, 2568],delete:
need:	[1424, 519, 13620]	[1424, 291, 4818]	[4818, 959, 1424]	[21238, 1818, 33434]	[24632, 1578, 21238]	[21238, 1818, 37435],delete:
need:	[22480, 1650, 35643]	[2666, 351, 16367],delete:
need:	[5889, 119, 12981]	[32795, 1621, 25703],delete:
need:	[29844, 1478, 23588]	[10030, 179, 3774]	[20246, 1418, 29844]	[29844, 1650, 22656],delete:
need:,delete:
need:	[25649, 1872, 20956],delete:
need:	[48, 441, 15754]	[19862, 1740, 39537],delete:
need:	[27758, 1418, 25535]	[7944, 119, 5721],delete:
need:	[25220, 1631, 27794]	[31703, 1439, 25220],delete:
need:	[9720, 420, 14871]	[10979, 90, 9720],delete:
need:	[8589, 179, 1495]	[28403, 1478, 21309],delete:
need:	[4430, 87, 7555]	[4430, 87, 5055]	[4430, 87, 1846]	[24244, 1386, 26665]	[24244, 1386, 24869],delete:
need:	[9143, 496, 6804]	[28957, 1940, 35358]	[31668, 2026, 28957],delete:
need:	[3527, 107, 4132]	[23341, 1424, 27311],delete:
need:	[24362, 1628, 29693]	[27316, 1549, 24362],delete:
need:	[4699, 159, 8790]	[28604, 1549, 24513]	[499, 794, 4699],delete:
need:	[26411, 1730, 28334]	[28334, 1719, 34685],delete:
need:	[29015, 1740, 21962]	[7898, 351, 9201],delete:
need:	[26646, 1418, 36051]	[23076, 1478, 26646],delete:
need:	[6258, 420, 6028]	[29874, 1719, 25842],delete:
need:	[25818, 1320, 37719]	[6004, 812, 10857],delete:
need:,delete:
need:,delete:
need:	[11339, 959, 8277]	[8773, 537, 8277]	[14376, 306, 8277]	[12340, 537, 8277]	[26323, 1605, 28091]	[31153, 1578, 28091]	[28091, 1590, 38014]	[32163, 1605, 28091],delete:
need:	[13464, 731, 6029]	[25843, 1978, 33278],delete:
need:	[1153, 537, 10658]	[20967, 1549, 30472],delete:
need:	[3645, 102, 6923]	[6923, 1222, 17349]	[6923, 959, 6815],delete:
need:	[23673, 1628, 28349]	[5028, 159, 3859],delete:
need:	[10065, 967, 11686]	[31500, 1880, 29879],delete:
need:	[11264, 485, 855]	[20669, 1399, 35815]	[5944, 485, 855],delete:
need:	[9611, 236, 11154],delete:
need:	[23710, 1368, 20943],delete:
need:	[34714, 1507, 28269]	[14900, 1294, 8455],delete:
need:,delete:
need:	[28182, 1621, 21684]	[1870, 322, 14303],delete:
need:	[4755, 89, 4498]	[4498, 407, 6740],delete:
need:	[7454, 537, 3358],delete:
need:	[9788, 711, 1507]	[1507, 953, 5507]	[1507, 760, 18231]	[21321, 1923, 23626]	[21321, 1337, 23984]	[23984, 1337, 21321],delete:
need:	[532, 529, 9299],delete:
need:	[3821, 988, 17517]	[11110, 831, 3821]	[3821, 831, 5941]	[3821, 831, 11110]	[3821, 831, 11865]	[23635, 2157, 38747]	[23635, 1725, 28247]	[23635, 1725, 20972],delete:
need:	[21672, 1549, 22137],delete:
need:	[27424, 1836, 30410]	[27424, 1390, 34236],delete:
need:	[27442, 1807, 34073],delete:
need:	[6306, 301, 15649],delete:
need:	[32303, 1389, 30171]	[12489, 90, 10357],delete:
need:	[10196, 642, 7329]	[30010, 1304, 27143],delete:
need:	[9328, 351, 837]	[29142, 1650, 20651],delete:
need:	[7078, 653, 1892],delete:
need:	[34478, 1958, 27997]	[21581, 1949, 27997],delete:
need:	[9409, 84, 8396]	[22592, 1408, 29223],delete:
need:	[8396, 288, 11247]	[5210, 1050, 8396],delete:
need:	[3505, 204, 8132]	[23319, 1795, 34179]	[23319, 1503, 27946],delete:
need:	[6200, 198, 365]	[26014, 1719, 21263],delete:
need:,delete:
need:	[6584, 159, 19613]	[26398, 1549, 25952],delete:
need:	[29640, 1605, 25031]	[12666, 839, 5217],delete:
need:	[20996, 1574, 25986]	[11424, 420, 1182],delete:
need:	[10940, 167, 8726]	[28540, 1621, 27182]	[31683, 1805, 28540],delete:
need:	[11328, 1292, 2815]	[22629, 1850, 35500]	[32524, 1660, 22629],delete:
need:,delete:
need:	[612, 351, 9286]	[29100, 1805, 30377],delete:
need:	[3083, 540, 1688]	[3083, 496, 13479]	[22897, 1795, 33293],delete:
need:	[2118, 179, 673]	[1791, 351, 2118],delete:
need:	[3414, 89, 8208]	[11858, 89, 8208],delete:
need:	[6810, 441, 19450]	[26624, 1740, 37895],delete:
need:	[30346, 1549, 24524]	[10532, 537, 4710],delete:
need:	[4006, 33, 4222],delete:
need:	[9153, 441, 7132]	[28967, 1740, 26946],delete:
need:	[29474, 1535, 24838]	[5024, 90, 10520],delete:
need:	[21165, 1503, 27141]	[14471, 90, 7327],delete:
need:	[26370, 1389, 21254]	[6556, 90, 1440],delete:
need:	[22950, 1478, 35937]	[5313, 384, 3136],delete:
need:	[24461, 1628, 32212]	[32212, 1549, 24461]	[12398, 537, 4647],delete:
need:	[2439, 167, 1724]	[22253, 1650, 21488]	[22253, 1466, 21538],delete:
need:	[1438, 119, 7964]	[21252, 1418, 27778],delete:
need:	[2639, 431, 5234]	[31715, 1389, 25048]	[5234, 90, 7763],delete:
need:,delete:
need:	[6497, 959, 6290]	[26104, 1507, 33891]	[6290, 1294, 14077],delete:
need:	[5307, 464, 903]	[12838, 286, 903]	[20717, 1795, 23825]	[20717, 1503, 28624]	[20717, 1795, 32652],delete:
need:	[2980, 90, 1186],delete:
need:	[26845, 1740, 20129]	[7031, 441, 315],delete:
need:	[9565, 1162, 7072]	[26886, 1499, 33363],delete:
need:	[20671, 1740, 32362]	[4976, 322, 857],delete:
need:	[23090, 2408, 35830]	[13808, 600, 3276]	[23090, 1628, 33622],delete:
need:	[134, 204, 11288]	[19948, 1503, 31102],delete:
need:	[10115, 372, 18587]	[29929, 1670, 30601],delete:
need:	[2326, 420, 2136]	[2326, 204, 13389],delete:
need:	[3478, 297, 8600]	[29613, 1408, 23292],delete:
need:	[8927, 420, 2100],delete:
need:	[24745, 1390, 38027],delete:
need:	[5744, 698, 5187]	[26192, 1862, 25001],delete:
need:	[21782, 1628, 26073]	[1968, 159, 6259],delete:
need:	[5560, 420, 8194]	[25374, 1719, 30876],delete:
need:	[195, 87, 10750]	[20009, 1386, 26157]	[30564, 1738, 20009],delete:
need:	[23057, 1836, 38375]	[6663, 329, 3243],delete:
need:	[20474, 1478, 30772]	[20474, 1466, 19972],delete:
need:	[21930, 1888, 25015]	[688, 1066, 2116]	[1650, 465, 2116],delete:
need:	[23338, 1795, 25476]	[3524, 496, 5662],delete:
need:	[31425, 1880, 26620]	[11611, 1252, 6806],delete:
need:	[20664, 1458, 24176],delete:
need:	[13143, 159, 2059]	[21873, 1684, 27045],delete:
need:,delete:
need:	[5324, 322, 4527]	[5324, 119, 16414],delete:
need:	[2646, 236, 14785]	[2646, 420, 4813],delete:
need:	[31057, 1738, 29714]	[9900, 87, 15928]	[29714, 1386, 37013]	[9900, 20, 7235],delete:
need:	[3787, 537, 7527]	[27341, 1628, 26477],delete:
need:	[13675, 132, 1576]	[33489, 1505, 21390],delete:
need:	[1074, 276, 1603]	[20888, 1394, 23937],delete:
need:	[10423, 537, 8672]	[9367, 159, 8672],delete:
need:	[12972, 306, 2875],delete:
need:	[9726, 322, 7937]	[27751, 1740, 37173]	[7937, 441, 15119],delete:
need:	[5333, 537, 9590]	[5333, 653, 4641],delete:
need:	[13927, 449, 228]	[10950, 558, 228],delete:
need:	[2231, 245, 1553]	[2231, 420, 2422],delete:
need:	[23092, 1820, 29130]	[3278, 521, 9316]	[9316, 1075, 7455],delete:
need:	[2464, 119, 5090]	[22278, 1478, 29397],delete:
need:	[1711, 91, 9586]	[21707, 1390, 29400],delete:
need:	[21074, 1579, 23927]	[22842, 1857, 21074],delete:
need:	[30410, 1851, 20741]	[2725, 168, 927],delete:
need:	[4577, 19, 4655]	[4577, 329, 19129]	[24391, 1388, 22415],delete:
need:	[3891, 537, 1009]	[23705, 1836, 20823],delete:
need:	[26918, 1544, 24609]	[7104, 245, 4795],delete:
need:	[703, 537, 12365]	[703, 722, 12845],delete:
need:	[22918, 1586, 19872]	[1908, 537, 58],delete:
need:	[8792, 537, 6939],delete:
need:	[24934, 1481, 28176]	[3293, 971, 8362],delete:
need:	[30252, 2311, 29409]	[30252, 1793, 28931],delete:
need:	[391, 261, 3103]	[391, 344, 14045]	[20205, 1643, 33859],delete:
need:	[6060, 966, 376]	[25874, 2044, 20190]	[20190, 1631, 25874],delete:
need:	[7284, 179, 8658]	[28472, 1740, 37518],delete:
need:	[27913, 1578, 24193]	[8099, 959, 2110],delete:
need:	[28809, 1784, 38446]	[8995, 1189, 13271],delete:
need:	[809, 159, 18845]	[10248, 885, 809]	[30062, 1304, 20623]	[20623, 1628, 38563],delete:
need:	[12267, 1260, 4246]	[6577, 1260, 4246],delete:
need:	[19929, 1718, 26822]	[7008, 885, 12475]	[26822, 1675, 32100]	[26822, 1675, 31075]	[26822, 1537, 38029],delete:
need:	[29859, 2311, 25223]	[10045, 558, 5409],delete:
need:	[28101, 1795, 20076]	[8287, 161, 5053]	[8287, 204, 14997],delete:
need:	[34749, 1573, 23027],delete:
need:	[4074, 525, 12751]	[23888, 1824, 32565],delete:
need:	[20535, 1683, 26401]	[28489, 1366, 26401],delete:
need:	[20012, 1318, 24469],delete:
need:	[1271, 110, 11796]	[21085, 1627, 32540],delete:
need:	[24720, 1466, 21542]	[4906, 167, 1728],delete:
need:	[25203, 2037, 23488],delete:
need:	[11863, 87, 3962]	[31677, 1386, 23776],delete:
need:	[20912, 1848, 23164]	[3335, 807, 1098],delete:
need:	[27738, 1839, 23495]	[7924, 939, 3681],delete:
need:	[23127, 1795, 34640]	[24542, 1458, 23127],delete:
need:	[9226, 90, 1494],delete:
need:	[1738, 101, 511]	[10569, 883, 1738]	[21552, 1400, 20325]	[30383, 1725, 21552]	[34225, 1890, 21552],delete:
need:,delete:
need:	[767, 1062, 2158]	[30879, 1718, 21972],delete:
need:	[26404, 1390, 36887]	[32791, 1458, 26404]	[12977, 159, 6590],delete:
need:	[5901, 90, 5266]	[29750, 1389, 25080],delete:
need:	[6642, 406, 10145]	[20174, 1795, 29959],delete:
need:	[4400, 537, 10798]	[30612, 1628, 24214],delete:
need:	[6522, 496, 11264]	[26336, 1795, 31078]	[26336, 1636, 23099],delete:
need:	[1091, 341, 18903]	[11741, 506, 1091]	[1091, 441, 11741],delete:
need:	[3519, 286, 8556],delete:
need:	[26188, 1872, 32820]	[6374, 717, 12208],delete:
need:	[1277, 261, 5354]	[21091, 1560, 31155],delete:
need:	[29509, 1719, 26719]	[14332, 204, 9695],delete:
need:	[21660, 1738, 27233],delete:
need:	[1193, 420, 1678]	[1678, 104, 2249]	[21007, 1719, 21492],delete:
need:	[7364, 420, 9192]	[7364, 204, 4366]	[27178, 1719, 29006]	[27178, 1503, 24180],delete:
need:	[21962, 1740, 34250]	[2148, 167, 7774],delete:
need:	[9689, 204, 8340]	[9689, 485, 15085]	[29503, 1784, 36093],delete:
need:	[99, 496, 8270]	[99, 138, 6886],delete:
need:	[5211, 122, 5454]	[22995, 1421, 25268],delete:
need:	[2745, 764, 10465],delete:
need:	[26416, 1696, 29130]	[6602, 1183, 9316],delete:
need:	[31828, 1880, 29281]	[9467, 717, 12014],delete:
need:	[26674, 1880, 37412]	[28398, 1432, 26674],delete:
need:	[10784, 679, 4854]	[24668, 1590, 30414]	[12577, 537, 4854]	[30598, 1656, 24668],delete:
need:	[23730, 1503, 27173]	[27173, 1389, 26277],delete:
need:	[27011, 2242, 22659],delete:
need:	[50, 261, 2951]	[34695, 1501, 19864],delete:
need:	[20672, 1386, 23479],delete:
need:	[28153, 1716, 25629]	[8339, 200, 285]	[28153, 1401, 24632]	[4818, 1162, 8339],delete:
need:	[27879, 1793, 29175]	[3059, 280, 9361],delete:
need:	[20037, 1719, 23244]	[20037, 1389, 25936],delete:
need:	[34562, 1805, 21257]	[14153, 119, 1443],delete:
need:	[3799, 892, 10343]	[3799, 892, 16048]	[23613, 2425, 30157]	[23613, 1633, 32694],delete:
need:	[23535, 1418, 25623]	[5809, 441, 2730],delete:
need:	[24802, 1549, 34999],delete:
need:	[8694, 159, 3218]	[23032, 1628, 32732],delete:
need:	[28426, 1738, 24439]	[24439, 1738, 35587]	[24439, 1738, 31488],delete:
need:	[10607, 939, 212]	[2554, 885, 212],delete:
need:	[21107, 1819, 26723]	[6909, 508, 14422]	[1293, 159, 6909],delete:
need:	[21457, 1406, 24911],delete:
need:,delete:
need:,delete:
need:	[21769, 1872, 32406]	[12592, 529, 1955],delete:
need:	[12152, 351, 6802]	[33171, 1650, 26616],delete:
need:	[23203, 1390, 25345]	[12932, 1222, 5531],delete:
need:	[6023, 786, 10431]	[30490, 1318, 30245],delete:
need:,delete:
need:	[496, 494, 9361]	[20310, 1793, 29175],delete:
need:	[25340, 2009, 23143]	[7674, 824, 3329]	[27488, 1345, 23143],delete:
need:	[4397, 420, 9037],delete:
need:	[6634, 717, 7494]	[7121, 529, 6634]	[26448, 2355, 30891],delete:
need:	[5074, 90, 5564]	[5564, 420, 4813]	[25378, 1719, 30547],delete:
need:	[6505, 420, 6028]	[26319, 1719, 21950],delete:
need:	[2350, 967, 14309]	[8328, 1252, 2350],delete:
need:	[2929, 159, 9902],delete:
need:	[3506, 653, 8032]	[8032, 376, 14130]	[14130, 1173, 8032]	[8032, 454, 12726]	[27846, 1839, 33944]	[27846, 1796, 29514],delete:
need:	[6208, 204, 2789]	[22603, 1488, 25891],delete:
need:	[10115, 138, 9804]	[12846, 91, 9804]	[26323, 1605, 29618],delete:
need:	[681, 717, 9336]	[9336, 1162, 7236]	[29150, 1696, 27050],delete:
need:	[6936, 1091, 12857]	[6936, 1208, 7666]	[26750, 1390, 32671],delete:
need:	[2963, 494, 2487]	[22777, 1395, 22122],delete:
need:	[31927, 1454, 23905]	[23905, 1570, 20966],delete:
need:	[29296, 1629, 34782]	[9482, 330, 6069],delete:
need:	[7792, 1222, 6950]	[6950, 831, 11121]	[6950, 322, 16902]	[11847, 831, 6950]	[6950, 831, 16902]	[6950, 314, 10231]	[26764, 2127, 20972]	[31412, 1437, 26764],delete:
need:	[34178, 1795, 29044]	[9230, 406, 12010],delete:
need:	[3670, 420, 9192]	[3670, 519, 10623]	[3670, 11, 1605]	[23484, 1818, 30437]	[23484, 1719, 29006]	[23484, 1310, 21419],delete:
need:	[4275, 384, 18762]	[4275, 506, 10889],delete:
need:,delete:
need:	[28863, 1337, 26096]	[9049, 1017, 6282],delete:
need:	[4761, 1216, 2526]	[31744, 1682, 24575]	[6991, 1066, 4761],delete:
need:	[12963, 90, 6599]	[26413, 1389, 34054]	[32777, 1389, 26413],delete:
need:	[1969, 537, 9349]	[21783, 1795, 24469],delete:
need:	[7388, 159, 1844]	[23119, 1628, 21658],delete:
need:	[6760, 204, 950]	[21418, 1424, 26574]	[1604, 286, 6760],delete:
need:	[23147, 1406, 29842]	[3333, 107, 10028]	[31290, 1795, 23147],delete:
need:	[22711, 1633, 32674]	[2897, 892, 484]	[2897, 824, 12860]	[22711, 1633, 20749],delete:
need:	[19970, 1872, 30364]	[156, 717, 14674],delete:
need:	[21118, 1713, 26761],delete:
need:	[2889, 384, 9675]	[22703, 1683, 29489],delete:
need:	[20020, 2410, 30634]	[206, 878, 18060]	[20020, 2410, 35345],delete:
need:	[1254, 109, 8268]	[8268, 84, 13532],delete:
need:	[32991, 1818, 22861]	[23643, 1437, 22861]	[13019, 653, 3047],delete:
need:	[22679, 1424, 31751]	[1372, 406, 2865],delete:
need:	[26954, 1740, 20666]	[12753, 167, 7140],delete:
need:	[28560, 1503, 34152]	[8746, 420, 10710]	[8746, 204, 14338],delete:
need:	[6680, 91, 8717]	[6680, 153, 6384]	[26494, 1671, 28003]	[26494, 1452, 26198]	[26494, 1319, 29266],delete:
need:	[9065, 537, 1157]	[5985, 885, 9065],delete:
need:	[78, 717, 6955]	[1217, 102, 6955],delete:
need:	[33219, 1795, 21720],delete:
need:	[9732, 1202, 9000]	[30240, 2410, 29546],delete:
need:,delete:
need:	[8881, 406, 11030]	[28695, 1705, 30844],delete:
need:	[14172, 107, 5305]	[4273, 427, 5305],delete:
need:	[3620, 939, 13155]	[8029, 329, 3620]	[27843, 1628, 23434],delete:
need:	[6720, 90, 12816]	[6720, 90, 162],delete:
need:,delete:
need:	[4450, 161, 1068]	[25083, 1424, 20882],delete:
need:	[654, 1202, 11285]	[654, 1202, 325]	[654, 1202, 14567]	[654, 1202, 8504]	[20468, 1375, 31099],delete:
need:	[28430, 1836, 30499]	[8616, 537, 10685],delete:
need:	[3176, 760, 9960]	[9960, 537, 7234],delete:
need:	[22746, 1780, 19935],delete:
need:	[24970, 1458, 28268],delete:
need:	[1241, 464, 1734]	[1241, 420, 9192],delete:
need:	[9669, 101, 4100]	[23914, 2317, 33608]	[4100, 1146, 13794],delete:
need:	[8721, 872, 9439]	[9439, 872, 19432]	[9439, 679, 15344]	[9439, 723, 12691]	[9439, 1243, 8721]	[29253, 1706, 22468]	[29253, 2104, 28535]	[29253, 2132, 35363],delete:
need:	[3398, 441, 11021]	[29439, 1740, 23212],delete:
need:	[34015, 1466, 28937]	[9123, 441, 5128],delete:
need:	[3524, 245, 14144]	[22745, 1585, 23338],delete:
need:	[14029, 362, 7930]	[7930, 100, 18726]	[10014, 699, 7930]	[8292, 699, 7930]	[27744, 1625, 20179]	[33843, 1661, 27744]	[28537, 1808, 27744]	[27744, 1718, 27049],delete:
need:	[31216, 1628, 24308]	[4494, 250, 11402],delete:
need:	[2127, 537, 16288]	[21941, 1836, 35515],delete:
need:	[7276, 464, 3206]	[7276, 496, 13930],delete:
need:	[9287, 250, 10473]	[29101, 2217, 31204],delete:
need:	[34094, 1781, 27862]	[2165, 939, 8048]	[20547, 1781, 27862],delete:
need:	[6645, 849, 19163]	[32493, 2296, 26459]	[31947, 2296, 26459],delete:
need:	[24031, 1406, 24180]	[4217, 107, 4366],delete:
need:	[8534, 162, 4696]	[26627, 1795, 28348],delete:
need:	[27670, 1478, 25339]	[7856, 179, 5525],delete:
need:	[10148, 1105, 17271]	[29962, 1345, 27005]	[29962, 1457, 35407],delete:
need:	[9285, 441, 10621]	[29099, 1740, 30435],delete:
need:	[22030, 1740, 27499]	[2216, 441, 7685],delete:
need:	[8442, 351, 11533]	[6263, 506, 8442]	[8442, 384, 10114],delete:
need:	[4125, 1243, 17636]	[23939, 2104, 37800],delete:
need:	[977, 540, 16912]	[20791, 1839, 36932],delete:
need:	[23578, 1839, 21453]	[10985, 159, 1639],delete:
need:	[22005, 1503, 25184]	[1816, 236, 5370],delete:
need:	[6673, 101, 1845]	[27973, 1805, 26487]	[26487, 1400, 21659]	[32199, 1418, 26487],delete:
need:	[8578, 537, 1371]	[28392, 1318, 25760],delete:
need:	[3833, 267, 8545]	[3833, 496, 5443],delete:
need:	[3124, 600, 4390]	[22938, 1754, 24725]	[3124, 1182, 10511],delete:
need:	[11466, 236, 938]	[8602, 236, 938]	[20752, 1497, 20972],delete:
need:	[14358, 1294, 1612]	[26741, 1809, 21426],delete:
need:	[9510, 496, 5858],delete:
need:	[11270, 204, 8419]	[28233, 1784, 20832]	[20028, 1544, 28233],delete:
need:	[29533, 1403, 30960]	[9719, 104, 4813]	[21467, 1714, 29533],delete:
need:	[20156, 1795, 24469]	[20156, 1598, 23879],delete:
need:	[26435, 1389, 30175]	[4720, 90, 10361]	[6621, 90, 10361],delete:
need:	[25911, 1872, 37353]	[6097, 717, 13333],delete:
need:	[5890, 420, 410]	[5890, 198, 5250]	[5890, 420, 2422]	[25704, 1719, 24247],delete:
need:	[20983, 1535, 35877]	[1169, 236, 17722],delete:
need:	[28296, 1795, 22959]	[3145, 204, 14338]	[22959, 1719, 24247],delete:
need:	[23262, 1733, 28547]	[4271, 87, 8733]	[13083, 236, 8733]	[28547, 1389, 32897],delete:
need:	[2206, 236, 6601]	[22020, 1535, 20655],delete:
need:	[24996, 1730, 34372],delete:
need:	[24204, 2408, 39313]	[24204, 1628, 22938]	[4390, 1147, 3124],delete:
need:	[29050, 1608, 34792]	[9236, 309, 17160],delete:
need:	[9355, 760, 1111]	[20925, 1923, 38336],delete:
need:	[8217, 717, 12932]	[28031, 1378, 32746],delete:
need:,delete:
need:	[23433, 1337, 31722]	[3619, 939, 5515]	[3619, 1017, 11908]	[28381, 1586, 23433],delete:
need:	[27665, 1458, 20195]	[7851, 159, 381],delete:
need:	[34532, 1795, 26081]	[26081, 1406, 25942],delete:
need:	[3129, 250, 14594]	[22943, 1549, 34408],delete:
need:,delete:
need:	[21452, 1519, 28286]	[20537, 1795, 28286],delete:
need:	[552, 420, 6028]	[552, 420, 2249]	[20366, 1719, 22063]	[20366, 1719, 25842]	[20366, 1719, 29006],delete:
need:	[5461, 277, 9760]	[5461, 497, 9314],delete:
need:	[9051, 537, 15255]	[28865, 1390, 24958],delete:
need:	[9449, 287, 718]	[20532, 1549, 33841],delete:
need:	[6875, 1234, 3420]	[26689, 2159, 37159],delete:
need:	[7245, 310, 2300]	[7245, 0, 18010],delete:
need:	[9866, 441, 13231]	[29680, 1740, 33045],delete:
need:	[5433, 288, 17868]	[25247, 1609, 38208]	[25247, 1404, 37318],delete:
need:,delete:
need:	[31528, 1683, 20242]	[428, 179, 12020],delete:
need:	[915, 261, 4488]	[915, 261, 10852]	[20729, 1560, 27188],delete:
need:	[9544, 420, 10414]	[29358, 1719, 30228],delete:
need:	[22092, 1836, 24672]	[22092, 1318, 33540],delete:
need:	[9172, 384, 1596]	[28986, 1650, 26094],delete:
need:	[7026, 420, 9037]	[20636, 1719, 28851],delete:
need:	[29304, 1503, 23852]	[9490, 204, 4038],delete:
need:	[32307, 1839, 25601]	[12493, 159, 5787],delete:
need:	[25564, 1388, 31911]	[26198, 1847, 25564]	[5750, 372, 3926],delete:
need:	[4955, 322, 6846]	[32185, 1621, 24769]	[24769, 1418, 32185],delete:
need:	[13123, 346, 3523]	[23337, 1800, 23337],delete:
need:	[28907, 1497, 30437]	[9093, 90, 14997]	[28907, 1389, 34811],delete:
need:	[10944, 90, 1592]	[1592, 485, 16193],delete:
need:	[30275, 1621, 26245]	[10461, 322, 6431],delete:
need:	[31834, 1740, 24973]	[5159, 441, 15962],delete:
need:	[4591, 119, 6826]	[22639, 1805, 24405]	[31649, 1466, 24405],delete:
need:	[25487, 1503, 28530]	[5673, 107, 17437],delete:
need:	[24658, 1760, 36724],delete:
need:	[20765, 1494, 32265]	[951, 768, 14081],delete:
need:,delete:
need:	[1130, 351, 2157]	[20944, 1650, 21971],delete:
need:	[11791, 261, 2189]	[31605, 1826, 22003],delete:
need:	[24433, 1740, 31446]	[4619, 441, 11632],delete:
need:	[23075, 1640, 24787]	[34554, 1361, 24787]	[3261, 341, 4973],delete:
need:	[3334, 159, 494]	[23148, 1836, 29153],delete:
need:,delete:
need:	[3506, 653, 8032]	[3506, 1173, 8032]	[3506, 729, 16527]	[23320, 1390, 38659]	[23320, 1624, 32540]	[33944, 1565, 23320],delete:
need:	[28812, 1466, 23126]	[25775, 1740, 28812],delete:
need:	[22497, 1549, 28473]	[2683, 537, 8659],delete:
need:	[7328, 485, 4311],delete:
need:	[24403, 1634, 23893],delete:
need:	[8684, 698, 9429],delete:
need:	[28606, 1458, 26965],delete:
need:	[9699, 322, 5202]	[29513, 1621, 25016],delete:
need:	[27921, 1621, 32766]	[8107, 322, 12952],delete:
need:	[5631, 286, 6336]	[25445, 1585, 26150],delete:
need:	[28563, 1560, 19891],delete:
need:	[9555, 220, 14304]	[9555, 329, 2790],delete:
need:	[34750, 1304, 23215],delete:
need:	[28823, 1719, 26259],delete:
need:	[19947, 1505, 29751]	[13947, 1127, 9937],delete:
need:	[21201, 1537, 38029]	[21201, 1818, 33458]	[1387, 238, 17341],delete:
need:	[9918, 537, 13019]	[29732, 1549, 32833],delete:
need:	[4310, 322, 16694]	[4310, 179, 14670]	[24124, 1478, 34484],delete:
need:	[14219, 406, 8937]	[33341, 1795, 28751],delete:
need:	[8575, 159, 13988]	[8575, 496, 8654],delete:
need:	[11304, 951, 8093]	[27907, 1560, 32698],delete:
need:	[9902, 91, 3999],delete:
need:	[21035, 1361, 29215]	[1221, 62, 9401]	[34119, 1685, 29215],delete:
need:	[26458, 1872, 26935]	[7121, 1252, 6644],delete:
need:	[24022, 1836, 28071]	[31212, 1839, 24022],delete:
need:	[28195, 1696, 33134]	[8381, 1183, 13320],delete:
need:	[11548, 959, 5418]	[5418, 159, 5247]	[529, 620, 5418]	[31362, 1605, 25232]	[25232, 1590, 33768]	[25232, 1458, 26479],delete:
need:	[1436, 1105, 5743]	[21250, 1457, 25557],delete:
need:	[4510, 189, 14181]	[4510, 420, 14871]	[24324, 1488, 33995]	[24324, 1719, 34685],delete:
need:	[1948, 558, 8784]	[21762, 2311, 28598],delete:
need:	[9846, 177, 16519]	[29660, 1624, 33898]	[29660, 1476, 39429],delete:
need:	[24414, 2132, 37114]	[4600, 872, 19636]	[4600, 1243, 555],delete:
need:	[2330, 812, 10915]	[22144, 1320, 30729],delete:
need:	[10264, 200, 285]	[30078, 1862, 27913]	[30078, 1716, 25629]	[30078, 1516, 38108],delete:
need:	[5639, 540, 11353]	[24299, 1836, 25453],delete:
need:	[22716, 1795, 37147]	[2902, 161, 956],delete:
need:	[23625, 1719, 28173],delete:
need:	[7303, 179, 2321]	[27117, 1478, 22135],delete:
need:	[8842, 648, 16007]	[8842, 1056, 8402]	[28656, 2227, 28216]	[28656, 1625, 26700]	[28656, 1339, 37853]	[28656, 1625, 30725],delete:
need:	[33926, 1454, 22301],delete:
need:	[26691, 1683, 28954]	[6877, 351, 6251],delete:
need:	[6986, 1100, 14138]	[26800, 1797, 24584]	[26800, 1485, 33127],delete:
need:	[5394, 420, 10414]	[25208, 1784, 28360],delete:
need:	[12707, 306, 9756]	[27649, 1605, 29570],delete:
need:	[30149, 1465, 25310]	[30149, 2037, 21417]	[12306, 1097, 10335],delete:
need:	[3673, 245, 3202]	[23487, 1503, 21630]	[23487, 1544, 23016],delete:
need:	[8525, 540, 10635]	[6226, 540, 8525],delete:
need:	[3851, 883, 10554]	[21481, 2021, 23665],delete:
need:	[27434, 1503, 20580]	[7620, 204, 766],delete:
need:	[7018, 760, 7560]	[7560, 714, 7018]	[7560, 736, 756]	[3098, 885, 7560]	[27374, 1795, 38550]	[27374, 1628, 26832]	[26832, 1923, 27374]	[27374, 1858, 26832],delete:
need:	[9626, 261, 254]	[29440, 1560, 34712],delete:
need:	[10358, 464, 2953]	[29582, 1424, 22767],delete:
need:,delete:
need:	[33985, 1549, 20231],delete:
need:	[5033, 119, 10]	[19824, 1621, 24847],delete:
need:	[27532, 1858, 24507]	[12484, 885, 4693]	[7718, 1216, 4693],delete:
need:	[24333, 1862, 35651]	[4519, 563, 16158]	[34163, 1820, 24333],delete:
need:	[21593, 1888, 28931]	[1779, 516, 743],delete:
need:	[5565, 410, 16927]	[25379, 1404, 39156],delete:
need:	[3231, 236, 11358]	[3231, 420, 6905],delete:
need:	[1937, 589, 6886]	[4456, 62, 1937]	[24270, 1361, 21751]	[21751, 1437, 26700],delete:
need:	[8220, 90, 19259]	[28034, 1488, 27633]	[23545, 1730, 28034],delete:
need:	[28427, 1478, 19823]	[8613, 179, 9],delete:
need:	[13248, 385, 3571]	[33062, 1684, 23385]	[22958, 1684, 23385],delete:
need:	[964, 322, 1861]	[964, 167, 17081]	[20778, 1466, 34907],delete:
need:	[5012, 90, 2020]	[11642, 107, 5012]	[1683, 90, 5012]	[28939, 1668, 24826]	[27900, 1389, 24826]	[22207, 1406, 24826],delete:
need:	[124, 485, 13050]	[124, 431, 18775],delete:
need:	[4758, 107, 1394]	[24572, 1406, 24180],delete:
need:	[26865, 1719, 21467]	[7051, 485, 17969]	[26865, 1784, 36558],delete:
need:	[27074, 1839, 34504]	[7260, 939, 9276],delete:
need:	[3328, 653, 9931]	[3328, 939, 5754]	[23142, 1795, 29745]	[23142, 1781, 25568],delete:
need:	[30234, 1660, 39400],delete:
need:	[5572, 1173, 13726]	[5572, 939, 5615]	[25386, 1807, 26266]	[25386, 1839, 25429]	[26550, 1628, 25386],delete:
need:	[6698, 441, 5386]	[26512, 1740, 25200],delete:
need:	[1775, 805, 717]	[5357, 198, 717],delete:
need:	[25277, 1784, 21419]	[5463, 420, 1653],delete:
need:	[25458, 1650, 32351]	[258, 179, 5644],delete:
need:,delete:
need:	[26590, 1549, 30815],delete:
need:	[1014, 717, 12734]	[20828, 1872, 30647],delete:
need:	[12629, 322, 683]	[32443, 1621, 20497],delete:
need:	[12577, 159, 9933]	[32391, 1458, 29747]	[7323, 159, 9933]	[27137, 1458, 29747],delete:
need:	[9427, 1062, 14970]	[9427, 1062, 6886]	[29241, 1590, 22669]	[29241, 1366, 26700],delete:
need:	[3789, 688, 13292]	[3789, 688, 12535]	[23603, 1439, 32349]	[23603, 1439, 33106]	[23603, 1869, 20190],delete:
need:	[3144, 753, 6219]	[3144, 165, 7235]	[3144, 385, 720]	[31822, 1361, 22958]	[22958, 1684, 23385],delete:
need:	[5519, 250, 3445]	[5519, 540, 10998]	[25333, 1675, 19872],delete:
need:	[20668, 1691, 32584]	[33090, 1505, 20668],delete:
need:	[8386, 420, 4727]	[28200, 1784, 24211],delete:
need:	[26965, 1549, 24970],delete:
need:	[7524, 1173, 7952]	[27338, 1839, 28093],delete:
need:	[13856, 90, 1477]	[1477, 420, 8411]	[21291, 1389, 30824],delete:
need:	[6361, 159, 8172]	[7663, 537, 6361],delete:
need:	[1237, 583, 15824]	[21051, 1305, 39588],delete:
need:	[10440, 159, 8641]	[8641, 537, 10440],delete:
need:	[8067, 204, 11578]	[27881, 1503, 31392],delete:
need:	[27834, 1805, 25417]	[25100, 1650, 27834],delete:
need:	[3536, 351, 2707]	[2707, 351, 1053]	[23350, 1650, 22521],delete:
need:	[11166, 939, 1739]	[1739, 786, 13726]	[34107, 1562, 21553],delete:
need:,delete:
need:	[3868, 485, 14086]	[23682, 1784, 33900],delete:
need:	[20515, 1484, 20982],delete:
need:	[29219, 1923, 36817]	[8642, 714, 9405],delete:
need:,delete:
need:	[24207, 1313, 21032],delete:
need:	[7553, 217, 7048]	[26862, 1862, 31926]	[27367, 1516, 26862],delete:
need:	[5195, 496, 437],delete:
need:	[10900, 441, 5547]	[30714, 1740, 25361],delete:
need:	[33332, 2037, 28671]	[28671, 1888, 29292],delete:
need:	[6711, 167, 4666]	[6711, 179, 11348],delete:
need:	[9869, 1222, 18509]	[29683, 1578, 23798],delete:
need:	[26466, 1549, 22557]	[6652, 537, 3305],delete:
need:	[884, 537, 9476],delete:
need:	[9391, 329, 5566]	[29205, 1458, 25380]	[9391, 19, 4655],delete:
need:	[6829, 1017, 1569]	[21383, 1337, 26643],delete:
need:	[23024, 1765, 30799]	[11138, 537, 3210],delete:
need:	[23187, 1646, 26728]	[23187, 1307, 35419]	[23187, 1646, 25804],delete:
need:	[8318, 179, 4254]	[26767, 1466, 28132],delete:
need:	[6994, 179, 2273]	[26808, 1478, 22087],delete:
need:	[13217, 101, 6227]	[33031, 1400, 26041],delete:
need:	[2834, 385, 291]	[13376, 537, 2834],delete:
need:	[3267, 717, 13836]	[23081, 1872, 30658],delete:
need:	[9371, 420, 9192]	[9371, 204, 11491]	[29185, 1503, 31305],delete:
need:	[9204, 310, 19599]	[9204, 109, 14557]	[34371, 1383, 29018],delete:
need:	[295, 167, 5597]	[5597, 384, 12359],delete:
need:	[3711, 1222, 13443]	[23525, 1578, 33257],delete:
need:	[8588, 1147, 19331]	[28402, 1628, 36765],delete:
need:	[25228, 1503, 25767]	[5414, 204, 5953],delete:
need:	[4153, 420, 6028]	[5510, 125, 4153]	[23967, 1784, 38446],delete:
need:	[7940, 537, 16717]	[13170, 537, 7940],delete:
need:	[20328, 1560, 27188]	[514, 261, 4488],delete:
need:	[4080, 410, 15314]	[6275, 84, 4080]	[23894, 2438, 34796]	[23894, 1404, 36644],delete:
need:,delete:
need:	[240, 90, 14860]	[20054, 1389, 22337],delete:
need:	[28753, 1719, 22063]	[6445, 104, 2249],delete:
need:	[1962, 204, 12426]	[1696, 464, 1962],delete:
need:	[33053, 1466, 26740]	[6926, 351, 11021],delete:
need:	[14529, 768, 3099],delete:
need:	[22705, 1434, 36943]	[8040, 192, 2891]	[2891, 72, 12073],delete:
need:	[20096, 1478, 22753]	[282, 179, 2939],delete:
need:	[5933, 159, 2731]	[9743, 939, 2731],delete:
need:	[24634, 1549, 24544]	[1981, 537, 4820],delete:
need:	[2997, 426, 10174]	[10436, 407, 2997]	[22811, 1725, 29988]	[30250, 1706, 22811],delete:
need:	[29740, 1345, 21471]	[21471, 1643, 33859],delete:
need:	[9072, 1052, 285]	[14544, 920, 9072]	[34358, 1590, 28886],delete:
need:	[22855, 1544, 25002]	[5188, 90, 19259]	[5188, 90, 6278],delete:
need:	[1362, 406, 13637]	[29568, 1795, 21176],delete:
need:	[4529, 90, 2137],delete:
need:	[6517, 46, 935]	[6517, 482, 655]	[6517, 238, 14458]	[26331, 1345, 20749]	[26331, 1304, 20469],delete:
need:	[8115, 271, 8253]	[8115, 358, 12128],delete:
need:	[33665, 1466, 26377]	[26377, 1650, 26680],delete:
need:	[21877, 1478, 28965]	[2063, 179, 9151],delete:
need:	[5357, 198, 4245]	[5357, 198, 5192],delete:
need:	[3124, 903, 5780]	[5898, 903, 5780]	[5780, 53, 15055]	[22938, 1557, 25594]	[25594, 1352, 35866],delete:
need:	[5799, 537, 10182]	[5799, 653, 14770],delete:
need:,delete:
need:	[9306, 420, 6905]	[32303, 1389, 29120]	[9306, 420, 1550],delete:
need:	[14345, 439, 3323]	[32999, 1738, 23137],delete:
need:	[27856, 1418, 29441]	[8042, 119, 9627],delete:
need:	[28003, 1706, 26785]	[6766, 584, 6971]	[31484, 1437, 26785]	[14265, 839, 6971],delete:
need:,delete:
need:	[2733, 1162, 7000]	[22547, 1696, 29130],delete:
need:	[1243, 90, 2639]	[27297, 1389, 22453],delete:
need:	[2466, 498, 2855]	[3251, 328, 2466]	[23065, 1627, 22280]	[30667, 1528, 22280],delete:
need:	[27282, 2132, 20807],delete:
need:	[10230, 1252, 11638]	[10230, 1252, 10517],delete:
need:	[4723, 159, 3359]	[4723, 537, 5346]	[24537, 1836, 25160],delete:
need:	[6747, 548, 6364]	[26561, 1847, 26178]	[6747, 91, 6587]	[26561, 1847, 29282],delete:
need:	[13884, 714, 3455]	[3455, 677, 5402]	[3455, 1017, 304]	[23269, 1337, 20118],delete:
need:	[23420, 2104, 36812]	[3606, 1243, 19739],delete:
need:	[23281, 1740, 39124]	[3467, 441, 19592],delete:
need:	[23620, 1628, 31646]	[3806, 329, 11832]	[27049, 1304, 23620],delete:
need:	[28275, 2442, 30897]	[8461, 729, 9452]	[28275, 1718, 29266],delete:
need:	[20499, 1432, 31184]	[685, 967, 11370],delete:
need:	[26624, 1805, 27727]	[7913, 179, 2730]	[27727, 1478, 22544],delete:
need:	[3410, 548, 5866]	[23224, 1847, 25680],delete:
need:	[8743, 721, 8972]	[31471, 1671, 28786],delete:
need:	[8675, 67, 7146]	[28489, 1366, 26960],delete:
need:,delete:
need:	[2722, 717, 11686]	[22536, 1432, 31500],delete:
need:	[28960, 1795, 30373],delete:
need:	[8907, 441, 15327]	[991, 179, 8907]	[28721, 1740, 38178],delete:
need:	[2444, 419, 9868]	[29804, 1437, 29682],delete:
need:	[29760, 1318, 24469]	[9946, 19, 4655]	[9946, 220, 14463],delete:
need:	[8014, 351, 14868]	[8014, 119, 2788],delete:
need:	[8566, 351, 7271]	[27085, 1621, 34602]	[29286, 1621, 27085],delete:
need:	[13632, 19, 196]	[20010, 1796, 29128]	[196, 277, 9314],delete:
need:,delete:
need:	[13439, 406, 7157]	[26971, 1406, 28750],delete:
need:	[13916, 1091, 9441]	[33730, 1390, 29255]	[33730, 1520, 29255],delete:
need:	[9379, 159, 16987]	[29193, 1836, 32772],delete:
need:	[8304, 90, 5063]	[8304, 485, 10369],delete:
need:	[7693, 325, 14463]	[7693, 250, 1215],delete:
need:	[30058, 1666, 38975]	[10244, 367, 17528]	[10244, 369, 9537],delete:
need:	[23391, 1874, 38550]	[3577, 1105, 16365]	[3577, 885, 18500],delete:
need:	[5391, 537, 3063]	[3063, 653, 6366],delete:
need:	[1609, 537, 8111]	[21423, 1549, 34051]	[21423, 1628, 27925],delete:
need:	[9229, 163, 13569],delete:
need:	[4837, 1017, 10859]	[24651, 1337, 30673],delete:
need:	[26108, 1740, 24425]	[1150, 119, 6294],delete:
need:	[3519, 204, 674]	[23333, 1424, 28370]	[3519, 420, 2136]	[23333, 1719, 21950],delete:
