need:	(33346, 2011, 24353)	(26879, 1299, 28347),delete:
need:	(23345, 1337, 30849)	(11035, 711, 8147),delete:
need:	(6401, 750, 13711)	(29406, 1390, 33525),delete:
need:	(6648, 824, 13797)	(26462, 1345, 31443),delete:
need:	(2474, 414, 7350),delete:
need:	(25874, 2044, 20190)	(7697, 688, 12730),delete:
need:	(1733, 1173, 13693)	(33507, 1796, 29514),delete:
need:	(13562, 204, 5953)	(33437, 1424, 22767),delete:
need:	(32554, 1497, 25321)	(25870, 1725, 25321),delete:
need:	(10622, 79, 9372)	(28242, 1818, 34482),delete:
need:	(279, 824, 13967)	(10196, 824, 13967),delete:
need:	(2156, 119, 11325),delete:
need:	(31317, 1437, 27049)	(26938, 1836, 29917),delete:
need:	(25004, 1520, 20972)	(2882, 420, 9192),delete:
need:	(43, 1173, 4655),delete:
need:	(23260, 1437, 38014)	(2818, 939, 10129),delete:
need:	(6184, 717, 5003)	(23584, 1880, 23504),delete:
need:	(27854, 1716, 26169)	(27473, 1300, 32250),delete:
need:	(10693, 506, 7760)	(10693, 167, 10940),delete:
need:	(14259, 1292, 15518)	(302, 330, 6069),delete:
need:	(21103, 1719, 26719)	(11793, 485, 14062),delete:
need:	(9192, 275, 1904)	(2573, 420, 9192),delete:
need:	(25853, 1719, 29159)	(8949, 420, 9192),delete:
need:	(30311, 1640, 23623)	(2461, 939, 12868),delete:
need:	(29989, 2130, 23827)	(10175, 768, 9197),delete:
need:	(27746, 2130, 28888),delete:
need:,delete:
need:	(20410, 1458, 31258),delete:
need:	(33346, 2011, 24353)	(26879, 1299, 28347),delete:
need:	(23345, 1337, 30849)	(11035, 711, 8147),delete:
need:	(6401, 750, 13711)	(29406, 1390, 33525),delete:
need:	(6648, 824, 13797)	(26462, 1345, 31443),delete:
need:	(2474, 414, 7350),delete:
need:	(25874, 2044, 20190)	(7697, 688, 12730),delete:
need:	(1733, 1173, 13693)	(33507, 1796, 29514),delete:
need:	(13562, 204, 5953)	(33437, 1424, 22767),delete:
need:	(32554, 1497, 25321)	(25870, 1725, 25321),delete:
need:	(10622, 79, 9372)	(28242, 1818, 34482),delete:
need:	(279, 824, 13967)	(10196, 824, 13967),delete:
need:	(2156, 119, 11325),delete:
need:	(31317, 1437, 27049)	(26938, 1836, 29917),delete:
need:	(25004, 1520, 20972)	(2882, 420, 9192),delete:
need:	(43, 1173, 4655),delete:
need:	(23260, 1437, 38014)	(2818, 939, 10129),delete:
need:	(6184, 717, 5003)	(23584, 1880, 23504),delete:
need:	(27854, 1716, 26169)	(27473, 1300, 32250),delete:
need:	(10693, 506, 7760)	(10693, 167, 10940),delete:
need:	(14259, 1292, 15518)	(302, 330, 6069),delete:
need:	(21103, 1719, 26719)	(11793, 485, 14062),delete:
need:	(9192, 275, 1904)	(2573, 420, 9192),delete:
need:	(25853, 1719, 29159)	(8949, 420, 9192),delete:
need:	(30311, 1640, 23623)	(2461, 939, 12868),delete:
need:	(29989, 2130, 23827)	(10175, 768, 9197),delete:
need:	(27746, 2130, 28888),delete:
need:,delete:
need:	(20410, 1458, 31258),delete:
need:	(14545, 652, 9445)	(28035, 1520, 20972),delete:
need:	(27011, 1306, 20099)	(25403, 1872, 32478),delete:
need:	(14421, 496, 6422)	(14414, 786, 6422),delete:
need:	(935, 261, 9396),delete:
need:	(24422, 1719, 21644)	(26500, 1719, 21950),delete:
need:	(3054, 721, 6222)	(8051, 118, 7235),delete:
need:	(8367, 119, 12020)	(28181, 1683, 26716),delete:
need:	(24441, 1501, 22637)	(4627, 202, 4726),delete:
need:	(9370, 385, 5931)	(26122, 1640, 30410),delete:
need:	(27402, 1923, 22874)	(29224, 1628, 32701),delete:
need:,delete:
need:	(24387, 1740, 39538)	(24387, 1478, 21288),delete:
need:	(14230, 167, 11198)	(9644, 351, 528),delete:
need:	(4821, 479, 11900)	(21816, 1390, 30313),delete:
need:	(948, 420, 10414)	(29559, 1719, 26719),delete:
need:	(13764, 892, 13768)	(27290, 1390, 33578),delete:
need:	(3865, 441, 101)	(21979, 1458, 34094),delete:
need:	(25696, 2242, 29308)	(14707, 1162, 8010),delete:
need:	(23150, 1719, 34685)	(31111, 1706, 31692),delete:
need:	(27074, 1390, 34477)	(828, 250, 16243),delete:
need:	(28848, 2125, 26785)	(12291, 90, 18918),delete:
need:	(4469, 297, 3785)	(20912, 1402, 24283),delete:
need:	(2888, 824, 6997)	(22282, 1645, 26811),delete:
need:	(34177, 1476, 39429)	(27930, 1628, 32116),delete:
need:	(24662, 2037, 29292)	(4650, 96, 357),delete:
need:	(30764, 2037, 29597),delete:
need:	(1155, 736, 6735)	(21250, 2020, 24929),delete:
need:	(8909, 721, 10786)	(32916, 1760, 27049),delete:
need:	(33279, 1719, 26719),delete:
need:	(31682, 1836, 30000)	(31682, 1490, 19830),delete:
need:	(1156, 698, 2733),delete:
need:	(27578, 1834, 24860),delete:
need:	(2512, 760, 4840)	(24923, 1390, 23164),delete:
need:	(34455, 1683, 36794)	(1826, 351, 14808),delete:
need:	(26760, 1458, 21977)	(390, 1173, 16659),delete:
need:	(8635, 870, 7089)	(32163, 2077, 32867),delete:
need:	(20065, 1795, 20853),delete:
need:	(30715, 1650, 32465)	(8634, 384, 18088),delete:
need:	(23893, 1334, 31266)	(1789, 796, 17593),delete:
need:	(31735, 1753, 31266)	(9167, 1054, 1129),delete:
need:	(13417, 698, 14644)	(33231, 1753, 31266),delete:
need:	(24677, 2242, 27982)	(3709, 698, 10094),delete:
need:	(31312, 1719, 29006)	(7982, 245, 5370),delete:
need:	(6004, 812, 10857)	(171, 348, 9688),delete:
need:	(13338, 824, 7191)	(7222, 801, 8410),delete:
need:	(2597, 420, 9192)	(29940, 1719, 29006),delete:
need:	(6509, 306, 8557)	(7739, 306, 13899),delete:
need:	(23346, 1784, 38700)	(24038, 1795, 29438),delete:
need:	(33554, 1784, 38700)	(27616, 1719, 21950),delete:
need:	(33903, 1696, 32448)	(23410, 1439, 29220),delete:
need:	(23215, 1334, 31266)	(19975, 1753, 31266),delete:
need:	(21639, 1784, 30118)	(22482, 1413, 38799),delete:
need:	(24984, 1390, 30437)	(8048, 711, 7467)	(29552, 1390, 30437),delete:
need:	(25428, 1390, 32919),delete:
need:	(14942, 485, 9945)	(1550, 275, 3277),delete:
need:	(9726, 119, 9158)	(12759, 664, 8855),delete:
need:	(14412, 420, 410),delete:
need:	(24757, 1440, 37083)	(34032, 1719, 21950),delete:
need:	(22197, 1719, 29006)	(9116, 420, 6905),delete:
need:	(34528, 1683, 38978)	(23707, 1643, 34076),delete:
need:	(1166, 19, 4655)	(34312, 1464, 27049),delete:
need:	(11118, 485, 8546)	(3141, 420, 8369),delete:
need:	(32291, 1719, 20224)	(23116, 1642, 20972),delete:
need:	(8813, 119, 16920),delete:
need:	(27908, 1560, 29575)	(32637, 1752, 31569),delete:
need:	(10612, 494, 8850)	(10188, 418, 13055),delete:
need:	(30953, 1466, 30261),delete:
need:	(7762, 119, 13371),delete:
need:	(26322, 1719, 21950)	(387, 420, 9192),delete:
need:	(9206, 537, 9134)	(28521, 1679, 28948),delete:
need:	(3071, 702, 417)	(11571, 723, 12691),delete:
need:	(30725, 1621, 39102)	(1979, 882, 14377),delete:
need:	(31337, 1754, 37630)	(14613, 894, 16032),delete:
need:	(20630, 1793, 27066),delete:
need:	(24043, 1389, 21951),delete:
need:	(32524, 1390, 30279),delete:
need:	(33450, 1328, 19929)	(29268, 1923, 24684),delete:
need:	(9162, 19, 4005)	(23036, 1390, 20927),delete:
need:	(2424, 420, 410)	(27514, 1719, 20224),delete:
need:	(29076, 1628, 33177)	(26236, 1334, 31266),delete:
need:	(23004, 1418, 26251)	(6327, 384, 3190),delete:
need:	(24797, 1458, 21483)	(28164, 1390, 19904),delete:
need:	(26752, 1718, 27049)	(28358, 1497, 27049),delete:
need:	(12924, 699, 5342),delete:
need:	(10921, 420, 6905)	(23570, 1497, 20972),delete:
need:	(10794, 1017, 3595)	(10794, 953, 19657),delete:
need:	(7474, 870, 5003)	(5582, 967, 12592),delete:
need:	(2244, 384, 4605)	(1674, 351, 12925),delete:
need:	(22667, 1650, 22335)	(7357, 167, 7031),delete:
need:	(4079, 1205, 11452)	(19975, 1753, 31266),delete:
need:	(9001, 679, 11583)	(28815, 1656, 31397),delete:
need:	(22444, 1560, 32466)	(13559, 208, 8507),delete:
need:	(34633, 1529, 20641)	(30851, 1725, 31988),delete:
need:	(30915, 1719, 19951)	(137, 211, 1158),delete:
need:	(11267, 537, 12935)	(4683, 159, 12185),delete:
need:	(33545, 1784, 26378)	(23009, 1719, 23244),delete:
need:	(27362, 1719, 21950)	(10890, 420, 9192),delete:
need:	(21682, 1740, 21041)	(21945, 1418, 31196),delete:
need:	(3401, 584, 10623)	(32776, 1718, 31692),delete:
need:	(27679, 1643, 33859)	(9767, 240, 2003),delete:
need:	(26361, 1795, 37138),delete:
need:	(10211, 420, 6905)	(5359, 420, 9345),delete:
need:	(26658, 1784, 38700)	(12709, 485, 19406),delete:
need:	(28455, 1464, 27049)	(12074, 159, 10058),delete:
need:	(25328, 1534, 24370),delete:
need:	(11585, 341, 3350)	(22308, 1683, 30139),delete:
need:	(23127, 1795, 28152)	(28029, 1390, 20460),delete:
need:	(22631, 1318, 29611)	(1568, 1173, 9797),delete:
need:	(961, 961, 1113)	(32315, 1915, 38651),delete:
need:	(20370, 1719, 29006)	(5394, 420, 9192),delete:
need:	(34256, 1437, 26902)	(24108, 1549, 35226),delete:
need:	(4768, 717, 11339)	(9488, 1162, 6746),delete:
need:	(21758, 1719, 21364)	(21950, 1574, 21364),delete:
need:	(26516, 1716, 26169)	(7838, 537, 774),delete:
need:,delete:
need:	(20737, 1740, 34743),delete:
need:	(10966, 653, 15684)	(26852, 1437, 20972),delete:
need:	(8131, 431, 1695)	(23149, 1725, 23164),delete:
need:	(21854, 1719, 34685)	(23402, 1719, 34685),delete:
need:	(3167, 417, 6244)	(21577, 1716, 26058),delete:
need:	(8489, 939, 1688)	(11034, 496, 12845),delete:
need:	(20574, 1913, 29529)	(24214, 1481, 21018),delete:
need:	(26335, 1318, 33540)	(27986, 1318, 33540),delete:
need:	(22829, 2075, 26492)	(3765, 1202, 14567),delete:
need:	(21040, 2411, 20228)	(414, 1017, 10070),delete:
need:	(10919, 1214, 15623)	(24029, 1710, 22366),delete:
need:	(12664, 1162, 3278)	(33884, 2242, 32478),delete:
need:	(14352, 485, 19406)	(28971, 1784, 38700),delete:
need:	(31967, 1624, 39212)	(28425, 1386, 23776),delete:
need:	(9435, 107, 5953)	(22412, 1719, 26259),delete:
need:	(28523, 1650, 33940),delete:
need:	(11297, 723, 12691)	(33121, 1655, 20231),delete:
need:	(27103, 1633, 27005)	(27180, 1633, 22269),delete:
need:	(1371, 250, 10684)	(27135, 1679, 21185),delete:
need:	(8683, 268, 14106)	(13967, 453, 4408),delete:
need:	(34707, 1503, 37631)	(11103, 204, 17277),delete:
need:	(2113, 717, 8415)	(4470, 519, 6971),delete:
need:	(6491, 276, 5726)	(7426, 274, 2487),delete:
need:	(22993, 1719, 21950)	(10903, 485, 14086),delete:
need:	(22747, 1645, 27005)	(24593, 1633, 23707),delete:
need:	(13306, 159, 3611)	(8263, 159, 3611),delete:
need:	(1679, 537, 6499)	(21766, 1458, 25160),delete:
need:	(27241, 1923, 24594),delete:
need:	(30783, 1795, 31855)	(3462, 420, 410),delete:
need:	(10392, 698, 7343)	(5173, 1294, 13928),delete:
need:	(23265, 1718, 28669)	(23742, 1650, 24487),delete:
need:	(11406, 1173, 13726)	(25819, 1684, 27045),delete:
need:	(23032, 1481, 29732)	(31577, 1718, 29766),delete:
need:	(31376, 1725, 22200),delete:
need:	(33389, 1304, 25787)	(8769, 1127, 15686),delete:
need:	(8431, 1173, 7082)	(19, 653, 6366),delete:
need:	(12361, 344, 14045)	(23472, 1643, 33859),delete:
need:	(31613, 1390, 27262)	(26323, 1605, 21320),delete:
need:	(34488, 1880, 32276)	(9178, 717, 16291),delete:
need:	(8267, 454, 11452)	(30863, 1549, 21595),delete:
need:	(8902, 760, 11205)	(11205, 1017, 3088)	(32843, 1437, 38014),delete:
need:	(22713, 1457, 34157)	(8847, 801, 8410),delete:
need:	(20375, 1718, 25357),delete:
need:	(24264, 1719, 28225),delete:
need:	(31633, 1719, 22236),delete:
need:	(28711, 1795, 19928)	(11336, 653, 5481),delete:
need:	(11696, 1162, 7000)	(28735, 1872, 30647),delete:
need:	(3489, 679, 1515)	(2003, 824, 7318),delete:
need:	(10686, 159, 17630)	(5069, 824, 13967),delete:
need:	(1295, 329, 7714),delete:
need:	(27888, 1395, 31744)	(11680, 626, 11878),delete:
need:	(2521, 119, 8965)	(9602, 167, 14855),delete:
need:	(21028, 1836, 33794)	(29047, 1850, 24469),delete:
need:	(5981, 104, 3639)	(26394, 1719, 23453),delete:
need:	(2589, 119, 2273),delete:
need:	(32919, 1725, 23714)	(28489, 1366, 21347),delete:
need:	(3090, 784, 4106)	(25888, 1991, 23920),delete:
need:	(28869, 1683, 22573),delete:
need:	(31700, 1390, 38014)	(30468, 1818, 20972),delete:
need:	(34466, 1725, 32301)	(2257, 351, 4678),delete:
need:	(22161, 2037, 22397)	(23348, 1394, 24429),delete:
need:	(26504, 1418, 28432)	(27996, 1640, 30848),delete:
need:	(13258, 204, 17313),delete:
need:	(8539, 280, 9361)	(23629, 1395, 25290),delete:
need:	(27534, 1390, 23164)	(9611, 485, 8546),delete:
need:	(24284, 1439, 26681)	(30818, 2242, 25053),delete:
need:	(9357, 698, 4342)	(32163, 1439, 34123),delete:
need:	(29345, 1318, 33540),delete:
need:	(551, 200, 7966)	(7828, 200, 7966),delete:
need:	(26390, 1719, 29006)	(25644, 1719, 29006),delete:
need:	(27462, 1560, 22779),delete:
need:	(33814, 1739, 35229),delete:
need:	(8447, 1273, 15107)	(33399, 1305, 26316),delete:
need:	(23036, 1458, 21082)	(2147, 653, 8500),delete:
need:	(10309, 1183, 3342)	(9423, 725, 10309),delete:
need:	(5239, 698, 12556)	(5711, 717, 6252),delete:
need:	(34017, 1388, 31492)	(12347, 882, 16519),delete:
need:	(20831, 1683, 29871),delete:
need:	(10393, 141, 19706)	(22603, 1488, 25891),delete:
need:	(3830, 261, 4708)	(1511, 306, 17349),delete:
need:	(29149, 1876, 19873)	(7411, 935, 59),delete:
need:	(12349, 140, 13053)	(33822, 1725, 20972),delete:
need:	(21932, 1740, 32892),delete:
need:	(23752, 1725, 20972)	(3153, 725, 12102)	(9714, 725, 12102),delete:
need:	(24825, 2242, 31729)	(12980, 192, 18927),delete:
need:	(4730, 653, 4065)	(31440, 1437, 27049),delete:
need:	(8444, 329, 6027)	(1987, 537, 6027),delete:
need:	(9589, 506, 721)	(29403, 1621, 30311),delete:
need:	(33735, 1784, 38107)	(8492, 485, 12560),delete:
need:	(34344, 1696, 23870)	(5355, 1162, 4056),delete:
need:	(33736, 1418, 22896)	(10732, 167, 7512),delete:
need:	(12355, 786, 6422)	(5874, 496, 161),delete:
need:	(34663, 1656, 33837)	(22873, 1579, 29175),delete:
need:	(4946, 537, 2310),delete:
need:	(28119, 1437, 27049)	(8820, 330, 8213),delete:
need:	(24452, 1719, 28173)	(23947, 1719, 28225),delete:
need:	(23916, 2058, 35938)	(3058, 714, 7018)	(29449, 1371, 20749),delete:
need:	(33433, 1725, 22675)	(21682, 1466, 25417),delete:
need:	(34305, 1573, 29175)	(26710, 1395, 29175),delete:
need:	(21508, 1390, 27049)	(708, 20, 7235),delete:
need:	(14046, 167, 9215)	(21041, 1478, 31196),delete:
need:	(33044, 1466, 29843),delete:
need:	(9496, 420, 9192),delete:
need:	(26323, 1605, 33337)	(32163, 1605, 28903),delete:
need:	(34607, 1363, 38014)	(29932, 1795, 20853),delete:
need:	(28868, 1740, 22118)	(4987, 441, 10112),delete:
need:	(7182, 189, 5801),delete:
need:	(26716, 1683, 24071)	(13776, 119, 6902),delete:
need:	(14295, 506, 3091)	(22905, 1805, 25606),delete:
need:	(22474, 1719, 20224)	(23986, 1719, 20224),delete:
need:	(6079, 351, 1982)	(27664, 1418, 22571),delete:
need:	(26310, 1851, 35281)	(25171, 1497, 20179),delete:
need:	(30943, 1718, 38027),delete:
need:	(26334, 1481, 27305)	(3618, 496, 16232),delete:
need:	(20822, 1655, 20231)	(1124, 723, 12691),delete:
need:	(25464, 1740, 35078)	(2788, 179, 9628),delete:
need:	(4742, 698, 4347)	(32974, 2242, 31428),delete:
need:	(27303, 1458, 24083),delete:
need:	(10259, 26, 55)	(8051, 615, 10259),delete:
need:	(20857, 1424, 23020)	(28971, 1784, 38700),delete:
need:	(11263, 72, 2748)	(23145, 1560, 32487),delete:
need:	(5002, 306, 245)	(245, 1294, 4394),delete:
need:	(21550, 1621, 33690)	(30154, 1683, 22051),delete:
need:	(22730, 1719, 29006)	(30639, 1719, 26719),delete:
need:	(10201, 204, 9876)	(21560, 1719, 23091),delete:
need:	(7835, 1115, 11659)	(32943, 1971, 31473),delete:
need:	(30722, 1655, 20231)	(4825, 702, 417),delete:
need:	(24203, 1423, 21958),delete:
need:,delete:
need:	(7236, 200, 7966)	(12366, 102, 3046),delete:
need:	(27038, 1458, 26313),delete:
need:	(432, 384, 3774)	(26384, 1650, 36995),delete:
need:	(31101, 1478, 28540)	(32363, 1390, 31101),delete:
need:	(11925, 84, 5674),delete:
need:	(11029, 384, 8019),delete:
need:	(28641, 1684, 35313)	(20721, 1684, 35313),delete:
need:	(33761, 1363, 29751)	(8652, 786, 487),delete:
need:	(31423, 1784, 21419)	(20796, 1535, 25815),delete:
need:	(27368, 1725, 20972)	(22632, 1390, 20972),delete:
need:	(1776, 537, 10567)	(21076, 1369, 25022),delete:
need:	(12825, 261, 9761)	(22702, 1304, 31167),delete:
need:	(22197, 1719, 29006),delete:
need:	(23375, 1363, 36376)	(6811, 344, 14045),delete:
need:	(25513, 1418, 29462),delete:
need:	(2495, 287, 1739)	(1688, 19, 13726),delete:
need:	(23089, 1361, 37427)	(27890, 2333, 23089),delete:
need:	(25696, 2242, 28229)	(9673, 309, 8516),delete:
need:	(25272, 1719, 30228),delete:
need:	(27553, 1605, 28371)	(2048, 831, 10430),delete:
need:	(32370, 1880, 36481)	(34254, 1872, 27026),delete:
need:	(10041, 384, 9171)	(28985, 1805, 33638),delete:
need:	(30377, 1683, 29931)	(11078, 341, 1386),delete:
need:	(28550, 1752, 27161)	(12927, 344, 14045),delete:
need:	(7558, 1208, 6376)	(7730, 1138, 17207),delete:
need:	(28449, 1520, 20972)	(21683, 1795, 22213),delete:
need:	(23743, 1621, 27617),delete:
need:	(31479, 1304, 21925)	(31479, 1304, 24205),delete:
need:	(10719, 485, 12560)	(23388, 1719, 21950),delete:
need:	(9339, 537, 7761)	(24816, 1605, 29153),delete:
need:	(13967, 453, 6648)	(31697, 1560, 23554)	(8850, 1238, 11878)	(2422, 416, 11878),delete:
need:	(26048, 1390, 27049)	(10414, 104, 14871),delete:
need:	(7318, 261, 6409)	(3331, 261, 6409),delete:
need:	(10029, 351, 1870)	(23743, 1683, 28182),delete:
need:	(14366, 414, 6418),delete:
need:	(2638, 420, 9192)	(8155, 420, 9192),delete:
need:	(10524, 159, 12479)	(21407, 1319, 25357),delete:
need:	(30509, 1719, 20224)	(23390, 1389, 27541),delete:
need:	(3726, 261, 12062)	(50, 344, 14045),delete:
need:	(29433, 1478, 30668)	(12973, 167, 1993),delete:
need:	(29903, 1318, 23980)	(25047, 1458, 22709),delete:
need:	(26468, 1621, 36139)	(23447, 1683, 25193),delete:
need:	(25059, 1784, 36719),delete:
need:	(10940, 322, 7368)	(33638, 1418, 26294),delete:
need:	(5259, 485, 4397)	(29534, 1784, 24211),delete:
need:	(2661, 200, 285)	(21031, 1499, 20099),delete:
need:	(113, 204, 17024)	(23495, 1319, 31946)	(113, 107, 4861),delete:
need:	(32749, 2287, 23270),delete:
need:	(2712, 688, 4446),delete:
need:	(27779, 1725, 27049)	(24981, 1464, 27049),delete:
need:	(10656, 485, 15333)	(5169, 90, 10656),delete:
need:	(2078, 95, 357),delete:
need:	(20915, 1793, 22099)	(20371, 2392, 27049),delete:
need:	(4571, 420, 14871),delete:
need:	(3126, 198, 7235)	(31147, 1573, 20375),delete:
need:	(28639, 1784, 24211)	(23622, 1725, 27049),delete:
need:	(29820, 1795, 24710)	(24026, 1432, 32283),delete:
need:	(13210, 420, 6905)	(24049, 1719, 26719),delete:
need:	(32557, 1499, 38801),delete:
need:	(31367, 1725, 25703)	(5889, 322, 10313),delete:
need:	(2528, 1294, 8295),delete:
need:	(26708, 1437, 26700)	(20012, 1390, 26700),delete:
need:	(14435, 115, 115)	(14435, 526, 286),delete:
need:	(22798, 1781, 25568)	(32289, 1628, 22326),delete:
need:	(27296, 1713, 28638),delete:
need:	(32699, 1719, 34685)	(8520, 420, 1904),delete:
need:	(31973, 1497, 27357)	(27575, 1458, 21781),delete:
need:	(13822, 496, 6804)	(12658, 519, 7495),delete:
need:,delete:
need:	(24071, 1683, 30550)	(30645, 1683, 26403),delete:
need:	(8068, 19, 4655)	(20936, 1318, 24469),delete:
need:	(25002, 1719, 26719)	(27943, 1719, 34685),delete:
need:	(14573, 729, 6886)	(20381, 1437, 26700),delete:
need:	(30452, 1774, 28414)	(5610, 935, 59),delete:
need:	(25984, 1388, 21232)	(10788, 5, 2934),delete:
need:	(21437, 2037, 22099),delete:
need:	(3849, 698, 7957)	(21561, 1378, 22333),delete:
need:	(31260, 1318, 24469)	(9555, 496, 4655),delete:
need:	(3278, 521, 9316)	(26814, 1307, 29130),delete:
need:	(2739, 420, 6445)	(28907, 1719, 26259),delete:
need:	(34091, 1318, 35032),delete:
need:	(33478, 1784, 28360)	(34494, 1719, 20224),delete:
need:	(14144, 420, 2136)	(25277, 1784, 21419),delete:
need:	(19819, 1497, 25321)	(24541, 1403, 23244),delete:
need:	(21133, 1640, 29873)	(6046, 653, 14770),delete:
need:	(13559, 537, 4536)	(26569, 1345, 29008),delete:
need:	(20224, 1403, 29159)	(4397, 420, 4727),delete:
need:	(7689, 261, 5354)	(31814, 1643, 20691),delete:
need:	(3792, 768, 5529)	(25162, 2130, 25343),delete:
need:	(1525, 384, 359),delete:
need:	(29775, 1395, 22397)	(10037, 358, 9322),delete:
need:	(31475, 1497, 21113)	(818, 485, 1941),delete:
need:	(4357, 200, 7966)	(20799, 1499, 27780),delete:
need:	(2512, 1085, 115)	(25284, 1795, 28152),delete:
need:	(21817, 1304, 24865)	(29037, 1862, 36985),delete:
need:	(31589, 1318, 29730)	(12757, 421, 7231),delete:
need:	(8942, 537, 16620)	(28756, 1851, 26280),delete:
need:	(10640, 1031, 1385)	(21019, 1836, 28245),delete:
need:	(7391, 939, 7752),delete:
need:	(30662, 1418, 35376)	(30662, 1683, 33776),delete:
need:	(3063, 1031, 10714)	(12347, 653, 6366),delete:
need:	(21926, 1458, 23919)	(28448, 1466, 34615),delete:
need:	(22718, 1521, 24353)	(4313, 84, 8443),delete:
need:	(10591, 420, 9192)	(31247, 1719, 29006),delete:
need:	(32691, 1719, 29006)	(10397, 420, 9192),delete:
need:	(25661, 1390, 32253)	(10356, 953, 12439),delete:
need:	(8444, 220, 4065)	(23425, 1836, 28077),delete:
need:	(11945, 1050, 5040)	(771, 84, 5040),delete:
need:	(28005, 1390, 27049)	(198, 939, 5615),delete:
need:	(30125, 1696, 30148)	(7436, 1222, 14668),delete:
need:	(473, 420, 410)	(2475, 420, 410),delete:
need:	(25096, 1319, 27049)	(22652, 1842, 23767),delete:
need:	(22932, 1839, 28241)	(33623, 1765, 33424),delete:
need:	(11505, 485, 19406),delete:
need:	(25647, 1390, 36724)	(6069, 508, 14259),delete:
need:	(8056, 276, 1603)	(5306, 198, 7235),delete:
need:	(4207, 537, 15402),delete:
need:	(26429, 1520, 26700)	(6466, 567, 7565),delete:
need:	(6504, 119, 2853),delete:
need:	(28650, 1718, 25357)	(27539, 1719, 24247),delete:
need:	(8111, 1173, 9797)	(22202, 1318, 29611),delete:
need:	(22367, 1390, 27049)	(33414, 1718, 27049),delete:
need:	(22874, 1437, 25455)	(8334, 1017, 7588),delete:
need:	(33253, 1784, 33876)	(4659, 485, 14062),delete:
need:	(5492, 344, 14045),delete:
need:	(33420, 1795, 22700)	(30944, 1390, 22368),delete:
need:	(21225, 2123, 20927)	(6029, 729, 13711),delete:
need:	(21155, 1781, 32100),delete:
need:	(30052, 1624, 20853)	(4269, 159, 2010),delete:
need:	(14582, 564, 4522)	(34396, 1863, 34981),delete:
need:	(9555, 220, 14304)	(23667, 1839, 29481),delete:
need:	(13134, 274, 4677)	(13674, 280, 4677),delete:
need:	(5465, 167, 2939),delete:
need:	(2807, 309, 9562)	(29050, 1608, 24325),delete:
need:	(26595, 1418, 20426)	(7139, 351, 6711),delete:
need:	(3075, 420, 6905)	(33033, 1719, 29159),delete:
need:	(26060, 1650, 36657)	(25404, 1418, 27576),delete:
need:	(9747, 204, 4133)	(13152, 485, 16353),delete:
need:	(30247, 1568, 26492)	(2208, 608, 2316),delete:
need:	(7664, 91, 11892)	(27081, 1390, 31706),delete:
need:	(26719, 1403, 22780)	(8000, 420, 9192),delete:
need:	(9311, 159, 13052)	(20823, 1458, 28162),delete:
need:	(27101, 1466, 25491)	(7287, 441, 11783),delete:
need:	(28215, 1437, 25177)	(1940, 824, 2630),delete:
need:	(12935, 540, 8207)	(3456, 540, 12935),delete:
need:	(1232, 506, 8465)	(28279, 1805, 39567),delete:
need:	(528, 119, 9540),delete:
need:	(30550, 1683, 22454)	(4257, 179, 10889),delete:
need:	(14528, 322, 12037),delete:
need:	(6515, 1010, 365)	(27213, 1390, 27049),delete:
need:	(34549, 1400, 22870)	(2633, 344, 14045),delete:
need:	(30595, 1590, 24121)	(12187, 589, 3288),delete:
need:	(24595, 1549, 23278),delete:
need:	(10269, 824, 935)	(8791, 1222, 10269),delete:
need:	(30485, 1418, 34829)	(6002, 384, 7303),delete:
need:	(27734, 2242, 35653)	(8596, 1162, 7000),delete:
need:	(14098, 617, 12007)	(3007, 371, 2995),delete:
need:	(34643, 1836, 26313)	(25696, 2242, 28229),delete:
need:	(24845, 1795, 20853)	(20140, 1390, 38014),delete:
need:	(24615, 1497, 32253)	(26243, 1725, 32253),delete:
need:	(1808, 441, 5687)	(4626, 119, 8998),delete:
need:	(22749, 1328, 26410)	(22807, 1923, 20733),delete:
need:	(2446, 1222, 90)	(3489, 702, 417),delete:
need:,delete:
need:	(20499, 1872, 31184)	(13960, 717, 11370),delete:
need:	(29684, 1466, 26535),delete:
need:	(8105, 698, 13407)	(26320, 1696, 33134),delete:
need:	(29948, 1650, 30703)	(10134, 351, 10889),delete:
need:	(30684, 1478, 23535)	(26282, 1650, 34273),delete:
need:	(22229, 1719, 29006),delete:
need:	(28222, 1872, 29302)	(13528, 1222, 6819),delete:
need:	(29925, 1497, 27049)	(29784, 1718, 27049),delete:
need:	(29709, 1719, 26719)	(14375, 420, 9192),delete:
need:	(1145, 411, 5937)	(25697, 1363, 20959),delete:
need:	(21021, 1437, 27309)	(1496, 631, 16519),delete:
need:	(32198, 2311, 24183),delete:
need:	(28171, 1437, 33525)	(14755, 325, 1113),delete:
need:	(34735, 1706, 30670)	(23594, 1872, 29782)	(9968, 1222, 10856),delete:
need:	(29930, 1390, 27049)	(1301, 198, 7235),delete:
need:	(33199, 2445, 21428)	(6462, 1226, 1614),delete:
need:	(23164, 1613, 30591)	(7631, 87, 17960),delete:
need:	(27099, 1793, 20478),delete:
need:	(21854, 1719, 20224)	(27541, 1719, 20224),delete:
need:	(32793, 1650, 32733)	(20944, 1650, 21971),delete:
need:	(24195, 1725, 31228)	(2797, 831, 8422),delete:
need:	(25510, 1466, 20462),delete:
need:	(12872, 138, 10827)	(24152, 1549, 37626),delete:
need:	(8010, 468, 11617)	(4117, 1183, 9568),delete:
need:	(13620, 680, 14458)	(33434, 1304, 24934),delete:
need:	(27215, 1650, 29027)	(28150, 1740, 29041),delete:
need:	(10313, 384, 7401)	(30127, 1418, 25703),delete:
need:	(23858, 1418, 28669)	(10030, 322, 432),delete:
need:	(14766, 485, 15271)	(6613, 485, 15271),delete:
need:	(7072, 542, 629)	(31825, 1818, 34265),delete:
need:	(33977, 1418, 19862)	(48, 384, 10961),delete:
need:	(7944, 384, 13690)	(26559, 1683, 27170),delete:
need:	(2712, 688, 4446)	(28940, 1439, 26095),delete:
need:	(5556, 189, 7819)	(34141, 1719, 34685),delete:
need:	(30871, 1805, 28403)	(30435, 1418, 32912),delete:
need:	(13957, 439, 5055)	(1846, 87, 12997),delete:
need:	(11854, 927, 17211),delete:
need:	(22080, 1719, 20224)	(5234, 420, 410),delete:
need:	(31600, 1481, 32950),delete:
need:	(28604, 1481, 37149)	(34154, 1818, 28393),delete:
need:	(30933, 1719, 34685)	(2422, 246, 14871),delete:
need:	(21962, 1478, 27805)	(27588, 1740, 25822),delete:
need:	(6832, 167, 3262)	(25729, 1683, 24919),delete:
need:	(23967, 1503, 33343)	(1051, 90, 13529),delete:
need:,delete:
need:	(22777, 2037, 22122)	(2308, 157, 13055),delete:
need:	(31406, 1464, 27049)	(11738, 420, 2136),delete:
need:	(28862, 1706, 38014)	(26323, 1605, 25050),delete:
need:	(33890, 1390, 20927)	(26964, 1390, 20927),delete:
need:	(27760, 1725, 32627)	(28124, 1309, 21502),delete:
need:,delete:
need:	(8535, 801, 8410)	(31830, 1795, 30202),delete:
need:	(11370, 959, 17608)	(31500, 1696, 29802),delete:
need:	(4192, 805, 7235)	(9523, 653, 7235),delete:
need:	(28127, 1719, 29006)	(11180, 87, 8716),delete:
need:	(33881, 1725, 25455)	(27635, 1576, 34458),delete:
need:	(22537, 2242, 26935)	(2083, 537, 1921),delete:
need:	(25268, 1304, 29991),delete:
need:	(3929, 384, 8368),delete:
need:	(11587, 939, 14993)	(477, 439, 5321),delete:
need:	(21781, 1458, 30437)	(8416, 537, 2696),delete:
need:	(23626, 1795, 21175)	(4727, 211, 5507),delete:
need:	(13234, 529, 9665)	(22960, 1390, 20972),delete:
need:	(4232, 831, 10646)	(25158, 1390, 20972),delete:
need:	(8792, 1173, 252)	(11899, 89, 1761),delete:
need:	(32137, 2391, 39527)	(3880, 421, 7231),delete:
need:	(8560, 1255, 15518)	(3027, 91, 95),delete:
need:	(20677, 1437, 27049)	(12302, 496, 6222),delete:
need:	(19912, 1714, 25986)	(10357, 90, 4521),delete:
need:	(32100, 1923, 25568)	(12928, 587, 5754),delete:
need:	(13722, 119, 9328)	(9328, 384, 9602),delete:
need:	(20600, 1549, 34380)	(32620, 1318, 26236),delete:
need:	(34478, 1958, 27997)	(23297, 1718, 29266),delete:
need:	(30162, 2359, 27049)	(27395, 1437, 27049),delete:
need:	(7148, 935, 59)	(25274, 1746, 28414),delete:
need:	(8132, 420, 8417)	(10879, 204, 8132),delete:
need:	(7056, 198, 365),delete:
need:	(7190, 141, 19706)	(30566, 1784, 38446),delete:
need:	(6584, 537, 6138)	(6584, 1173, 10957),delete:
need:	(27264, 1718, 33641)	(4662, 698, 11242),delete:
need:	(5012, 90, 3685),delete:
need:	(31101, 1640, 27123)	(26294, 1683, 27182),delete:
need:	(29278, 1560, 32487)	(32524, 1836, 24986),delete:
need:	(8657, 608, 15969)	(27549, 1779, 31099),delete:
need:	(28643, 1740, 25398)	(4629, 384, 1476),delete:
need:	(30317, 1318, 33540)	(22897, 1839, 30812),delete:
need:	(13078, 179, 7803)	(32892, 1478, 27617),delete:
need:	(8389, 1173, 6871)	(23436, 1362, 20706),delete:
need:	(25567, 1621, 27727)	(11529, 179, 5437),delete:
need:	(20913, 1481, 23182)	(2436, 496, 1096),delete:
need:	(22528, 1645, 33781)	(9256, 1188, 11878),delete:
need:	(22293, 1640, 32682)	(2479, 384, 1842),delete:
need:	(5370, 420, 9192)	(6753, 415, 410),delete:
need:	(34756, 1784, 36399)	(27984, 1784, 36399),delete:
need:	(27863, 1784, 33900)	(13996, 420, 6445),delete:
need:	(31587, 1418, 37146)	(31637, 1805, 30106),delete:
need:	(27948, 1594, 34607)	(12270, 772, 14787),delete:
need:	(21488, 1640, 30548)	(96, 506, 16662),delete:
need:	(24465, 1418, 21252)	(10140, 384, 14970),delete:
need:	(31129, 1719, 20224)	(7945, 420, 14871),delete:
need:	(26173, 1452, 28820)	(25185, 1784, 28283),delete:
need:	(22621, 1608, 33891)	(9236, 306, 13111),delete:
need:	(2130, 204, 8810)	(14356, 286, 903),delete:
need:	(26392, 1719, 21467)	(10109, 485, 16193),delete:
need:	(12321, 322, 7031)	(26845, 1621, 32825),delete:
need:	(25352, 1499, 33363)	(14967, 417, 3986),delete:
need:	(9860, 179, 8862),delete:
need:	(32785, 1377, 24027)	(30156, 1559, 37643),delete:
need:	(7533, 204, 11288)	(22267, 1413, 38799),delete:
need:	(11986, 198, 365)	(365, 824, 13967),delete:
need:	(33999, 1760, 30437)	(25968, 1520, 30437),delete:
need:	(25274, 1799, 20412)	(26839, 1731, 31061),delete:
need:	(12165, 420, 410)	(21468, 1719, 20224),delete:
need:	(11855, 496, 9917)	(8966, 385, 7231),delete:
need:	(30153, 1432, 25001)	(21513, 2242, 31400),delete:
need:	(8267, 497, 9314)	(10524, 496, 12516),delete:
need:	(9959, 420, 11062),delete:
need:	(26157, 1390, 35050),delete:
need:	(6615, 330, 6222)	(10998, 159, 11207),delete:
need:	(26354, 1683, 24070)	(20474, 1478, 30772),delete:
need:	(2487, 558, 14910)	(30252, 1718, 27049),delete:
need:	(13705, 485, 17565),delete:
need:	(9673, 278, 11611)	(29487, 2178, 31425),delete:
need:	(11643, 653, 6366)	(2508, 653, 8338),delete:
need:	(9246, 801, 7235)	(33328, 1390, 27049),delete:
need:	(6408, 322, 536)	(26471, 1836, 28455),delete:
need:	(10962, 167, 5324),delete:
need:	(25776, 1719, 26719)	(25364, 1719, 26719),delete:
need:	(31057, 1738, 31906),delete:
need:	(6663, 540, 9667),delete:
need:,delete:
need:	(23527, 1717, 32869)	(23937, 1815, 28390),delete:
need:	(32079, 1839, 24093)	(20116, 1437, 27049),delete:
need:	(26741, 2242, 26270)	(23633, 1818, 25544)	(7197, 1115, 11659),delete:
need:	(28972, 1621, 29540)	(9726, 322, 7937),delete:
need:	(32315, 1645, 20874)	(9590, 537, 13397),delete:
need:	(20789, 1764, 34424)	(12571, 418, 5082),delete:
need:	(13299, 420, 2422)	(31666, 1784, 26378),delete:
need:	(30303, 2242, 27327)	(22547, 1696, 29130),delete:
need:	(14681, 119, 14492),delete:
need:	(31948, 1390, 29400)	(6355, 1123, 12483),delete:
need:	(29371, 1573, 20375),delete:
need:	(34502, 1684, 27045)	(9419, 385, 7231),delete:
need:	(7934, 786, 4655)	(19918, 1318, 24469),delete:
need:	(34680, 1818, 27049),delete:
need:	(32275, 1719, 29006)	(25307, 1719, 29006),delete:
need:	(902, 496, 12845)	(27785, 1318, 33540),delete:
need:	(33015, 1318, 33540),delete:
need:	(13182, 634, 8574),delete:
need:	(32489, 1839, 23272)	(28176, 1390, 33434),delete:
need:	(29826, 1718, 27049)	(430, 558, 9595),delete:
need:	(26878, 1643, 33859)	(665, 344, 14045),delete:
need:	(25063, 1439, 20190)	(31703, 1439, 20190),delete:
need:	(28954, 1740, 25373)	(869, 119, 6251),delete:
need:	(30078, 1718, 20806)	(4379, 883, 992),delete:
need:	(26868, 1719, 20224)	(7882, 420, 14871),delete:
need:	(9815, 537, 18845)	(10248, 824, 7318),delete:
need:	(29444, 1557, 35650),delete:
need:	(4704, 824, 13967)	(12327, 939, 5170),delete:
need:	(4476, 558, 9395)	(29292, 1815, 27099),delete:
need:	(11400, 204, 14997),delete:
need:	(8869, 494, 7141),delete:
need:	(11605, 19, 4655),delete:
need:	(260, 322, 17301)	(26401, 1718, 28669),delete:
need:	(29808, 1437, 22744)	(8560, 1255, 9917),delete:
need:	(3563, 1139, 12863)	(896, 496, 5641),delete:
need:	(31044, 1683, 24720),delete:
need:	(25907, 1573, 28664),delete:
need:	(6780, 87, 10002)	(31677, 1386, 30265),delete:
need:	(26877, 1497, 30437)	(14752, 351, 11249),delete:
need:	(12845, 380, 5615)	(5615, 537, 16945),delete:
need:	(6331, 729, 11878)	(3860, 1173, 7082),delete:
need:	(5303, 420, 6445)	(14908, 420, 9192),delete:
need:	(2569, 807, 1098),delete:
need:	(14215, 163, 3047)	(5771, 714, 14310),delete:
need:	(23325, 1719, 21950)	(5636, 722, 13403),delete:
need:	(25380, 1318, 24469)	(7125, 221, 7235),delete:
need:	(1849, 420, 6905)	(27251, 1784, 21017),delete:
need:	(2668, 420, 2136)	(20599, 1544, 30836),delete:
need:	(26807, 1628, 33799)	(4947, 786, 10257),delete:
need:	(20177, 1784, 37557),delete:
need:	(8597, 384, 1091)	(28854, 1466, 34583),delete:
need:	(21950, 1574, 21467)	(1871, 420, 2136),delete:
need:	(22954, 2355, 22505),delete:
need:	(2636, 261, 5354)	(13762, 261, 5354),delete:
need:	(14224, 420, 6905)	(8797, 420, 9192),delete:
need:	(22228, 1386, 33142)	(28029, 1390, 23164),delete:
need:	(5349, 420, 2249)	(28949, 1719, 22063),delete:
need:	(29875, 1719, 29006)	(3044, 420, 9192),delete:
need:	(9277, 508, 14304),delete:
need:	(34501, 1795, 29503)	(11505, 485, 19406),delete:
need:	(20416, 1390, 27049)	(22889, 1390, 26700),delete:
need:	(25268, 1304, 29991)	(23644, 1560, 29575),delete:
need:	(24222, 1457, 32667)	(29278, 1560, 34673),delete:
need:	(33721, 1696, 29130)	(8415, 1252, 15415),delete:
need:	(29212, 2242, 28498)	(29281, 1872, 31828),delete:
need:	(11755, 1127, 5850)	(31323, 1438, 24033),delete:
need:	(3031, 679, 4854),delete:
need:	(6564, 420, 2966)	(29280, 1719, 24247),delete:
need:,delete:
need:	(26206, 1560, 20318)	(25678, 1643, 33859),delete:
need:	(4302, 439, 6343)	(21346, 1386, 23479),delete:
need:	(8988, 200, 285),delete:
need:	(24698, 1319, 27049)	(22842, 2311, 21074),delete:
need:	(4727, 415, 9037)	(32126, 1497, 25321),delete:
need:	(34562, 1621, 27199)	(21257, 1740, 34562),delete:
need:	(30874, 1437, 25455)	(11060, 760, 16048),delete:
need:	(30684, 1466, 25567),delete:
need:	(4988, 537, 17116)	(4988, 159, 17191)	(28194, 1752, 23419),delete:
need:	(12918, 496, 15589)	(7446, 653, 3047),delete:
need:	(4625, 993, 10786)	(13940, 88, 4913),delete:
need:	(31899, 1390, 24223)	(13725, 856, 2554),delete:
need:	(27424, 1390, 34236)	(9994, 19, 4655),delete:
need:	(14877, 420, 410),delete:
need:	(7772, 420, 6445)	(30518, 1390, 27049),delete:
need:	(6648, 885, 19416)	(25603, 1625, 21874)	(29555, 1594, 35313),delete:
need:	(27413, 1872, 32406)	(26791, 1718, 20972),delete:
need:	(2677, 119, 5988)	(21405, 1683, 34824),delete:
need:	(24256, 1718, 31569)	(8990, 690, 5506),delete:
need:	(10390, 1054, 11254)	(31068, 1304, 26776),delete:
need:	(28189, 2102, 39218)	(8375, 653, 1926),delete:
need:	(9478, 199, 8324)	(29371, 1570, 22099),delete:
need:	(33576, 1643, 22358)	(12073, 261, 6409),delete:
need:	(20452, 1725, 32253)	(14596, 420, 14871),delete:
need:	(14183, 717, 7494)	(30891, 1818, 32253),delete:
need:	(20089, 1719, 26719)	(14785, 90, 5074),delete:
need:	(2136, 275, 1653)	(26162, 1497, 27049),delete:
need:	(8328, 1252, 16633)	(2792, 870, 8328),delete:
need:	(23700, 1318, 33540)	(33202, 1437, 27049),delete:
need:	(5377, 85, 2630),delete:
need:	(11895, 420, 410),delete:
need:	(11100, 837, 8251)	(26323, 1439, 26786),delete:
need:	(4504, 306, 2649)	(7236, 102, 10615)	(25257, 2242, 28516),delete:
need:	(7666, 825, 7235)	(6936, 1091, 18214),delete:
need:	(32184, 1437, 31692)	(26434, 1718, 31692),delete:
need:	(26668, 1793, 26955)	(23873, 1818, 23164),delete:
need:	(30506, 1633, 24972)	(21954, 1718, 30506),delete:
need:	(7895, 831, 11121)	(20583, 1520, 20972),delete:
need:	(10267, 420, 6445),delete:
need:	(8131, 420, 9192)	(25945, 1784, 21419),delete:
need:	(30267, 1418, 28181)	(13776, 322, 4275),delete:
need:	(5566, 165, 7235)	(23064, 1806, 27049),delete:
need:	(6282, 1017, 9049),delete:
need:	(30916, 1570, 28931),delete:
need:	(25231, 1719, 19951)	(32498, 1389, 32294),delete:
need:	(32179, 1318, 24469)	(28905, 1318, 24469),delete:
need:	(31302, 1549, 23119)	(33396, 1318, 29611),delete:
need:	(29743, 1719, 21950)	(28183, 1403, 21950),delete:
need:	(34355, 1413, 38799)	(10882, 420, 9192),delete:
need:	(935, 453, 2012)	(20099, 1371, 20749),delete:
need:	(33774, 1390, 20972)	(32163, 1439, 34488),delete:
need:	(33300, 1713, 31357),delete:
need:	(5758, 404, 7235)	(21817, 1695, 22525),delete:
need:	(24694, 1375, 28318)	(206, 878, 18060),delete:
need:	(27478, 1437, 33525)	(1038, 1222, 13711),delete:
need:	(12727, 344, 14045)	(6597, 420, 4727),delete:
need:	(21087, 1719, 21950)	(23020, 1733, 34291),delete:
need:	(27088, 1805, 35352),delete:
need:	(31208, 1719, 28748),delete:
need:	(26494, 1671, 23740)	(10002, 101, 9452),delete:
need:	(31843, 1858, 39305)	(9167, 1054, 1129),delete:
need:	(11532, 102, 4461)	(1217, 417, 6355),delete:
need:	(25927, 1795, 21720)	(2919, 485, 19406),delete:
need:	(30240, 1375, 22757)	(2541, 188, 325),delete:
need:	(23633, 2242, 31056)	(8006, 1162, 3049),delete:
need:	(33838, 1784, 38700)	(30, 485, 19406),delete:
need:	(10791, 236, 19706)	(30321, 1719, 21950),delete:
need:	(358, 627, 8770)	(20172, 1628, 32080),delete:
need:	(22976, 1784, 39494)	(9722, 90, 6574),delete:
need:	(29391, 1818, 31569)	(31569, 1304, 21146),delete:
need:	(13152, 204, 4133)	(28625, 1719, 21950),delete:
need:	(11128, 269, 14567)	(29434, 1487, 20458),delete:
need:	(8616, 939, 1639)	(10299, 89, 11678),delete:
need:	(7398, 680, 12920)	(27212, 1633, 26811),delete:
need:	(12767, 159, 1517)	(21095, 1326, 24163),delete:
need:	(31031, 1458, 26753),delete:
need:	(21055, 1406, 30344)	(14816, 420, 9192),delete:
need:	(7242, 824, 6997)	(29578, 1623, 28283),delete:
need:	(4031, 723, 12691)	(30351, 1655, 20231)	(12691, 347, 417),delete:
need:	(5258, 351, 6694)	(5258, 441, 1216),delete:
need:	(29741, 1466, 32641)	(24341, 1805, 25138),delete:
need:	(23327, 1503, 37631)	(9703, 204, 17277),delete:
need:	(3606, 702, 417),delete:
need:	(6273, 883, 10623)	(34362, 1718, 31692),delete:
need:	(26704, 1836, 32292)	(2127, 159, 12478),delete:
need:	(20875, 1784, 38700),delete:
need:	(26708, 1318, 33540)	(8489, 939, 1688),delete:
need:	(12420, 496, 14248),delete:
need:	(12133, 847, 6645)	(33441, 1371, 24635),delete:
need:	(21950, 1794, 19912)	(4554, 485, 17565),delete:
need:	(32308, 1624, 28348),delete:
need:	(32414, 1466, 23555)	(5525, 551, 4623),delete:
need:	(13173, 824, 7191)	(27005, 1643, 21026),delete:
need:	(23814, 1650, 26109),delete:
need:	(28141, 1621, 39359),delete:
need:	(30889, 1740, 29928),delete:
need:	(32769, 1655, 20231)	(2318, 702, 417),delete:
need:	(33901, 2357, 30527)	(20791, 1839, 36932),delete:
need:	(20971, 1458, 30784),delete:
need:	(20140, 1390, 38014),delete:
need:	(3851, 883, 1845)	(30680, 1801, 24968),delete:
need:	(9890, 361, 12436)	(31192, 1628, 30498),delete:
need:	(13411, 959, 2256)	(33225, 1795, 37269),delete:
need:	(30325, 2203, 32588)	(6656, 903, 5780),delete:
need:	(334, 90, 933)	(22496, 1725, 28247)	(5530, 204, 8602),delete:
need:	(27649, 1818, 32253)	(5719, 216, 15352),delete:
need:	(27573, 1458, 28488)	(26330, 1795, 34521),delete:
need:	(32516, 1784, 20832)	(10752, 141, 19706),delete:
need:	(7784, 420, 4813)	(27373, 1719, 22379),delete:
need:	(11479, 19, 4655)	(30606, 1470, 27049),delete:
need:	(9745, 420, 14871)	(9207, 485, 15271),delete:
need:	(33147, 1880, 27331)	(27911, 1390, 27056),delete:
need:	(34454, 1719, 20224)	(4032, 1222, 5250),delete:
need:	(9300, 420, 9192)	(29006, 1714, 23091),delete:
need:	(11394, 420, 8934),delete:
need:	(12455, 245, 5370)	(23262, 1719, 29006),delete:
need:	(12514, 420, 9192)	(5875, 420, 9192),delete:
need:	(22455, 1390, 23164)	(27270, 1719, 29006),delete:
need:	(1389, 894, 4911)	(24204, 1628, 22938),delete:
need:	(2807, 306, 18594)	(30284, 1872, 27593),delete:
need:	(33099, 1328, 26410)	(34522, 1795, 26410),delete:
need:	(32746, 1696, 22869)	(23633, 2242, 30159),delete:
need:	(8433, 1095, 3416)	(30883, 1390, 23230),delete:
need:	(4043, 1236, 7346)	(31908, 1565, 31684),delete:
need:	(23674, 1795, 36672),delete:
need:	(33555, 1784, 36399)	(4413, 485, 10369),delete:
need:	(2930, 732, 58)	(24057, 1628, 34302),delete:
need:	(2395, 951, 13967)	(21051, 1310, 20354),delete:
need:	(971, 496, 3684)	(2026, 653, 8472),delete:
need:	(2803, 420, 2249),delete:
need:	(6813, 159, 12494)	(6876, 277, 9760),delete:
need:	(22013, 1684, 34827),delete:
need:	(21435, 1458, 33259),delete:
need:	(8437, 1234, 3420)	(142, 1234, 3420),delete:
need:	(27059, 1299, 25096)	(11805, 84, 2300),delete:
need:	(12144, 322, 6256)	(30803, 1466, 32474),delete:
need:	(26498, 1876, 19873)	(33346, 2011, 24353),delete:
need:	(4268, 589, 13711),delete:
need:	(11714, 119, 16265)	(428, 384, 11683),delete:
need:	(20328, 1560, 24302)	(32068, 2230, 28283),delete:
need:	(29539, 1784, 39494)	(6621, 420, 410),delete:
need:	(6762, 1173, 13726),delete:
need:	(21410, 1418, 27723)	(14891, 441, 3778),delete:
need:	(29158, 1719, 28851)	(10825, 420, 6905),delete:
need:	(9622, 369, 15470),delete:
need:	(32307, 1538, 21255),delete:
need:	(10556, 721, 12097)	(6420, 224, 3926),delete:
need:	(11198, 506, 3944)	(31050, 1621, 32185),delete:
need:	(25751, 1560, 22765)	(7122, 261, 2951),delete:
need:	(11965, 420, 9192)	(6628, 420, 6445),delete:
need:	(33719, 1719, 30228)	(6818, 420, 10414),delete:
need:	(26245, 1650, 29032)	(29439, 1740, 23212),delete:
need:	(7815, 385, 7231)	(27629, 1684, 27045),delete:
need:	(10682, 653, 4065)	(28077, 1795, 27797),delete:
need:	(22329, 1503, 28530)	(6090, 420, 9192),delete:
need:	(13232, 801, 7235)	(24103, 1437, 27049),delete:
need:	(20765, 1400, 24363),delete:
need:	(5020, 768, 16450)	(30140, 1850, 23893),delete:
need:	(8311, 119, 1130),delete:
need:	(3976, 344, 14045)	(3845, 344, 14045),delete:
need:	(12925, 322, 9923),delete:
need:	(6544, 753, 2776)	(24787, 1684, 21047),delete:
need:	(23832, 1836, 29153)	(12340, 537, 9339),delete:
need:	(12343, 831, 5941)	(10937, 598, 15901),delete:
need:	(32519, 1818, 25455)	(3665, 138, 16527),delete:
need:	(23949, 1740, 25775)	(3312, 119, 13178),delete:
need:	(34734, 1390, 22870),delete:
need:	(24473, 1719, 26719)	(33737, 1719, 26719),delete:
need:	(10390, 1054, 11254)	(11715, 1054, 11254),delete:
need:	(30850, 1696, 29257),delete:
need:	(20281, 1628, 29904),delete:
need:	(30229, 1418, 38056)	(31268, 1650, 38699),delete:
need:	(34503, 1650, 20197),delete:
need:	(28771, 1719, 19912)	(2852, 245, 15746),delete:
need:	(6392, 346, 50)	(13760, 261, 14898),delete:
need:	(11594, 653, 12845)	(22506, 1390, 27049),delete:
need:	(2831, 496, 3401)	(22645, 1318, 23215),delete:
need:	(1494, 420, 9192)	(14768, 236, 19136),delete:
need:	(133, 206, 8519)	(33761, 1675, 22326),delete:
need:	(20249, 1605, 23211)	(7191, 453, 9079),delete:
need:	(21963, 1915, 26210)	(29732, 1628, 28508),delete:
need:	(4310, 179, 14670)	(23342, 1466, 36016),delete:
need:	(32033, 1719, 20224),delete:
need:	(27089, 1464, 27049)	(11349, 496, 8654),delete:
need:	(321, 261, 12673)	(12527, 261, 12673),delete:
need:	(22923, 1684, 24092)	(14301, 159, 12164),delete:
need:	(21222, 1497, 27049)	(34700, 1725, 27049),delete:
need:	(7121, 529, 16934)	(26458, 1378, 33150),delete:
need:	(31212, 1624, 38931)	(11398, 250, 17225),delete:
need:	(13798, 717, 16490)	(5065, 933, 13320),delete:
need:	(26479, 1458, 30298)	(11548, 1222, 1918),delete:
need:	(6488, 453, 1436)	(26237, 1390, 28120),delete:
need:	(7043, 420, 14871)	(5429, 420, 14871),delete:
need:	(30419, 1752, 27049)	(597, 96, 9976),delete:
need:	(4425, 177, 16519)	(23618, 1476, 39429),delete:
need:	(13639, 702, 417)	(27231, 1520, 31907),delete:
need:	(6682, 951, 4821)	(29500, 1668, 23822),delete:
need:	(34358, 1795, 25629)	(7493, 417, 6355),delete:
need:	(23111, 1520, 20927)	(11353, 786, 4005),delete:
need:	(31897, 1503, 30652)	(31105, 1784, 38107),delete:
need:	(14278, 90, 4566)	(24380, 1719, 28173),delete:
need:	(12329, 167, 6340)	(109, 384, 18075),delete:
need:	(28656, 1625, 26700)	(29576, 1374, 26700),delete:
need:	(32011, 1718, 38027),delete:
need:	(26065, 1466, 26659)	(21212, 1683, 31166),delete:
need:	(6195, 485, 1158)	(4770, 979, 10803),delete:
need:	(28240, 1719, 26719)	(29448, 1719, 20224),delete:
need:	(27307, 1716, 25629)	(2661, 417, 6355),delete:
need:	(25982, 1465, 25310),delete:
need:	(33530, 1784, 38446)	(12455, 420, 9192),delete:
need:	(11406, 939, 11173),delete:
need:	(3559, 883, 1845)	(33139, 1588, 20912),delete:
need:	(7620, 204, 766)	(29473, 1784, 39494),delete:
need:	(33698, 1893, 38550)	(3236, 736, 756),delete:
need:	(28563, 1560, 26446)	(14380, 261, 77),delete:
need:	(32071, 1413, 32213)	(9095, 485, 13050),delete:
need:	(21505, 2130, 33196)	(9564, 768, 1691),delete:
need:	(21491, 1319, 27049)	(23310, 1706, 29265),delete:
need:	(521, 167, 1752),delete:
need:	(7718, 874, 4693)	(20058, 1390, 32298),delete:
need:	(4248, 200, 285)	(3645, 200, 285),delete:
need:	(13580, 209, 11299)	(367, 892, 11878),delete:
need:	(25096, 1596, 23767)	(12184, 410, 5412),delete:
need:	(13312, 420, 6905)	(13210, 420, 6905),delete:
need:	(29184, 1684, 23489)	(26553, 1390, 26700),delete:
need:	(7441, 485, 17565)	(11151, 189, 6077),delete:
need:	(28427, 1418, 31934)	(10551, 167, 7431),delete:
need:	(22958, 1684, 22446)	(13248, 385, 6712),delete:
need:	(20778, 1466, 34907)	(7265, 351, 19192),delete:
need:	(32268, 2274, 38799)	(2882, 141, 19706),delete:
need:	(5953, 485, 13050)	(21443, 1719, 28225),delete:
need:	(11774, 161, 11669),delete:
need:	(13664, 420, 9192)	(22183, 1719, 29006),delete:
need:	(1209, 722, 12003)	(34477, 2333, 35313),delete:
need:	(12121, 1105, 7099)	(23421, 1304, 25568),delete:
need:	(31935, 1304, 25568)	(27601, 1781, 25568),delete:
need:	(34105, 1823, 27049)	(28332, 1318, 33540),delete:
need:	(32098, 2287, 29060)	(7231, 62, 12284),delete:
need:	(1114, 883, 4591)	(23136, 1363, 27779),delete:
need:	(9273, 485, 1605)	(26568, 1784, 21419),delete:
need:	(5644, 506, 8739)	(5644, 167, 258),delete:
need:	(20135, 1752, 32253)	(31993, 1725, 37512),delete:
need:	(28017, 1388, 27732)	(6373, 985, 18073),delete:
need:	(28735, 1872, 30647),delete:
need:	(9138, 202, 4726)	(133, 202, 4726),delete:
need:	(12577, 159, 16179)	(32391, 1458, 27474),delete:
need:	(32836, 1390, 26700)	(29241, 1590, 22669),delete:
need:	(25874, 2044, 22970)	(7195, 688, 13292),delete:
need:	(34234, 1464, 27049)	(34139, 1684, 34721),delete:
need:	(6858, 163, 6219)	(21435, 1318, 33540),delete:
need:	(28805, 1625, 20668)	(4294, 760, 19019),delete:
need:	(19871, 1784, 24211)	(5868, 420, 9679),delete:
need:	(5156, 537, 14679)	(28388, 1563, 34493),delete:
need:	(8293, 1173, 7952)	(28107, 1530, 30995),delete:
need:	(30824, 1784, 37557),delete:
need:	(6019, 496, 16220)	(26817, 1318, 33540),delete:
need:	(3373, 986, 540)	(26271, 1784, 36558),delete:
need:	(27239, 1318, 23980)	(8315, 19, 4166),delete:
need:	(24168, 1719, 29006)	(33432, 1784, 33876),delete:
need:	(8281, 179, 18736)	(25100, 1621, 21041),delete:
need:	(31850, 1621, 22521)	(31850, 1683, 25276),delete:
need:	(12733, 89, 6222)	(22100, 1836, 28161),delete:
need:	(4936, 883, 4245)	(34068, 1390, 29731)	(27428, 1805, 29731)	(4245, 654, 15409),delete:
need:	(3460, 485, 17565)	(31413, 1784, 33900),delete:
need:	(4246, 405, 4158),delete:
need:	(21084, 1893, 25867)	(21084, 1795, 25867),delete:
need:	(34788, 1752, 20093)	(12352, 261, 8174),delete:
need:	(32663, 1628, 23919)	(4105, 263, 11173),delete:
need:	(29551, 1696, 27367),delete:
need:	(20670, 1458, 22263),delete:
need:	(30714, 1418, 33493),delete:
need:	(8065, 274, 3614),delete:
need:	(10055, 384, 2398)	(26953, 1650, 26525),delete:
need:	(9869, 959, 3984),delete:
need:	(32607, 1318, 29611)	(9263, 159, 2743),delete:
need:	(29853, 1390, 35233)	(7892, 250, 9476),delete:
need:	(28759, 1390, 27049),delete:
need:	(1569, 760, 8647),delete:
need:	(23024, 1628, 33424)	(11138, 721, 15830),delete:
need:	(13853, 496, 7094)	(5076, 1047, 6914),delete:
need:	(24068, 1418, 28132)	(32929, 1418, 28208),delete:
need:	(6994, 179, 2273)	(1528, 384, 6994),delete:
need:	(6997, 261, 6409)	(26035, 1623, 28283),delete:
need:	(25071, 1390, 27049)	(6036, 385, 3377),delete:
need:	(14148, 698, 13836)	(25552, 1605, 32552),delete:
need:	(23028, 1719, 26719)	(11667, 420, 9192),delete:
need:	(13148, 297, 3953)	(8418, 297, 3953)	(14557, 84, 17936),delete:
need:	(22330, 1650, 32173)	(12359, 506, 9870),delete:
need:	(5947, 1162, 3049)	(22863, 1716, 25629),delete:
need:	(2117, 894, 16032)	(1315, 455, 16032),delete:
need:	(32864, 1818, 20209)	(23325, 1784, 32864),delete:
need:	(24448, 1719, 25842)	(7873, 485, 17565),delete:
need:	(7940, 159, 13170),delete:
need:	(23644, 1643, 33859)	(1035, 344, 2544),delete:
need:	(9742, 84, 493)	(31503, 1528, 23767),delete:
need:	(21302, 1876, 19873)	(24478, 1609, 22673),delete:
need:	(3890, 485, 10369)	(32703, 1389, 24516),delete:
need:	(2415, 420, 9192)	(34454, 1719, 29159),delete:
need:	(24452, 1784, 38700)	(13688, 485, 13050),delete:
need:	(6926, 119, 3398),delete:
need:	(3099, 768, 19005)	(201, 768, 19725),delete:
need:	(279, 824, 13967)	(20460, 1633, 33781),delete:
need:	(27525, 1418, 33004),delete:
need:	(93, 380, 5933)	(22251, 1858, 22327),delete:
need:	(24608, 1318, 33540)	(4730, 1001, 2861),delete:
need:	(27781, 1390, 27049)	(13853, 721, 10436),delete:
need:	(26722, 1560, 32466)	(3945, 261, 6409),delete:
need:	(34163, 1499, 20099)	(12980, 200, 285),delete:
need:	(7172, 420, 410),delete:
need:	(31275, 1784, 38700)	(13236, 485, 19406),delete:
need:	(443, 420, 14871)	(24009, 1719, 34685),delete:
need:	(31346, 1718, 33641)	(22872, 1893, 21968),delete:
need:	(10366, 199, 4476)	(4231, 276, 5726),delete:
need:	(26374, 1418, 33665)	(9352, 167, 8078),delete:
need:	(635, 384, 10691)	(4887, 396, 17411),delete:
need:	(1937, 589, 14304)	(29241, 1366, 26700),delete:
need:	(5898, 903, 5780)	(24204, 1557, 25594),delete:
need:	(6065, 496, 13726)	(8821, 341, 4065),delete:
need:	(28505, 1971, 31473)	(26851, 1400, 20099),delete:
need:	(23630, 1719, 26719)	(10031, 420, 6905),delete:
need:	(33331, 1388, 26036)	(28821, 1386, 23850),delete:
need:	(29441, 1418, 26660),delete:
need:	(14265, 839, 5247)	(527, 138, 6886),delete:
need:	(32635, 1719, 34685),delete:
need:	(27327, 1696, 29130)	(9316, 1075, 7455),delete:
need:	(32278, 1719, 34685)	(14931, 420, 410),delete:
need:	(3251, 426, 7235)	(4371, 1222, 6886),delete:
need:	(22769, 1655, 20231)	(24671, 1655, 20231),delete:
need:	(10517, 717, 3503),delete:
need:	(9857, 582, 11013)	(24658, 1760, 27049),delete:
need:	(27231, 1437, 27049)	(26561, 1437, 27049),delete:
need:	(31820, 1893, 21883)	(30277, 1390, 21883),delete:
need:	(12951, 702, 417)	(24639, 1655, 20231),delete:
need:	(23828, 1621, 26074),delete:
need:	(11377, 1173, 13726)	(32392, 1390, 27049),delete:
need:	(13965, 801, 9452)	(30897, 1991, 25843),delete:
need:	(11370, 959, 17608)	(28475, 1378, 20380),delete:
need:	(25623, 1740, 22544)	(20842, 1650, 30684),delete:
need:	(30979, 1386, 28317),delete:
need:	(29631, 1388, 28786)	(12696, 883, 9274),delete:
need:	(3725, 951, 13967)	(2930, 824, 13967),delete:
need:	(9759, 537, 17432),delete:
need:	(34315, 2242, 39365),delete:
need:	(26940, 1406, 34786)	(12630, 420, 2136),delete:
need:	(991, 119, 11379)	(20805, 1478, 28721),delete:
need:	(32651, 1345, 33781)	(33107, 1318, 20301),delete:
need:	(27332, 1318, 24469)	(9391, 19, 4655),delete:
need:	(21988, 1683, 34682)	(26238, 1478, 25464),delete:
need:	(27085, 1683, 28380)	(9472, 506, 17544),delete:
need:	(6335, 1054, 9314)	(26149, 1796, 29128),delete:
need:	(2094, 831, 5895)	(21466, 1725, 20972),delete:
need:	(7120, 485, 14062),delete:
need:	(33730, 1719, 19951),delete:
need:	(32749, 1628, 34773)	(32749, 2151, 32977),delete:
need:	(14931, 420, 410)	(34720, 1784, 33900),delete:
need:	(29614, 1390, 38938)	(33018, 1390, 27049),delete:
need:,delete:
need:	(23391, 1328, 37242)	(14941, 677, 3577),delete:
need:	(2826, 1173, 16659),delete:
need:	(22347, 1795, 27068)	(14237, 537, 12793),delete:
need:	(20952, 1684, 22660)	(2777, 1224, 10487),delete:
need:	(10129, 714, 10859)	(32843, 1328, 33140),delete:
need:	(20773, 1805, 34128)	(26349, 1740, 26108),delete:
need:	(5944, 420, 2136)	(30594, 1719, 21950),delete:
