6761	26575
8823	28637
3282	23096
5934	25748
2264	22078
2561	22375
3764	23578
6519	26333
9213	29027
6427	26241
5456	25270
4790	24604
6504	26318
4367	24181
7959	27773
5619	25433
1415	21229
6090	25904
1564	21378
5424	25238
3242	23056
1039	20853
2609	22423
3093	22907
1182	20996
5288	25102
7830	27644
1951	21765
1170	20984
1447	21261
3144	22958
3526	23340
6909	26723
3798	23612
4733	24547
6872	26686
4275	24089
6215	26029
5481	25295
9793	29607
9085	28899
7132	26946
2997	22811
5676	25490
8667	28481
4234	24048
3131	22945
9557	29371
2765	22579
9774	29588
968	20782
8906	28720
7673	27487
4868	24682
298	20112
3643	23457
7667	27481
3514	23328
5732	25546
1088	20902
9270	29084
3821	23635
1659	21473
811	20625
4563	24377
5574	25388
1578	21392
5022	24836
7139	26953
7641	27455
5463	25277
9410	29224
4478	24292
9798	29612
8298	28112
4500	24314
5701	25515
3968	23782
3448	23262
8251	28065
8843	28657
8397	28211
463	20277
1272	21086
7440	27254
6907	26721
4480	24294
6912	26726
7300	27114
7313	27127
4198	24012
8885	28699
580	20394
8228	28042
3001	22815
10091	29905
5346	25160
7450	27264
2036	21850
9547	29361
2889	22703
1596	21410
9156	28970
1681	21495
78	19892
2917	22731
5505	25319
5555	25369
3342	23156
1012	20826
1992	21806
8057	27871
3733	23547
7628	27442
9736	29550
9581	29395
357	20171
2381	22195
8499	28313
10236	30050
7634	27448
2167	21981
3604	23418
1288	21102
3648	23462
597	20411
8105	27919
5291	25105
7368	27182
8172	27986
7356	27170
8292	28106
7974	27788
8836	28650
6095	25909
5814	25628
1519	21333
3102	22916
4121	23935
4190	24004
6245	26059
6698	26512
9122	28936
8417	28231
697	20511
4762	24576
6275	26089
9041	28855
8001	27815
8340	28154
3747	23561
2674	22488
7021	26835
6750	26564
2560	22374
9296	29110
6860	26674
1309	21123
5960	25774
2483	22297
2800	22614
9592	29406
8376	28190
6314	26128
9756	29570
102	19916
6639	26453
8146	27960
6796	26610
1975	21789
7537	27351
2156	21970
167	19981
4108	23922
8800	28614
7773	27587
977	20791
6923	26737
7465	27279
1581	21395
9232	29046
4653	24467
6131	25945
9144	28958
3515	23329
3564	23378
8547	28361
2810	22624
9863	29677
3740	23554
5195	25009
2440	22254
7032	26846
7557	27371
6305	26119
5183	24997
7878	27692
4404	24218
8723	28537
6626	26440
8069	27883
2039	21853
7717	27531
688	20502
8238	28052
4907	24721
7336	27150
7352	27166
9464	29278
6565	26379
5680	25494
7444	27258
109	19923
8115	27929
5908	25722
262	20076
8219	28033
3178	22992
5802	25616
6540	26354
2499	22313
9605	29419
8995	28809
6020	25834
3453	23267
10118	29932
7234	27048
904	20718
1004	20818
5356	25170
5909	25723
2871	22685
10282	30096
9832	29646
1094	20908
2729	22543
3010	22824
3058	22872
9367	29181
2528	22342
10429	30243
130	19944
67	19881
1625	21439
10085	29899
2592	22406
2430	22244
2068	21882
8519	28333
3600	23414
6710	26524
2737	22551
5098	24912
1296	21110
8327	28141
9494	29308
7209	27023
6496	26310
1931	21745
6954	26768
5832	25646
5719	25533
7154	26968
9544	29358
4985	24799
6566	26380
9347	29161
771	20585
6067	25881
9004	28818
9614	29428
7166	26980
6197	26011
7074	26888
9400	29214
7284	27098
7499	27313
339	20153
1455	21269
2464	22278
7292	27106
7909	27723
604	20418
7452	27266
8553	28367
6699	26513
6144	25958
3938	23752
9133	28947
6526	26340
8273	28087
3871	23685
3308	23122
988	20802
8558	28372
703	20517
8363	28177
3546	23360
6065	25879
2296	22110
9814	29628
3369	23183
1609	21423
3057	22871
690	20504
5012	24826
8248	28062
7340	27154
3245	23059
2886	22700
9333	29147
2164	21978
8666	28480
9028	28842
5347	25161
3351	23165
1969	21783
5465	25279
7449	27263
7233	27047
1368	21182
7482	27296
4677	24491
7947	27761
1454	21268
9971	29785
1510	21324
2730	22544
10233	30047
360	20174
7603	27417
6457	26271
5938	25752
474	20288
7256	27070
5543	25357
2418	22232
4291	24105
3529	23343
4261	24075
4993	24807
1533	21347
8943	28757
6446	26260
5651	25465
9742	29556
8901	28715
1632	21446
1016	20830
565	20379
7559	27373
3052	22866
3362	23176
3024	22838
8600	28414
9754	29568
2287	22101
7298	27112
8838	28652
10293	30107
7757	27571
7392	27206
519	20333
5102	24916
7280	27094
7204	27018
2110	21924
6005	25819
8936	28750
7390	27204
2807	22621
9517	29331
3370	23184
3783	23597
6898	26712
10265	30079
3499	23313
7852	27666
776	20590
1584	21398
2904	22718
5394	25208
3918	23732
8874	28688
865	20679
8641	28455
9796	29610
608	20422
3940	23754
1219	21033
4384	24198
7485	27299
1274	21088
9476	29290
7073	26887
196	20010
8214	28028
5062	24876
5191	25005
9665	29479
6997	26811
9899	29713
10433	30247
4336	24150
9962	29776
10054	29868
5349	25163
9749	29563
7419	27233
7215	27029
1595	21409
3714	23528
4811	24625
3216	23030
9951	29765
9236	29050
5485	25299
2825	22639
4417	24231
5173	24987
4537	24351
9069	28883
5326	25140
6121	25935
2288	22102
2414	22228
10072	29886
5363	25177
6542	26356
7156	26970
2206	22020
7194	27008
9117	28931
10240	30054
7470	27284
9366	29180
1518	21332
1196	21010
1388	21202
10092	29906
8411	28225
4581	24395
4446	24260
6458	26272
9603	29417
3960	23774
6876	26690
3139	22953
6494	26308
8407	28221
9248	29062
9987	29801
6820	26634
8717	28531
9050	28864
10364	30178
7875	27689
1746	21560
4561	24375
269	20083
8347	28161
1637	21451
6908	26722
213	20027
5942	25756
9177	28991
6865	26679
5905	25719
6662	26476
848	20662
5324	25138
5613	25427
3977	23791
2684	22498
6241	26055
5599	25413
358	20172
3160	22974
3636	23450
7468	27282
5185	24999
2194	22008
6677	26491
278	20092
7616	27430
9897	29711
5341	25155
2148	21962
7400	27214
10077	29891
619	20433
5506	25320
1462	21276
8576	28390
4408	24222
1661	21475
1843	21657
7689	27503
3474	23288
8725	28539
4930	29192
3687	29249
3389	21124
705	25455
3647	25385
6581	27579
5071	23242
7429	22671
6326	25723
3368	23119
8799	28381
6258	22993
2258	24509
8928	22419
9305	23827
6229	26800
454	21985
819	28876
5344	27346
7888	30124
1957	27922
1876	22970
5060	27563
2761	24604
9129	21124
5784	20706
1305	28971
3888	26610
7	23307
3545	30277
9111	22139
2202	21291
10102	27511
8155	20998
3512	23625
4268	30080
10130	21383
665	23192
135	21274
1633	21898
7058	28876
4895	26785
2777	20644
6539	23517
10375	23199
10243	20523
1263	28091
8025	26664
1930	21665
1273	22107
2388	23908
830	23022
7568	23874
7738	27301
8701	26026
1483	30018
4592	23411
8377	22870
7882	20652
3669	27561
4544	22241
3846	28479
9327	24697
6225	26950
6092	22647
6934	23439
6812	28946
2716	20085
788	23267
3011	27539
7782	26945
4558	24932
468	28903
849	25941
9895	29309
5415	29591
9074	27746
4528	26546
10404	26741
905	21117
4831	25307
3575	25417
4700	30111
1492	28372
9249	21375
2591	26450
5587	19915
7518	27868
4026	20305
8549	29776
8265	25395
4722	22009
3886	29163
9993	22196
5595	28615
6389	21175
3485	22959
418	25722
2028	20882
5683	26807
4514	27634
3141	20648
4230	25445
2969	26619
2755	22101
2218	19860
4004	27559
8864	29809
8916	22764
9942	28983
6742	26017
7230	21412
467	29904
6682	23849
8601	20565
9631	22171
6544	22923
1327	28246
92	27699
1414	20167
3075	27072
8131	24375
2670	21413
1841	22769
10089	25278
9948	24401
586	25410
7315	21475
3772	20750
2892	26659
10333	21433
1712	29476
3355	28802
270	26746
8632	25669
1956	25685
5006	26256
2869	27357
5849	27578
6175	26811
3297	29161
435	28819
2115	23031
3170	22382
6312	23920
7396	21739
9321	23985
2284	24734
7692	23164
1798	25636
1861	24598
10169	21842
1176	21170
2291	20198
4964	21245
7605	23098
4002	24059
2247	20614
8736	23145
1257	28616
154	27942
9313	29046
203	24869
8861	26197
6500	21658
10061	27600
9418	20249
2644	26450
1561	29063
4487	26819
1866	21411
3649	21005
188	24369
10262	19938
2411	21461
4673	28438
5065	20418
7393	22355
5675	27447
5704	25737
6115	23744
8783	24641
7600	25089
7716	26787
5148	24107
5264	20448
6661	20282
1005	20820
9068	26184
2352	30021
7842	21685
5122	23900
4966	26704
6977	20649
7854	22333
7652	23230
3874	24230
4807	24266
2697	28073
10211	25757
517	22328
10460	28532
7550	20849
3254	24473
5215	24747
3585	21889
6357	26460
2797	24195
9662	21526
7520	28732
2967	25165
4595	24503
426	20292
10455	23145
1731	24762
8140	23318
9898	19956
7120	24473
4128	28035
5203	21789
3698	24218
8205	26917
6523	28911
8956	27040
9696	28824
5375	24787
9986	27543
5499	20000
3768	25631
341	20182
2645	22181
4346	22237
6164	28905
3240	27255
6288	23022
10017	30159
5952	23523
4040	26110
1555	28089
9052	25331
7623	24864
2749	26789
913	24920
5995	26307
10221	25476
9014	22122
3638	23078
5439	25774
4940	26306
5756	29114
4139	24887
4927	28366
6551	29713
6182	28289
1340	25169
8840	26061
4078	24169
3829	22362
9183	27964
6758	29892
205	28287
6352	28818
8353	29923
8186	22703
3095	27896
7425	22443
9989	25347
4479	23023
9684	22482
10330	23793
9412	19990
5958	26427
942	21882
7546	20882
5820	20739
5086	22656
8849	22600
9878	25517
1178	22090
10226	21686
3241	25158
6300	21495
2071	26092
9211	23137
887	21336
51	23291
9099	24918
6931	23587
2589	19823
2044	28466
6940	21891
2579	22076
4122	28362
5094	28958
3461	26472
1096	29611
4337	29866
2859	24478
2050	27023
7363	27836
3345	28529
2968	23849
1615	20234
4956	24948
4749	26914
9315	26572
2628	21092
9164	25872
7000	29130
5227	26748
8043	22105
4172	22680
8188	23853
3590	22234
1682	22159
9717	30044
9147	28388
2358	20614
5862	29743
1670	26376
8684	27308
9851	29509
5950	30164
5441	24697
8727	21271
3173	28626
4334	29842
4969	28460
47	30101
7754	19955
9263	30048
2472	29551
4250	30062
5865	27783
4771	29613
7242	23198
8058	22868
5427	23307
8831	26962
4053	25543
899	28971
5263	27309
1716	26632
3548	23481
7683	29853
7447	23363
3752	26256
1911	23682
6869	28818
824	20975
2841	26538
10197	25005
4398	22240
2048	23962
5851	21113
6899	23777
1994	25247
9501	29878
6586	28951
2866	20924
4173	22713
1890	29528
4042	21293
1031	22549
2016	19941
2410	24675
4383	26247
6401	21652
9647	26865
9402	27221
7608	22044
5706	25191
10100	22646
5842	23022
1358	28203
8045	30198
1582	20953
4566	24076
9416	25351
1750	25749
1364	29385
7428	25969
1427	23962
5985	21883
7506	20301
222	23230
9269	27003
6447	22557
1306	26174
1792	29570
10271	21094
2363	20093
6532	28503
6248	23038
5510	25365
6868	25485
4169	22294
8464	24918
8606	27745
5092	30246
6254	30069
8374	29835
3375	22364
9973	20596
8450	22198
8854	25568
4788	25731
355	20754
5774	28910
5840	20035
9264	26744
2739	24509
2941	24578
6960	24136
5048	21049
3104	19872
10490	23573
6367	26612
8786	20972
2205	29823
3593	23149
1631	27035
3680	22769
6094	24567
9067	25915
9234	26112
10385	28815
3298	26423
5626	20952
3330	20783
1660	29507
3069	23266
5692	23474
973	25401
1180	24484
2023	22960
6435	26510
8891	29690
786	29853
6822	23327
4746	27379
881	21249
9666	20372
7665	26710
4126	29191
7765	26395
9196	24202
6202	26897
7496	30228
9694	22504
6733	26281
9210	28951
6235	19862
4572	27602
9357	29697
1313	24848
8260	22337
9523	20012
1600	26247
4034	26219
909	20373
5749	30176
4929	20511
2022	20279
2034	22116
5810	24012
3598	21635
3975	22325
3860	26965
4763	28451
5253	20422
9096	21102
7823	30102
8246	21741
6185	28554
2543	20918
7730	21075
8651	25519
2367	26986
4204	26284
10172	26217
9529	26532
7149	24613
5260	30052
7973	29464
2	21582
6897	26764
506	22511
10042	26573
2379	24231
1932	20577
1766	21526
3357	22481
4508	24565
10075	28852
3100	25912
9539	22557
6959	25166
7996	24353
5431	28728