4930	29192
3687	29249
3389	21124
705	25455
3647	25385
6581	27579
5071	23242
7429	22671
6326	25723
3368	23119
8799	28381
6258	22993
2258	24509
8928	22419
9305	23827
6229	26800
454	21985
819	28876
5344	27346
7888	30124
1957	27922
1876	22970
5060	27563
2761	24604
9129	21124
5784	20706
1305	28971
3888	26610
7	23307
3545	30277
9111	22139
2202	21291
10102	27511
8155	20998
3512	23625
4268	30080
10130	21383
665	23192
135	21274
1633	21898
7058	28876
4895	26785
2777	20644
6539	23517
10375	23199
10243	20523
1263	28091
8025	26664
1930	21665
1273	22107
2388	23908
830	23022
7568	23874
7738	27301
8701	26026
1483	30018
4592	23411
8377	22870
7882	20652
3669	27561
4544	22241
3846	28479
9327	24697
6225	26950
6092	22647
6934	23439
6812	28946
2716	20085
788	23267
3011	27539
7782	26945
4558	24932
468	28903
849	25941
9895	29309
5415	29591
9074	27746
4528	26546
10404	26741
905	21117
4831	25307
3575	25417
4700	30111
1492	28372
9249	21375
2591	26450
5587	19915
7518	27868
4026	20305
8549	29776
8265	25395
4722	22009
3886	29163
9993	22196
5595	28615
6389	21175
3485	22959
418	25722
2028	20882
5683	26807
4514	27634
3141	20648
4230	25445
2969	26619
2755	22101
2218	19860
4004	27559
8864	29809
8916	22764
9942	28983
6742	26017
7230	21412
467	29904
6682	23849
8601	20565
9631	22171
6544	22923
1327	28246
92	27699
1414	20167
3075	27072
8131	24375
2670	21413
1841	22769
10089	25278
9948	24401
586	25410
7315	21475
3772	20750
2892	26659
10333	21433
1712	29476
3355	28802
270	26746
8632	25669
1956	25685
5006	26256
2869	27357
5849	27578
6175	26811
3297	29161
435	28819
2115	23031
3170	22382
6312	23920
7396	21739
9321	23985
2284	24734
7692	23164
1798	25636
1861	24598
10169	21842
1176	21170
2291	20198
4964	21245
7605	23098
4002	24059
2247	20614
8736	23145
1257	28616
154	27942
9313	29046
203	24869
8861	26197
6500	21658
10061	27600
9418	20249
2644	26450
1561	29063
4487	26819
1866	21411
3649	21005
188	24369
10262	19938
2411	21461
4673	28438
5065	20418
7393	22355
5675	27447
5704	25737
6115	23744
8783	24641
7600	25089
7716	26787
5148	24107
5264	20448
6661	20282
1005	20820
9068	26184
2352	30021
7842	21685
5122	23900
4966	26704
6977	20649
7854	22333
7652	23230
3874	24230
4807	24266
2697	28073
10211	25757
517	22328
10460	28532
7550	20849
3254	24473
5215	24747
3585	21889
6357	26460
2797	24195
9662	21526
7520	28732
2967	25165
4595	24503
426	20292
10455	23145
1731	24762
8140	23318
9898	19956
7120	24473
4128	28035
5203	21789
3698	24218
8205	26917
6523	28911
8956	27040
9696	28824
5375	24787
9986	27543
5499	20000
3768	25631
341	20182
2645	22181
4346	22237
6164	28905
3240	27255
6288	23022
10017	30159
5952	23523
4040	26110
1555	28089
9052	25331
7623	24864
2749	26789
913	24920
5995	26307
10221	25476
9014	22122
3638	23078
5439	25774
4940	26306
5756	29114
4139	24887
4927	28366
6551	29713
6182	28289
1340	25169
8840	26061
4078	24169
3829	22362
9183	27964
6758	29892
205	28287
6352	28818
8353	29923
8186	22703
3095	27896
7425	22443
9989	25347
4479	23023
9684	22482
10330	23793
9412	19990
5958	26427
942	21882
7546	20882
5820	20739
5086	22656
8849	22600
9878	25517
1178	22090
10226	21686
3241	25158
6300	21495
2071	26092
9211	23137
887	21336
51	23291
9099	24918
6931	23587
2589	19823
2044	28466
6940	21891
2579	22076
4122	28362
5094	28958
3461	26472
1096	29611
4337	29866
2859	24478
2050	27023
7363	27836
3345	28529
2968	23849
1615	20234
4956	24948
4749	26914
9315	26572
2628	21092
9164	25872
7000	29130
5227	26748
8043	22105
4172	22680
8188	23853
3590	22234
1682	22159
9717	30044
9147	28388
2358	20614
5862	29743
1670	26376
8684	27308
9851	29509
5950	30164
5441	24697
8727	21271
3173	28626
4334	29842
4969	28460
47	30101
7754	19955
9263	30048
2472	29551
4250	30062
5865	27783
4771	29613
7242	23198
8058	22868
5427	23307
8831	26962
4053	25543
899	28971
5263	27309
1716	26632
3548	23481
7683	29853
7447	23363
3752	26256
1911	23682
6869	28818
824	20975
2841	26538
10197	25005
4398	22240
2048	23962
5851	21113
6899	23777
1994	25247
9501	29878
6586	28951
2866	20924
4173	22713
1890	29528
4042	21293
1031	22549
2016	19941
2410	24675
4383	26247
6401	21652
9647	26865
9402	27221
7608	22044
5706	25191
10100	22646
5842	23022
1358	28203
8045	30198
1582	20953
4566	24076
9416	25351
1750	25749
1364	29385
7428	25969
1427	23962
5985	21883
7506	20301
222	23230
9269	27003
6447	22557
1306	26174
1792	29570
10271	21094
2363	20093
6532	28503
6248	23038
5510	25365
6868	25485
4169	22294
8464	24918
8606	27745
5092	30246
6254	30069
8374	29835
3375	22364
9973	20596
8450	22198
8854	25568
4788	25731
355	20754
5774	28910
5840	20035
9264	26744
2739	24509
2941	24578
6960	24136
5048	21049
3104	19872
10490	23573
6367	26612
8786	20972
2205	29823
3593	23149
1631	27035
3680	22769
6094	24567
9067	25915
9234	26112
10385	28815
3298	26423
5626	20952
3330	20783
1660	29507
3069	23266
5692	23474
973	25401
1180	24484
2023	22960
6435	26510
8891	29690
786	29853
6822	23327
4746	27379
881	21249
9666	20372
7665	26710
4126	29191
7765	26395
9196	24202
6202	26897
7496	30228
9694	22504
6733	26281
9210	28951
6235	19862
4572	27602
9357	29697
1313	24848
8260	22337
9523	20012
1600	26247
4034	26219
909	20373
5749	30176
4929	20511
2022	20279
2034	22116
5810	24012
3598	21635
3975	22325
3860	26965
4763	28451
5253	20422
9096	21102
7823	30102
8246	21741
6185	28554
2543	20918
7730	21075
8651	25519
2367	26986
4204	26284
10172	26217
9529	26532
7149	24613
5260	30052
7973	29464
2	21582
6897	26764
506	22511
10042	26573
2379	24231
1932	20577
1766	21526
3357	22481
4508	24565
10075	28852
3100	25912
9539	22557
6959	25166
7996	24353
5431	28728
7653	25089
7439	27460
5891	22872
9442	19937
3790	27584
5949	27940
230	23317
5563	29989
6024	28949
9100	26975
3441	25766
8104	25893
8603	21117
7988	22482
990	27121
3597	22452
9317	25356
4880	27280
4613	20795
9981	26472
2080	20126
6343	30129
4081	20339
2339	24760
779	19847
6614	24497
378	22334
8402	28656
1265	29265
9506	24129
9800	19857
9132	26626
2511	27608
2702	26974
9386	21467
8778	28246
8772	29677
2310	25038
9098	22091
6924	21943
1748	20941
7881	20448
1485	28953
108	24473
9791	26376
3409	20355
10289	20322
2514	27413
9639	19880
785	21872
3366	24676
9745	28999
3756	25624
9733	22697
3438	25032
7339	20587
893	26472
24	28837
9978	20862
1481	25242
6171	27341
6199	24119
5007	19858
6412	20987
6074	26482
4695	25181
4061	26302
3089	28604
8066	28505
581	28739
7664	26995
4536	25066
5687	28141
5457	24320
628	24699
186	23991
8052	24036
3813	28461
7895	20229
503	25213
10323	29575
8440	30174
10478	26585
2921	21124
8925	26118
2182	21484
4905	24777
364	24170
7306	26707
9888	26301
9718	24157
3726	20637
4747	23396
1112	24361
3990	27019
1942	25011
4919	24473
962	27866
6503	26610
7279	26391
133	28952
8462	25742
2281	25605
3502	21453
1732	28518
3728	29143
9781	28365
731	23474
1021	28630
7386	29539
4313	24353
8434	21308
9843	22787
9463	21512
5722	26552
1745	22577
7013	23756
10161	20771
5252	24117
747	21082
3654	20075
6	30237
894	23318
1701	29062
7036	29004
9035	26532
3103	23554
5164	26247
433	21463
5808	21087
5391	20410
6292	24264
6603	22708
4571	29246
5824	28559
1611	27612
5971	25751
2317	24525
10016	20972
7630	25338
8532	25962
602	24422
2837	27426
7272	29358
2469	21835
3155	21033
957	24991
9871	20653
3927	22878
1106	28797
1192	20684
687	24713
7152	24183
5855	26689
4729	22662
6583	24728
7549	25933
361	28569
4348	29697
3632	21111
1105	20324
6070	27714
3442	24849
2505	29550
4881	26246
3744	25455
3873	24453
4668	25426
4932	21985
7912	23725
2266	21885
4370	28040
2303	21683
1413	28837
967	23933
6240	24171
3436	21907
5312	22009
2040	25208
3651	24495
8920	20311
8708	25602
5549	27586
3686	25892
3978	29944
2923	28871
4413	28113
5969	29867
4892	20292
2926	21597
5899	27049
2581	21274
2444	28466
4645	24799
8242	25878
607	25357
3650	29976
7055	22880
8249	19853
4382	25142
516	29212
2736	26092
3164	22434
6181	22532
512	25715
4450	20882
9910	29491
7533	29498
1225	29121
662	22268
1392	22702
3121	27049
1699	22198
2657	27872
6066	29158
1090	20366
9859	25915
4586	26722
8230	25691
5255	24169
480	21036
5968	20860
10216	28871
4181	28318
105	27923
5558	23745
3406	28659
9558	20273
7741	21132
8872	28798
6380	26815
6969	23855
9253	26576
701	24099
6250	26615
9013	23466
1432	28543
1073	25348
1390	22074
4810	22481
4375	26532
6402	20755
1213	29265
62	20557
3287	26212
1523	26438
4158	20982
1815	23351
3675	26672
4576	28131
5070	21810
6985	23716
3183	28999
3177	20817
1497	20953
3015	28287
44	22185
4426	25481
8524	28691
1610	22713
2180	25912
5292	23799
5448	22252
2241	23919
5072	20355
8005	20972
2959	22605
8734	22188
6287	26797
6945	23893
1259	28837
5480	30048
10099	27491
1630	25304
9881	20231
5384	24118
6301	24194
8476	27634
38	26392
3717	28157
1741	23318
9562	27593
9195	22036
3878	27325
7594	28819
5536	30246
3154	28229
6323	23113
8904	27977
8316	23078
8457	26216
3379	21636
1353	25892
1655	25940
1441	21648
4076	23232
4451	20662
317	21872
8335	28605
5238	27579
2067	20661
3048	20293
4676	21905
9623	25553
2785	28856
1825	29120
4263	20971
3498	20024
5010	26704
3457	20219
2770	20239
6900	28571
4381	21532
5435	30129
5413	23487
3705	22668
2658	29989
6608	26482
765	30278
9411	23473
7257	21370
592	23523
5440	26168
8296	27905
6369	23601
2735	19941
5588	23849
2636	29321
4248	20739
140	22036
6196	27865
5861	25693
164	27370
10086	24277
7009	28815
6148	27464
10351	30080
6127	23433
2425	23577
8141	26382
7624	20339
3205	23030
8406	29161
152	22434
6146	23363
2858	21683
2302	24990
4378	27280
2141	23755
2112	23919
3869	29503
6949	30237
4772	29963
8173	26307
1899	20721
2696	23172
6508	21935
10033	20876
10175	23827
2515	27366
2219	29299
4012	20750
2535	20717
5876	27289
5679	23008
8035	22697
8227	23637
3862	21451
3842	26546
3339	27699
4176	25479
8986	20469
408	19883
1218	27204
1338	27273
7709	28295
2840	20459
3997	27083
3320	20795
9284	28134
284	28525
2548	27421
5606	20460
10441	29030
5089	27101
56	26585
6450	28478
3685	28758
2879	24147
8969	25164
2985	24662
5216	21928
7894	29671
5163	24999
1675	24415
1856	20617
10201	29538
4751	21072
436	29925
3722	25365
4304	26552
5539	23773
890	29626
10252	28185
1475	22872
6390	21532
7721	22168
2686	29148
10365	24796
4617	21308
10338	30243
889	21224
7424	20597
3836	22302
6965	20953
7061	21327
2198	21746
3991	22412
7968	22046
5812	24157
3908	23230
9538	19827
9297	28410
8899	20263
1568	23119
834	29120
653	22881
2647	23654
9596	21842
6269	23609
7975	29697
6756	25012
5239	27308
40	28246
7114	24060
741	28825
8101	24951
1795	24700
8763	22256
5483	24311
7639	24325
3755	22600
556	29503
2076	24572
3924	23383
3741	21601
6722	20957
5678	25983
3970	19925
5541	24309
9617	29864
7734	28999
5295	24270
1240	21860
7437	22462
1315	29581
996	29907
3678	23711
4008	23621
2783	20982
7728	26472
1444	27811
609	26404
4499	20015
9776	25335
10310	28318
6534	22097
2435	29160
2695	20630
4351	30126
9095	24452
4838	27311
3006	28318
4638	28909
6371	27514
2988	25305
6748	27850
943	23855
4486	24035
4354	22956
3540	24541
9016	27675
9128	28699
6585	22508
209	21308
4305	20291
5372	20736
1924	20903
2675	27640
10137	25522
2504	27427
9824	21555
5654	24285
6100	21170
3864	23030
5551	25258
652	20545
7904	25601
1200	19918
8097	24034
1442	25558
6173	22221
1139	29309
6362	23605
1322	23328
2169	20424
46	29690
3092	23318
2282	21328
10481	23332
1852	27743
3199	23230
9070	21754
9385	20353
7079	22085
2253	26153
6178	20781
4757	20679
9295	19886
543	21521
9653	23239
5283	20296
6844	28620
9982	27447
5064	29878
6799	26914
4977	25916
8314	23723
7672	30015
10063	20163
7405	24861
9034	26705
1228	26049
5716	21327
5553	24126
3232	20739
6558	28971
10291	23036
8448	28813
2863	23551
201	22287
5920	29922
9727	27725
4288	24376
10485	28818
10163	24170
9729	25073
3925	24106
1531	19930
1437	21186
6436	27831
9107	25586
8481	28209
3522	20507
8203	25426
2117	26439
9155	21247
9166	22343
10279	20382
7905	21075
5888	26030
9519	26174
8088	29374
6963	21349
8170	25942
8077	20183
2222	26571
4001	25095
6974	20765
738	23493
6236	24118
238	27491
464	26497
7843	27579
112	20265
1479	21899
6833	27645
9913	23878
8875	24548
1212	27716
4803	26127
5647	22713
7737	22366
28	21956
682	21455
7676	23119
1768	29120
1302	24006
2155	29629
4411	23145
5498	29046
4998	28301
8774	20839
10331	30030
3078	25508
1882	27829
5702	24886
9751	24740
6921	20513
65	22444
7190	20177
6511	25697
9127	26438
3326	22650
4458	26536
2820	20368
9370	27424
4776	19914
4900	20860
1756	28272
4392	26165
5494	20414
808	25710
6797	25527
6037	23167
6689	20054
8770	20172
8963	26804
6134	23775
8111	22570
3672	28727
3327	27592
10026	24723
8430	30104
4343	21751
3668	28055
8059	25247
1165	26542
1998	30174
10297	19871
1547	23630
8663	26218
4646	24334
8278	21702
5331	28699
5027	25351
1146	27144
320	29678
8664	21923
4403	28858
1144	28946
5354	24988
3080	21679
3520	28691
2715	26020
10319	20890
5300	21872
926	23933
5212	24772
3955	22603
10412	26487
5955	28206
10067	29366
8809	23320
192	26209
3745	25238
7666	24537
6448	24012
6358	26709
7071	24570
174	24267
4644	27780
8181	29077
2522	29830
7611	30247
10022	27355
245	26620
4157	27586
6048	23384
3763	24136
7085	29076
9637	27017
7332	20590
8085	29747
3628	23962
1135	22457
6266	23578
5569	30039
8644	24126
3480	29402
1154	27793
3624	27471
4129	20614
4052	22660
9332	25648
5854	22016
2030	23378
8492	20492
8356	23295
9279	20700
10303	25453
4482	29358
8564	23745
1423	25055
4427	26829
6891	29570
7216	27023
2187	24972
4980	20179
9983	26256
937	28440
6332	22157
110	22603
8834	28804
5050	23122
9023	29249
5389	22752
3914	26160
7075	28247
8279	29985
3123	23546
7027	23462
4684	20387
7987	28624
1065	23654
4185	23198
2721	27144
8326	19896
1532	21645
9240	23832
8645	28025
4466	23773
513	25858
9607	20324
7471	29629
523	29263
2298	22631
1801	25455
2248	25348
6001	25945
1188	27900
3697	28203
8276	26174
9063	25410
7660	24682
3730	28793
5171	22082
1706	24934
6331	22036
9975	19847
3041	20608
1879	22616
6642	29055
1490	20063
9915	19991
6363	27370
7391	21224
1179	26061
7994	27217
2329	28943
4997	20068
4982	30179
3142	25487
52	20537
4923	21375
5037	20647
1022	20385
8517	26083
6863	22232
4526	27890
8017	23384
9825	20276
8409	23775
5150	20765
1452	24194
723	22563
8903	29053
8629	23481
10288	24887
9086	24191
4118	22034
1824	23797
5728	20018
3434	24328
4027	23419
5880	25445
2587	26285
275	21957
7729	26852
5014	24721
5727	27631
9399	27452
10027	27513
1469	21354
6928	20161
5121	28084
5219	26700
4607	27589
6386	29385
7246	24748
3147	24362
7632	29549
8026	26423
1147	25480
4935	30264
5733	22658
4088	25781
4203	24917
10419	24644
5226	28517
10000	23625
3530	21505
1853	29399
9200	26848
1347	28552
5776	22228
168	21562
1810	27184
1450	26873
469	24118
173	25923
4657	24957
4713	29445
6376	27049
735	28587
3321	25912
1156	26416
2907	21762
3143	24861
7410	21710
6545	25801
5867	29089
9578	24415
867	24799
6527	20663
7505	23621
4396	20705
2185	26880
10408	22256
5298	21876
6783	22648
5077	27274
2539	27505
7142	22344
73	20372
2386	28875
114	25295
7186	21131
266	28630
5773	23834
1891	21538
10471	28016
9533	21779
9142	21811
7617	28381
5400	22379
6396	25747
10056	24609
5912	26898
4007	27715
6104	22993
3510	24361
8422	24195
911	23668
8288	28613
10241	28264
584	27746
922	25186
9563	24004
4622	28359
498	28174
7243	29697
8779	28814
3431	23364
3892	26532
10378	26786
4225	20771
7885	20955
3	29065
5941	28247
9365	20972
6467	24819
832	28383
6044	28634
7144	27134
4882	20183
10457	29160
7435	26167
5306	23864
3641	27829
1800	30052
8254	29849
4164	22575
6454	25824
1920	23235
4312	22328
2152	29806
6370	24263
7671	25916
5067	23330
3452	22789
5385	21987
7086	21189
9795	27947
2453	23150
3738	29892
6688	27510
6731	25791
39	24604
3185	26385
572	20780
5236	28769
10170	27745
6041	25309
7436	28359
3470	29155
6319	23744
2107	23975
1971	30031
1599	25005
8662	21278
122	30126
440	28418
9943	21326
6785	23825
1459	22577
5895	28975
7269	24966
2104	27722
8218	24677
5332	20795
4728	24970
7883	27976
5186	29725
1864	27980
8933	24401
2850	26307
5178	25617
1281	28287
6604	20065
9187	29677
10266	28976
3817	27175
10062	27447
6303	20972
3206	27090
66	21738
3117	28958
3759	23715
3113	27156
2709	29697
5103	20844
8741	24692
6737	20211
328	30044
4024	23648
2227	30067
7536	23373
1372	22679
5452	27862
2447	23432
6579	20463
509	21781
8539	22873
5287	20130
5240	25643
8828	27835
4325	27118
3363	20413
8469	23760
3025	25669
2313	30048
1720	23045
8653	24612
2123	24845
4590	29366
2724	29986
3671	24118
1036	20998
2405	27280
10272	28331
2935	20733
5492	20479
2950	25314
10499	21883
3594	21935
1953	21487
8773	21249
7047	21171
8429	22452
4769	26546
1248	24316
7041	27484
10366	26578
5342	27744
8114	21768
879	20427
5964	26073
7621	20203
5898	24204
1083	22125
5019	28888
5434	24949
1470	21692
679	27072
4903	22577
9283	29619
8887	26781
783	26020
9245	21883
7012	21420
704	29998
9392	29621
146	28818
5627	22807
2756	30048
6729	23852
2482	27441
7769	26391
7094	23187
10185	27101
1627	21967
5272	27437
6087	20978
3983	22719
1818	29688
1642	19877
9826	25820
7565	22410
2261	26164
5593	25921
8777	27229
8863	28705
1685	20608
4410	23346
2259	23904
6344	20368
9057	29030
1707	25613
4303	25066
798	25445
3913	24106
4703	29148
7812	22787
6808	27368
6938	25252
5265	23655
5478	22240
6187	20972
6366	28152
9344	29773
6230	22572
3547	21087
3000	23896
6043	25336
6770	21039
5147	24619
483	24116
5859	25375
2338	21363
373	25059
6108	25899
3773	20366
9512	28804
7908	24495
1744	20698
5887	20510
7128	27520
8410	20738
6333	22603
5068	20861
8139	26962
4297	22168
1949	20735
442	30101
8049	21872
1478	28046
6707	26722
1029	26573
1559	23339
4871	29003
8816	24620
591	28247
8424	24697
2213	28117
5039	25198
9635	20695
1283	20413
10274	21443
2477	25601
5184	23775
9709	21124
5635	21362
392	30150
5169	24757
4023	20977
1118	29172
1064	21038
5008	28946
974	26974
6572	27578
2223	26982
8195	21308
5445	22085
5410	27699
3511	26438
3076	21413
6825	29761
2549	20661
5043	26674
8432	20818
8948	24169
5906	23138
2361	22893
3910	21420
4096	24029
7127	28362
1498	20849
8627	21463
338	23671
6188	20966
3009	25772
9254	24328
8053	29153
7092	24176
5127	25185
7801	22568
7779	20939
6116	20024
8508	26256
5028	23673
4373	28460
2053	20564
9231	27693
9498	25236
7509	27822
9267	20167
5423	25447
3029	26573
7267	29121
8730	21660
7990	25738
583	21115
7670	28876
421	20924
10079	25268
6786	22993
4521	24674
4099	23898
9108	19979
6337	20754
5449	23363
9216	25972
1737	23319
10147	21120
1658	22848
2390	27441
6851	26848
4421	27352
5168	26083
8449	25375
10480	22102
2876	27744
116	24063
6937	27357
3295	29671
2239	25144
6356	24877
5254	23113
3634	27417
6247	29538
6428	20435
7785	27711
1099	30048
8642	20772
6592	29520
817	26590
10011	29743
3318	22205
2351	28085
7182	30232
6206	27519
3612	26804
5816	25664
356	26527
3444	29932
6289	21192
6039	27757
5129	20303
8756	26472
7170	27852
385	20386
9958	28501
10373	24486
8177	23704
5112	28888
8076	20460
10188	23051
7255	28571
3558	20743
1821	20225
3602	27618
4685	24918
7202	24482
8359	28225
4952	26764
8216	22181
2419	28639
3260	27195
10287	20256
4399	28365
2638	22603
10349	24229
3033	25455
3881	28936
4888	29421
3212	22583
4918	19903
6475	20232
8762	23775
4575	26795
6716	25933
6409	25168
7879	26745
1110	22680
2603	27012
5000	20756
4859	29959
4360	25622
8013	23094
797	20065
5649	22985
8130	30187
6034	19846
9509	20014
2945	25967
778	27905
5046	27033
5125	22256
10133	24220
5149	29486
6007	24934
4434	26256
2556	21505
2224	26482
715	20318
2868	24632
6349	24085
5401	25843
8766	27217
4550	22555
6400	24170
3125	26176
2283	22744
10242	24744
7772	28362
1453	30182
4889	21829
6769	21160
8949	24948
3462	30030
9768	21227
5353	29158
7735	28287
3426	26889
5779	27592
75	21835
8463	27901
8202	20795
2270	26804
6150	19908
10260	23413
10409	20564
4634	23872
8551	29463
4395	24202
6194	24537
2622	21295
999	28618
8404	27127
3094	22482
6439	23520
5666	24203
4435	22256
8000	21674
7040	20750
548	25533
2991	21089
7627	20469
7160	20788
2041	27322
9008	23186
4503	23017
5863	28440
7781	24470
546	23808
4959	29659
2077	21221
931	20972
5278	23396
3002	27417
9112	20739
8221	25113
4475	23191
10225	28075
9821	21243
10103	23161
2460	28046
2245	26949
5143	24471
1703	21595
4518	25327
7355	24932
6600	28505
10200	27744
1558	23187
6983	28174
6559	20386
1790	21131
214	23654
1102	24194
3148	26798
2217	24332
1552	28382
9388	30244
9342	19854
9828	20750
7939	28688
7023	20044
4632	26501
8375	25601
10222	23704
3340	23318
9654	26176
367	23029
9686	29085
2690	20818
2593	23204
6190	24553
9542	27450
8608	27355
4778	27932
3616	25236
9681	29121
281	20154
5518	22065
3023	29260
1191	27822
4477	26546
2246	23701
611	23647
6140	20219
7746	21754
9677	23487
4849	21746
5404	22532
2046	21271
9807	28778
5668	28381
2212	25328
89	29158
9020	25378
2240	20736
6149	23476
3637	25636
5411	25321
2784	21336
456	30265
1822	23193
1524	30176
2442	30222
640	26910
8471	25376
549	21953
4447	19912
4015	24822
8212	25102
3533	29902
1636	22453
4878	20174
8474	26174
7277	22603
5886	22197
953	25899
5490	20747
6925	27072
5460	29699
5838	24286
4874	28690
636	21094
4277	28442
2299	20179
6612	20755
3976	21150
4533	23838
3087	29542
1342	28851
8869	28067
4236	27951
3573	25667
5974	27474
4168	27398
3718	21577
2098	22036
3412	21721
10153	23904
9325	28753
7802	25005
3753	28048
5978	24482
2159	20700
4782	28743
2277	27448
2211	22441
5323	28819
9630	23766
7584	26081
1297	22632
9346	24879
4301	25059
3825	25833
3189	29963
9714	20972
1287	26822
2691	25444
1093	25042
4071	25117
5661	26594
10213	21113
3557	19941
5360	21291
7806	24989
4872	27349
9835	26806
627	23094
3702	26302
9969	27980
79	23760
8605	21525
415	25396
1294	23747
2108	22628
6160	29976
2566	24473
5533	23127
742	29799
10032	21676
3090	27273
1847	22327
8331	26585
3574	27600
7999	24742
5231	30025
7493	20739
2436	23119
2851	29697
8974	22575
9845	24169
1742	27591
2769	23026
4262	24227
9194	27399
2488	27406
1332	22017
7115	28226
7237	26678
6843	29941
5567	19883
5100	21131
3440	22943
9404	20686
8226	29141
1573	26218
914	22555
6948	29106
1708	27074
1588	25210
2600	23550
6510	23384
2717	21872
1860	27814
4086	26585
8731	27982
7365	19919
7122	20808
9716	23110
562	21124
8510	29992
1919	21956
621	22228
5930	20590
9786	25107
9191	23239
4030	21443
6325	29479
5535	22713
5501	25147
8323	22477
2862	30178
5648	24136
4484	24144
3706	29853
6724	22000
4564	25195
5274	29388
5511	23412
4766	27746
10317	22849
1267	21291
10081	21817
3234	25487
7661	28793
946	29181
2615	25593
5034	28977
3750	30104
5922	20711
8771	24727
6650	27761
6717	23719
9175	27716
8171	30031
5640	20349
9849	20577
10422	25949
9940	21243
81	20735
6946	26789
1643	23341
7133	27520
3934	21642
8285	20920
2385	24543
4300	20010
2524	20517
6595	28042
2357	29445
10239	21170
7334	26529
550	23904
6397	21793
4150	21893
3707	21951
4151	26579
1762	27452
9042	27999
9083	25415
631	25582
10299	29296
9025	22878
2682	21908
1202	21354
5041	20652
9197	23827
9493	26826
6679	28317
3951	23339
3563	20827
4698	27107
2564	28185
7832	29112
7226	22328
1616	29546
4926	29733
215	26546
1359	28073
9383	26980
8587	29975
2473	22913
7564	29188
5135	29152
5119	24675
4495	23475
806	28998
5399	21087
1778	22702
3214	21038
4406	29168
2349	24379
10191	20686
2147	23036
5532	29637
6000	30164
9805	22347
6817	29328
7438	26458
4664	26839
5982	27033
7837	20397
6727	28958
9181	27322
2320	27135
4279	24307
8090	25967
7312	25562
3565	26307
1233	28824
368	23516
567	28486
6307	22713
1175	21781
8679	24643
151	20750
4226	20853
952	21050
4562	29463
5967	22370
8096	23474
1840	22209
4386	27909
8980	28075
574	29417
9808	29155
5944	23386
7521	25448
5327	25949
4155	20018
3797	24541
5248	21271
8022	25081
3471	29558
1554	19913
8190	21792
10380	28389
6469	26541
8392	27072
2900	26541
1782	22855
9820	29021
1859	20110
7513	29677
4332	27082
5652	28923
8435	25327
2496	24997
9170	27929
8456	26588
7207	28220
2720	28010
8197	20296
2409	26119
10104	26734
232	28731
9087	23953
20	27184
138	28958
6416	26362
775	27633
1247	29297
3601	22674
1789	25840
4786	27033
2637	29651
3008	22205
70	25330
43	25659
6678	24060
8370	26699
8592	19825
3257	29667
9433	27318
1775	23595
9572	20191
2476	25485
7523	28910
5972	28759
300	23704
4760	29319
1944	29120
2726	25878
9773	24262
8193	21973
3920	24293
8522	26880
7323	21082
9221	26914
7134	29959
757	19921
3166	29773
7442	26426
5617	22973
7049	24539
8620	27080
6641	27341
1640	24165
2962	25050
3007	27767
4865	25829
1077	27072
9222	28795
8201	22741
1647	28693
9651	20983
6512	27184
74	30164
9257	27716
9646	24042
7337	26775
5729	26448
10360	22328
9601	23487
5066	25277
3551	23263
7489	24083
6442	27269
1747	22136
9214	27789
7003	25369
2877	25374
6671	23717
737	24641
6659	25658
3550	22224
6297	20823
4815	20339
5309	27973
9119	23335
5783	20878
2319	23671
8060	29319
3446	28312
4429	25546
5517	21973
9679	23244
8640	21094
2772	20933
1722	29656
984	20562
6483	23012
7977	25497
390	30307
294	30211
9176	25915
5407	22168
3898	23127
9831	25522
10083	22482
131	29172
1705	22168
4160	26126
1506	21359
4147	23105
3694	21487
3364	22630
6180	26063
495	23499
7211	27982
4083	21980
3386	22283
1644	20322
10012	19961
2563	22577
3771	22966
3157	23029
7891	27261
5508	22398
142	23234
8120	20708
6746	29802
9363	20819
800	22172
6818	21530
9676	22628
1950	25005
5836	24960
4981	22723
8955	21461
288	26507
5568	22889
2130	23307
2621	27746
3475	26210
6348	29656
4504	25797
2391	27449
8512	25344
2166	20555
5957	21864
2714	27312
8932	22511
1373	28062
1903	20497
813	27101
8973	22600
6009	20686
8617	25722
1543	22658
7701	21683
2631	21867
8393	28997
8272	28914
149	25899
8752	23127
5528	21311
4	27875
3281	24376
5882	25288
1607	19903
8478	21534
2373	27757
3784	26921
2200	23896
3899	26185
2750	28808
7551	25375
7795	24744
4630	24423
5084	23473
5757	29259
5586	22332
3837	22161
8970	28398
9021	25566
3916	29073
1419	30162
6850	23806
3361	30048
4667	25236
2230	20665
6878	21363
10301	29330
4879	28891
5402	29662
5764	19941
3126	26442
3439	19849
2346	20996
9024	20018
8826	27190
3476	27702
6767	25568
5193	22562
9606	25166
6399	28669
8987	23251
7001	29385
7712	29120
9208	20856
6035	24138
1078	28876
5268	26482
155	29816
12	29140
9536	20145
4921	21586
6476	27274
6719	20099
6524	22020
5373	25369
5998	23412
749	23908
9615	29450
2597	21583
9857	26661
3447	24355
7720	21093
9964	28489
6388	20159
1850	22160
1571	23135
4368	19913
2242	25480
2931	28350
9461	28047
8929	23193
5844	25426
1211	23862
8568	22603
7766	22865
6059	19880
878	30001
3073	25969
1549	29249
3325	25323
5646	29399
6421	24668
1032	25247
3757	29309
9569	22270
1357	20382
7886	22631
8232	19889
1869	23119
10159	23627
6159	21233
7694	20328
1804	29538
8466	29239
7200	25719
9225	21561
9137	22328
5612	26699
166	22768
7397	28227
858	23323
9525	21034
8690	23628
6244	23800
6167	23849
9822	25358
6856	28454
8154	22995
8459	20761
10106	27693
8305	30277
2257	24492
8680	20011
4850	20982
332	27191
7106	30277
2738	23160
4946	29074
9965	26061
9268	27072
1250	29490
9911	21867
8191	27332
8031	21412
9359	25912
7043	29953
6119	22193
3187	29731
1648	25309
8983	20203
7501	22398
5737	19904
8269	29618
6910	20245
7646	27634
2660	23276
7081	27467
4260	27746
4317	29476
1352	25938
5513	22483
36	22213
117	28318
7933	26183
3432	27075
1966	20627
1652	27819
8095	23192
8264	26306
7378	28853
5267	26274
8930	24657
3743	24131
5054	25852
2780	23775
5348	23606
2151	28625
6606	20353
3332	26216
489	22577
3998	28971
2616	20571
8513	23456
265	25412
5562	19847
5916	25931
6298	28220
7192	26181
7288	21817
1689	27890
5138	22036
7984	19896
4553	29572
292	24788
8128	21817
9546	29546
8697	30029
1208	26412
3161	20136
6666	23873
6223	29192
2236	23698
1354	20219
3303	20427
7117	21378
7562	22430
2694	27829
144	29637
955	25906
6471	27673
10394	20735
7316	21230
9188	24772
465	29976
844	24113
8174	27983
3290	26217
7927	26625
5284	22070
2771	27665
2632	24289
10179	27673
7289	27135
7893	24901
1458	26965
1076	20201
10474	24747
10217	27579
1575	23244
9009	21609
544	24605
172	25842
9582	29959
3407	26856
6784	26320
8985	24672
6664	24381
774	27652
4420	24869
6099	22713
1383	23457
9830	28617
9541	25731
2462	20739
791	24899
4142	19938
7389	20691
10143	28350
5469	20988
8280	26970
177	20827
4020	25648
7022	22022
9678	28863
10176	25332
897	25736
10464	30044
7084	29418
7198	27015
10031	21850
1127	25916
1207	27229
4146	22616
1349	28388
9351	28203
2424	23664
6016	28271
4773	22022
10094	23523
4637	29697
9149	20120
4606	29697
25	26082
344	28496
4603	23154
9580	21908
159	26150
8598	23827
9755	20287
5904	24679
3552	22001
2399	27822
1043	28962
5755	27424
5940	23398
8648	28127
7558	25546
2139	29614
7026	29309
1109	25684
7275	27325
314	29443
8761	21397
8350	30000
8378	27551
6996	30291
707	20614
9874	21188
2420	30265
2138	25365
7145	26608
5214	20647
2848	27547
2262	27443
9907	28747
3981	25624
7273	29076
9324	27368
4578	28604
1764	21671
2066	22557
8179	25438
7403	27744
2509	25280
1938	20283
2214	20156
1063	29161
8158	27653
4233	20239
8743	21646
6124	21166
4117	23953
8984	21923
8867	23234
7479	22356
7951	30025
4583	24439
9604	27641
4739	23363
3053	25785
10048	29756
4315	24925
3014	28296
2268	25417
6922	25723
8619	20030
8847	22801
1964	30244
5623	27736
8041	23663
2708	30240
3652	21018
2956	23110
8737	22228
7963	23318
3541	27547
7578	26967
2173	21253
7342	25938
6555	29689
7695	21475
2610	29449
4045	23437
752	21999
4922	20844
1805	26411
3152	27659
7686	27789
8888	27122
6788	21811
2764	30250
6852	23198
7038	22631
9815	24716
10321	26132
9724	25693
3356	29494
8892	20917
8814	23193
316	25258
7525	24118
191	26897
9721	25620
5361	22711
10405	24092
6681	29181
5765	27587
9043	24231
2327	27744
7037	23156
8785	25047
8342	25609
1097	20808
5358	28971
8515	21525
3465	27812
643	20014
10208	24492
5767	20420
5616	21987
91	29820
1991	22021
5735	24917
7876	24918
8307	26415
399	20888
2389	24768
2787	23996
6136	26612
63	25722
6324	26139
4681	26465
7172	28030
3676	24572
7869	20145
1974	28113
1366	21103
4073	21233
8414	19933
6311	25848
4244	22110
8302	28842
10443	24063
4801	21956
2906	26254
9659	20054
2132	22327
1244	23307
6966	25807
351	30260
5689	24917
6015	20977
4920	20899
8997	27261
5322	21898
9505	26866
7097	20272
7150	23036
8782	19898
3623	23771
80	20622
8161	23868
8713	22083
2575	25946
5620	29534
2451	29325
1807	20624
3989	22723
10005	27379
1072	21483
2700	25086
6444	21442
9030	28606
4497	20387
9652	25271
6814	20311
8971	22713
8650	19975
9120	22097
388	20296
2276	23396
4866	28589
9792	22427
6804	26213
2032	28716
5986	26527
6932	23624
7992	20739
1517	28287
6353	24106
7249	21144
4448	21216
5829	23230
190	21648
3586	19870
4960	27948
7943	27514
3070	20656
7374	24302
505	23523
6441	26642
7395	28318
2362	22204
4455	29716
374	26391
9019	25027
8313	30033
7981	20691
1684	29958
9588	30030
7458	25958
8259	29677
7335	28374
2480	23274
9290	25106
8034	25392
3045	21658
6803	23430
5825	25005
434	25321
2086	25340
6831	28917
6914	20669
9698	27415
4814	25738
6632	27716
33	20155
5625	23099
842	27914
10308	27003
4670	20994
1623	29122
7805	23142
2311	28421
5115	26302
8594	22399
6315	20665
2417	21291
8912	20638
3861	21902
3895	19819
1234	21810
4525	22812
1671	20750
10326	28919
2573	21967
6055	21792
5693	21548
2005	22224
1574	20491
297	26866
1925	27228
5939	26524
2413	23641
1100	20273
1404	23908
8124	24274
6638	29930
6752	27820
1602	28270
8728	23052
5962	26382
4897	27417
1624	26015
3804	27033
3393	20874
762	27890
6530	29132
8451	25799
2794	29086
7971	25819
4720	22650
3912	29212
4085	21646
1069	24606
6027	27375
460	20818
1451	22978
226	24495
5321	23137
9381	25768
3228	25693
7136	26039
4196	29946
6201	27183
10489	22198
4127	29922
5218	27687
8958	26973
4680	22893
3289	22074
9168	28366
1412	24118
3182	30241
4643	24788
9997	26718
564	21889
7970	29730
7325	26451
8244	20950
3273	23599
8827	30080
3223	21903
585	28400
2019	29568
1128	21019
1184	23872
6209	26914
2989	29062
5622	27566
2369	29515
1654	25942
71	25793
2301	20912
8358	23359
7591	26082
10462	29158
3419	28275
7054	23664
8159	23164
5746	20638
9103	21475
1997	28763
941	26889
3749	20571
6629	29309
7462	27653
9638	24226
9613	23753
5698	19896
10146	29549
2331	28714
7281	23412
2701	23378
3814	25843
249	28958
639	28571
5497	25396
2727	28237
8745	22817
6687	20427
1813	25938
8361	23077
1116	28091
8379	26846
5130	25582
10246	25130
8646	24783
10370	22219
2844	20998
4162	22391
6003	23908
8118	24587
9376	20255
8670	25827
10411	28465
4064	27903
4624	22671
2894	25848
5954	21943
5760	21850
7719	22452
8138	27452
4329	25185
2760	29006
1787	24796
1796	21587
4231	25166
1010	27659
7297	24097
9661	23593
9520	27049
9598	29677
9199	22162
10312	24165
7710	21710
530	29003
986	21118
8765	26973
4704	26449
4047	26610
4372	25819
7105	25852
4517	23922
7718	20958
6302	21087
3265	28293
810	22789
998	26546
10190	27413
10074	20866
8383	29550
573	22204
7098	28616
10477	24803
8976	28312
7262	29140
6685	21453
862	28442
755	30307
3932	28517
53	28318
8319	23225
6485	23116
6549	25714
394	23062
3689	27923
9252	25952
1465	21173
7783	24869
5509	23953
9202	21724
1530	26211
5523	23903
6610	22811
9161	20622
529	30286
1867	25375
9858	22036
9735	21667
1751	20050
2576	28293
7484	28120
9765	22256
1513	20510
4320	25107
6765	23965
595	30128
5345	21113
2008	20916
2852	26150
5405	24768
2376	20381
10491	28295
5486	27041
10166	20510
3235	23487
3584	29821
5161	25197
2799	23033
5117	23232
2734	23933
113	21819
9220	23773
4055	27430
3291	28167
7283	30203
1435	28903
3402	21300
6151	28442
8822	23456
7833	29823
6375	27577
9046	24608
6741	26994
1395	21327
965	27329
1889	24285
3394	26118
5139	20765
2428	20637
8380	21091
7531	21824
2006	28831
8811	26185
1456	30070
2896	23659
3791	27936
5570	28572
4660	29450
9017	28818
5669	24457
10498	22848
9789	24771
2190	28246
2664	29317
9059	29480
438	25751
3954	21051
7222	29572
2971	23883
340	29549
4912	25081
5396	24507
7164	28174
3748	26014
9788	26292
570	29611
1326	26481
8329	27608
2650	24815
5795	23026
7278	28691
21	20078
4902	21451
10051	22402
9950	25915
5730	29578
3767	20666
3818	20132
2089	29494
9228	24727
1473	22070
10156	22550
3450	29823
3268	20317
8460	22262
3236	25549
2943	21430
5632	27246
6904	22662
7167	26081
3688	25455
6800	23193
2570	28610
3572	22440
5380	21238
4545	21630
4093	29733
5936	25455
4302	30277
4422	25553
3229	20089
8767	28202
5580	27870
7539	24691
5088	20054
4483	23903
4742	26935
2802	21693
6561	20636
3030	23078
9834	28318
4318	27015
6853	21819
3388	29696
1361	24135
126	25129
4295	23554
2751	24912
10452	28381
305	25532
8856	26643
2471	30123
10142	23657
8475	26001
9106	28247
10025	25172
7330	21224
8530	28024
7554	20781
6460	25081
8144	27029
7469	27699
6887	25012
7017	26157
6123	29018
8443	22718
713	25093
2562	19833
805	20590
5577	23633
3569	24471
9481	23903
4614	20638
5297	23880
10487	20283
1201	24458
5179	25987
910	20807
7406	22612
7759	26330
1776	25915
424	27287
9687	30164
670	28991
4833	29161
8674	22801
8148	23665
4401	25157
10165	20139
8793	28383
8570	23310
7997	27462
6569	28790
9819	28537
473	27226
8622	27007
6821	27514
7028	22017
2415	23307
6715	27030
727	21171
7655	20565
5848	20386
5053	28101
4006	21701
5392	21162
4965	22429
1269	29380
9077	20010
3106	29026
2188	21883
7822	20024
4974	20106
268	25770
7899	27722
9435	20273
7464	29298
2452	28374
2803	23487
4948	26392
4705	22979
2833	27439
5875	23837
10401	29298
8027	24864
8750	23467
2618	28526
1929	24608
1379	26278
2394	28273
5192	25033
4314	23933
3044	25170
1928	28835
10231	20972
9855	20064
6708	20311
10152	20191
6339	23962
4828	22577
7619	21657
5336	25933
5123	27768
5638	23363
321	30179
559	19898
8514	23378
2554	26847
1399	22214
7836	29235
7548	24805
7731	22650
5747	25706
3296	20355
3064	23387
9209	30125
9903	23396
8748	26596
6205	27383
6373	25426
1160	26276
2013	26274
2619	22648
4593	25658
277	22171
3544	23681
8623	19918
3835	21665
822	26375
4860	27999
9967	26735
1408	25171
5109	27665
4110	28538
9453	20024
9565	20443
4431	23827
6728	20972
10060	23985
3054	22471
4999	22043
2221	21980
242	22613
9241	29959
8	29430
5032	29946
1382	30280
8416	27665
10352	28237
6426	28296
7764	23761
4752	26482
3591	23033
10281	22901
9487	20527
9081	26021
10294	29172
2293	20597
3307	23063
8412	26441
831	24303
6231	25380
677	21075
1350	22453
8439	22812
1514	24986
1204	21034
319	22555
5573	27263
3559	21319
5707	24128
3808	25460
2072	25288
49	23116
2510	23077
933	24995
8681	22765
10354	29134
6903	23000
6017	22748
1650	20502
2828	27115
7596	19814
370	23234
2057	27049
4701	20479
3377	28824
1806	20047
484	26832
6049	20558
5142	23724
5237	21360
2207	27960
2604	28727
485	24157
9457	27634
1972	23919
3930	29743
10273	22185
9139	29046
6242	22389
971	25550
9124	24261
8291	26538
1285	22355
2885	21779
9972	27574
693	30277
5116	22769
2654	27309
4009	25991
1008	27641
3508	22878
1471	28618
5695	27180
3495	20332
2773	20038
7892	20698
4863	21513
488	29677
8541	28881
4736	26666
139	21326
7371	27123
3509	20122
1877	29081
2975	24594
1422	26219
7659	24011
3192	22186
8900	29551
7448	22027
1500	28293
656	24529
5162	23692
2475	23853
1496	29718
7483	23617
6310	28118
10035	23644
1784	25834
9620	24192
2395	23753
457	28075
1108	21051
8882	20248
3852	25165
4627	20303
9723	28814
10131	23149
4650	26887
587	22382
8889	23198
6465	23904
2880	22555
9872	25562
5515	28272
3286	21363
5277	25351
324	28626
1264	27217
1900	22914
2359	25195
10164	26219
9163	23523
10150	27746
4636	24164
7789	29858
686	29980
2703	23487
10069	28605
9999	26630
2375	22222
9326	22319
10194	29690
2547	30054
14	30235
1541	20662
6383	27938
6488	20182
1646	27226
7147	21248
2928	20866
26	22834
4991	21872
9031	29325
1075	21503
3779	23682
1011	22198
2280	26674
2000	29671
7668	27831
2599	24401
1714	20030
4003	29556
5256	21835
5056	20981
1885	27107
1730	24168
7526	30094
10392	27982
5633	25412
5817	30021
590	29472
3701	20273
4862	29059
8878	25664
7472	27800
2061	27983
5447	24815
6967	23461
7381	30117
4119	27368
6264	25667
9460	29830
1729	27225
1262	30070
1020	20355
9734	23177
10119	25113
1982	27670
4816	24477
8797	24570
3360	19902
7644	22576
2699	25624
4252	23633
4046	20196
395	27261
1401	25005
8858	23546
4282	23740
5929	25424
8676	28074
2035	29677
575	30103
9217	24952
4602	27302
815	25144
8764	26093
5545	27761
2633	20464
9995	19937
3661	24035
4274	26689
1284	25420
8102	22031
9094	25385
3115	24869
9291	23211
4961	28997
10359	26174
4547	20492
8896	21044
6927	21990
5624	22547
7796	23587
2133	26256
6084	24029
1019	22944
944	26634
8157	20372
2835	20845
10496	20799
5281	20649
10249	21537
2558	21642
3965	26819
3013	29299
6239	21569
5724	26307
3855	22437
2678	29322
2467	28154
8591	28115
8009	23904
2882	28240
714	21114
10350	29450
8802	23411
4037	28118
7570	25537
5793	23633
7995	19939
7095	22156
7218	30150
3046	29799
7582	24702
4941	23091
2662	20054
8803	25352
2533	23773
4143	20070
4744	26150
7861	20661
6984	26307
1134	25309
8007	24100
5618	22979
2144	24203
8360	21872
8079	21363
6525	29152
4097	22231
9084	19851
5350	26918
3443	29718
758	27364
2999	24234
2689	29476
6660	25171
9552	29298
9485	23007
3116	29036
3589	20077
445	25727
8098	28910
1252	25352
8126	24547
10446	21512
4340	28635
9250	28345
3172	28073
4542	27990
8483	24492
542	25139
6411	24315
9731	27613
4557	26260
6273	23599
929	27673
6755	30205
1788	26973
4891	28708
5001	28312
9397	30260
61	29130
6464	29704
9015	21292
1649	20247
9708	26879
2693	23096
348	20273
8516	29308
5038	21131
5667	25081
4805	26997
171	29502
1141	22449
8125	29980
9790	28291
2377	25611
7457	20413
5516	22271
2374	20460
8235	24339
6291	23111
5621	27557
5864	26044
4293	28907
3319	24112
9746	21104
3040	27830
1626	29607
8438	25870
8373	27267
1071	26382
1696	21776
5818	24572
7705	22107
8698	20183
6334	30052
4492	30307
8561	28732
6120	21689
9787	20657
2360	27299
8415	22123
2015	24572
2365	30019
4163	23877
1275	25969
1463	28241
8668	22865
836	19823
10023	20972
8506	24389
1933	25357
352	22633
1687	21802
10454	25596
6547	21842
2465	21224
3824	23073
7119	26890
5804	23260
5874	28549
1186	26168
6482	24539
10162	24638
7080	28032
1046	26856
8247	27007
966	20386
5451	20154
7345	29697
9674	23378
4984	26965
7867	29989
9224	21652
8718	28412
1081	22536
8283	26610
1298	22872
5035	24263
6968	20843
8433	23230
2843	28837
8081	26605
2692	23040
7919	27181
8695	27643
7534	28090
7535	23403
3972	28027
7969	28809
1505	27962
7678	22029
8871	24159
2220	24567
