2324	21712
10228	29616
6496	25884
119	19507
6443	25831
7796	27184
10216	29604
613	20001
5832	25220
9435	28823
1387	20775
644	20032
497	19885
3055	22443
4928	24316
8636	28024
728	20116
6312	25700
5767	25155
4900	24288
4576	23964
4669	24057
374	19762
4546	23934
10170	29558
951	20339
6248	25636
4228	23616
4385	23773
5761	25149
8021	27409
5483	24871
1625	21013
6327	25715
8604	27992
6977	26365
7439	26827
2506	21894
9621	29009
494	19882
4475	23863
1732	21120
7961	27349
7211	26599
9812	29200
7896	27284
3928	23316
3396	22784
9851	29239
3864	23252
2070	21458
4069	23457
1978	21366
8140	27528
4796	24184
4226	23614
9469	28857
3310	22698
3404	22792
1756	21144
7429	26817
212	19600
8916	28304
2197	21585
2412	21800
4969	24357
2661	22049
4588	23976
5151	24539
3383	22771
1528	20916
438	19826
9703	29091
1872	21260
1688	21076
8147	27535
2818	22206
9632	29020
6080	25468
8822	28210
698	20086
3676	23064
3884	23272
2410	21798
6143	25531
2128	21516
4495	23883
10221	29609
8992	28380
6393	25781
3166	22554
8328	27716
9540	28928
6529	25917
6695	26083
7450	26838
8155	27543
10073	29461
6106	25494
10342	29730
2110	21498
1962	21350
4065	23453
5249	24637
10165	29553
5479	24867
3709	23097
6860	26248
10289	29677
746	20134
3194	22582
8763	28151
1495	20883
8917	28305
4523	23911
10152	29540
193	19581
3521	22909
4344	23732
3268	22656
8362	27750
5229	24617
6015	25403
7330	26718
1935	21323
5083	24471
7432	26820
5846	25234
9159	28547
7021	26409
6293	25681
8370	27758
1243	20631
691	20079
939	20327
2303	21691
5100	24488
6725	26113
2991	22379
1011	20399
5108	24496
3637	23025
797	20185
7367	26755
1020	20408
3052	22440
5907	25295
2498	21886
1760	21148
8685	28073
5390	24778
3117	22505
3613	23001
6033	25421
4008	23396
9109	28497
6396	25784
9565	28953
9915	29303
9222	28610
320	19708
4120	23508
7033	26421
8007	27395
5519	24907
4015	23403
9989	29377
899	20287
8730	28118
621	20009
9988	29376
4340	23728
888	20276
4754	24142
4657	24045
8265	27653
4653	24041
3195	22583
8294	27682
4540	23928
8485	27873
8224	27612
7462	26850
3057	22445
9813	29201
5106	24494
3898	23286
8363	27751
6547	25935
3776	23164
1981	21369
2358	21746
574	19962
5384	24772
2261	21649
3888	23276
6578	25966
10482	29870
6564	25952
8984	28372
493	19881
1630	21018
39	19427
1717	21105
6521	25909
1314	20702
3861	23249
6406	25794
811	20199
2578	21966
3319	22707
3528	22916
2924	22312
1136	20524
8649	28037
6737	26125
9146	28534
5163	24551
5884	25272
4087	23475
8443	27831
759	20147
5385	24773
7980	27368
3981	23369
9868	29256
1218	20606
303	19691
2750	22138
9945	29333
7719	27107
5113	24501
531	19919
6965	26353
205	19593
1251	20639
50	19438
924	20312
10111	29499
9531	28919
9800	29188
7062	26450
411	19799
4414	23802
387	19775
6518	25906
5797	25185
6914	26302
279	19667
5671	25059
2501	21889
9669	29057
1804	21192
9454	28842
4374	23762
3049	22437
3598	22986
1255	20643
7089	26477
8786	28174
2435	21823
9567	28955
6003	25391
3045	22433
879	20267
1201	20589
4002	23390
6092	25480
9007	28395
5800	25188
6290	25678
9852	29240
7144	26532
7857	27245
5306	24694
7821	27209
28	19416
1428	20816
8588	27976
8642	28030
2348	21736
7216	26604
7160	26548
8678	28066
9789	29177
2899	22287
7892	27280
10082	29470
3240	22628
874	20262
681	20069
10418	29806
3667	23055
8468	27856
6436	25824
1873	21261
