8005	27393
1378	20766
10221	29609
4681	24069
6633	26021
7095	26483
4837	24225
7960	27348
3952	23340
4065	23453
7699	27087
4778	24166
4496	23884
10413	29801
2810	22198
5835	25223
7731	27119
4090	23478
7263	26651
7056	26444
3144	22532
7269	26657
246	19634
10022	29410
9690	29078
910	20298
4465	23853
6986	26374
3776	23164
6596	25984
8828	28216
4045	23433
10420	29808
1167	20555
3377	22765
8953	28341
1304	20692
5831	25219
6623	26011
3790	23178
6575	25963
7363	26751
3894	23282
1662	21050
652	20040
481	19869
6404	25792
6077	25465
1385	20773
2226	21614
9676	29064
2487	21875
2138	21526
3947	23335
7367	26755
7974	27362
9204	28592
8363	27751
4164	23552
8071	27459
1645	21033
1665	21053
9983	29371
1875	21263
9821	29209
3720	23108
5428	24816
5513	24901
4930	24318
5346	24734
7585	26973
4956	24344
3100	22488
5892	25280
4025	23413
7259	26647
9973	29361
3671	23059
5960	25348
8941	28329
1518	20906
2954	22342
1025	20413
5730	25118
8509	27897
7685	27073
6746	26134
7432	26820
5473	24861
7412	26800
4244	23632
5495	24883
3817	23205
1566	20954
4592	23980
5764	25152
333	19721
5613	25001
47	19435
8832	28220
9449	28837
6394	25782
2922	22310
5098	24486
7690	27078
2270	21658
9217	28605
927	20315
4539	23927
8340	27728
5192	24580
5682	25070
9267	28655
8287	27675
6991	26379
5106	24494
1263	20651
6905	26293
4031	23419
9379	28767
8322	27710
8335	27723
9474	28862
6762	26150
2827	22215
8990	28378
4783	24171
7454	26842
6258	25646
1439	20827
1661	21049
1826	21214
5459	24847
9550	28938
4305	23693
4504	23892
2457	21845
3220	22608
2611	21999
6502	25890
4857	24245
4815	24203
1757	21145
9621	29009
9834	29222
6061	25449
471	19859
10189	29577
4990	24378
6710	26098
10320	29708
10126	29514
10229	29617
10313	29701
8118	27506
9495	28883
1865	21253
8495	27883
7674	27062
6306	25694
2311	21699
5614	25002
8417	27805
5126	24514
7159	26547
8749	28137
8951	28339
6658	26046
2339	21727
8035	27423
5264	24652
69	19457
4618	24006
5868	25256
6086	25474
2870	22258
6732	26120
7684	27072
938	20326
10167	29555
9681	29069
1190	20578
9216	28604
1958	21346
3152	22540
7337	26725
5686	25074
2022	21410
39	19427
2737	22125
435	19823
2472	21860
2096	21484
1533	20921
8699	28087
5300	24688
7637	27025
1732	21120
4598	23986
9561	28949
5745	25133
9122	28510
3367	22755
9562	28950
370	19758
8839	28227
6207	25595
3631	23019
9775	29163
495	19883
8262	27650
8681	28069
516	19904
9017	28405
9259	28647
492	19880
2403	21791
7626	27014
3486	22874
8877	28265
6724	26112
1079	20467
1171	20559
3929	23317
9963	29351
8490	27878
1866	21254
7985	27373
5185	24573
4653	24041
4747	24135
7786	27174
7599	26987
306	19694
3168	22556
1705	21093
5957	25345
2618	22006
4970	24358
7400	26788
1314	20702
5372	24760
4182	23570
3887	23275
6810	26198
7587	26975
4503	23891
2014	21402
9434	28822
4529	23917
8823	28211
1735	21123
8449	27837
10318	29706
1115	20503
1064	20452
5557	24945
4660	24048
2135	21523
262	19650
714	20102
930	20318
1464	20852
9291	28679
3875	23263
2653	22041
5299	24687
5654	25042
7546	26934
6733	26121
6180	25568
1563	20951
1302	20690
4325	23713
10106	29494
10152	29540
6564	25952
1083	20471
3166	22554
3605	22993
4904	24292
10052	29440
285	19673
957	20345
8159	27547
4982	24370
1237	20625
4348	23736
4123	23511
10097	29485
6421	25809
8631	28019
7760	27148
518	19906
921	20309
8758	28146
3998	23386
2811	22199
8463	27851
3005	22393
1020	20408
2122	21510
4973	24361
5097	24485
1376	20764
8899	28287
8569	27957
3966	23354
1944	21332
3300	22688
498	19886
7945	27333
2607	21995
8521	27909
7982	27370
638	20026
8333	27721
5376	24764
3439	22827
3066	22454
2170	21558
5706	25094
1405	20793
7511	26899
5158	24546
309	19697
6965	26353
4285	23673
8814	28202
6092	25480
4385	23773
8402	27790
9576	28964
8875	28263
4510	23898
4113	23501
3778	23166
7654	27042
5781	25169
395	19783
6883	26271
5034	24422
63	19451
5074	24462
3129	22517
10145	29533
8648	28036
4595	23983
1681	21069
9175	28563
6860	26248
9630	29018
2205	21593
3284	22672
6144	25532
8182	27570
5794	25182
1073	20461
5064	24452
3049	22437
9950	29338
113	19501
3253	22641
4541	23929
4870	24258
821	20209
1098	20486
1899	21287
1568	20956
4582	23970
4231	23619
791	20179
9783	29171
5385	24773
4671	24059
6130	25518
8933	28321
5632	25020
5824	25212
5738	25126
4059	23447
7473	26861
4210	23598
376	19764
2185	21573
5555	24943
6987	26375
5880	25268
5626	25014
8247	27635
5431	24819
331	19719
3536	22924
8233	27621
4006	23394
3476	22864
835	20223
6424	25812
5501	24889
3496	22884
4672	24060
3834	23222
2516	21904
5150	24538
7226	26614
4208	23596
1984	21372
8561	27949
928	20316
5123	24511
7450	26838
1241	20629
7942	27330
7887	27275
3201	22589
1141	20529
9649	29037
6352	25740
10378	29766
7435	26823
3297	22685
3121	22509
3442	22830
540	19928
8827	28215
2341	21729
511	19899
1883	21271
8632	28020
8837	28225
6109	25497
1422	20810
6209	25597
3851	23239
9322	28710
7453	26841
9468	28856
6367	25755
7073	26461
6403	25791
6310	25698
1632	21020
1183	20571
7589	26977
2421	21809
10269	29657
2218	21606
5645	25033
2919	22307
3735	23123
8918	28306
1492	20880
786	20174
1428	20816
9635	29023
10175	29563
2544	21932
3167	22555
4087	23475
7884	27272
5292	24680
8296	27684
7895	27283
6080	25468
3818	23206
5916	25304
2950	22338
2758	22146
3074	22462
4587	23975
8985	28373
1348	20736
8546	27934
4546	23934
8101	27489
10418	29806
9542	28930
7115	26503
3369	22757
8917	28305
5887	25275
1443	20831
8804	28192
5234	24622
8462	27850
3637	23025
10267	29655
8085	27473
1581	20969
7656	27044
6739	26127
10222	29610
9087	28475
6583	25971
4997	24385
3922	23310
3945	23333
5078	24466
6853	26241
5422	24810
10437	29825
8175	27563
6063	25451
8183	27571
93	19481
9324	28712
5699	25087
4561	23949
4972	24360
9672	29060
5175	24563
4174	23562
7425	26813
10231	29619
1978	21366
375	19763
1513	20901
5829	25217
7021	26409
1454	20842
7145	26533
4434	23822
3926	23314
5486	24874
1878	21266
8777	28165
8429	27817
9735	29123
5410	24798
7407	26795
5820	25208
1606	20994
8087	27475
8966	28354
7347	26735
48	19436
4492	23880
4777	24165
4958	24346
2495	21883
6361	25749
3832	23220
5268	24656
3286	22674
5961	25349
5231	24619
2661	22049
6915	26303
6896	26284
9587	28975
2755	22143
6124	25512
8915	28303
8662	28050
6920	26308
5442	24830
4832	24220
8315	27703
84	19472
343	19731
9695	29083
8883	28271
3932	23320
7669	27057
2956	22344
8292	27680
5623	25011
1512	20900
10107	29495
6027	25415
5980	25368
7258	26646
2856	22244
8980	28368
8727	28115
2880	22268
6665	26053
6579	25967
6047	25435
4364	23752
6060	25448
4511	23899
6100	25488
2941	22329
6654	26042
6042	25430
1748	21136
2171	21559
7125	26513
2712	22100
630	20018
1031	20419
9371	28759
10376	29764
7591	26979
3332	22720
8537	27925
4962	24350
9427	28815
8243	27631
7939	27327
7556	26944
9509	28897
1177	20565
8950	28338
9530	28918
2032	21420
2277	21665
5952	25340
5388	24776
10408	29796
5599	24987
6232	25620
6117	25505
817	20205
9879	29267
724	20112
10174	29562
7842	27230
8139	27527
797	20185
6326	25714
1156	20544
7909	27297
103	19491
641	20029
10214	29602
9431	28819
8949	28337
10491	29879
3250	22638
2351	21739
5093	24481
6271	25659
8907	28295
4931	24319
7315	26703
3590	22978
8154	27542
3785	23173
3750	23138
3662	23050
10043	29431
9454	28842
3453	22841
5129	24517
3927	23315
6723	26111
8597	27985
3209	22597
7062	26450
8456	27844
128	19516
102	19490
2667	22055
8190	27578
5325	24713
8678	28066
9945	29333
7277	26665
10072	29460
4344	23732
2984	22372
10202	29590
8232	27620
5800	25188
10464	29852
9873	29261
10484	29872
3169	22557
5373	24761
7784	27172
3708	23096
4077	23465
908	20296
8104	27492
4861	24249
7486	26874
6270	25658
4860	24248
7807	27195
8399	27787
7913	27301
2622	22010
8328	27716
8645	28033
4571	23959
6268	25656
364	19752
9519	28907
9837	29225
9962	29350
7855	27243
475	19863
5177	24565
2411	21799
9115	28503
9661	29049
6637	26025
7798	27186
5530	24918
117	19505
7896	27284
1914	21302
10266	29654
497	19885
718	20106
2398	21786
5572	24960
2048	21436
7144	26532
407	19795
4993	24381
7025	26413
4451	23839
1761	21149
2995	22383
4559	23947
5535	24923
1306	20694
1803	21191
7903	27291
8604	27992
8769	28157
7360	26748
8554	27942
1793	21181
3404	22792
10260	29648
5266	24654
3425	22813
10028	29416
7479	26867
1069	20457
8527	27915
730	20118
9532	28920
2564	21952
8868	28256
3937	23325
2177	21565
8733	28121
1699	21087
1534	20922
6456	25844
1574	20962
10148	29536
9620	29008
5534	24922
2506	21894
754	20142
3906	23294
2779	22167
5551	24939
5095	24483
7462	26850
4301	23689
10394	29782
303	19691
2319	21707
6581	25969
5860	25248
5286	24674
294	19682
5283	24671
494	19882
2682	22070
6373	25761
756	20144
2076	21464
9280	28668
1501	20889
1564	20952
6238	25626
6081	25469
8671	28059
8039	27427
8862	28250
6067	25455
773	20161
6803	26191
7652	27040
6738	26126
8450	27838
4683	24071
6164	25552
4621	24009
7119	26507
3003	22391
7724	27112
3191	22579
2051	21439
8593	27981
10220	29608
5275	24663
3562	22950
1285	20673
1589	20977
10255	29643
4854	24242
1644	21032
4902	24290
2765	22153
7074	26462
5974	25362
7871	27259
5148	24536
4286	23674
2305	21693
2772	22160
10081	29469
5720	25108
8486	27874
1496	20884
8309	27697
4737	24125
3846	23234
4101	23489
4506	23894
9235	28623
10496	29884
7156	26544
9268	28656
3182	22570
9738	29126
9855	29243
697	20085
1745	21133
1957	21345
6014	25402
7120	26508
251	19639
9392	28780
4390	23778
5406	24794
8405	27793
3571	22959
5898	25286
8401	27789
1403	20791
7306	26694
4613	24001
9722	29110
1916	21304
9589	28977
1602	20990
3004	22392
6916	26304
3593	22981
4128	23516
10395	29783
7574	26962
1303	20691
3912	23300
4785	24173
9283	28671
5791	25179
7100	26488
2039	21427
7386	26774
433	19821
1502	20890
6892	26280
8771	28159
2386	21774
7472	26860
7523	26911
8111	27499
5884	25272
7651	27039
5573	24961
980	20368
6429	25817
4412	23800
1395	20783
5689	25077
1890	21278
6300	25688
3537	22925
8532	27920
8147	27535
1234	20622
4169	23557
5301	24689
9987	29375
3579	22967
7051	26439
4241	23629
5671	25059
4606	23994
9636	29024
2172	21560
7551	26939
8431	27819
1437	20825
1077	20465
6294	25682
6588	25976
7745	27133
9233	28621
4794	24182
2899	22287
3959	23347
3989	23377
3888	23276
4935	24323
9015	28403
7365	26753
8557	27945
5876	25264
5561	24949
9997	29385
10439	29827
5987	25375
6342	25730
7345	26733
3995	23383
5554	24942
2766	22154
4277	23665
2250	21638
1267	20655
9097	28485
3105	22493
3160	22548
5430	24818
3802	23190
1021	20409
4979	24367
7138	26526
2010	21398
7517	26905
9033	28421
4394	23782
6823	26211
2509	21897
5243	24631
6028	25416
1772	21160
2047	21435
382	19770
3434	22822
10228	29616
1629	21017
1925	21313
7320	26708
7729	27117
5656	25044
8916	28304
118	19506
9124	28512
5307	24695
3266	22654
7371	26759
365	19753
3133	22521
2691	22079
554	19942
6405	25793
7808	27196
4200	23588
10061	29449
10441	29829
1189	20577
7030	26418
5723	25111
971	20359
5810	25198
6604	25992
1550	20938
822	20210
6204	25592
4440	23828
9707	29095
9596	28984
1690	21078
5321	24709
8211	27599
10405	29793
3062	22450
7795	27183
5399	24787
872	20260
4091	23479
10201	29589
8091	27479
2123	21511
3307	22695
2454	21842
4720	24108
2690	22078
9120	28508
10109	29497
9484	28872
1240	20628
5390	24778
7653	27041
5212	24600
124	19512
5565	24953
8261	27649
49	19437
6314	25702
4336	23724
9988	29376
3517	22905
8683	28071
8012	27400
8428	27816
5822	25210
2645	22033
2306	21694
1409	20797
4019	23407
6648	26036
6935	26323
1672	21060
7028	26416
3680	23068
4499	23887
3409	22797
6966	26354
9347	28735
5726	25114
4515	23903
9071	28459
4855	24243
7392	26780
3706	23094
1594	20982
8242	27630
6800	26188
4906	24294
3012	22400
591	19979
4111	23499
10253	29641
404	19792
368	19756
1950	21338
3410	22798
1851	21239
5001	24389
5111	24499
906	20294
4812	24200
506	19894
10355	29743
1246	20634
1985	21373
4893	24281
9198	28586
804	20192
7859	27247
5594	24982
9062	28450
41	19429
3292	22680
1334	20722
2717	22105
6320	25708
4652	24040
1535	20923
7639	27027
7253	26641
9222	28610
776	20164
1047	20435
844	20232
5178	24566
110	19498
2023	21411
6451	25839
1345	20733
6304	25692
7160	26548
3360	22748
9426	28814
6899	26287
2874	22262
1165	20553
531	19919
4799	24187
983	20371
3645	23033
4339	23727
6090	25478
6148	25536
632	20020
3106	22494
7276	26664
7720	27108
6	19394
7146	26534
8419	27807
6709	26097
4225	23613
9405	28793
8964	28352
2912	22300
6066	25454
1311	20699
5725	25113
6137	25525
3757	23145
8738	28126
8960	28348
8954	28342
6961	26349
4475	23863
5924	25312
1018	20406
2011	21399
3045	22433
126	19514
1298	20686
3117	22505
10232	29620
9302	28690
295	19683
7645	27033
2900	22288
5468	24856
6524	25912
8275	27663
5359	24747
6806	26194
9050	28438
4140	23528
637	20025
2350	21738
2519	21907
7751	27139
7713	27101
8367	27755
413	19801
4896	24284
3388	22776
8157	27545
8148	27536
2085	21473
899	20287
3028	22416
2268	21656
4081	23469
4121	23509
9599	28987
5076	24464
564	19952
193	19581
5841	25229
5577	24965
6764	26152
6928	26316
8649	28037
5818	25206
8518	27906
116	19504
9118	28506
10332	29720
3047	22435
1620	21008
7467	26855
5567	24955
1598	20986
10458	29846
3692	23080
7114	26502
3560	22948
3238	22626
8466	27854
4971	24359
7943	27331
10259	29647
3746	23134
3264	22652
5911	25299
2936	22324
7678	27066
393	19781
468	19856
1259	20647
6867	26255
3352	22740
85	19473
2803	22191
4739	24127
6918	26306
1404	20792
7087	26475
6039	25427
2424	21812
1095	20483
2192	21580
7834	27222
3477	22865
5658	25046
790	20178
8588	27976
10045	29433
1947	21335
4232	23620
10264	29652
929	20317
2275	21663
6017	25405
4940	24328
6956	26344
5541	24929
1218	20606
1019	20407
7417	26805
8786	28174
2396	21784
6842	26230
1339	20727
1836	21224
9556	28944
4816	24204
5520	24908
7193	26581
5510	24898
7910	27298
1928	21316
7691	27079
8721	28109
10343	29731
6850	26238
3158	22546
4149	23537
8460	27848
7421	26809
10323	29711
4686	24074
6433	25821
2893	22281
3386	22774
4193	23581
2377	21765
6011	25399
5875	25263
10199	29587
7952	27340
422	19810
2093	21481
8155	27543
551	19939
386	19774
3940	23328
8849	28237
3162	22550
599	19987
7327	26715
219	19607
10163	29551
3528	22916
5566	24954
6386	25774
2431	21819
453	19841
2541	21929
1114	20502
1830	21218
4349	23737
4388	23776
7783	27171
4803	24191
5574	24962
9861	29249
5579	24967
8621	28009
1118	20506
1361	20749
6068	25456
8064	27452
5163	24551
4322	23710
4579	23967
8095	27483
7891	27279
1850	21238
1457	20845
2901	22289
6844	26232
6332	25720
9814	29202
9539	28927
2596	21984
9930	29318
2083	21471
2592	21980
8317	27705
3499	22887
1479	20867
4922	24310
2142	21530
6420	25808
4827	24215
181	19569
3944	23332
7894	27282
3627	23015
3475	22863
1224	20612
9228	28616
8687	28075
8342	27730
1444	20832
5716	25104
3063	22451
9455	28843
50	19438
1677	21065
7566	26954
9843	29231
1220	20608
5683	25071
1359	20747
5424	24812
142	19530
5365	24753
7212	26600
1760	21148
7153	26541
6639	26027
1003	20391
8984	28372
5595	24983
2296	21684
992	20380
1934	21322
5220	24608
4695	24083
5721	25109
9819	29207
6287	25675
6154	25542
6345	25733
712	20100
5584	24972
2355	21743
2842	22230
2920	22308
1910	21298
7065	26453
10003	29391
6414	25802
1876	21264
5958	25346
4110	23498
7899	27287
2237	21625
4397	23785
8364	27752
9125	28513
9570	28958
4869	24257
8550	27938
2752	22140
7809	27197
8651	28039
5448	24836
2049	21437
6329	25717
2887	22275
2430	21818
8745	28133
9321	28709
6763	26151
7242	26630
4925	24313
8607	27995
4549	23937
1989	21377
2621	22009
9298	28686
4378	23766
1475	20863
8811	28199
9904	29292
7746	27134
3323	22711
6765	26153
8628	28016
7331	26719
6726	26114
3935	23323
3792	23180
4957	24345
1650	21038
9731	29119
5807	25195
6312	25700
7961	27349
692	20080
2498	21886
3827	23215
7128	26516
9279	28667
1721	21109
2547	21935
6629	26017
7235	26623
818	20206
9162	28550
7970	27358
926	20314
121	19509
778	20166
6954	26342
10449	29837
3582	22970
8515	27903
853	20241
6745	26133
7210	26598
2535	21923
9514	28902
4034	23422
2499	21887
6841	26229
5284	24672
1584	20972
7416	26804
6195	25583
2145	21533
8857	28245
2254	21642
3279	22667
2480	21868
3436	22824
6318	25706
4850	24238
5664	25052
8271	27659
3188	22576
6485	25873
9292	28680
7657	27045
5621	25009
6395	25783
10083	29471
9077	28465
7405	26793
4262	23650
4643	24031
7578	26966
1209	20597
7773	27161
8715	28103
659	20047
9487	28875
10380	29768
8869	28257
8351	27739
6913	26301
9618	29006
8112	27500
3925	23313
2124	21512
5932	25320
9361	28749
7346	26734
3798	23186
1706	21094
359	19747
735	20123
1522	20910
8590	27978
4673	24061
5642	25030
614	20002
7981	27369
3885	23273
4370	23758
3030	22418
8750	28138
7016	26404
2415	21803
860	20248
3804	23192
210	19598
9954	29342
6782	26170
1792	21180
8669	28057
1900	21288
8471	27859
5870	25258
4916	24304
5562	24950
9328	28716
2282	21670
1704	21092
9568	28956
9806	29194
10300	29688
8989	28377
9028	28416
7005	26393
3465	22853
8459	27847
6033	25421
9206	28594
1873	21261
2528	21916
7914	27302
8100	27488
6820	26208
8365	27753
8207	27595
5326	24714
7810	27198
4491	23879
1995	21383
5120	24508
6636	26024
2274	21662
4408	23796
851	20239
7792	27180
5183	24571
4402	23790
6902	26290
503	19891
8807	28195
3917	23305
5476	24864
10164	29552
2825	22213
10181	29569
2195	21583
3510	22898
8776	28164
6655	26043
5669	25057
4003	23391
3727	23115
3986	23374
215	19603
3001	22389
9326	28714
8483	27871
1766	21154
8642	28030
904	20292
5160	24548
9460	28848
3604	22992
5969	25357
7027	26415
4447	23835
2925	22313
10033	29421
5471	24859
9299	28687
2405	21793
8784	28172
8879	28267
6811	26199
2115	21503
8983	28371
5203	24591
7469	26857
6817	26205
10416	29804
5036	24424
7966	27354
1260	20648
7777	27165
7888	27276
6496	25884
703	20091
1215	20603
7478	26866
5180	24568
4724	24112
7949	27337
7382	26770
772	20160
8684	28072
4444	23832
3521	22909
1998	21386
830	20218
2108	21496
8152	27540
1967	21355
6998	26386
1002	20390
3498	22886
1174	20562
9745	29133
4093	23481
3196	22584
483	19871
3902	23290
8947	28335
1859	21247
9777	29165
1265	20653
4041	23429
4258	23646
3985	23373
7841	27229
7041	26429
1622	21010
3831	23219
7593	26981
2439	21827
44	19432
7366	26754
3716	23104
5863	25251
3648	23036
5099	24487
1281	20669
3057	22445
9273	28661
5891	25279
10093	29481
9753	29141
8396	27784
101	19489
8031	27419
1294	20682
9724	29112
2781	22169
3651	23039
9981	29369
4120	23508
4166	23554
2786	22174
3981	23369
3795	23183
6540	25928
8451	27839
5291	24679
6592	25980
9179	28567
6870	26258
9490	28878
793	20181
6978	26366
9666	29054
9187	28575
7890	27278
2478	21866
10350	29738
6208	25596
7856	27244
10041	29429
218	19606
3977	23365
5103	24491
4551	23939
4501	23889
3972	23360
5677	25065
2507	21895
2982	22370
10196	29584
9430	28818
1671	21059
7584	26972
5446	24834
8458	27846
9984	29372
1611	20999
3490	22878
9023	28411
2373	21761
2482	21870
5490	24878
8931	28319
3450	22838
6554	25942
2378	21766
3397	22785
2624	22012
6755	26143
1132	20520
8323	27711
10301	29689
2971	22359
2750	22138
3365	22753
5002	24390
8461	27849
4042	23430
7675	27063
10018	29406
2201	21589
3704	23092
7117	26505
6888	26276
5679	25067
1300	20688
3689	23077
5805	25193
9051	28439
6574	25962
4563	23951
6982	26370
7203	26591
4222	23610
6366	25754
9260	28648
5393	24781
30	19418
5544	24932
4628	24016
4728	24116
8568	27956
10098	29486
10338	29726
1634	21022
7272	26660
6881	26269
1801	21189
4900	24288
6023	25411
7135	26523
847	20235
3061	22449
9682	29070
5569	24957
4138	23526
5803	25191
2086	21474
3661	23049
4132	23520
6292	25680
9888	29276
10353	29741
9867	29255
9706	29094
10454	29842
2504	21892
7151	26539
6286	25674
7905	27293
10149	29537
4914	24302
10316	29704
6246	25634
1963	21351
4784	24172
5931	25319
9005	28393
6145	25533
9432	28820
6597	25985
6995	26383
5018	24406
3978	23366
1315	20703
3078	22466
3345	22733
9002	28390
5147	24535
8026	27414
10062	29450
19	19407
7301	26689
881	20269
2451	21839
1012	20400
4890	24278
3623	23011
857	20245
7310	26698
8946	28334
1068	20456
3042	22430
10499	29887
7681	27069
1109	20497
2582	21970
5434	24822
3282	22670
9352	28740
4302	23690
2416	21804
5600	24988
3222	22610
1008	20396
10244	29632
261	19649
5840	25228
5339	24727
3642	23030
4999	24387
2331	21719
4084	23472
2601	21989
6652	26040
1057	20445
97	19485
2804	22192
6266	25654
6529	25917
8045	27433
7076	26464
1636	21024
7031	26419
9533	28921
4862	24250
649	20037
600	19988
3301	22689
8284	27672
6621	26009
2928	22316
5886	25274
5465	24853
3954	23342
125	19513
3573	22961
5816	25204
3444	22832
1166	20554
1478	20866
3624	23012
9807	29195
2091	21479
4400	23788
3540	22928
7157	26545
7189	26577
2189	21577
2973	22361
3194	22582
2361	21749
6443	25831
10146	29534
5152	24540
4035	23423
3024	22412
780	20168
6893	26281
9917	29305
3048	22436
1176	20564
10035	29423
9828	29216
320	19708
9691	29079
9967	29355
6609	25997
5990	25378
4856	24244
1052	20440
5311	24699
1885	21273
5519	24907
9173	28561
1648	21036
9582	28970
10245	29633
7572	26960
7527	26915
2222	21610
5255	24643
9882	29270
1213	20601
6767	26155
10471	29859
10207	29595
4886	24274
6328	25716
3325	22713
7445	26833
9761	29149
3403	22791
9670	29058
4675	24063
8185	27573
639	20027
143	19531
3876	23264
895	20283
10154	29542
7929	27317
3407	22795
1528	20916
1244	20632
7319	26707
3235	22623
2248	21636
3682	23070
8760	28148
8386	27774
6301	25689
8194	27582
8640	28028
4600	23988
3478	22866
8215	27603
135	19523
1932	21320
4786	24174
5130	24518
9308	28696
4439	23827
8939	28327
10099	29487
9797	29185
2210	21598
9565	28953
92	19480
9859	29247
6598	25986
8094	27482
10431	29819
8113	27501
8822	28210
7082	26470
3052	22440
3349	22737
909	20297
8573	27961
5994	25382
6534	25922
3309	22697
5795	25183
6051	25439
5213	24601
7154	26542
4015	23403
4989	24377
1362	20750
2140	21528
3843	23231
9750	29138
2730	22118
4239	23627
886	20274
377	19765
195	19583
8992	28380
8610	27998
6085	25473
10275	29663
9847	29235
4367	23755
1331	20719
913	20301
1051	20439
6828	26216
9244	28632
5337	24725
9964	29352
2069	21457
8024	27412
5229	24617
6416	25804
3234	22622
762	20150
1796	21184
7845	27233
6441	25829
3326	22714
3799	23187
3722	23110
4880	24268
10270	29658
9749	29137
7007	26395
2822	22210
4729	24117
4124	23512
10180	29568
7149	26537
7832	27220
4905	24293
9887	29275
1903	21291
2818	22206
3570	22958
6871	26259
2453	21841
222	19610
7840	27228
5556	24944
4307	23695
9270	28658
9252	28640
7923	27311
6557	25945
4846	24234
6129	25517
6640	26028
7102	26490
5744	25132
3125	22513
6369	25757
8501	27889
5151	24539
4238	23626
1383	20771
10020	29408
5564	24952
5188	24576
10039	29427
9401	28789
8940	28328
1247	20635
8174	27562
6545	25933
7089	26477
3675	23063
2817	22205
2745	22133
1432	20820
341	19729
5930	25318
10153	29541
9838	29226
3104	22492
6038	25426
9329	28717
8240	27628
4282	23670
5793	25181
5398	24786
2960	22348
2060	21448
7707	27095
5542	24930
9512	28900
1769	21157
3754	23142
7066	26454
9375	28763
2231	21619
3975	23363
6696	26084
1451	20839
408	19796
9503	28891
8732	28120
9810	29198
5089	24477
3033	22421
4657	24045
164	19552
3520	22908
5923	25311
1827	21215
1015	20403
9527	28915
7705	27093
7127	26515
4431	23819
3589	22977
1010	20398
9467	28855
9164	28552
1782	21170
3591	22979
931	20319
10248	29636
1860	21248
2053	21441
6032	25420
7332	26720
7055	26443
6347	25735
5131	24519
5801	25189
796	20184
6977	26365
7398	26786
596	19984
1392	20780
8531	27919
9332	28720
7836	27224
6770	26158
2342	21730
7470	26858
781	20169
8478	27866
6335	25723
5357	24745
10258	29646
339	19727
1616	21004
4509	23897
7057	26445
2728	22116
3077	22465
3793	23181
2991	22379
1733	21121
9614	29002
7121	26509
9331	28719
3287	22675
224	19612
7934	27322
4194	23582
3430	22818
1408	20796
105	19493
10137	29525
5611	24999
1758	21146
2240	21628
3350	22738
626	20014
2313	21701
3529	22917
10305	29693
8801	28189
5314	24702
6929	26317
5909	25297
8186	27574
2526	21914
9557	28945
65	19453
3445	22833
1896	21284
3597	22985
10120	29508
87	19475
6909	26297
5964	25352
3270	22658
8774	28162
3874	23262
6968	26356
6200	25588
4811	24199
8744	28132
6544	25932
9818	29206
4638	24026
1764	21152
8259	27647
8534	27922
9650	29038
6845	26233
493	19881
9382	28770
6872	26260
7531	26919
8717	28105
7816	27204
7597	26985
1936	21324
3240	22628
3156	22544
1727	21115
4335	23723
9852	29240
1630	21018
7092	26480
2783	22171
2188	21576
883	20271
1321	20709
6713	26101
9940	29328
8048	27436
4763	24151
1924	21312
8474	27862
9992	29380
1864	21252
8124	27512
10475	29863
9698	29086
5090	24478
4558	23946
2103	21491
7997	27385
7282	26670
7485	26873
3880	23268
220	19608
7958	27346
9147	28535
3753	23141
9544	28932
7233	26621
6781	26169
8689	28077
6303	25691
2981	22369
734	20122
2927	22315
10155	29543
2721	22109
6291	25679
3029	22417
3359	22747
9905	29293
6826	26214
1750	21138
2169	21557
8476	27864
326	19714
3575	22963
8925	28313
7058	26446
704	20092
1391	20779
2295	21683
1617	21005
6031	25419
10295	29683
1565	20953
5652	25040
1497	20885
1084	20472
5999	25387
8047	27435
5455	24843
8125	27513
7947	27335
8454	27842
9764	29152
2654	22042
4474	23862
3330	22718
3539	22927
10013	29401
6073	25461
1126	20514
7582	26970
1569	20957
2638	22026
10450	29838
10230	29618
6901	26289
8602	27990
4399	23787
4117	23505
1036	20424
2052	21440
1585	20973
3283	22671
9971	29359
2948	22336
5739	25127
3039	22427
5330	24718
8000	27388
6336	25724
3697	23085
10138	29526
1504	20892
5110	24498
7381	26769
7049	26437
4599	23987
10308	29696
1619	21007
8819	28207
4151	23539
2630	22018
9139	28527
6354	25742
2150	21538
8264	27652
4929	24317
2878	22266
2563	21951
1562	20950
2160	21548
2685	22073
10432	29820
4422	23810
2159	21547
2301	21689
1922	21310
752	20140
4455	23843
1482	20870
6766	26154
5043	24431
2149	21537
221	19609
3826	23214
9491	28879
9439	28827
8121	27509
7455	26843
5179	24567
9646	29034
7996	27384
6750	26138
7318	26706
2	19390
8897	28285
8793	28181
56	19444
525	19913
1999	21387
6146	25534
2066	21454
4924	24312
6808	26196
417	19805
9418	28806
5481	24869
5865	25253
777	20165
4255	23643
825	20213
4054	23442
10151	29539
1603	20991
9129	28517
2165	21553
9612	29000
6334	25722
10468	29856
8982	28370
3870	23258
2629	22017
1461	20849
6113	25501
9266	28654
6894	26282
6722	26110
4278	23666
1212	20600
7634	27022
8513	27901
905	20293
9624	29012
5443	24831
6273	25661
5641	25029
5985	25373
2104	21492
5125	24513
8670	28058
1831	21219
2692	22080
1542	20930
8498	27886
2909	22297
3251	22639
9765	29153
6855	26243
3321	22709
2907	22295
4821	24209
3542	22930
6734	26122
8350	27738
7238	26626
760	20148
7464	26852
6057	25445
7444	26832
7799	27187
5421	24809
3941	23329
792	20180
2134	21522
1570	20958
9116	28504
7953	27341
3899	23287
9221	28609
1771	21159
727	20115
1682	21070
8003	27391
8694	28082
7644	27032
8293	27681
8560	27948
8369	27757
1744	21132
10339	29727
3741	23129
10474	29862
1319	20707
4690	24078
8826	28214
6337	25725
6460	25848
3037	22425
6490	25878
6807	26195
9211	28599
705	20093
5186	24574
2433	21821
165	19553
9215	28603
3552	22940
3198	22586
5032	24420
2067	21455
10489	29877
9982	29370
6480	25868
7172	26560
6869	26257
5040	24428
325	19713
9341	28729
8156	27544
1874	21262
5630	25018
5828	25216
2789	22177
2184	21572
1621	21009
9146	28534
7410	26798
5925	25313
6866	26254
6942	26330
288	19676
9560	28948
9055	28443
2884	22272
5522	24910
1131	20519
2077	21465
9714	29102
4895	24283
9802	29190
1034	20422
9906	29294
3122	22510
8237	27625
9809	29197
7377	26765
2466	21854
9327	28715
3787	23175
9572	28960
5187	24575
2769	22157
656	20044
10280	29668
2393	21781
4617	24005
4543	23931
8799	28187
9225	28613
6630	26018
3649	23037
7408	26796
5104	24492
9136	28524
17	19405
18	19406
3907	23295
5637	25025
3773	23161
8716	28104
2075	21463
8617	28005
3737	23125
1806	21194
2427	21815
3091	22479
6160	25548
3782	23170
9142	28530
1387	20775
5531	24919
6814	26202
4139	23527
2790	22178
6305	25693
8257	27645
4605	23993
6267	25655
6585	25973
8900	28288
6481	25869
9874	29262
803	20191
1374	20762
9578	28966
6729	26117
2057	21445
6172	25560
5634	25022
560	19948
8627	28015
7393	26781
6757	26145
4934	24322
5143	24531
8961	28349
2957	22345
1595	20983
4835	24223
8705	28093
5575	24963
9815	29203
1530	20918
1694	21082
4768	24156
6140	25528
6973	26361
6922	26310
5857	25245
7590	26978
9974	29362
5983	25371
5499	24887
6177	25565
8126	27514
5665	25053
3236	22624
8305	27693
6642	26030
6570	25958
2327	21715
7984	27372
4883	24271
9804	29192
838	20226
3458	22846
3136	22524
1070	20458
3628	23016
10079	29467
7361	26749
2460	21848
7198	26586
6264	25652
6838	26226
6274	25662
5755	25143
7928	27316
3695	23083
6650	26038
6059	25447
4513	23901
1355	20743
2546	21934
10417	29805
10206	29594
751	20139
6120	25508
6538	25926
3120	22508
9915	29303
1909	21297
2204	21592
1251	20639
2007	21395
2465	21853
2658	22046
8603	27991
6761	26149
1669	21057
9163	28551
1872	21260
1855	21243
8911	28299
5981	25369
7694	27082
7781	27169
7014	26402
2288	21676
5356	24744
5069	24457
5753	25141
7163	26551
4401	23789
8480	27868
8343	27731
5458	24846
2756	22144
713	20101
3032	22420
1986	21374
6549	25937
6198	25586
7614	27002
7211	26599
33	19421
9181	28569
648	20036
2021	21409
8551	27939
74	19462
3865	23253
9159	28547
537	19925
6398	25786
2098	21486
7026	26414
2659	22047
6688	26076
3113	22501
633	20021
10367	29755
8905	28293
574	19962
688	20076
5146	24534
5711	25099
8700	28088
7709	27097
4022	23410
4841	24229
10414	29802
3269	22657
7192	26580
1214	20602
3272	22660
3711	23099
3416	22804
3058	22446
6275	25663
2616	22004
7015	26403
2475	21863
1154	20542
5802	25190
1136	20524
2542	21930
9972	29360
7892	27280
1912	21300
7494	26882
6044	25432
3762	23150
4013	23401
2436	21824
8909	28297
7962	27350
9850	29238
4758	24146
10128	29516
6505	25893
5290	24678
4963	24351
4779	24167
5751	25139
4796	24184
2302	21690
9717	29105
1466	20854
3629	23017
4711	24099
5839	25227
8385	27773
1261	20649
5209	24597
8049	27437
9450	28838
1951	21339
6706	26094
3599	22987
6125	25513
439	19827
4756	24144
1102	20490
1633	21021
10407	29795
8366	27754
10412	29800
8400	27788
7249	26637
7083	26471
5265	24653
5204	24592
5910	25298
7987	27375
5164	24552
499	19887
1326	20714
2413	21801
2739	22127
4863	24251
6159	25547
7155	26543
1368	20756
7759	27147
2287	21675
8861	28249
8265	27653
6948	26336
5897	25285
6487	25875
10065	29453
3328	22716
6486	25874
10371	29759
3610	22998
2734	22122
100	19488
2967	22355
9131	28519
8592	27980
2229	21617
3009	22397
3025	22413
4227	23615
9696	29084
826	20214
2631	22019
7439	26827
280	19668
2161	21549
6837	26225
1626	21014
6432	25820
5277	24665
9736	29124
10192	29580
9637	29025
2861	22249
5537	24925
3468	22856
8060	27448
10345	29733
4524	23912
8789	28177
6595	25983
8206	27594
9386	28774
2335	21723
1336	20724
6840	26228
9642	29030
9897	29285
2410	21798
1970	21358
5305	24693
801	20189
10170	29558
9675	29063
2831	22219
2366	21754
9436	28824
5272	24660
6371	25759
3178	22566
4792	24180
9774	29162
7728	27116
4259	23647
7882	27270
1639	21027
1143	20531
8434	27822
923	20311
4272	23660
3756	23144
581	19969
419	19807
10396	29784
4038	23426
4162	23550
2945	22333
8109	27497
8046	27434
2639	22027
3070	22458
3596	22984
5788	25176
1414	20802
2823	22211
4825	24213
5533	24921
1199	20587
8377	27765
10488	29876
9755	29143
8270	27658
5708	25096
3483	22871
191	19579
9300	28688
9031	28419
2027	21415
816	20204
4167	23555
2418	21806
1592	20980
2720	22108
8289	27677
5461	24849
4947	24335
2502	21890
3086	22474
879	20267
10053	29441
3561	22949
4840	24228
9073	28461
8841	28229
2111	21499
4146	23534
1424	20812
6558	25946
8001	27389
6653	26041
3181	22569
478	19866
4456	23844
7541	26929
4770	24158
1411	20799
2532	21920
1270	20658
764	20152
8730	28118
3868	23256
6457	25845
7780	27168
3921	23309
2056	21444
10321	29709
490	19878
2128	21516
9769	29157
3911	23299
1977	21365
6897	26285
888	20276
4160	23548
3099	22487
9622	29010
3504	22892
5056	24444
7877	27265
5251	24639
10388	29776
9479	28867
4601	23989
9072	28460
3643	23031
6458	25846
7307	26695
9462	28850
7088	26476
5225	24613
10421	29809
9058	28446
9891	29279
6222	25610
7600	26988
3667	23055
2206	21594
7222	26610
1371	20759
5207	24595
5223	24611
6482	25870
4358	23746
4847	24235
9195	28583
8413	27801
1781	21169
691	20079
6611	25999
7330	26718
7851	27239
9548	28936
1746	21134
4936	24324
10049	29437
3319	22707
4176	23564
7403	26791
25	19413
6162	25550
3492	22880
5084	24472
1739	21127
4585	23973
1122	20510
3164	22552
2949	22337
1696	21084
7519	26907
5157	24545
2777	22165
7457	26845
9607	28995
3530	22918
7219	26607
1175	20563
985	20373
4413	23801
6430	25818
4964	24352
10448	29836
8659	28047
4668	24056
807	20195
4629	24017
6324	25712
1823	21211
827	20215
3304	22692
2510	21898
1094	20482
9135	28523
5927	25315
907	20295
8580	27968
7050	26438
9191	28579
4557	23945
7103	26491
5792	25180
7241	26629
5773	25161
8204	27592
9234	28622
7054	26442
9406	28794
3830	23218
8384	27772
9853	29241
4375	23763
5166	24554
3285	22673
545	19933
6644	26032
622	20010
2148	21536
3850	23238
3698	23086
4536	23924
10191	29579
7623	27011
7763	27151
4338	23726
287	19675
8430	27818
5287	24675
1981	21369
5712	25100
9030	28418
465	19853
10483	29871
2797	22185
9369	28757
799	20187
1972	21360
3294	22682
4051	23439
1993	21381
9791	29179
449	19837
8404	27792
10187	29575
10046	29434
1551	20939
5889	25277
1691	21079
9839	29227
3853	23241
5386	24774
4829	24217
5978	25366
9510	28898
9492	28880
2281	21669
4644	24032
6960	26348
211	19599
4749	24137
10162	29550
2125	21513
6158	25546
3268	22656
6836	26224
5885	25273
5419	24807
388	19776
2228	21616
1450	20838
914	20302
2978	22366
8276	27664
3011	22399
5832	25220
5933	25321
8643	28031
4955	24343
6795	26183
3526	22914
7428	26816
2869	22257
3376	22764
9264	28652
6225	25613
9277	28665
686	20074
9480	28868
5135	24523
4573	23961
1790	21178
7190	26578
7013	26401
690	20078
8398	27786
7032	26420
9093	28481
6478	25866
9894	29282
6772	26160
7101	26489
9680	29068
7739	27127
4197	23585
1184	20572
7460	26848
5834	25222
10322	29710
3111	22499
1485	20873
179	19567
2904	22292
4417	23805
6436	25824
4623	24011
4679	24067
9886	29274
1655	21043
1011	20399
5837	25225
8817	28205
9516	28904
7424	26812
6927	26315
6813	26201
747	20135
3811	23199
2729	22117
10351	29739
5695	25083
6873	26261
2193	21581
7606	26994
2285	21673
4079	23467
4937	24325
7109	26497
7043	26431
7447	26835
3641	23029
8910	28298
2886	22274
3908	23296
1151	20539
4372	23760
6344	25732
10071	29459
843	20231
190	19578
9458	28846
7975	27363
2309	21697
2155	21543
1037	20425
318	19706
6351	25739
8768	28156
7761	27149
1088	20476
7619	27007
7876	27264
10298	29686
4741	24129
2166	21554
3892	23280
6393	25781
4196	23584
5217	24605
6974	26362
237	19625
1365	20753
1510	20898
357	19745
460	19848
2703	22091
2266	21654
2245	21633
2324	21712
8775	28163
7793	27181
3724	23112
6846	26234
7715	27103
381	19769
2613	22001
1511	20899
8066	27454
2609	21997
8538	27926
5374	24762
9645	29033
8281	27669
8146	27534
2445	21833
521	19909
4800	24188
3295	22683
3626	23014
1398	20786
5094	24482
7749	27137
4659	24047
8765	28153
9403	28791
6815	26203
8308	27696
9044	28432
59	19447
4745	24133
8086	27474
10029	29417
10272	29660
5009	24397
10445	29833
38	19426
421	19809
5842	25230
9581	28969
5139	24527
10485	29873
9799	29187
1817	21205
3717	23105
1274	20662
6624	26012
5702	25090
2614	22002
27	19415
9957	29345
10476	29864
3849	23237
12	19400
5640	25028
1427	20815
1715	21103
8142	27530
5288	24676
7648	27036
1076	20464
8636	28024
8030	27418
1651	21039
1090	20478
9176	28564
9370	28758
5096	24484
9380	28768
7620	27008
4743	24131
7853	27241
9705	29093
10397	29785
2788	22176
9224	28612
1149	20537
7355	26743
2757	22145
5232	24620
2100	21488
717	20105
3273	22661
4430	23818
1863	21251
2317	21705
9647	29035
3140	22528
4027	23415
7091	26479
1203	20591
8536	27924
10465	29853
4228	23616
962	20350
3808	23196
2346	21734
6350	25738
2501	21889
2859	22247
6620	26008
5856	25244
9255	28643
519	19907
4834	24222
1275	20663
4594	23982
3408	22796
2508	21896
9155	28543
6874	26262
2602	21990
3312	22700
1373	20761
8973	28361
2568	21956
256	19644
175	19563
7873	27261
1791	21179
5341	24729
1180	20568
5847	25235
315	19703
5776	25164
4736	24124
6176	25564
9820	29208
4350	23738
5466	24854
3522	22910
2029	21417
5057	24445
391	19779
8655	28043
1649	21037
133	19521
4473	23861
3429	22817
657	20045
6185	25573
2976	22364
1844	21232
3664	23052
8078	27466
31	19419
1990	21378
5956	25344
4028	23416
674	20062
7547	26935
7734	27122
8038	27426
7659	27047
5079	24467
6542	25930
9830	29218
4490	23878
6555	25943
5527	24915
4556	23944
4996	24384
7732	27120
10094	29482
4859	24247
2515	21903
8896	28284
5668	25056
9792	29180
10306	29694
485	19873
9061	28449
5607	24995
46	19434
3619	23007
6379	25767
9109	28497
8972	28360
8559	27947
9343	28731
2464	21852
8845	28233
4351	23739
1484	20872
7477	26865
10352	29740
644	20032
783	20171
2784	22172
7820	27208
2553	21941
1579	20967
159	19547
4590	23978
1717	21105
1821	21209
2835	22223
3700	23088
1329	20717
4874	24262
876	20264
6622	26010
2476	21864
7487	26875
9540	28928
3261	22649
323	19711
9506	28894
1436	20824
2514	21902
8195	27583
5756	25144
6559	25947
8108	27496
4609	23997
528	19916
5988	25376
10326	29714
2634	22022
3095	22483
1754	21142
1471	20859
353	19741
2019	21407
9470	28858
9547	28935
4360	23748
6705	26093
7506	26894
3041	22429
5460	24848
974	20362
5625	25013
3395	22783
1544	20932
2686	22074
7090	26478
9854	29242
5972	25360
5008	24396
7401	26789
5861	25249
6378	25766
10482	29870
3418	22806
7257	26645
3135	22523
9286	28674
4708	24096
4075	23463
1960	21348
3971	23359
3601	22989
925	20313
672	20060
1340	20728
5117	24505
8212	27600
7554	26942
4131	23519
3368	22756
619	20007
8160	27548
5193	24581
7779	27167
5517	24905
3854	23242
305	19693
678	20066
232	19620
3609	22997
9842	29230
4377	23765
5673	25061
8304	27692
8395	27783
5383	24771
7291	26679
4992	24380
327	19715
10304	29692
7411	26799
6098	25486
7814	27202
1342	20730
254	19642
4769	24157
5444	24832
3373	22761
4294	23682
2556	21944
5045	24433
1144	20532
3994	23382
8587	27975
870	20258
4700	24088
7413	26801
757	20145
8389	27777
6089	25477
8411	27799
4435	23823
2708	22096
5512	24900
9500	28888
866	20254
208	19596
2689	22077
2186	21574
8123	27511
5211	24599
2217	21605
543	19931
8300	27688
1106	20494
6580	25968
6651	26039
4661	24049
6917	26305
2926	22314
4017	23405
4478	23866
4871	24259
1086	20474
1035	20423
1854	21242
4009	23397
2269	21657
7638	27026
5536	24924
7458	26846
292	19680
8	19396
2182	21570
5943	25331
5900	25288
5804	25192
2374	21762
4260	23648
1911	21299
1756	21144
660	20048
1157	20545
5494	24882
2989	22377
10110	29498
150	19538
2429	21817
595	19983
10183	29571
739	20127
3390	22778
9246	28634
6299	25687
4773	24161
5200	24588
4152	23540
329	19717
10436	29824
3765	23153
8438	27826
7740	27128
1101	20489
1344	20732
2895	22283
2141	21529
7052	26440
7094	26482
837	20225
5067	24455
4620	24008
4242	23630
293	19681
9154	28542
2279	21667
9213	28601
3087	22475
60	19448
2493	21881
7868	27256
10179	29567
7609	26997
8852	28240
8998	28386
1103	20491
10360	29748
1539	20927
2727	22115
7682	27070
1856	21244
10415	29803
10131	29519
1794	21182
9939	29327
4942	24330
8545	27933
9167	28555
279	19667
950	20338
5539	24927
2479	21867
5240	24628
5538	24926
6455	25843
621	20009
5333	24721
4191	23579
4636	24024
4143	23531
4735	24123
7827	27215
8455	27843
5361	24749
9121	28509
1474	20862
9344	28732
9941	29329
8672	28060
7202	26590
9010	28398
4577	23965
9383	28771
8097	27485
2203	21591
9348	28736
3311	22699
4483	23871
6071	25459
3973	23361
4359	23747
665	20053
9949	29337
1740	21128
9441	28829
8332	27720
897	20285
4630	24018
335	19723
3216	22604
8295	27683
852	20240
8963	28351
9388	28776
2044	21432
5765	25153
6331	25719
1983	21371
8685	28073
1811	21199
4154	23542
10168	29556
746	20134
7283	26671
9899	29287
6566	25954
6586	25974
5256	24644
2401	21789
5862	25250
3114	22502
856	20244
6649	26037
5718	25106
8605	27993
2400	21788
758	20146
10237	29625
6322	25710
5184	24572
5310	24698
9955	29343
5502	24890
3889	23277
655	20043
2448	21836
4292	23680
2367	21755
7108	26496
3108	22496
6507	25895
441	19829
9274	28662
2924	22312
7757	27145
7123	26511
5080	24468
8423	27811
4665	24053
1541	20929
184	19572
5893	25281
8136	27524
6727	26115
7571	26959
5033	24421
3084	22472
1431	20819
4651	24039
2382	21770
911	20299
8499	27887
6495	25883
10134	29522
5037	24425
4207	23595
4641	24029
10014	29402
1416	20804
8558	27946
9257	28645
8999	28387
3046	22434
8161	27549
6993	26381
324	19712
7575	26963
4809	24197
9934	29322
8140	27528
8158	27546
6171	25559
7567	26955
8283	27671
5571	24959
4939	24327
3886	23274
5050	24438
2615	22003
1169	20557
1186	20574
2741	22129
9752	29140
5763	25151
3455	22843
5000	24388
6319	25707
1384	20772
7038	26426
9613	29001
10406	29794
4177	23565
538	19926
4544	23932
5191	24579
774	20162
7540	26928
8187	27575
1946	21334
156	19544
8661	28049
1819	21207
7443	26831
5771	25159
9619	29007
5205	24593
7917	27305
7262	26650
1107	20495
8093	27481
4057	23445
1673	21061
6551	25939
7524	26912
9844	29232
5279	24667
8128	27516
6091	25479
1664	21052
10205	29593
9042	28430
7883	27271
4347	23735
611	19999
9429	28817
7979	27367
4715	24103
7385	26773
6515	25903
9150	28538
8762	28150
9903	29291
6536	25924
4274	23662
1188	20576
989	20377
8798	28186
6737	26125
6022	25410
244	19632
1194	20582
10136	29524
4998	24386
8741	28129
8248	27636
4429	23817
8668	28056
7544	26932
7215	26603
10177	29565
5124	24512
6563	25951
7243	26631
9169	28557
9319	28707
282	19670
6638	26026
9095	28483
3557	22945
6289	25677
7239	26627
3509	22897
8720	28108
6891	26279
5483	24871
7191	26579
10178	29566
2999	22387
6537	25925
709	20097
8075	27463
7492	26880
3231	22619
8013	27401
7174	26562
6293	25681
9110	28498
7326	26714
3466	22854
9549	28937
1921	21309
2025	21413
298	19686
9595	28983
4828	24216
664	20052
5973	25361
7968	27356
5449	24837
5241	24629
2892	22280
24	19412
2517	21905
6914	26302
267	19655
8203	27591
1780	21168
10354	29742
6174	25562
640	20028
1399	20787
7723	27111
9901	29289
8656	28044
7489	26877
701	20089
6471	25859
9900	29288
3299	22687
7535	26923
10124	29512
966	20354
6617	26005
7354	26742
2321	21709
7821	27209
7857	27245
6625	26013
29	19417
2643	22031
7516	26904
7273	26661
5351	24739
7514	26902
6439	25827
2719	22107
1674	21062
7568	26956
5197	24585
3964	23352
6349	25737
72	19460
9133	28521
2943	22331
8266	27654
6990	26378
5784	25172
6435	25823
1293	20681
6876	26264
10058	29446
1317	20705
8969	28357
7023	26411
6425	25813
2202	21590
5116	24504
9564	28952
1447	20835
10480	29868
1736	21124
9857	29245
5858	25246
10024	29412
884	20272
6377	25765
7165	26553
316	19704
2985	22373
2980	22368
5815	25203
3934	23322
3252	22640
1434	20822
5282	24670
5883	25271
2813	22201
10172	29560
3621	23009
2284	21672
6812	26200
5848	25236
623	20011
2881	22269
3839	23227
2875	22263
437	19825
5666	25054
8205	27593
8006	27394
2496	21884
200	19588
7118	26506
2785	22173
8697	28085
3538	22926
1515	20903
7079	26467
6006	25394
5369	24757
6384	25772
8691	28079
1440	20828
1023	20411
6221	25609
1703	21091
3233	22621
4941	24329
5075	24463
7800	27188
651	20039
1933	21321
6945	26333
6230	25618
6969	26357
5747	25135
4943	24331
8352	27740
3056	22444
5366	24754
831	20219
10443	29831
902	20290
6932	26320
1601	20989
2578	21966
4624	24012
6426	25814
1091	20479
4275	23663
10025	29413
4436	23824
5904	25292
2054	21442
2308	21696
6340	25728
5353	24741
10337	29725
9563	28951
2314	21702
4471	23859
3608	22996
158	19546
1546	20934
3565	22953
524	19912
2340	21728
9236	28624
3767	23155
9036	28424
2733	22121
9723	29111
10140	29528
6589	25977
9102	28490
877	20265
9801	29189
7879	27267
6672	26060
2434	21822
1173	20561
1697	21085
4691	24079
535	19923
3419	22807
8149	27537
3555	22943
3806	23194
2347	21735
3055	22443
4951	24339
2858	22246
7790	27178
6279	25667
1243	20631
3533	22921
8313	27701
3472	22860
4243	23631
9585	28973
5072	24460
1327	20715
6410	25798
10027	29415
5260	24648
8978	28366
2700	22088
4692	24080
8037	27425
6682	26070
4776	24164
450	19838
4130	23518
7772	27160
1548	20936
3355	22743
1349	20737
2762	22150
4588	23976
9463	28851
2246	21634
207	19595
9193	28581
1264	20652
988	20376
6248	25636
8272	27660
1729	21117
470	19858
3431	22819
4647	24035
9597	28985
1337	20725
3008	22396
3970	23358
890	20278
8922	28310
4674	24062
2567	21955
9220	28608
8007	27395
4050	23438
4382	23770
9297	28685
6794	26182
9600	28988
981	20369
328	19716
467	19855
2249	21637
6618	26006
4591	23979
10224	29612
6325	25713
6627	26015
4608	23996
6858	26246
6556	25944
3800	23188
4807	24195
2312	21700
2209	21597
4391	23779
5127	24515
9039	28427
5118	24506
3027	22415
252	19640
4788	24176
5604	24992
6201	25589
4295	23683
4477	23865
2175	21563
337	19725
9751	29139
6295	25683
10389	29777
5635	25023
2742	22130
8528	27916
488	19876
3443	22831
9108	28496
9763	29151
8788	28176
6513	25901
7646	27034
9486	28874
732	20120
229	19617
5775	25163
10190	29578
10017	29405
5025	24413
4148	23536
7129	26517
5735	25123
539	19927
4393	23781
2647	22035
109	19497
4662	24050
5518	24906
2929	22317
3497	22885
3781	23169
2674	22062
1390	20778
3933	23321
9776	29164
9677	29065
5662	25050
8895	28283
8481	27869
2958	22346
7167	26555
1027	20415
396	19784
1707	21095
9660	29048
8477	27865
2343	21731
4409	23797
7703	27091
6150	25538
5061	24449
3489	22877
9534	28922
4889	24277
5966	25354
1689	21077
3955	23343
9580	28968
8178	27566
5548	24936
8547	27935
9623	29011
7164	26552
4052	23440
6964	26352
2903	22291
9993	29381
3797	23185
3402	22790
8120	27508
7029	26417
7673	27061
2236	21624
4023	23411
9483	28871
10291	29679
9798	29186
509	19897
360	19748
4250	23638
6054	25442
3413	22801
5416	24804
4882	24270
9579	28967
8169	27557
2233	21621
2644	22032
5498	24886
8790	28178
946	20334
5833	25221
1774	21162
4535	23923
5938	25326
4961	24349
7329	26717
7872	27260
1532	20920
9189	28577
8406	27794
2841	22229
3819	23207
8986	28374
7766	27154
4263	23651
1763	21151
5368	24756
6236	25624
6390	25778
4064	23452
7256	26644
4853	24241
171	19559
9342	28730
9478	28866
9759	29147
10364	29752
1521	20909
5289	24677
9616	29004
9836	29224
2633	22021
4531	23919
1491	20879
935	20323
7533	26921
1148	20536
8106	27494
7061	26449
8506	27894
4648	24036
1959	21347
948	20336
2575	21963
2092	21480
1949	21337
6900	26288
10368	29756
7796	27184
8254	27642
1561	20949
4772	24160
1377	20765
462	19850
7812	27200
2474	21862
429	19817
2937	22325
7397	26785
7957	27345
2191	21579
3023	22411
6530	25918
3829	23217
10200	29588
7336	26724
5843	25231
4098	23486
6756	26144
198	19586
4881	24269
9956	29344
2619	22007
10438	29826
3884	23272
9558	28946
4127	23515
7178	26566
9716	29104
1734	21122
7922	27310
182	19570
6231	25619
5156	24544
6296	25684
4313	23701
4639	24027
1607	20995
137	19525
9664	29052
9168	28556
8280	27668
3701	23089
4248	23636
4281	23669
9011	28399
1061	20449
8644	28032
1802	21190
1558	20946
8370	27758
10161	29549
409	19797
98	19486
8487	27875
5206	24594
10005	29393
6183	25571
9443	28831
10156	29544
2915	22303
6983	26371
6593	25981
8061	27449
7951	27339
2876	22264
6875	26263
721	20109
9869	29257
3034	22422
9305	28693
5580	24968
8816	28204
2224	21612
3895	23283
183	19571
604	19992
6427	25815
2164	21552
8581	27969
9688	29076
3744	23132
10383	29771
8859	28247
4517	23905
7141	26529
7468	26856
1481	20869
1163	20551
7789	27177
5619	25007
10472	29860
3298	22686
10327	29715
2573	21961
2256	21644
7500	26888
4234	23622
594	19982
7099	26487
7084	26472
5770	25158
9641	29029
761	20149
3820	23208
1016	20404
5318	24706
3554	22942
7612	27000
5746	25134
9720	29108
1119	20507
8935	28323
658	20046
4633	24021
7098	26486
291	19679
6572	25960
7791	27179
5176	24564
6298	25686
3963	23351
8800	28188
5215	24603
7389	26777
3393	22781
9773	29161
9825	29213
2300	21688
7925	27313
2696	22084
2463	21851
3357	22745
1388	20776
9186	28574
2190	21578
609	19997
10115	29503
9026	28414
7379	26767
10473	29861
4014	23402
10334	29722
5854	25242
8514	27902
8137	27525
286	19674
8077	27465
7630	27018
9986	29374
10447	29835
7481	26869
5992	25380
6577	25965
6667	26055
9397	28785
1907	21295
5	19393
7349	26737
7342	26730
6466	25854
5959	25347
942	20330
9793	29181
10356	29744
6748	26136
6689	26077
933	20321
7236	26624
9459	28847
3293	22681
3652	23040
7822	27210
9188	28576
6308	25696
2646	22034
3545	22933
1135	20523
3541	22929
5338	24726
4316	23704
2381	21769
2035	21423
5914	25302
3154	22542
6843	26231
7184	26572
8168	27556
6694	26082
5214	24602
2168	21556
4353	23741
4607	23995
263	19651
7998	27386
2660	22048
1071	20459
7505	26893
9306	28694
4583	23971
7205	26593
8221	27609
332	19720
7668	27056
4615	24003
9590	28978
4432	23820
2552	21940
1463	20851
5872	25260
7449	26837
7649	27037
4706	24094
4240	23628
5694	25082
6064	25452
3982	23370
3006	22394
3315	22703
7304	26692
8975	28363
2488	21876
874	20262
8374	27762
6173	25561
8742	28130
9926	29314
1820	21208
5624	25012
8824	28212
9543	28931
8408	27796
8929	28317
1641	21029
625	20013
5586	24974
6346	25734
6215	25603
4158	23546
9656	29044
8475	27863
7234	26622
1710	21098
5328	24716
5144	24532
6661	26049
7261	26649
241	19629
3317	22705
3244	22632
7266	26654
6099	25487
6046	25434
7181	26569
6972	26360
3789	23177
2671	22059
4247	23635
5121	24509
8728	28116
8163	27551
8164	27552
8042	27430
6591	25979
8189	27577
696	20084
775	20163
36	19424
6223	25611
9567	28955
1232	20620
7325	26713
2806	22194
7963	27351
6043	25431
8184	27572
3143	22531
5248	24636
9096	28484
7298	26686
4969	24357
6663	26051
3909	23297
10392	29780
9976	29364
1867	21255
9876	29264
4507	23895
9935	29323
8025	27413
4309	23697
663	20051
1575	20963
10375	29763
720	20108
10390	29778
8866	28254
10084	29472
3333	22721
7162	26550
5145	24533
2554	21942
733	20121
5707	25095
7756	27144
6143	25531
6277	25665
3783	23171
4512	23900
1438	20826
8996	28384
6383	25771
8347	27735
10208	29596
4049	23437
6256	25644
5358	24746
836	20224
3931	23319
7148	26536
3719	23107
4753	24141
2953	22341
2262	21650
1249	20637
8376	27764
9353	28741
9870	29258
3128	22516
3278	22666
9194	28582
5713	25101
8468	27856
3592	22980
348	19736
4329	23717
4865	24253
3703	23091
4319	23707
3578	22966
2409	21797
7948	27336
9704	29092
7501	26889
3882	23270
784	20172
10236	29624
9399	28787
451	19839
10226	29614
8021	27409
7267	26655
9183	28571
10184	29572
8773	28161
5545	24933
810	20198
4486	23874
10404	29792
3433	22821
6718	26106
10302	29690
10082	29470
6341	25729
1460	20848
4134	23522
6518	25906
5951	25339
1227	20615
7465	26853
963	20351
3957	23345
5681	25069
6666	26054
7758	27146
8494	27882
6553	25941
8577	27965
1085	20473
6016	25404
2940	22328
5427	24815
8084	27472
5335	24723
8238	27626
10056	29444
5740	25128
8119	27507
6519	25907
9149	28537
3923	23311
512	19900
10216	29604
134	19522
9359	28747
1953	21341
9289	28677
2259	21647
8032	27420
9575	28963
3126	22514
10494	29882
5592	24980
3721	23109
8674	28062
10176	29564
5507	24895
9303	28691
1369	20757
2392	21780
10002	29390
8002	27390
8968	28356
5576	24964
9937	29325
6895	26283
3904	23292
7860	27248
132	19520
3060	22448
5479	24867
4619	24007
8853	28241
5155	24543
6417	25805
5252	24640
3290	22678
6484	25872
1799	21187
5631	25019
2094	21482
3346	22734
4159	23547
7488	26876
1880	21268
4280	23668
5722	25110
5823	25211
3752	23140
4562	23950
6584	25972
770	20158
4024	23412
2966	22354
1400	20788
3423	22811
9608	28996
4527	23915
4687	24075
6573	25961
4761	24149
8410	27798
2527	21915
3622	23010
1719	21107
6444	25832
2239	21627
7561	26949
7126	26514
3110	22498
8840	28228
2852	22240
68	19456
8938	28326
4552	23940
932	20320
8473	27861
6461	25849
1596	20984
9529	28917
3860	23248
1158	20546
2714	22102
887	20275
5270	24658
1591	20979
6311	25699
7316	26704
2942	22330
4387	23775
8018	27406
7388	26776
6938	26326
2363	21751
915	20303
1687	21075
4891	24279
9708	29096
6327	25715
7616	27004
10348	29736
7185	26573
9013	28401
476	19864
3611	22999
3745	23133
8770	28158
8421	27809
1804	21192
2417	21805
10171	29559
484	19872
7744	27132
4810	24198
2604	21992
9374	28762
5077	24465
4965	24353
4267	23655
6136	25524
3405	22793
3707	23095
4073	23461
8851	28239
1531	20919
6259	25647
5881	25269
6040	25428
1599	20987
3146	22534
3296	22684
5819	25207
9713	29101
8251	27639
1668	21056
6742	26130
6967	26355
3857	23245
2855	22243
2389	21777
8803	28191
2303	21691
8362	27750
9041	28429
4383	23771
7562	26950
9113	28501
3014	22402
1994	21382
5329	24717
1646	21034
4373	23761
607	19995
6626	26014
1468	20856
4381	23769
2780	22168
8664	28052
276	19664
4178	23566
6469	25857
3180	22568
4426	23814
5971	25359
6088	25476
6265	25653
7672	27060
3157	22545
8772	28160
5115	24503
7504	26892
3598	22986
6182	25570
3961	23349
9309	28697
4945	24333
6698	26086
725	20113
463	19851
4144	23532
10384	29772
10217	29605
2625	22013
5918	25306
10363	29751
4268	23656
1902	21290
8496	27884
7124	26512
2290	21678
8783	28171
8932	28320
10135	29523
1358	20746
114	19502
8089	27477
8838	28226
7187	26575
5165	24553
177	19565
2438	21826
936	20324
3335	22723
8713	28101
8962	28350
6543	25931
6467	25855
9877	29265
3969	23357
1379	20767
3059	22447
7640	27028
2333	21721
7602	26990
9043	28431
1835	21223
4371	23759
6936	26324
5021	24409
10242	29630
3551	22939
4010	23398
635	20023
7037	26425
7559	26947
6610	25998
5774	25162
7214	26602
9025	28413
4369	23757
3461	22849
3310	22698
9452	28840
5378	24766
8614	28002
2005	21393
2939	22327
5661	25049
1043	20431
5995	25383
1509	20897
947	20335
425	19813
2749	22137
6186	25574
3987	23375
344	19732
2221	21609
4283	23671
153	19541
1007	20395
2364	21752
4088	23476
7451	26839
1743	21131
8529	27917
4572	23960
4494	23882
7829	27217
8019	27407
9281	28669
8791	28179
9066	28454
6854	26242
4415	23803
7186	26574
583	19971
1834	21222
529	19917
7570	26958
8991	28379
5905	25293
176	19564
6599	25987
4002	23390
4460	23848
6389	25777
8725	28113
8955	28343
8871	28259
4300	23688
1313	20701
5198	24586
9103	28491
2435	21823
2687	22075
3836	23224
8850	28238
7231	26619
6569	25957
984	20372
4116	23504
1526	20914
8488	27876
9040	28428
6050	25438
5261	24649
214	19602
8892	28280
9918	29306
5456	24844
873	20261
3879	23267
10059	29447
7387	26775
2559	21947
205	19593
8294	27682
9693	29081
6950	26338
951	20339
10076	29464
8570	27958
7937	27325
6407	25795
4125	23513
444	19832
22	19410
5467	24855
5331	24719
4505	23893
5506	24894
9144	28532
6707	26095
2219	21607
3083	22471
8863	28251
3948	23336
1498	20886
9756	29144
8141	27529
567	19955
9744	29132
4553	23941
3092	22480
260	19648
7240	26628
7459	26847
813	20201
2065	21453
161	19549
800	20188
685	20073
3331	22719
5790	25178
372	19760
2449	21837
1547	20935
997	20385
4026	23414
6363	25751
5902	25290
3723	23111
253	19641
6076	25464
748	20136
9591	28979
4340	23728
1045	20433
5038	24426
3980	23368
9895	29283
5838	25226
1608	20996
7529	26917
289	19677
5597	24985
2799	22187
1111	20499
3493	22881
8383	27771
967	20355
7581	26969
9007	28395
7373	26761
5524	24912
2649	22037
3313	22701
2562	21950
4616	24004
5071	24459
1104	20492
9913	29301
4872	24260
3625	23013
1741	21129
1494	20882
2548	21936
3595	22983
2443	21831
8102	27490
367	19755
8357	27745
1605	20993
6792	26180
6462	25850
2826	22214
9078	28466
7765	27153
5350	24738
3670	23058
6985	26373
1776	21164
6885	26273
9132	28520
6348	25736
2767	22155
5319	24707
5590	24978
1825	21213
3760	23148
939	20327
8129	27517
7009	26397
10088	29476
3897	23285
5438	24826
978	20366
420	19808
6868	26256
6864	26252
5005	24393
9448	28836
5453	24841
5370	24758
3630	23018
6343	25731
4463	23851
10277	29665
3705	23093
970	20358
8718	28106
2489	21877
3859	23247
8464	27852
4205	23593
9134	28522
8663	28051
9019	28407
2543	21931
627	20015
6013	25401
943	20331
2391	21779
3249	22637
1714	21102
7844	27232
7250	26638
5457	24845
167	19555
7220	26608
6020	25408
9588	28976
7972	27360
2380	21768
8834	28222
6479	25867
8782	28170
4044	23432
4217	23605
1192	20580
6578	25966
3316	22704
8609	27997
2656	22044
2307	21695
2163	21551
3639	23027
4276	23664
7033	26421
1702	21090
5817	25205
2590	21978
3751	23139
2851	22239
3342	22730
6612	26000
4682	24070
9632	29020
7742	27130
9789	29177
2572	21960
2358	21746
4723	24111
9629	29017
8375	27763
9197	28585
4270	23658
3241	22629
5109	24497
6003	25391
2004	21392
3176	22564
4219	23607
744	20132
9323	28711
7741	27129
8594	27982
2620	22008
1201	20589
3714	23102
1297	20685
6284	25672
8107	27495
3873	23261
1559	20947
9494	28882
8279	27667
58	19446
6058	25446
2486	21874
3035	22423
9592	28980
1421	20809
681	20069
9898	29286
9528	28916
6001	25389
6468	25856
4030	23418
10249	29637
2913	22301
7132	26520
2230	21618
8055	27443
6931	26319
4670	24058
4040	23428
1600	20988
2951	22339
2688	22076
4818	24206
10455	29843
4237	23625
9253	28641
411	19799
4147	23535
247	19635
8133	27521
6026	25414
4589	23977
4102	23490
4476	23864
4279	23667
7938	27326
6984	26372
613	20001
7702	27090
8914	28302
240	19628
10069	29457
8635	28023
4495	23883
2058	21446
9114	28502
8544	27932
6912	26300
1688	21076
1488	20876
7577	26965
23	19411
5119	24507
203	19591
6675	26063
5355	24743
10374	29762
4080	23468
7995	27383
8988	28376
6338	25726
8299	27687
438	19826
1082	20470
3919	23307
7880	27268
7543	26931
6989	26377
8202	27590
7290	26678
3000	22388
6975	26363
9438	28826
4066	23454
5670	25058
3814	23202
1402	20790
6214	25602
4186	23574
7743	27131
4731	24119
6643	26031
9466	28854
2589	21977
2890	22278
1030	20418
4218	23606
4317	23705
3996	23384
7292	26680
3343	22731
7753	27141
9232	28620
683	20071
2722	22110
2675	22063
7134	26522
4903	24291
8802	28190
3877	23265
1178	20566
7999	27387
4418	23806
2812	22200
4852	24240
9364	28752
8882	28270
5441	24829
6798	26186
8143	27531
4185	23573
7967	27355
9747	29135
917	20305
51	19439
2751	22139
4655	24043
9537	28925
10132	29520
3668	23056
7583	26971
1556	20944
6790	26178
5258	24646
76	19464
8522	27910
5783	25171
2162	21550
7446	26834
7334	26722
131	19519
5797	25185
5394	24782
1277	20665
4273	23661
2394	21782
9227	28615
6532	25920
1309	20697
2252	21640
5779	25167
8393	27781
593	19981
2676	22064
2598	21986
7710	27098
5648	25036
5578	24966
2294	21682
9200	28588
6008	25396
3080	22468
7002	26390
8298	27686
4457	23845
5082	24470
3428	22816
1282	20670
1290	20678
8196	27584
3305	22693
5749	25137
10297	29685
6252	25640
3411	22799
8414	27802
4764	24152
2330	21718
6402	25790
7232	26620
2375	21763
1296	20684
1054	20442
7918	27306
617	20005
707	20095
3572	22960
5230	24618
3581	22969
3713	23101
2251	21639
212	19600
4819	24207
7042	26430
544	19932
10486	29874
8368	27756
10193	29581
6434	25822
549	19937
6280	25668
10361	29749
3383	22771
3946	23334
6155	25543
7680	27068
4625	24013
9250	28638
6768	26156
6380	25768
2461	21849
3518	22906
8709	28097
4214	23602
3318	22706
374	19762
1818	21206
7643	27031
4637	24025
7988	27376
4974	24362
4797	24185
8948	28336
4991	24379
9609	28997
3506	22894
6547	25935
9310	28698
795	20183
5432	24820
6527	25915
5297	24685
4480	23868
4824	24212
2853	22241
8815	28203
7655	27043
5638	25026
3867	23255
8415	27803
8942	28330
4099	23487
8965	28353
9174	28562
2522	21910
9366	28754
9318	28706
392	19780
7545	26933
1962	21350
9890	29278
75	19463
9541	28929
8427	27815
8446	27834
6024	25412
8180	27568
9021	28409
7636	27024
5760	25148
9851	29239
9	19397
7311	26699
5644	25032
5660	25048
10254	29642
1223	20611
563	19951
8747	28135
878	20266
5585	24973
2969	22357
8856	28244
9496	28884
9726	29114
589	19977
6736	26124
5278	24666
7044	26432
7448	26836
1168	20556
6777	26165
7782	27170
6000	25388
5107	24495
9027	28415
3275	22663
7463	26851
4020	23408
10401	29789
4703	24091
7133	26521
4355	23743
4012	23400
1139	20527
3960	23348
255	19643
5470	24858
7862	27250
10067	29455
8236	27624
7989	27377
1560	20948
1618	21006
5046	24434
9143	28531
4933	24321
3748	23136
6641	26029
1879	21267
6374	25762
10263	29651
8825	28213
5276	24664
740	20128
5546	24934
2136	21524
1846	21234
6981	26369
9172	28560
7498	26886
6105	25493
3548	22936
693	20081
9970	29358
2033	21421
7221	26609
6021	25409
5320	24708
9878	29266
3175	22563
8870	28258
5871	25259
1610	20998
7803	27191
8249	27637
416	19804
2368	21756
7036	26424
4357	23745
3997	23385
8117	27505
1410	20798
1786	21174
1795	21183
3214	22602
4362	23750
3535	22923
8735	28123
6674	26062
10158	29546
7916	27304
4484	23872
6406	25794
6848	26236
8637	28025
7642	27030
6615	26003
3731	23119
8181	27569
2406	21794
3992	23380
2975	22363
1643	21031
1609	20997
8443	27831
10462	29850
6359	25747
6678	26066
3228	22616
1884	21272
7932	27320
4029	23417
3232	22620
8724	28112
8624	28012
5615	25003
3387	22775
6445	25833
8881	28269
5435	24823
8327	27715
73	19461
7305	26693
3017	22405
7297	26685
7933	27321
301	19689
1887	21275
8934	28322
166	19554
536	19924
8353	27741
10422	29810
9477	28865
6963	26351
6784	26172
671	20059
5649	25037
1058	20446
1307	20695
9770	29158
258	19646
1918	21306
1322	20710
2731	22119
3218	22606
4667	24055
1698	21086
13	19401
8809	28197
10362	29750
9101	28489
6245	25633
2850	22238
4801	24189
7508	26896
616	20004
5154	24542
8764	28152
8757	28145
3764	23152
5295	24683
5309	24697
6552	25940
130	19518
9346	28734
8508	27896
4308	23696
4702	24090
2970	22358
6497	25885
1837	21225
5696	25084
4299	23687
3161	22549
3770	23158
5882	25270
7216	26604
9989	29377
684	20072
10133	29521
7926	27314
8258	27646
270	19658
6132	25520
7077	26465
2576	21964
9085	28473
533	19921
3514	22902
7521	26909
8171	27559
10021	29409
10160	29548
8301	27689
2286	21674
534	19922
3171	22559
5122	24510
6501	25889
2987	22375
2146	21534
2581	21969
8166	27554
6499	25887
2626	22014
815	20203
10373	29761
383	19771
10284	29672
8314	27702
9835	29223
9709	29097
4438	23826
4528	23916
8092	27480
4751	24139
10195	29583
2820	22208
3690	23078
7107	26495
2537	21925
9947	29335
8379	27767
10319	29707
10330	29718
186	19574
1578	20966
2383	21771
6523	25911
2513	21901
9351	28739
4230	23618
8070	27458
8009	27397
1917	21305
4944	24332
2776	22164
4878	24266
5452	24840
6317	25705
351	19739
2113	21501
2261	21649
3075	22463
8848	28236
5877	25265
9922	29310
8341	27729
9008	28396
4425	23813
147	19535
9203	28591
2404	21792
4008	23396
7650	27038
6865	26253
5100	24488
1028	20416
5250	24638
9238	28626
3204	22592
9254	28642
602	19990
4523	23911
1635	21023
9086	28474
1666	21054
9012	28400
8198	27586
5391	24779
8105	27493
6631	26019
9655	29043
6504	25892
9048	28436
5821	25209
8520	27908
4493	23881
6703	26091
9631	29019
9498	28886
8088	27476
5475	24863
2795	22183
2530	21918
6608	25996
4142	23530
4733	24121
6603	25991
650	20038
1257	20645
1332	20720
4602	23990
2992	22380
4508	23896
5347	24735
2996	22384
945	20333
1155	20543
6735	26123
8225	27613
6517	25905
9262	28650
2257	21645
10342	29730
4738	24126
6677	26065
4032	23420
1529	20917
322	19710
2359	21747
4833	24221
3142	22530
8535	27923
9381	28769
8543	27931
2174	21562
4567	23955
520	19908
5674	25062
2747	22135
7483	26871
7815	27203
6616	26004
9367	28755
1248	20636
6415	25803
2735	22123
3072	22460
9968	29356
3385	22773
1341	20729
2583	21971
9376	28764
3362	22750
3141	22529
5469	24857
9368	28756
7725	27113
233	19621
6947	26335
3224	22612
1242	20630
6206	25594
4085	23473
8613	28001
9398	28786
8493	27881
5242	24630
7750	27138
7474	26862
8378	27766
10073	29461
2034	21422
8589	27977
5407	24795
7843	27231
3658	23046
3123	22511
455	19843
1809	21197
2325	21713
568	19956
1419	20807
6255	25643
5222	24610
8131	27519
6759	26147
6590	25978
4798	24186
6106	25494
2931	22319
3421	22809
2243	21631
5062	24450
871	20259
8083	27471
7199	26587
9883	29271
2914	22302
3646	23034
8057	27445
5946	25334
223	19611
8748	28136
4574	23962
4640	24028
515	19903
3585	22973
2316	21704
8110	27498
6107	25495
2636	22024
4709	24097
8192	27580
3119	22507
2462	21850
8339	27727
5013	24401
6744	26132
6093	25481
3064	22452
716	20104
2718	22106
8197	27585
9338	28726
7105	26493
2280	21668
9357	28745
1840	21228
5647	25035
5633	25021
9141	28529
5777	25165
6212	25600
4389	23777
6877	26265
1653	21041
4419	23807
2947	22335
8682	28070
4233	23621
10078	29466
5908	25296
6111	25499
9985	29373
10289	29677
1255	20643
6290	25678
8549	27937
9272	28660
8967	28355
10325	29713
9559	28947
358	19746
1982	21370
321	19709
8470	27858
5315	24703
1753	21141
3891	23279
4448	23836
7245	26633
10461	29849
3406	22794
7482	26870
9896	29284
750	20138
3659	23047
7712	27100
6634	26022
9068	28456
7391	26779
2705	22093
4688	24076
3213	22601
3022	22410
5409	24797
9038	28426
8162	27550
272	19660
5387	24775
6847	26235
8497	27885
7161	26549
532	19920
961	20349
7625	27013
8634	28022
3640	23028
387	19775
6116	25504
3354	22742
3262	22650
2344	21732
264	19652
275	19663
3647	23035
6778	26166
1894	21282
4118	23506
6087	25475
6852	26240
6412	25800
266	19654
6796	26184
5039	24427
120	19508
2315	21703
5415	24803
8371	27759
6178	25566
9208	28596
5509	24897
2046	21434
3809	23197
968	20356
7067	26455
1305	20693
1161	20549
7794	27182
9803	29191
2710	22098
89	19477
3193	22581
2082	21470
6716	26104
6934	26322
6508	25896
9437	28825
10314	29702
10122	29510
6887	26275
7607	26995
8391	27779
3564	22952
2868	22256
8797	28185
9734	29122
6388	25776
6257	25645
7950	27338
10495	29883
6015	25403
2715	22103
4754	24142
1208	20596
2606	21994
823	20211
311	19699
2360	21748
5336	24724
8263	27651
10188	29576
1730	21118
10203	29591
6226	25614
2390	21778
3657	23045
7870	27258
2796	22184
6962	26350
889	20277
4875	24263
3898	23286
7666	27054
2348	21736
4694	24082
6816	26204
6475	25863
4748	24136
4954	24342
10031	29419
4288	23676
7358	26746
9505	28893
9226	28614
9502	28890
3759	23147
3584	22972
9076	28464
480	19868
2070	21458
618	20006
5659	25047
5492	24880
5655	25043
7768	27156
5478	24866
7075	26463
9372	28760
3203	22591
1226	20614
5065	24453
2144	21532
8876	28264
8167	27555
9099	28487
1848	21236
4498	23886
973	20361
8144	27532
5710	25098
334	19722
6774	26162
9727	29115
4519	23907
8794	28182
352	19740
880	20268
7418	26806
4532	23920
5019	24407
1062	20450
3097	22485
414	19802
1680	21068
2213	21601
8736	28124
6018	25406
3901	23289
9884	29272
8596	27984
8303	27691
9242	28630
7112	26500
765	20153
3076	22464
2908	22296
1991	21379
5108	24496
9978	29366
6825	26213
6656	26044
9849	29237
5181	24569
6302	25690
7433	26821
9995	29383
5608	24996
9151	28539
9719	29107
4968	24356
6449	25837
3861	23249
3485	22873
1751	21139
454	19842
7040	26428
7324	26712
5903	25291
3928	23316
1382	20770
8630	28018
10294	29682
4928	24316
689	20077
5228	24616
1229	20617
7881	27269
6976	26364
6370	25758
94	19482
4331	23719
3170	22558
6926	26314
1997	21385
1553	20941
2709	22097
8867	28255
8068	27456
6035	25423
9741	29129
3676	23064
6122	25510
5789	25177
7595	26983
6906	26294
7147	26535
7617	27005
2533	21921
8710	28098
3302	22690
10411	29799
9378	28766
9889	29277
7861	27249
3441	22829
10268	29656
4256	23644
7372	26760
8754	28142
2494	21882
2681	22069
5947	25335
9779	29167
2432	21820
1847	21235
7113	26501
6628	26016
8127	27515
5653	25041
1891	21279
2640	22028
8553	27941
3392	22780
9521	28909
3913	23301
2079	21467
9249	28637
8260	27648
52	19440
7530	26918
9617	29005
9863	29251
10293	29681
2197	21585
2746	22134
7940	27328
2399	21787
1654	21042
6190	25578
6949	26337
9251	28639
4946	24334
7537	26925
9022	28410
8485	27873
4757	24145
1945	21333
6477	25865
4246	23634
10250	29638
7686	27074
6205	25593
4994	24382
5274	24662
290	19678
10103	29491
6930	26318
9354	28742
2997	22385
6941	26329
7969	27357
7395	26783
5172	24560
379	19767
2998	22386
3715	23103
1353	20741
1138	20526
8737	28125
3010	22398
6030	25418
8652	28040
4680	24068
9464	28852
669	20057
3382	22770
9668	29056
371	19759
122	19510
7797	27185
1429	20817
4540	23928
3219	22607
2143	21531
2680	22068
2732	22120
4901	24289
3890	23278
9659	29047
10493	29881
7641	27029
1996	21384
7528	26916
645	20033
5850	25238
861	20249
6602	25990
7633	27021
2551	21939
7010	26398
234	19622
8751	28139
6463	25851
7177	26565
3271	22659
10252	29640
5182	24570
3910	23298
8785	28173
10006	29394
885	20273
7631	27019
1966	21354
5639	25027
2002	21390
8921	28309
5899	25287
5171	24559
5059	24447
6356	25744
10143	29531
1	19389
3258	22646
4908	24296
9475	28863
9184	28572
9966	29354
8151	27539
230	19618
5955	25343
1195	20583
6025	25413
4642	24030
3653	23041
4104	23492
787	20175
722	20110
6381	25769
430	19818
9908	29296
304	19692
4645	24033
8489	27877
5748	25136
1709	21097
2388	21776
4716	24104
3688	23076
811	20199
403	19791
3812	23200
1525	20913
5027	24415
1172	20560
9409	28797
6821	26209
5851	25239
2310	21698
6695	26083
6743	26131
2986	22374
1935	21323
4264	23652
5982	25370
1273	20661
5173	24561
5998	25386
5936	25324
9312	28700
6780	26168
4069	23457
4063	23451
8726	28114
1692	21080
2930	22318
308	19696
3358	22746
9245	28633
3600	22988
418	19806
9202	28590
3089	22477
5014	24402
8036	27424
8382	27770
9526	28914
5844	25232
2584	21972
1127	20515
8763	28151
1147	20535
8059	27447
432	19820
7874	27262
2062	21450
4312	23700
548	19936
9584	28972
2815	22203
8325	27713
9694	29082
4820	24208
8675	28063
4433	23821
10225	29613
6193	25581
7017	26405
8576	27964
9545	28933
7837	27225
8079	27467
940	20328
448	19836
10070	29458
1150	20538
7677	27065
4224	23612
412	19800
5913	25301
3189	22577
8759	28147
8201	27589
4782	24170
4384	23772
2668	22056
119	19507
3438	22826
209	19597
4981	24369
8290	27678
2793	22181
5087	24475
6269	25657
4885	24273
1670	21058
464	19852
2503	21891
9902	29290
9625	29013
1354	20742
1590	20978
2704	22092
5650	25038
6203	25591
4411	23799
5375	24763
5761	25149
2110	21498
3569	22957
7008	26396
9052	28440
10197	29585
7039	26427
1726	21114
3288	22676
9317	28705
4911	24299
8224	27612
1087	20475
4526	23914
4697	24085
336	19724
7414	26802
2898	22286
5568	24956
2441	21829
4718	24106
3210	22598
10077	29465
7429	26817
10032	29420
763	20151
5766	25154
8890	28278
4669	24057
3018	22406
7072	26460
1105	20493
3043	22431
9671	29059
9715	29103
9594	28982
3260	22648
6192	25580
9153	28541
9029	28417
9633	29021
8052	27440
759	20147
8836	28224
2447	21835
9285	28673
6002	25390
9335	28723
9384	28772
3586	22974
4467	23855
1567	20955
7604	26992
6253	25641
7096	26484
1022	20410
6923	26311
2428	21816
1363	20751
7244	26632
5786	25174
4287	23675
7404	26792
9517	28905
2938	22326
7475	26863
9083	28471
9413	28801
7596	26984
7563	26951
5216	24604
6509	25897
8901	28289
5672	25060
9737	29125
9669	29057
5420	24808
146	19534
8507	27895
8622	28010
6861	26249
4291	23679
10387	29775
4226	23614
9395	28783
4983	24371
6453	25841
3837	23225
5526	24914
9615	29003
3696	23084
8065	27453
2570	21958
3494	22882
5508	24896
9237	28625
9730	29118
10096	29484
2492	21880
5371	24759
1477	20865
10341	29729
2964	22352
3683	23071
6492	25880
7552	26940
4774	24162
1537	20925
4188	23576
2944	22332
2304	21692
1142	20530
3	19391
7719	27107
6447	25835
9862	29250
6829	26217
5697	25085
5384	24772
2013	21401
5549	24937
10235	29623
3943	23331
7175	26563
10040	29428
5587	24975
2787	22175
9911	29299
9465	28853
7522	26910
5890	25278
829	20217
6121	25509
5083	24471
6594	25982
3881	23269
4333	23721
4995	24383
5560	24948
9451	28839
3515	22903
8564	27952
6528	25916
7515	26903
8492	27880
6514	25902
4787	24175
9473	28861
2425	21813
2805	22193
7471	26859
6396	25784
4171	23559
9603	28991
1508	20896
7390	26778
3259	22647
8020	27408
4849	24237
4950	24338
9808	29196
5503	24891
728	20116
4707	24095
5767	25155
6493	25881
8274	27662
7020	26408
9269	28657
8165	27553
4767	24155
7576	26964
1130	20518
3709	23097
2121	21509
9703	29091
9059	28447
8253	27641
8723	28111
1961	21349
7275	26663
2577	21965
4061	23449
7006	26394
8372	27760
3918	23306
7456	26844
2560	21948
363	19751
5552	24940
10446	29834
40	19428
6605	25993
4569	23957
2102	21490
5610	24998
9205	28593
5244	24632
1075	20463
5826	25214
8076	27464
7070	26458
5849	25237
4321	23709
2845	22233
6890	26278
3381	22769
10012	29400
6849	26237
1573	20961
2864	22252
1039	20427
7618	27006
4126	23514
8442	27830
8654	28042
3424	22812
9126	28514
9469	28857
1370	20758
9098	28486
8239	27627
8432	27820
9788	29176
1892	21280
8033	27421
5392	24780
5306	24694
2540	21928
4953	24341
8695	28083
8457	27845
6539	25927
6392	25780
2009	21397
3965	23353
7218	26606
9339	28727
612	20000
10409	29797
7688	27076
3835	23223
1423	20811
2278	21666
9201	28589
1929	21317
9520	28908
1524	20912
6525	25913
7878	27266
5934	25322
10460	29848
8885	28273
2871	22259
6511	25899
7295	26683
5949	25337
6156	25544
3634	23022
10165	29553
9787	29175
6272	25660
4884	24272
3847	23235
3774	23162
1893	21281
9145	28533
10001	29389
8268	27656
2698	22086
6075	25463
4374	23762
4909	24297
996	20384
3979	23367
514	19902
1425	20813
1788	21176
4516	23904
4868	24256
3239	22627
8291	27679
7565	26953
9415	28803
3211	22599
7539	26927
3738	23126
10442	29830
188	19576
9261	28649
5758	25146
5348	24736
9111	28499
7716	27104
2627	22015
9740	29128
8994	28382
7274	26662
698	20086
9812	29200
6832	26220
9868	29256
7264	26652
8904	28292
2365	21753
10478	29866
4187	23575
6181	25569
6262	25650
7700	27088
2127	21515
3852	23240
855	20243
6662	26050
9420	28808
9334	28722
2773	22161
4293	23681
1767	21155
7980	27368
628	20016
5733	25121
7897	27285
4346	23734
7362	26750
9020	28408
4423	23811
7889	27277
4622	24010
1495	20883
3665	23053
9313	28701
2133	21521
850	20238
5563	24951
10382	29770
3813	23201
924	20312
10101	29489
7867	27255
919	20307
502	19890
5487	24875
2923	22311
10427	29815
7735	27123
9958	29346
9778	29166
4627	24015
8924	28312
865	20253
1923	21311
9628	29016
9657	29045
9829	29217
5363	24751
7831	27219
3195	22583
2911	22299
1549	20937
3107	22495
5691	25079
5085	24473
28	19416
5505	24893
8345	27733
1749	21137
903	20291
6114	25502
1162	20550
7621	27009
141	19529
7788	27176
10042	29430
2199	21587
6878	26266
6725	26113
5485	24873
5426	24814
854	20242
3470	22858
10223	29611
369	19757
1627	21015
6937	26325
9081	28469
5591	24979
9435	28823
1489	20877
8014	27402
7990	27378
7252	26640
1988	21376
8858	28246
6428	25816
4565	23953
8403	27791
8755	28143
20	19408
4211	23599
5912	25300
380	19768
9732	29120
9231	28619
21	19409
6307	25695
7959	27347
2738	22126
1858	21246
6197	25585
8719	28107
7708	27096
7825	27213
2707	22095
239	19627
993	20381
8027	27415
2129	21517
547	19935
3464	22852
6951	26339
3796	23184
7279	26667
2017	21405
1316	20704
3613	23001
1516	20904
2362	21750
3115	22503
5381	24769
2921	22309
8740	28128
4730	24118
8447	27835
1631	21019
6163	25551
4462	23850
1072	20460
7136	26524
6237	25625
9057	28445
2979	22367
9943	29331
1483	20871
8854	28242
4482	23870
7838	27226
10498	29886
6282	25670
8361	27749
2670	22058
7592	26980
5262	24650
7819	27207
2652	22040
2759	22147
5249	24637
4578	23966
677	20065
9307	28695
3277	22665
3148	22536
2379	21767
3872	23260
2196	21584
4414	23802
3145	22533
4899	24287
9130	28518
6645	26033
8805	28193
8971	28359
9733	29121
6857	26245
491	19879
5484	24872
10335	29723
2095	21483
9606	28994
3519	22907
6353	25741
1718	21106
9053	28441
8958	28346
575	19963
6357	25745
3699	23087
5643	25031
3396	22784
5944	25332
1886	21274
8873	28261
10391	29779
2561	21949
9593	28981
3763	23151
2050	21438
7169	26557
9598	28986
8920	28308
5086	24474
10215	29603
5136	24524
1500	20888
6681	26069
561	19949
920	20308
2524	21912
8244	27632
6531	25919
5254	24642
7430	26818
9165	28553
4576	23964
3225	22613
8639	28027
3576	22964
3370	22758
2232	21620
168	19556
7288	26676
5201	24589
8646	28034
5138	24526
5717	25105
8591	27979
2916	22304
1049	20437
5296	24684
1120	20508
4790	24178
3353	22741
10111	29499
3666	23054
9938	29326
9743	29131
5997	25385
4070	23458
427	19815
6715	26103
9771	29159
3794	23182
5239	24627
4844	24232
5113	24501
8058	27446
6103	25491
8582	27970
6401	25789
9453	28841
4078	23466
10403	29791
6442	25830
9652	29040
9314	28702
4907	24295
163	19551
6019	25407
4083	23471
4379	23767
10209	29597
9128	28516
4354	23742
3454	22842
6464	25852
2679	22067
10087	29475
9728	29116
10256	29644
5352	24740
661	20049
3559	22947
4612	24000
1191	20579
954	20342
1312	20700
7598	26986
1017	20405
6210	25598
9785	29173
6438	25826
541	19929
8571	27959
1486	20874
2610	21998
9552	28940
6680	26068
5901	25289
7461	26849
1040	20428
5480	24868
5879	25267
3905	23293
8676	28064
2437	21825
1128	20516
2061	21449
6153	25541
3134	22522
3761	23149
7004	26392
487	19875
5423	24811
1032	20420
5412	24800
4395	23783
1493	20881
1480	20868
1992	21380
5429	24817
8321	27709
9555	28943
2036	21424
402	19790
9929	29317
10265	29653
3399	22787
6758	26146
7194	26582
9757	29145
8752	28140
1453	20841
4910	24298
80	19468
1800	21188
4804	24192
3636	23024
8766	28154
9385	28773
4092	23480
4851	24239
3324	22712
10112	29500
6297	25685
1685	21073
9522	28910
1108	20496
9457	28845
9414	28802
10147	29535
1625	21013
5026	24414
2792	22180
5364	24752
9265	28653
1006	20394
1367	20755
8781	28169
7491	26879
6084	25472
5846	25234
9813	29201
9507	28895
401	19789
3612	23000
3155	22543
8312	27700
7698	27086
1941	21329
4007	23395
3197	22585
6769	26157
3280	22668
7689	27077
9107	28495
5975	25363
8130	27518
5550	24938
8666	28054
10092	29480
3678	23066
1433	20821
546	19934
670	20058
8714	28102
5698	25086
10287	29675
753	20141
5015	24403
6856	26244
9762	29150
10290	29678
1808	21196
1325	20713
3855	23243
10085	29473
5414	24802
112	19500
10386	29774
8282	27670
8067	27455
6776	26164
8191	27579
5714	25102
5048	24436
7549	26937
3199	22587
3007	22395
4342	23730
2557	21945
3002	22390
4586	23974
4927	24315
5778	25166
170	19558
8510	27898
4105	23493
3864	23252
9513	28901
4067	23455
5813	25201
4112	23500
3684	23072
3523	22911
7300	26688
2106	21494
8894	28282
3151	22539
7438	26826
4165	23553
3766	23154
5496	24884
6700	26088
9965	29353
9841	29229
8349	27737
54	19442
6701	26089
9531	28919
1038	20426
8820	28208
2412	21800
5153	24541
2683	22071
3896	23284
10366	29754
4198	23586
2026	21414
2215	21603
9400	28788
2068	21456
7704	27092
2471	21859
5263	24651
10159	29547
4323	23711
5236	24624
557	19945
4265	23653
7555	26943
1747	21135
2774	22162
5504	24892
7610	26998
6670	26058
1287	20675
8812	28200
8846	28234
3473	22861
9472	28860
9345	28733
9363	28751
9800	29188
4097	23485
5133	24521
7513	26901
7663	27051
273	19661
7936	27324
172	19560
9611	28999
5734	25122
4427	23815
9337	28725
197	19585
10453	29841
330	19718
7415	26803
3051	22439
8234	27622
9824	29212
5907	25295
6219	25607
1829	21217
794	20182
5528	24916
10481	29869
10211	29599
510	19898
1206	20594
8584	27972
162	19550
5464	24852
8418	27806
4249	23637
7312	26700
9881	29269
2523	21911
8073	27461
606	19994
3112	22500
9293	28681
5618	25006
695	20083
8512	27900
1236	20624
6470	25858
2623	22011
7813	27201
6263	25651
1499	20887
1583	20971
2038	21426
1205	20593
9571	28959
9892	29280
2867	22255
6521	25909
