8850	739	4690
652	227	8850
8850	654	652
28238	2440	24078
20040	1928	28238
28238	2355	20040
11287	317	5674
13476	317	5674
6858	317	5674
5875	317	5674
5674	533	515
5674	590	515
5674	533	7272
11141	317	5674
10416	317	5674
30675	2018	25062
32864	2018	25062
26246	2018	25062
25263	2018	25062
19903	2234	25062
25062	2353	19903
25062	2234	26660
1549	343	8202
8202	271	10734
20937	2044	27590
27590	1972	30122
323	21	5371
323	440	11264
12655	680	323
1436	807	323
19711	1722	24759
19711	2141	30652
32043	2520	19711
20824	2508	19711
8678	155	9673
8678	155	10172
28066	2183	25541
28066	1856	29560
910	374	450
910	471	450
910	21	450
20298	2075	19838
20298	2172	19838
20298	1722	19838
14798	827	372
372	756	14890
372	756	13119
8049	507	372
11692	507	372
34186	2528	19760
19760	2457	34278
19760	2457	32507
27437	2208	19760
31080	2208	19760
2679	538	2113
2113	126	10808
2113	388	12217
2113	388	6784
22067	2239	21501
21501	2434	30196
21501	2434	31605
21501	2089	26172
13190	1148	407
407	756	6594
5030	331	407
32578	2528	19795
19795	2457	25982
19795	2457	25982
6982	652	2383
2383	831	6982
6982	199	2383
2383	819	6982
6982	255	11801
6982	827	10136
26370	2353	21771
21771	2532	26370
26370	1900	21771
21771	2520	26370
26370	1956	31189
26370	2172	29524
11764	722	495
495	91	11764
31152	2423	19883
19883	1792	31152
5791	331	3643
5791	75	3643
5791	880	7891
5791	880	8106
5791	75	10655
25179	2032	23031
25179	1776	23031
25179	2581	27279
25179	2581	27494
25179	1776	30043
6405	843	4283
6405	843	8076
6405	843	13661
6405	843	12468
6405	843	8204
25793	2544	23671
25793	2544	27464
25793	2544	33049
25793	2544	31856
25793	2544	27592
2876	414	11083
2876	271	11083
2876	476	4974
2876	1244	12914
2876	271	13599
2876	494	12521
22264	2115	30471
22264	1972	30471
22264	2177	24362
22264	2528	32302
22264	1972	32987
22264	1972	31909
4752	869	1062
42	351	1062
7085	869	1062
3971	810	1062
5687	351	1062
7961	351	1062
7385	810	1062
13841	810	1062
14949	782	1062
10521	810	1062
280	351	1062
2134	869	1062
13302	810	1062
7924	810	1062
1062	815	9837
7253	78	1062
11227	564	5184
5184	98	9664
5184	98	14467
5184	98	8534
13653	1112	5184
5184	812	717
5184	756	10417
9576	827	5184
30615	2265	24572
24572	2382	29052
24572	2382	33855
24572	2382	27922
33041	1875	24572
24572	2513	20105
24572	2457	29805
28964	2528	24572
7315	104	5473
7315	104	5640
3062	184	7315
7315	697	4064
26703	1805	24861
26703	2276	25028
22450	1885	26703
26703	2398	23452
557	331	11329
557	34	11470
19945	2032	30717
19945	1735	30858
4653	911	9555
24041	2140	28943
5518	34	8221
9486	388	5518
5518	331	2575
24906	1735	27609
28874	2089	24906
24906	2032	21963
4397	59	8498
4397	88	12290
4397	88	14266
4397	42	6739
4397	219	14255
4397	59	5376
4397	88	13926
4397	88	13331
4397	42	9097
4397	88	8760
23785	1760	27886
23785	1789	31678
23785	1789	33654
23785	1743	26127
23785	1920	33643
23785	1760	24764
3797	739	7161
8861	1218	3797
3797	589	8861
3797	295	1403
3797	155	7807
7807	242	3797
23185	2440	26549
28249	3018	23185
23185	2290	28249
23185	1996	20791
23185	1856	27195
27195	1943	23185
8427	1136	3770
27815	2586	23158
10498	471	2723
10498	471	12572
10498	471	3194
10498	471	10091
10498	471	1782
10498	471	12001
10498	471	11680
29886	2172	22582
29886	2172	31960
29886	2172	22582
29886	2172	22582
29886	2172	21170
29886	2172	31389
29886	2172	31068
8305	998	13723
8305	998	2403
8305	606	7750
8305	606	13677
8305	998	13925
27693	2509	33111
27693	2509	21791
27693	2528	27138
27693	2528	33065
27693	2509	33313
1985	292	5211
1985	279	14268
1985	279	11551
1985	697	4064
21373	1993	24599
21373	1980	33656
21373	1980	30939
21373	2398	23452
2514	606	3751
2514	606	7750
21902	2307	23139
21902	2307	27138
8260	494	10734
8260	271	10734
8260	271	7891
8260	476	7990
8260	271	6173
8260	414	6173
8260	271	4757
8260	476	4348
27648	2195	30122
27648	1972	30122
27648	1972	27279
27648	2177	27378
27648	1972	25561
27648	2115	25561
27648	1972	24145
27648	2177	23736
6989	388	383
9698	819	6989
2623	27	6989
6989	21	12080
12080	651	6989
26377	2089	19771
29086	2520	26377
22011	1728	26377
26377	1722	31468
31468	2105	26377
416	395	10235
3022	181	416
416	476	3022
416	1244	11500
416	271	12005
416	414	10002
416	271	10002
416	271	11242
416	271	10085
416	271	11953
416	271	4208
19804	2096	29623
22410	1882	19804
19804	2177	22410
19804	2528	30888
19804	1972	31393
1186	1137	6649
11414	1137	6649
4235	1137	6649
10572	1137	6649
20574	2562	26037
30802	2562	26037
20574	2562	26037
29960	2562	26037
2416	177	8654
3360	271	2416
21804	1878	28042
22748	1972	21804
5819	271	2826
10942	271	2826
5476	271	2826
7475	271	2826
6917	414	2826
6917	271	2826
10620	271	2826
5720	414	2826
5720	271	2826
25207	1972	22214
30330	1972	22214
24864	1972	22214
26863	1972	22214
26305	2115	22214
26305	1972	22214
30008	1972	22214
9314	271	6171
9314	271	14277
9314	271	8068
28702	1972	25559
28702	1972	33665
28702	1972	27456
3057	476	2295
3057	271	11098
3057	414	11098
3057	494	6111
8574	590	3057
3057	533	8574
3057	476	7316
22445	2177	21683
22445	1972	30486
22445	2115	30486
22445	2195	25499
27697	2291	22445
22445	2234	27697
22445	2177	26704
14492	343	2561
2561	271	7067
2561	271	11268
33880	2044	21949
21949	1972	26455
21949	1972	30656
6259	476	6891
9181	476	6891
25647	2177	26279
28569	2177	26279
3973	171	12563
14331	426	3973
6124	652	3973
3973	819	6124
3973	171	7556
23361	1872	31951
33719	2127	23361
25512	2353	23361
23361	2520	25512
23361	1872	26944
8969	156	5025
11186	351	8969
13622	351	8969
28357	1857	24413
30574	2996	28357
33010	2996	28357
7254	43	2431
2431	388	13314
8436	442	2431
5412	442	2431
3319	627	2431
13579	1578	2431
3081	442	2431
14546	1390	2431
11401	442	2431
10485	627	2431
10452	442	2431
1160	1350	2431
11015	627	2431
3616	627	2431
13870	627	2431
4810	627	2431
5335	709	7054
7054	810	14110
7054	156	287
7054	810	175
7054	810	8646
7054	156	9660
24723	2410	26442
26442	2511	33498
26442	1857	19675
26442	2511	19563
26442	2511	28034
26442	1857	29048
5959	725	2971
2971	579	9042
25347	2426	22359
22359	2280	28430
1157	571	6171
1157	606	7707
1157	571	8935
1157	606	12379
1157	781	9378
1157	606	1826
1157	204	4310
1157	75	10883
1157	571	13777
1157	606	6821
1157	781	1061
1157	606	2782
1157	606	6237
1157	165	14865
1157	285	12825
1157	606	796
2397	244	9560
9560	260	9169
10063	244	9560
4065	244	9560
11180	244	9560
23453	1945	28948
28948	1961	28557
23453	1945	28948
23453	1945	28948
30568	1945	28948
2903	530	5831
2903	22	8862
22291	2231	25219
22291	1723	28250
6558	343	10308
10308	271	11555
10308	271	1423
10308	414	11417
10308	271	11417
10308	271	2949
8512	343	10308
10308	476	8512
25946	2044	29696
29696	1972	30943
29696	1972	20811
29696	2115	30805
29696	1972	30805
29696	1972	22337
27900	2044	29696
29696	2177	27900
8982	331	7439
8982	34	12070
11515	414	8982
28370	2032	26827
28370	1735	31458
30903	2115	28370
359	652	14888
14888	819	359
19747	2353	34276
34276	2520	19747
10087	463	3387
3387	652	1163
3387	388	7822
3387	634	7145
10348	463	3387
3387	634	10348
29475	2164	22775
22775	2353	20551
22775	2089	27210
22775	2335	26533
29736	2164	22775
22775	2335	29736
5026	471	233
7337	374	233
14419	374	233
11263	374	233
11553	471	233
233	27	993
993	374	233
14997	609	233
5804	649	233
24414	2172	19621
26725	2075	19621
33807	2075	19621
30651	2172	19621
30941	2172	19621
19621	1728	20381
20381	2075	19621
8603	271	3789
8603	494	3789
12839	271	3789
12866	271	3789
10917	271	3789
10917	494	3789
5328	395	3789
6544	271	3789
4079	271	3789
11103	271	3789
9773	271	3789
5173	271	3789
1933	271	3789
6645	271	3789
6645	494	3789
9036	271	3789
1196	810	9595
9810	810	9595
8514	810	9595
14402	810	9595
12245	810	9595
9595	171	5327
29198	2511	28983
29198	2511	28983
27902	2511	28983
33790	2511	28983
31633	2511	28983
29198	2511	28983
6638	533	4807
4807	652	6638
6638	819	850
6638	34	2787
6638	471	9843
2853	725	6638
26026	2234	24195
24195	2291	26026
26026	2234	20238
26026	2509	22175
26026	2172	29231
22241	2426	26026
1382	476	11194
1382	271	153
1382	271	3609
1382	271	11557
1382	271	11912
20770	2177	30582
20770	1972	19541
20770	1972	22997
20770	1972	30945
20770	1972	31300
4827	652	1052
1052	533	4827
13079	533	1052
1052	634	3072
1052	634	12984
1052	374	6570
11157	819	1052
1052	590	11157
14915	533	1052
11741	276	1052
11997	652	1052
1052	819	11997
1052	634	716
24215	2353	20440
20440	2520	24215
20440	2353	32467
4878	888	6176
6176	682	4878
4878	888	6200
4878	618	6200
6200	114	4878
7050	590	4878
10847	75	4878
14668	270	4878
24266	2589	25564
25564	2383	24266
24266	2589	25588
24266	2319	25588
25588	1815	24266
26438	2291	24266
30235	1776	24266
34056	1971	24266
1793	1199	1383
1793	1094	11681
21181	2029	20771
21181	2352	31069
254	79	490
9871	151	490
3107	79	490
490	652	8547
490	807	8547
541	79	490
7543	79	490
490	819	2251
2251	652	490
5495	79	490
13750	79	490
14260	79	490
8635	79	490
490	652	12411
490	79	12411
12411	819	490
7888	476	13527
7888	1148	7957
7888	1244	14890
7888	414	11555
7888	271	11555
12045	343	7888
7888	476	12045
7888	414	5381
7888	271	3201
7888	494	3201
27276	2177	32915
27276	2528	27345
27276	2528	34278
27276	2115	30943
27276	1972	30943
31433	2044	27276
10818	700	637
10420	700	637
637	827	1172
30206	2401	20025
29808	2401	20025
20025	2528	20560
3599	831	6374
6374	199	3599
6374	255	9757
6374	600	1072
1072	831	6374
22987	2532	25762
25762	1900	22987
25762	1956	29145
25762	2301	20460
20460	2532	25762
2945	290	295
14724	831	295
22333	1991	19683
34112	2532	19683
6545	502	4651
6545	791	2619
6545	502	6654
6545	502	13015
6545	618	10692
6545	502	10211
6545	700	9603
6545	791	12436
6545	502	4824
6545	502	11551
3985	502	6545
6545	791	8896
25933	2203	24039
25933	2492	22007
25933	2203	26042
25933	2203	32403
1579	652	4829
4829	819	1579
3585	111	4829
14673	111	4829
4829	21	10178
20967	2353	24217
24217	2520	20967
22973	1812	24217
34061	1812	24217
24217	1722	29566
322	873	6245
322	291	7162
19710	2719	25633
19710	1992	26550
205	1646	7317
19593	2528	26827
2075	374	6205
9050	374	6205
6205	498	1522
10569	609	6205
4934	727	6205
9149	609	6205
6205	27	8092
8092	471	6205
6633	374	6205
6633	471	6205
14837	471	6205
5136	471	6205
21463	2075	25593
28438	2075	25593
25593	2199	20910
29957	2310	25593
6900	317	1768
6900	317	282
26288	2018	19670
26288	2018	19670
4391	271	3301
13095	271	3301
8766	271	3301
1214	271	3301
7043	271	3301
9894	271	3301
9894	414	3301
3238	271	3301
10982	271	3301
5085	271	3301
10777	271	3301
4124	271	3301
4124	494	3301
9176	271	3301
9963	494	3301
12828	271	3301
1428	837	8639
1428	750	7214
20816	2538	28027
20816	2451	26602
5233	302	9664
1725	851	9664
5090	457	9664
9379	681	9664
11939	869	9664
7269	302	9664
9664	810	12901
9664	810	13035
13035	854	9664
9494	302	9664
8086	457	9664
5289	851	9664
13653	1447	9664
13429	681	9664
12180	851	9664
11604	869	9664
9376	271	7319
9376	476	9750
1108	343	9376
28764	1972	26707
28764	2177	29138
20496	2044	28764
9815	559	9225
9815	559	14678
29203	2260	28613
29203	2260	34066
6039	156	9389
6039	810	3639
3639	497	6039
6039	156	10015
6039	156	2042
6039	156	10000
6039	810	12147
6039	156	9841
6039	156	321
6039	810	12901
25427	1857	21430
25427	2511	23027
23027	2198	25427
25427	1857	19709
25427	1857	19709
25427	1857	19709
13964	810	6867
4590	810	6867
8693	810	6867
3208	810	6867
6867	351	9429
224	810	6867
2312	810	6867
6867	351	8890
11396	810	6867
472	810	6867
13693	810	6867
6867	171	13958
13958	810	6867
2908	810	6867
6867	351	8563
3765	171	6867
6848	302	9664
5090	457	6848
6848	302	6463
6848	506	14467
6848	302	11400
26236	2216	29052
26236	2457	24478
26236	2216	25851
26236	2003	33855
26236	2216	30788
4377	323	6349
4377	329	6349
23765	2024	25737
23765	2030	25737
4936	756	14669
4936	756	10553
24324	2457	34057
24324	2457	29941
10923	831	1840
1840	199	10923
2462	585	1840
1840	255	2462
1840	652	8789
8189	652	1840
1840	819	8189
1840	652	176
30311	2532	21228
21228	1900	30311
21850	2286	21228
21228	1956	21850
28177	2520	21228
27577	2353	21228
21228	2520	27577
19564	2520	21228
7062	1309	3941
7062	1309	4970
7062	1269	2634
7062	1309	6172
26450	1842	23329
26450	1842	24358
26450	1889	22022
26450	1842	25560
2526	554	6230
9798	238	6230
21914	2255	25618
29186	1939	25618
6810	819	8391
13230	214	6810
6810	463	13230
6810	21	14397
6810	34	13231
26198	2520	27779
32618	1915	26198
26198	2164	32618
26198	1722	33785
26198	2509	32619
87	199	7890
14663	199	7890
3214	199	7890
4595	199	7890
7007	199	7890
7890	426	1600
9628	199	7890
7890	199	5069
1180	199	7890
7890	600	7788
7788	831	7890
9040	199	7890
19475	1900	27278
34051	1900	27278
22602	1900	27278
23983	1900	27278
13486	382	5321
14370	37	5321
7504	733	5321
5321	688	7044
5321	753	12838
9113	1644	5321
5321	548	10660
32874	2083	24709
33758	1738	24709
26892	2434	24709
24709	2389	26432
32226	1738	24709
28501	1738	24709
24709	2249	30048
4785	476	6937
4785	494	10862
4785	271	10862
4785	271	11943
24173	2177	26325
24173	2195	30250
24173	1972	30250
24173	1972	31331
6598	837	11172
25986	2538	30560
7311	271	6843
7311	271	14278
7311	271	4200
7311	476	8512
7311	494	3652
7311	271	3652
7311	271	5668
26699	1972	26231
26699	1972	33666
26699	1972	23588
26699	2177	27900
26699	2195	23040
26699	1972	23040
26699	1972	25056
4083	271	7483
4426	343	4083
4083	271	14277
4083	494	14277
23471	1972	26871
23471	2177	23814
23471	1972	33665
23471	2195	33665
10049	819	3894
10049	652	3894
3894	463	6842
3894	21	14397
14315	652	3894
23282	2520	29437
29437	2353	23282
23282	2164	26230
23282	1722	33785
33703	2353	23282
14491	476	3022
3022	343	14491
3022	102	13646
13890	476	3022
3022	343	13890
3022	102	1757
920	476	3022
3022	343	920
3735	476	3022
3022	343	3735
3022	343	12503
3022	102	10002
3022	343	7280
1174	476	3022
3022	102	14093
3022	102	7989
10990	260	4955
4955	1567	3790
11669	260	4955
8317	260	4955
5740	1441	4955
30378	1961	24343
24343	1760	23178
31057	1961	24343
27705	1961	24343
25128	1789	24343
521	271	10462
521	271	14706
521	476	8480
521	271	10677
521	1148	6044
19909	1972	29850
19909	1972	34094
19909	2177	27868
19909	1972	30065
19909	2528	25432
14958	1324	1694
34346	2581	21082
5479	1095	6003
5479	1558	6003
6003	1690	5479
5479	1333	5589
5479	1690	8919
8919	1558	5479
24867	2301	25391
24867	2353	25391
25391	2520	24867
24867	2301	25391
25391	2520	24867
24867	2353	25391
9908	388	6701
9908	426	14879
9908	701	4188
29296	2089	26089
29296	2127	34267
29296	2021	23576
9905	463	923
9905	388	14811
9905	819	9298
9905	652	14163
9905	652	10764
10764	819	9905
29293	2164	20311
29293	2089	34199
29293	2520	28686
29293	2353	33551
29293	2353	30152
30152	2520	29293
7753	388	8765
14769	434	7753
7753	463	9564
9564	79	7753
7753	388	5481
14888	652	7753
27141	2089	28153
34157	2135	27141
27141	2164	28952
28952	2335	27141
27141	2089	24869
34276	2353	27141
9250	494	1061
9250	271	1061
9250	271	9378
9250	1148	12502
28638	2195	20449
28638	1972	20449
28638	1972	28766
28638	2528	31890
9735	1050	6524
14375	444	6524
6524	21	3454
3454	226	6524
2245	538	6524
13332	79	6524
6524	183	10378
7506	819	6524
6524	819	12516
12516	590	6524
10576	538	6524
3284	79	6524
10911	226	6524
417	147	6524
6381	79	6524
5193	79	6524
14267	388	3692
33655	2089	23080
