8850	739	4690
652	227	8850
8850	654	652
28238	2440	24078
20040	1928	28238
28238	2355	20040
0	0	0
11287	317	5674
13476	317	5674
6858	317	5674
5875	317	5674
5674	533	515
5674	590	515
5674	533	7272
11141	317	5674
10416	317	5674
30675	2018	25062
32864	2018	25062
26246	2018	25062
25263	2018	25062
19903	2234	25062
25062	2353	19903
25062	2234	26660
30529	2018	25062
29804	2018	25062
0	0	0
1549	343	8202
8202	271	10734
20937	2044	27590
27590	1972	30122
0	0	0
323	21	5371
323	440	11264
12655	680	323
1436	807	323
19711	1722	24759
19711	2141	30652
32043	2520	19711
20824	2508	19711
0	0	0
8678	155	9673
8678	155	10172
28066	2183	25541
28066	1856	29560
0	0	0
910	374	450
910	471	450
910	21	450
20298	2075	19838
20298	2172	19838
20298	1722	19838
0	0	0
14798	827	372
372	756	14890
372	756	13119
8049	507	372
11692	507	372
34186	2528	19760
19760	2457	34278
19760	2457	32507
27437	2208	19760
31080	2208	19760
0	0	0
2679	538	2113
2113	126	10808
2113	388	12217
2113	388	6784
22067	2239	21501
21501	2434	30196
21501	2434	31605
21501	2089	26172
0	0	0
13190	1148	407
407	756	6594
5030	331	407
32578	2528	19795
19795	2457	25982
19795	2457	25982
0	0	0
6982	652	2383
2383	831	6982
6982	199	2383
2383	819	6982
6982	255	11801
6982	827	10136
26370	2353	21771
21771	2532	26370
26370	1900	21771
21771	2520	26370
26370	1956	31189
26370	2172	29524
0	0	0
11764	722	495
495	91	11764
31152	2423	19883
19883	1792	31152
0	0	0
5791	331	3643
5791	75	3643
5791	880	7891
5791	880	8106
5791	75	10655
25179	2032	23031
25179	1776	23031
25179	2581	27279
25179	2581	27494
25179	1776	30043
0	0	0
6405	843	4283
6405	843	8076
6405	843	13661
6405	843	12468
6405	843	8204
25793	2544	23671
25793	2544	27464
25793	2544	33049
25793	2544	31856
25793	2544	27592
0	0	0
2876	414	11083
2876	271	11083
2876	476	4974
2876	1244	12914
2876	271	13599
2876	494	12521
22264	2115	30471
22264	1972	30471
22264	2177	24362
22264	2528	32302
22264	1972	32987
22264	1972	31909
0	0	0
4752	869	1062
42	351	1062
7085	869	1062
3971	810	1062
5687	351	1062
7961	351	1062
7385	810	1062
13841	810	1062
14949	782	1062
10521	810	1062
280	351	1062
2134	869	1062
13302	810	1062
7924	810	1062
1062	815	9837
7253	78	1062
3391	351	1062
2252	810	1062
3860	869	1062
1062	815	2375
6888	810	1062
9128	351	1062
11976	78	1062
6026	78	1062
4603	810	1062
1062	810	5958
14721	869	1062
1584	810	1062
1062	815	10564
10546	351	1062
1062	265	5073
1004	1646	1062
14113	810	1062
7255	810	1062
22442	2570	20450
25075	2052	20450
23248	2570	20450
23359	2511	20450
27349	2052	20450
27349	2052	20450
26773	2511	20450
33229	2511	20450
34337	2483	20450
29909	2511	20450
19668	2052	20450
21522	2570	20450
32690	2511	20450
29478	2511	20450
20450	1857	29225
26641	1779	20450
27349	2052	20450
21640	2511	20450
23248	2570	20450
21763	2552	20450
26276	2511	20450
28516	2052	20450
31364	1779	20450
25414	1779	20450
24138	2511	20450
20450	2511	25346
34109	2570	20450
20972	2511	20450
29952	2552	20450
29934	1912	20450
27349	2052	20450
24976	2570	20450
33501	2511	20450
26023	2511	20450
0	0	0
11227	564	5184
5184	98	9664
5184	98	14467
5184	98	8534
13653	1112	5184
5184	812	717
5184	756	10417
9576	827	5184
30615	2265	24572
24572	2382	29052
24572	2382	33855
24572	2382	27922
33041	1875	24572
24572	2513	20105
24572	2457	29805
28964	2528	24572
0	0	0
7315	104	5473
7315	104	5640
3062	184	7315
7315	697	4064
26703	1805	24861
26703	2276	25028
22450	1885	26703
26703	2398	23452
0	0	0
557	331	11329
557	34	11470
19945	2032	30717
19945	1735	30858
0	0	0
4653	911	9555
24041	2140	28943
0	0	0
5518	34	8221
9486	388	5518
5518	331	2575
24906	1735	27609
28874	2089	24906
24906	2032	21963
0	0	0
4397	59	8498
4397	88	12290
4397	88	14266
4397	42	6739
4397	219	14255
4397	59	5376
4397	88	13926
4397	88	13331
4397	42	9097
4397	88	8760
23785	1760	27886
23785	1789	31678
23785	1789	33654
23785	1743	26127
23785	1920	33643
23785	1760	24764
23785	1789	33314
23785	1789	32719
23785	1743	28485
23785	1789	28148
0	0	0
3797	739	7161
8861	1218	3797
3797	589	8861
3797	295	1403
3797	155	7807
7807	242	3797
23185	2440	26549
28249	3018	23185
23185	2290	28249
23185	1996	20791
23185	1856	27195
27195	1943	23185
0	0	0
8427	1136	3770
27815	2586	23158
0	0	0
10498	471	2723
10498	471	12572
10498	471	3194
10498	471	10091
10498	471	1782
10498	471	12001
10498	471	11680
29886	2172	22582
29886	2172	31960
29886	2172	22582
29886	2172	22582
29886	2172	21170
29886	2172	31389
29886	2172	31068
0	0	0
8305	998	13723
8305	998	2403
8305	606	7750
8305	606	13677
8305	998	13925
27693	2509	33111
27693	2509	21791
27693	2528	27138
27693	2528	33065
27693	2509	33313
0	0	0
1985	292	5211
1985	279	14268
1985	279	11551
1985	697	4064
21373	1993	24599
21373	1980	33656
21373	1980	30939
21373	2398	23452
0	0	0
2514	606	3751
2514	606	7750
21902	2307	23139
21902	2307	27138
0	0	0
8260	494	10734
8260	271	10734
8260	271	7891
8260	476	7990
8260	271	6173
8260	414	6173
8260	271	4757
8260	476	4348
27648	2195	30122
27648	1972	30122
27648	1972	27279
27648	2177	27378
27648	1972	25561
27648	2115	25561
27648	1972	24145
27648	2177	23736
0	0	0
6989	388	383
9698	819	6989
2623	27	6989
6989	21	12080
12080	651	6989
26377	2089	19771
29086	2520	26377
22011	1728	26377
26377	1722	31468
31468	2105	26377
0	0	0
416	395	10235
3022	181	416
416	476	3022
416	1244	11500
416	271	12005
416	414	10002
416	271	10002
416	271	11242
416	271	10085
416	271	11953
416	271	4208
19804	2096	29623
22410	1882	19804
19804	2177	22410
19804	2528	30888
19804	1972	31393
19804	2115	29390
19804	1972	29390
19804	1972	30630
19804	1972	29473
19804	1972	31341
19804	1972	23596
0	0	0
1186	1137	6649
11414	1137	6649
4235	1137	6649
10572	1137	6649
20574	2562	26037
30802	2562	26037
20574	2562	26037
29960	2562	26037
0	0	0
2416	177	8654
3360	271	2416
21804	1878	28042
22748	1972	21804
0	0	0
5819	271	2826
10942	271	2826
5476	271	2826
7475	271	2826
6917	414	2826
6917	271	2826
10620	271	2826
5720	414	2826
5720	271	2826
25207	1972	22214
30330	1972	22214
24864	1972	22214
26863	1972	22214
26305	2115	22214
26305	1972	22214
30008	1972	22214
25108	2115	22214
25108	1972	22214
0	0	0
9314	271	6171
9314	271	14277
9314	271	8068
28702	1972	25559
28702	1972	33665
28702	1972	27456
0	0	0
3057	476	2295
3057	271	11098
3057	414	11098
3057	494	6111
8574	590	3057
3057	533	8574
3057	476	7316
22445	2177	21683
22445	1972	30486
22445	2115	30486
22445	2195	25499
27697	2291	22445
22445	2234	27697
22445	2177	26704
0	0	0
14492	343	2561
2561	271	7067
2561	271	11268
33880	2044	21949
21949	1972	26455
21949	1972	30656
0	0	0
6259	476	6891
9181	476	6891
25647	2177	26279
28569	2177	26279
0	0	0
3973	171	12563
14331	426	3973
6124	652	3973
3973	819	6124
3973	171	7556
23361	1872	31951
33719	2127	23361
25512	2353	23361
23361	2520	25512
23361	1872	26944
0	0	0
8969	156	5025
11186	351	8969
13622	351	8969
28357	1857	24413
30574	2996	28357
33010	2996	28357
0	0	0
7254	43	2431
2431	388	13314
8436	442	2431
5412	442	2431
3319	627	2431
13579	1578	2431
3081	442	2431
14546	1390	2431
11401	442	2431
10485	627	2431
10452	442	2431
1160	1350	2431
11015	627	2431
3616	627	2431
13870	627	2431
4810	627	2431
8339	442	2431
5447	442	2431
4691	442	2431
4413	390	2431
4413	627	2431
11762	627	2431
783	442	2431
4031	627	2431
20823	2445	21819
21819	2089	32702
27727	2143	21819
24800	2143	21819
22707	2328	21819
32967	2843	21819
24079	2143	21819
33934	2843	21819
30789	2143	21819
29873	2328	21819
24079	2143	21819
24079	2143	21819
30403	2328	21819
24800	2143	21819
33258	2328	21819
24198	2328	21819
27727	2143	21819
22707	2328	21819
24079	2143	21819
23801	2091	21819
23801	2328	21819
31150	2328	21819
20171	2843	21819
23419	2328	21819
0	0	0
5335	709	7054
7054	810	14110
7054	156	287
7054	810	175
7054	810	8646
7054	156	9660
24723	2410	26442
26442	2511	33498
26442	1857	19675
26442	2511	19563
26442	2511	28034
26442	1857	29048
0	0	0
5959	725	2971
2971	579	9042
25347	2426	22359
22359	2280	28430
0	0	0
1157	571	6171
1157	606	7707
1157	571	8935
1157	606	12379
1157	781	9378
1157	606	1826
1157	204	4310
1157	75	10883
1157	571	13777
1157	606	6821
1157	781	1061
1157	606	2782
1157	606	6237
1157	165	14865
1157	285	12825
1157	606	796
1157	571	9168
1157	781	961
1157	165	2268
1157	606	4188
1157	781	14219
1157	606	8474
1157	606	14938
1157	75	12335
1157	781	8406
1157	571	14646
1157	606	12502
1157	75	11734
1157	165	9641
1157	9	7465
1157	75	8521
1157	204	4333
1157	75	6828
1157	606	10132
1157	606	6772
1157	880	6558
1157	580	6558
1157	880	2734
1157	606	13934
1157	285	12526
1157	75	435
1157	75	11635
1157	571	2310
1157	571	8561
1157	781	5369
1157	781	8068
1157	606	9904
1157	571	2544
1157	571	10608
1157	781	7167
1157	606	14417
1157	165	4513
20545	2581	25559
20545	1776	27095
20545	2581	28323
20545	1776	31767
20545	2581	28766
20545	1776	21214
20545	2581	29029
20545	1776	30271
20545	2581	33165
20545	1776	26209
20545	2581	20449
20545	1776	25625
20545	1776	25625
20545	2581	34253
20545	2581	32213
20545	1776	20184
20545	2581	28556
20545	2581	20349
20545	2581	21656
20545	1776	23576
20545	2581	33607
20545	1776	27862
20545	1776	34326
20545	1776	31723
20545	2581	27794
20545	2581	34034
20545	1776	31890
20545	1776	31122
20545	2581	29029
20545	1710	26853
20545	1776	27909
20545	2581	23721
20545	1776	26216
20545	1776	29520
20545	1776	26160
20545	2581	25946
20545	2281	25946
20545	2581	22122
20545	1776	33322
20545	2581	31914
20545	1776	19823
20545	1776	31023
20545	2581	21698
20545	2581	27949
20545	2581	24757
20545	2581	27456
20545	1776	29292
20545	2581	21932
20545	2581	29996
20545	2581	26555
20545	1776	33805
20545	2581	23901
0	0	0
2397	244	9560
9560	260	9169
10063	244	9560
4065	244	9560
11180	244	9560
23453	1945	28948
28948	1961	28557
23453	1945	28948
23453	1945	28948
30568	1945	28948
0	0	0
2903	530	5831
2903	22	8862
22291	2231	25219
22291	1723	28250
0	0	0
6558	343	10308
10308	271	11555
10308	271	1423
10308	414	11417
10308	271	11417
10308	271	2949
8512	343	10308
10308	476	8512
25946	2044	29696
29696	1972	30943
29696	1972	20811
29696	2115	30805
29696	1972	30805
29696	1972	22337
27900	2044	29696
29696	2177	27900
0	0	0
8982	331	7439
8982	34	12070
11515	414	8982
28370	2032	26827
28370	1735	31458
30903	2115	28370
0	0	0
359	652	14888
14888	819	359
19747	2353	34276
34276	2520	19747
0	0	0
10087	463	3387
3387	652	1163
3387	388	7822
3387	634	7145
10348	463	3387
3387	634	10348
29475	2164	22775
22775	2353	20551
22775	2089	27210
22775	2335	26533
29736	2164	22775
22775	2335	29736
0	0	0
5026	471	233
7337	374	233
14419	374	233
11263	374	233
11553	471	233
233	27	993
993	374	233
14997	609	233
5804	649	233
24414	2172	19621
26725	2075	19621
33807	2075	19621
30651	2172	19621
30941	2172	19621
19621	1728	20381
20381	2075	19621
34385	2310	19621
19621	1893	25192
0	0	0
8603	271	3789
8603	494	3789
12839	271	3789
12866	271	3789
10917	271	3789
10917	494	3789
5328	395	3789
6544	271	3789
4079	271	3789
11103	271	3789
9773	271	3789
5173	271	3789
1933	271	3789
6645	271	3789
6645	494	3789
9036	271	3789
8507	271	3789
3498	271	3789
12224	494	3789
12224	271	3789
9457	414	3789
3789	177	8573
112	271	3789
13752	271	3789
11708	271	3789
12602	271	3789
12448	271	3789
27991	1972	23177
27991	2195	23177
32227	1972	23177
32254	1972	23177
30305	1972	23177
30305	2195	23177
24716	2096	23177
25932	1972	23177
23467	1972	23177
30491	1972	23177
29161	1972	23177
24561	1972	23177
21321	1972	23177
26033	1972	23177
26033	2195	23177
28424	1972	23177
27895	1972	23177
22886	1972	23177
31612	2195	23177
31612	1972	23177
28845	2115	23177
23177	2736	27961
19500	1972	23177
33140	1972	23177
31096	1972	23177
31990	1972	23177
31836	1972	23177
0	0	0
1196	810	9595
9810	810	9595
8514	810	9595
14402	810	9595
12245	810	9595
9595	171	5327
29198	2511	28983
29198	2511	28983
27902	2511	28983
33790	2511	28983
31633	2511	28983
29198	2511	28983
0	0	0
6638	533	4807
4807	652	6638
6638	819	850
6638	34	2787
6638	471	9843
2853	725	6638
26026	2234	24195
24195	2291	26026
26026	2234	20238
26026	2509	22175
26026	2172	29231
22241	2426	26026
0	0	0
1382	476	11194
1382	271	153
1382	271	3609
1382	271	11557
1382	271	11912
20770	2177	30582
20770	1972	19541
20770	1972	22997
20770	1972	30945
20770	1972	31300
0	0	0
4827	652	1052
1052	533	4827
13079	533	1052
1052	634	3072
1052	634	12984
1052	374	6570
11157	819	1052
1052	590	11157
14915	533	1052
11741	276	1052
11997	652	1052
1052	819	11997
1052	634	716
24215	2353	20440
20440	2520	24215
20440	2353	32467
20440	2335	22460
20440	2335	32372
20440	2075	25958
30545	2520	20440
20440	2353	30545
20440	2520	34303
31129	2485	20440
31385	2353	20440
20440	2520	31385
20440	2335	20104
0	0	0
4878	888	6176
6176	682	4878
4878	888	6200
4878	618	6200
6200	114	4878
7050	590	4878
10847	75	4878
14668	270	4878
24266	2589	25564
25564	2383	24266
24266	2589	25588
24266	2319	25588
25588	1815	24266
26438	2291	24266
30235	1776	24266
34056	1971	24266
0	0	0
1793	1199	1383
1793	1094	11681
21181	2029	20771
21181	2352	31069
0	0	0
254	79	490
9871	151	490
3107	79	490
490	652	8547
490	807	8547
541	79	490
7543	79	490
490	819	2251
2251	652	490
5495	79	490
13750	79	490
14260	79	490
8635	79	490
490	652	12411
490	79	12411
12411	819	490
12411	275	490
490	866	4126
490	819	9646
9646	79	490
12654	79	490
6602	79	490
14771	79	490
14835	79	490
490	819	3078
3078	652	490
3078	79	490
6880	79	490
7328	79	490
7741	79	490
490	652	132
490	807	4266
490	652	4266
12024	79	490
490	819	3363
12608	79	490
19642	1780	19878
19878	2508	27935
22495	1780	19878
19878	2291	27935
19878	2508	27935
19929	1780	19878
26931	1780	19878
19878	2520	21639
21639	2353	19878
24883	1780	19878
33138	1780	19878
33648	1780	19878
28023	1780	19878
19878	2353	31799
19878	1780	31799
31799	2520	19878
31799	1976	19878
19878	2164	23514
19878	2520	29034
29034	1780	19878
32042	1780	19878
25990	1780	19878
34159	1780	19878
34223	1780	19878
19878	2520	22466
22466	2353	19878
22466	1780	19878
29034	1780	19878
22751	1780	19878
27129	1780	19878
19878	2353	19520
19878	2508	27935
19878	2291	27935
31412	1780	19878
21168	1780	19878
31996	1780	19878
0	0	0
7888	476	13527
7888	1148	7957
7888	1244	14890
7888	414	11555
7888	271	11555
12045	343	7888
7888	476	12045
7888	414	5381
7888	271	3201
7888	494	3201
27276	2177	32915
27276	2528	27345
27276	2528	34278
27276	2115	30943
27276	1972	30943
31433	2044	27276
27276	2177	31433
27276	2115	24769
27276	1972	22589
27276	2195	22589
0	0	0
10818	700	637
10420	700	637
637	827	1172
30206	2401	20025
29808	2401	20025
20025	2528	20560
0	0	0
3599	831	6374
6374	199	3599
6374	255	9757
6374	600	1072
1072	831	6374
22987	2532	25762
25762	1900	22987
25762	1956	29145
25762	2301	20460
20460	2532	25762
0	0	0
2945	290	295
14724	831	295
22333	1991	19683
34112	2532	19683
0	0	0
6545	502	4651
6545	791	2619
6545	502	6654
6545	502	13015
6545	618	10692
6545	502	10211
6545	700	9603
6545	791	12436
6545	502	4824
6545	502	11551
3985	502	6545
6545	791	8896
25933	2203	24039
25933	2492	22007
25933	2203	26042
25933	2203	32403
25933	2319	30080
25933	2203	29599
25933	2401	28991
25933	2492	31824
25933	2203	24212
25933	2203	30939
23373	2203	25933
25933	2492	28284
0	0	0
1579	652	4829
4829	819	1579
3585	111	4829
14673	111	4829
4829	21	10178
20967	2353	24217
24217	2520	20967
22973	1812	24217
34061	1812	24217
24217	1722	29566
0	0	0
322	873	6245
322	291	7162
19710	2719	25633
19710	1992	26550
0	0	0
205	1646	7317
19593	2528	26827
0	0	0
2075	374	6205
9050	374	6205
6205	498	1522
10569	609	6205
4934	727	6205
9149	609	6205
6205	27	8092
8092	471	6205
6633	374	6205
6633	471	6205
14837	471	6205
5136	471	6205
21463	2075	25593
28438	2075	25593
25593	2199	20910
29957	2310	25593
24322	2428	25593
28537	2310	25593
25593	1728	27480
27480	2172	25593
26021	2075	25593
26021	2172	25593
34225	2172	25593
24524	2310	25593
0	0	0
6900	317	1768
6900	317	282
26288	2018	19670
26288	2018	19670
0	0	0
4391	271	3301
13095	271	3301
8766	271	3301
1214	271	3301
7043	271	3301
9894	271	3301
9894	414	3301
3238	271	3301
10982	271	3301
5085	271	3301
10777	271	3301
4124	271	3301
4124	494	3301
9176	271	3301
9963	494	3301
12828	271	3301
8154	271	3301
2735	521	3301
7535	271	3301
12063	888	3301
12063	618	3301
13366	102	3301
8717	271	3301
3285	271	3301
6893	271	3301
1645	395	3301
13909	271	3301
2188	271	3301
4140	271	3301
7995	271	3301
9260	494	3301
5166	271	3301
5166	414	3301
5214	271	3301
4974	102	3301
11412	271	3301
11412	494	3301
2602	414	3301
2602	271	3301
6698	271	3301
7530	271	3301
13062	271	3301
13062	395	3301
4673	271	3301
1017	271	3301
3301	177	8573
10865	414	3301
10865	271	3301
5176	271	3301
14780	271	3301
14780	494	3301
2674	271	3301
2674	494	3301
8570	271	3301
5503	271	3301
13375	271	3301
10703	414	3301
10703	271	3301
3233	271	3301
23779	1972	22689
32483	1972	22689
28154	1972	22689
20602	1972	22689
26431	1972	22689
29282	1972	22689
29282	2115	22689
22626	1972	22689
30370	1972	22689
24473	1972	22689
30165	1972	22689
23512	1972	22689
23512	2195	22689
28564	1972	22689
22689	2044	29351
32216	1972	22689
27542	1972	22689
22123	2222	22689
26923	1972	22689
31451	2589	22689
31451	2319	22689
32754	1803	22689
28105	1972	22689
22673	1972	22689
26281	1972	22689
21033	2096	22689
33297	1972	22689
21576	1972	22689
23528	1972	22689
27383	1972	22689
28648	2195	22689
24554	1972	22689
24554	2115	22689
24602	1972	22689
24362	1803	22689
30800	1972	22689
30800	2195	22689
21990	2115	22689
21990	1972	22689
26086	1972	22689
26918	1972	22689
32450	1972	22689
32450	2096	22689
24061	1972	22689
20405	1972	22689
22689	1878	27961
30253	2115	22689
30253	1972	22689
24564	1972	22689
34168	1972	22689
34168	2195	22689
22062	1972	22689
22062	2195	22689
27958	1972	22689
24891	1972	22689
32763	1972	22689
30091	2115	22689
30091	1972	22689
22621	1972	22689
0	0	0
1428	837	8639
1428	750	7214
20816	2538	28027
20816	2451	26602
0	0	0
5233	302	9664
1725	851	9664
5090	457	9664
9379	681	9664
11939	869	9664
7269	302	9664
9664	810	12901
9664	810	13035
13035	854	9664
9494	302	9664
8086	457	9664
5289	851	9664
13653	1447	9664
13429	681	9664
12180	851	9664
11604	869	9664
6848	302	9664
4407	515	9664
10417	306	9664
7353	851	9664
11184	302	9664
283	506	9664
5184	98	9664
6676	302	9664
9664	810	12736
28882	2003	29052
28767	2382	29052
24478	2158	29052
28767	2382	29052
31327	2570	29052
26657	2003	29052
29052	2511	32289
29052	2511	32423
32423	2459	29052
28882	2003	29052
27474	2207	29052
24677	2382	29052
33041	2552	29052
32817	2382	29052
31568	2382	29052
30992	2570	29052
26236	2216	29052
26657	2003	29052
29805	2382	29052
26236	2216	29052
30572	2003	29052
24722	2216	29052
24572	2382	29052
28882	2003	29052
29052	2511	32124
0	0	0
9376	271	7319
9376	476	9750
1108	343	9376
28764	1972	26707
28764	2177	29138
20496	2044	28764
0	0	0
9815	559	9225
9815	559	14678
29203	2260	28613
29203	2260	34066
0	0	0
6039	156	9389
6039	810	3639
3639	497	6039
6039	156	10015
6039	156	2042
6039	156	10000
6039	810	12147
6039	156	9841
6039	156	321
6039	810	12901
25427	1857	21430
25427	2511	23027
23027	2198	25427
25427	1857	19709
25427	1857	19709
25427	1857	19709
25427	2511	31535
25427	1857	29229
25427	1857	19709
25427	2511	32289
0	0	0
13964	810	6867
4590	810	6867
8693	810	6867
3208	810	6867
6867	351	9429
224	810	6867
2312	810	6867
6867	351	8890
11396	810	6867
472	810	6867
13693	810	6867
6867	171	13958
13958	810	6867
2908	810	6867
6867	351	8563
3765	171	6867
6867	810	3765
13920	810	6867
5800	810	6867
33352	2511	26255
23978	2511	26255
21807	2511	26255
22530	2511	26255
26255	2052	28817
19612	2511	26255
21700	2511	26255
26255	2052	28278
30784	2511	26255
25188	2511	26255
33081	2511	26255
26255	1872	33346
33346	2511	26255
22296	2511	26255
26255	2052	28278
23153	1872	26255
26255	2511	23153
33308	2511	26255
25188	2511	26255
0	0	0
6848	302	9664
5090	457	6848
6848	302	6463
6848	506	14467
6848	302	11400
26236	2216	29052
26236	2457	24478
26236	2216	25851
26236	2003	33855
26236	2216	30788
0	0	0
4377	323	6349
4377	329	6349
23765	2024	25737
23765	2030	25737
0	0	0
4936	756	14669
4936	756	10553
24324	2457	34057
24324	2457	29941
0	0	0
10923	831	1840
1840	199	10923
2462	585	1840
1840	255	2462
1840	652	8789
8189	652	1840
1840	819	8189
1840	652	176
30311	2532	21228
21228	1900	30311
21850	2286	21228
21228	1956	21850
28177	2520	21228
27577	2353	21228
21228	2520	27577
19564	2520	21228
0	0	0
7062	1309	3941
7062	1309	4970
7062	1269	2634
7062	1309	6172
26450	1842	23329
26450	1842	24358
26450	1889	22022
26450	1842	25560
0	0	0
2526	554	6230
9798	238	6230
21914	2255	25618
29186	1939	25618
0	0	0
6810	819	8391
13230	214	6810
6810	463	13230
6810	21	14397
6810	34	13231
26198	2520	27779
32618	1915	26198
26198	2164	32618
26198	1722	33785
26198	2509	32619
0	0	0
87	199	7890
14663	199	7890
3214	199	7890
4595	199	7890
7007	199	7890
7890	426	1600
9628	199	7890
7890	199	5069
1180	199	7890
7890	600	7788
7788	831	7890
9040	199	7890
19475	1900	27278
34051	1900	27278
22602	1900	27278
23983	1900	27278
26395	1900	27278
20988	2127	27278
29016	1900	27278
27278	1900	24457
20568	1900	27278
27278	2301	27176
27176	2532	27278
28428	1900	27278
0	0	0
13486	382	5321
14370	37	5321
7504	733	5321
5321	688	7044
5321	753	12838
9113	1644	5321
5321	548	10660
32874	2083	24709
33758	1738	24709
26892	2434	24709
24709	2389	26432
32226	1738	24709
28501	1738	24709
24709	2249	30048
0	0	0
4785	476	6937
4785	494	10862
4785	271	10862
4785	271	11943
24173	2177	26325
24173	2195	30250
24173	1972	30250
24173	1972	31331
0	0	0
6598	837	11172
25986	2538	30560
0	0	0
7311	271	6843
7311	271	14278
7311	271	4200
7311	476	8512
7311	494	3652
7311	271	3652
7311	271	5668
26699	1972	26231
26699	1972	33666
26699	1972	23588
26699	2177	27900
26699	2195	23040
26699	1972	23040
26699	1972	25056
0	0	0
4083	271	7483
4426	343	4083
4083	271	14277
4083	494	14277
23471	1972	26871
23471	2177	23814
23471	1972	33665
23471	2195	33665
0	0	0
10049	819	3894
10049	652	3894
3894	463	6842
3894	21	14397
14315	652	3894
23282	2520	29437
29437	2353	23282
23282	2164	26230
23282	1722	33785
33703	2353	23282
0	0	0
14491	476	3022
3022	343	14491
3022	102	13646
13890	476	3022
3022	343	13890
3022	102	1757
920	476	3022
3022	343	920
3735	476	3022
3022	343	3735
3022	343	12503
3022	102	10002
3022	343	7280
1174	476	3022
3022	102	14093
3022	102	7989
3022	102	4757
3022	258	4552
4552	476	3022
4552	395	3022
3022	102	6843
3022	343	13706
3022	102	11953
3022	102	12793
2564	888	3022
3022	343	4415
11279	476	3022
3022	343	11279
3022	181	416
416	476	3022
33879	2177	22410
22410	2044	33879
22410	1803	33034
33278	2177	22410
22410	2044	33278
22410	1803	21145
20308	2177	22410
22410	2044	20308
23123	2177	22410
22410	2044	23123
22410	2044	31891
22410	1803	29390
22410	1882	19804
20562	2177	22410
22410	1803	33481
22410	1803	27377
22410	1803	24145
22410	1959	23940
23940	2177	22410
23940	2096	22410
22410	1803	26231
33094	2177	22410
22410	1803	31341
22410	1803	32181
21952	2589	22410
22410	2044	23803
30667	2177	22410
22410	2044	30667
22410	1882	19804
19804	2177	22410
0	0	0
10990	260	4955
4955	1567	3790
11669	260	4955
8317	260	4955
5740	1441	4955
30378	1961	24343
24343	1760	23178
31057	1961	24343
27705	1961	24343
25128	1789	24343
0	0	0
521	271	10462
521	271	14706
521	476	8480
521	271	10677
521	1148	6044
19909	1972	29850
19909	1972	34094
19909	2177	27868
19909	1972	30065
19909	2528	25432
0	0	0
14958	1324	1694
34346	2581	21082
0	0	0
5479	1095	6003
5479	1558	6003
6003	1690	5479
5479	1333	5589
5479	1690	8919
8919	1558	5479
24867	2301	25391
24867	2353	25391
25391	2520	24867
24867	2301	25391
25391	2520	24867
24867	2353	25391
0	0	0
9908	388	6701
9908	426	14879
9908	701	4188
29296	2089	26089
29296	2127	34267
29296	2021	23576
0	0	0
9905	463	923
9905	388	14811
9905	819	9298
9905	652	14163
9905	652	10764
10764	819	9905
29293	2164	20311
29293	2089	34199
29293	2520	28686
29293	2353	33551
29293	2353	30152
30152	2520	29293
0	0	0
7753	388	8765
14769	434	7753
7753	463	9564
9564	79	7753
7753	388	5481
14888	652	7753
27141	2089	28153
34157	2135	27141
27141	2164	28952
28952	2335	27141
27141	2089	24869
34276	2353	27141
0	0	0
9250	494	1061
9250	271	1061
9250	271	9378
9250	1148	12502
28638	2195	20449
28638	1972	20449
28638	1972	28766
28638	2528	31890
0	0	0
9735	1050	6524
14375	444	6524
6524	21	3454
3454	226	6524
2245	538	6524
13332	79	6524
6524	183	10378
7506	819	6524
6524	819	12516
12516	590	6524
10576	538	6524
3284	79	6524
10911	226	6524
417	147	6524
6381	79	6524
5193	79	6524
29123	1782	25912
33763	1852	25912
25912	1722	22842
22842	1927	25912
21633	2239	25912
32720	1780	25912
25912	2528	29766
26894	2520	25912
25912	2520	31904
31904	2353	25912
29964	2239	25912
22672	1780	25912
30299	1927	25912
25912	2509	19805
25769	1780	25912
24581	1780	25912
0	0	0
14267	388	3692
33655	2089	23080
0	0	0
