8005	27393
1378	20766
10221	29609
4681	24069
6633	26021
7095	26483
4837	24225
7960	27348
3952	23340
4065	23453
7699	27087
4778	24166
4496	23884
10413	29801
2810	22198
5835	25223
7731	27119
4090	23478
7263	26651
7056	26444
3144	22532
7269	26657
246	19634
10022	29410
9690	29078
910	20298
4465	23853
6986	26374
3776	23164
6596	25984
8828	28216
4045	23433
10420	29808
1167	20555
3377	22765
8953	28341
1304	20692
5831	25219
6623	26011
3790	23178
6575	25963
7363	26751
3894	23282
1662	21050
652	20040
481	19869
6404	25792
6077	25465
1385	20773
2226	21614
9676	29064
2487	21875
2138	21526
3947	23335
7367	26755
7974	27362
9204	28592
8363	27751
4164	23552
8071	27459
1645	21033
1665	21053
9983	29371
1875	21263
9821	29209
3720	23108
5428	24816
5513	24901
4930	24318
5346	24734
7585	26973
4956	24344
3100	22488
5892	25280
4025	23413
7259	26647
9973	29361
3671	23059
5960	25348
8941	28329
1518	20906
2954	22342
1025	20413
5730	25118
8509	27897
7685	27073
6746	26134
7432	26820
5473	24861
7412	26800
4244	23632
5495	24883
3817	23205
1566	20954
4592	23980
5764	25152
333	19721
5613	25001
47	19435
8832	28220
9449	28837
6394	25782
2922	22310
5098	24486
7690	27078
2270	21658
9217	28605
927	20315
4539	23927
8340	27728
5192	24580
5682	25070
9267	28655
8287	27675
6991	26379
5106	24494
1263	20651
6905	26293
4031	23419
9379	28767
8322	27710
8335	27723
9474	28862
6762	26150
2827	22215
8990	28378
4783	24171
7454	26842
6258	25646
1439	20827
1661	21049
1826	21214
5459	24847
9550	28938
4305	23693
4504	23892
2457	21845
3220	22608
2611	21999
6502	25890
4857	24245
4815	24203
1757	21145
9621	29009
9834	29222
6061	25449
471	19859
10189	29577
4990	24378
6710	26098
10320	29708
10126	29514
10229	29617
10313	29701
8118	27506
9495	28883
1865	21253
8495	27883
7674	27062
6306	25694
2311	21699
5614	25002
8417	27805
5126	24514
7159	26547
8749	28137
8951	28339
6658	26046
2339	21727
8035	27423
5264	24652
69	19457
4618	24006
5868	25256
6086	25474
2870	22258
6732	26120
7684	27072
938	20326
10167	29555
9681	29069
1190	20578
9216	28604
1958	21346
3152	22540
7337	26725
5686	25074
2022	21410
39	19427
2737	22125
435	19823
2472	21860
2096	21484
1533	20921
8699	28087
5300	24688
7637	27025
1732	21120
4598	23986
9561	28949
5745	25133
9122	28510
3367	22755
9562	28950
370	19758
8839	28227
6207	25595
3631	23019
9775	29163
495	19883
8262	27650
8681	28069
516	19904
9017	28405
9259	28647
492	19880
2403	21791
7626	27014
3486	22874
8877	28265
6724	26112
1079	20467
1171	20559
3929	23317
9963	29351
8490	27878
1866	21254
7985	27373
5185	24573
4653	24041
4747	24135
7786	27174
7599	26987
306	19694
3168	22556
1705	21093
5957	25345
2618	22006
4970	24358
7400	26788
1314	20702
5372	24760
4182	23570
3887	23275
6810	26198
7587	26975
4503	23891
2014	21402
9434	28822
4529	23917
8823	28211
1735	21123
8449	27837
10318	29706
1115	20503
1064	20452
5557	24945
4660	24048
2135	21523
262	19650
714	20102
930	20318
1464	20852
9291	28679
3875	23263
2653	22041
5299	24687
5654	25042
7546	26934
6733	26121
6180	25568
1563	20951
1302	20690
4325	23713
10106	29494
10152	29540
6564	25952
1083	20471
3166	22554
3605	22993
4904	24292
10052	29440
285	19673
957	20345
8159	27547
4982	24370
1237	20625
4348	23736
4123	23511
10097	29485
6421	25809
8631	28019
7760	27148
518	19906
921	20309
8758	28146
3998	23386
2811	22199
8463	27851
3005	22393
1020	20408
2122	21510
4973	24361
5097	24485
1376	20764
8899	28287
8569	27957
3966	23354
1944	21332
3300	22688
498	19886
7945	27333
2607	21995
8521	27909
7982	27370
638	20026
8333	27721
5376	24764
3439	22827
3066	22454
2170	21558
5706	25094
1405	20793
7511	26899
5158	24546
309	19697
6965	26353
4285	23673
8814	28202
6092	25480
4385	23773
8402	27790
9576	28964
8875	28263
4510	23898
4113	23501
3778	23166
7654	27042
5781	25169
395	19783
6883	26271
5034	24422
63	19451
5074	24462
3129	22517
10145	29533
8648	28036
4595	23983
1681	21069
9175	28563
6860	26248
9630	29018
2205	21593
3284	22672
6144	25532
8182	27570
5794	25182
1073	20461
5064	24452
3049	22437
9950	29338
113	19501
3253	22641
4541	23929
4870	24258
821	20209
1098	20486
1899	21287
1568	20956
4582	23970
4231	23619
791	20179
9783	29171
5385	24773
4671	24059
6130	25518
8933	28321
5632	25020
5824	25212
5738	25126
4059	23447
7473	26861
4210	23598
376	19764
2185	21573
5555	24943
6987	26375
5880	25268
5626	25014
8247	27635
5431	24819
331	19719
3536	22924
8233	27621
4006	23394
3476	22864
835	20223
6424	25812
5501	24889
3496	22884
4672	24060
3834	23222
2516	21904
5150	24538
7226	26614
4208	23596
1984	21372
8561	27949
928	20316
5123	24511
7450	26838
1241	20629
7942	27330
7887	27275
3201	22589
1141	20529
9649	29037
6352	25740
10378	29766
7435	26823
3297	22685
3121	22509
3442	22830
540	19928
8827	28215
2341	21729
511	19899
1883	21271
8632	28020
8837	28225
6109	25497
1422	20810
6209	25597
3851	23239
9322	28710
7453	26841
9468	28856
6367	25755
7073	26461
6403	25791
6310	25698
1632	21020
1183	20571
7589	26977
2421	21809
10269	29657
2218	21606
5645	25033
2919	22307
3735	23123
8918	28306
1492	20880
786	20174
1428	20816
9635	29023
10175	29563
2544	21932
3167	22555
4087	23475
7884	27272
5292	24680
8296	27684
7895	27283
6080	25468
3818	23206
5916	25304
2950	22338
2758	22146
3074	22462
4587	23975
8985	28373
1348	20736
8546	27934
4546	23934
8101	27489
10418	29806
9542	28930
7115	26503
3369	22757
8917	28305
5887	25275
1443	20831
8804	28192
5234	24622
8462	27850
3637	23025
10267	29655
8085	27473
1581	20969
7656	27044
6739	26127
10222	29610
9087	28475
6583	25971
4997	24385
3922	23310
3945	23333
5078	24466
6853	26241
5422	24810
5605	27409
2181	22796
4502	22963
3314	21283
6241	23638
3742	20176
1004	24976
1731	26958
1092	21689
1124	27184
9212	23258
4472	21365
7131	20572
4220	29508
9106	23612
848	21371
9271	29686
5732	26888
2260	27364
6903	19920
2545	19598
6119	26030
8712	24879
8943	21042
1080	23535
8574	27697
7701	28270
679	23916
7785	23497
7908	29832
2349	20133
6791	20450
257	26880
5768	27301
4443	26220
4766	20709
6560	27309
9355	20665
3341	28925
8503	25453
3338	26830
2857	29000
431	21168
1055	23311
8098	21509
2993	27836
6213	19649
7696	24090
3563	28989
3532	23027
1683	24679
9377	29272
9501	22623
8608	20986
474	25251
6376	20581
9674	19739
6133	28477
10129	26651
160	28603
2847	21154
8029	22583
1470	28776
7738	28063
174	19854
6488	25756
4452	23980
653	23980
5218	24290
2693	28014
4913	21300
2593	27752
6037	21210
9199	28476
4453	28210
2088	23893
6251	24826
2782	25625
5737	21588
5137	20482
9423	25577
5425	25728
699	25071
5675	24772
7166	21865
269	21487
1268	25012
8200	24018
9832	26657
7254	20823
10080	21195
5703	26857
9999	26613
8302	19485
2808	23395
9049	24314
9920	22853
6254	26548
1133	27440
6691	28441
3248	23716
5140	20169
8860	26705
452	27534
7422	23773
9679	22771
8062	29604
7805	29480
2059	29536
154	24582
9389	21430
578	27680
5396	24533
682	23027
1024	24782
5979	26304
894	27942
8307	19783
9767	23064
1901	20155
5515	27793
3186	25926
6375	23015
4566	19444
2889	27328
9685	28023
4428	22460
4646	23236
5066	19670
447	21791
3681	28103
10116	21762
7978	24000
646	21775
1660	27465
7727	23148
5589	25391
9018	29180
956	24248
3212	21499
5965	21158
3606	22595
1580	27689
10262	27148
1044	24341
5462	27023
4328	29268
1266	28545
6646	29151
10423	29318
10055	28500
1862	28626
1129	20133
9333	28069
5035	22658
7188	25604
4016	29261
1202	28030
4157	27856
4610	28318
7168	24035
2665	28491
96	24220
6422	22143
9893	24922
3729	23242
2897	21899
1066	22239
3414	29239
6283	26872
9518	22407
3950	22557
9626	29599
1624	23970
6110	21901
6676	28882
4826	21704
1943	25684
9794	27535
10123	27241
8392	26330
2369	26947
7270	22577
373	22126
6684	29256
1797	23470
7752	26548
834	20336
1724	28755
3574	27575
8319	28393
5724	24598
6179	28002
10194	23055
4056	26477
513	27716
9725	21076
2865	21996
3487	22226
8600	28875
2395	22493
7350	19737
2775	25519
7341	29688
2770	22934
9845	24900
7670	21178
892	28787
9994	26327
3577	24357
6408	25523
1476	23653
3953	26805
6400	26020
10210	24089
590	25280
9152	29644
3878	26938
107	22401
2212	19434
5680	22309
2179	27682
9185	25859
1552	28339
4713	26327
6491	22312
8223	20382
8505	23619
1452	27340
7294	20185
5603	27249
4320	27284
6831	20119
7676	19654
3788	27876
4137	21156
2983	21231
7736	23149
9060	27154
2456	20019
5342	28463
8692	22932
9822	22781
7586	28299
5340	23052
4458	20574
5954	25169
216	23747
2258	22228
1026	22764
798	21583
7064	22784
2550	29333
5977	25220
4684	23208
1338	23249
2521	22302
6685	24471
8387	22963
3446	23576
9990	20713
2247	21511
5741	24915
6702	27630
4405	26228
7900	29480
1971	22767
2955	23290
7658	26778
4053	24331
8606	25150
1722	24700
8956	27603
3094	28967
5493	19706
6788	21118
6365	23461
4952	26823
4441	28685
7374	24961
6012	24254
3942	26809
7921	25948
4172	26885
7394	25591
1231	26468
8753	21267
9442	19962
242	28953
1204	20147
2824	23819
5942	25770
9481	25966
1112	23660
3546	28734
3116	29104
1678	26522
5332	29551
7265	26407
5285	25442
5293	24387
6562	23748
8011	19933
500	20751
2089	19884
473	29286
307	28357
8153	20278
6216	27335
2180	28207
4254	24610
5054	29569
7436	25625
9009	21088
7632	23660
2511	23783
8690	28411
1597	19444
8919	25391
839	24069
7946	26631
8780	28024
1323	25071
1915	23176
4830	26044
37	27454
10016	22963
9811	28008
9758	26409
918	29423
5963	25025
3777	19863
6908	27570
5418	24801
6240	22480
5360	22461
559	25260
8743	22423
5463	20778
3452	28809
10470	25412
2008	23750
2977	28685
812	25425
8746	29036
3013	28497
8273	21466
3079	27534
6168	28048
157	23145
2235	29238
5472	23789
259	26503
4980	22767
2477	26554
8320	23098
9127	22569
9035	26624
8572	26939
1742	24263
9648	29424
312	20032
8231	28406
9294	20155
7338	21735
3993	21146
2672	21691
5628	21105
3378	21929
7333	19773
2073	29843
2549	25227
4289	22599
6072	27316
4181	27039
7776	26020
2071	23176
6898	24546
7171	26827
6546	21580
3435	24905
4597	27954
2846	26828
8562	24264
731	25578
7977	21621
3291	23113
9278	27938
767	25702
5836	23131
8439	23811
2935	19597
7293	29532
7711	19649
893	28857
10063	23453
2458	22045
2608	25218
7022	19593
4221	20822
2265	28187
8397	21522
3845	27662
4765	29478
5004	21279
8420	25750
1116	29362
10008	27977
10303	22332
10428	27417
2701	22809
10344	24773
10359	20905
3379	21632
8050	25115
4215	24068
8987	23442
1328	23720
10113	25149
6128	26962
1752	25414
5273	21260
4296	28149
2376	21823
9166	27772
7260	27872
3644	27534
7886	24667
5101	28717
8818	27127
3153	24663
1137	24926
2491	25572
2273	27959
9045	26085
4106	21012
1048	23087
7573	29621
4497	25386
1708	20127
1869	21265
2423	26536
7748	22656
1555	25994
6095	20766
998	27848
4398	20106
8722	29268
1897	23253
8380	23260
522	21393
1813	29115
6600	24778
8936	19682
1239	28858
2087	19907
3139	24350
5701	22506
6925	28618
7557	24558
5317	20380
10276	28241
3702	29239
5976	22787
4115	20367
7534	28412
1288	28663
2241	27413
6239	23954
4352	29232
2883	24494
7110	26286
3780	23966
7195	22283
3844	23789
4332	25773
149	26808
2467	21681
4109	25092
4725	25114
2809	27216
238	24805
4324	28761
9692	26783
3772	28755
10435	20259
1146	20713
2798	25259
2264	20581
8583	21098
2015	24018
3747	22278
4420	29789
3372	29633
7200	25494
4396	23720
9178	26500
399	26794
7280	19804
4760	20526