8615	26819
217	29843
10139	26004
1588	23732
3192	20075
2020	26127
9192	20011
3179	29286
3968	21898
489	26654
3339	24909
1870	21453
1465	23286
7893	19782
6771	26200
9546	25777
995	27444
7001	25994
3019	22951
2263	20032
4454	27031
3512	21905
4742	25144
9795	28118
8552	25359
5403	20151
9074	24709
10091	22582
9639	29377
1100	28139
1197	28069
9440	22681
4948	22364
10393	24000
6476	27992
2338	21585
8176	26065
3823	27541
5657	23732
5989	22846
654	19907
6809	24834
5917	22206
3098	29015
8928	19925
2988	25810
8872	24956
6387	26557
4987	22379
4410	21484
912	21592
1514	27051
8888	27409
10381	26218
6437	22247
4209	23576
2879	28308
5233	28882
6285	27007
7850	23131
5354	20916
6839	25192
187	24316
6708	20883
9610	29288
896	29500
2763	28299
5345	22182
11	20123
1225	29494
5006	24264
5769	19962
1228	21221
7442	26193
1783	21856
9390	23732
5174	21588
5937	20434
6664	20158
5334	26657
10007	26421
1295	20916
8677	23980
7679	25690
5583	29182
8792	25311
8880	21593
5606	21462
8072	24693
5055	25209
6775	21712
1955	21567
1221	26548
1067	19489
2600	25817
7635	25779
3374	21120
4135	19444
3916	23121
3594	27475
7992	29261
274	19571
8390	27900
4734	28883
4155	24109
4488	22995
4858	26379
2849	19881
7833	29048
2650	28842
4897	28308
4877	27728
2743	29212
5257	24501
2131	27028
7019	22016
9959	21636
1448	24397
1356	22443
6102	28968
9315	29870
2473	24551
2116	20832
6933	22423
9754	24899
6082	24890
5417	23299
7550	23644
6368	28395
3842	24101
2678	29219
7228	24142
869	22416
10426	23679
6690	22955
6418	27408
2385	19489
3138	25347
5715	29455
4632	25556
4545	21570
6053	28485
4710	24026
3949	21559
5030	25982
9284	27349
2994	29268
1089	26669
9336	22720
213	25828
2736	24090
1258	23240
10234	24381
4363	26888
1417	22505
9304	28431
2565	27546
6728	23187
8511	24031
1170	22950
1519	29443
436	22200
4755	27670
5141	22116
2566	23030
3694	23439
6779	25971
1320	23096
5105	29854
3068	20213
2099	19657
8902	24447
9508	27633
8337	26442
3726	21372
9070	23515
1456	21601
10117	22942
5993	26347
1527	24049
5451	28208
8318	23365
4845	23118
4530	20883
2446	26535
8500	28838
3127	23911
8090	22413
2220	26230
4656	28538
8927	22423
1623	26085
9137	28889
8891	19390
2748	20272
6632	25788
1816	29103
5226	23249
7383	24264
7384	26498
5010	21551
10198	24580
4689	24812
3384	19892
8944	23788
5267	24617
3482	25330
4771	21550
3451	26268
1278	20779
99	20633
1784	23113
8115	21599
3550	27758
6229	24471
584	20862
4988	28024
3274	23104
8116	28027
9411	25227
16	24078
5991	22844
505	25442
6101	21842
4978	27603
577	24784
9634	27155
8865	24019
1352	22631
5950	21020
472	25188
1974	25749
1412	24684
3223	23105
2137	26411
1005	29057
1843	29173
864	29195
9871	27935
687	27431
3303	21845
3951	19866
7158	27967
5514	22824
8043	28013
7490	21685
8230	23413
5888	29452
173	21960
5926	23107
2334	24558
1235	21509
78	25523
5389	29689
457	25252
643	23817
3725	19723
1768	19670
2648	19438
7854	26742
2711	22816
7069	28017
4822	28369
10357	27444
8381	23593
2298	21825
3687	26548
3549	21709
1160	24079
6907	23479
6333	26353
2500	21599
4564	22419
7902	28672
9880	21313
2109	19439
7778	23621
5269	24207
4470	27534
10075	26172
3426	25819
9909	21063
4842	28788
8172	25720
145	24306
10019	20186
4261	27555
3071	29201
111	23858
3615	25591
1050	26817
3495	20028
5593	25258
5344	26681
4603	24138
6824	24580
4915	25994
738	20000
9979	29107
3054	25934
4917	19427
3807	20905
8023	29478
5627	20606
8482	20778
10105	27750
1948	28609
4666	23271
1807	27301
4894	24598
5559	24827
5190	25143
2371	22740
4334	24471
8208	23269
6520	24205
9524	29457
7053	26657
1954	26222
2932	22423
7170	27182
231	27623
9673	25541
7830	20891
2153	25808
4089	26569
1759	23679
3914	24660
6619	26662
7927	19920
3712	21960
9975	20196
5704	20022
6202	29047
8467	19438
9182	22249
10311	24539
8525	21138
10347	22363
5532	28269
8004	19857
9658	27395
7356	19581
6055	29572
2112	19809
6886	24539
10100	29740
8952	22327
6235	23142
8326	28904
2866	27654
10030	21473
6250	28928
2336	24068
4466	20169
5170	19455
4596	26070
9760	29255
8334	26871
3632	26294
1380	19880
7357	22656
8122	19946
1000	25899
426	29576
6187	29470
10238	19876
3245	27363
8469	26533
3208	22530
991	25114
6533	20204
362	19833
6278	23874
9258	21421
7	28132
1852	25513
1822	25425
6818	28529
8010	21791
5227	26409
9573	28066
8177	27683
7493	25614
6069	28318
7611	22477
10241	26810
3081	24079
10212	27368
1233	22836
6118	27912
7441	20871
7217	26528
7986	21154
8887	23005
6115	24734
10066	20742
10119	27335
3467	29592
9157	20335
3165	29632
5762	25628
1805	21570
7671	21400
8359	25213
6851	23141
10239	29677
2962	27854
7328	22751
4575	22583
1291	25272
7579	28477
1219	27831
4793	19455
4522	26384
9953	24837
1857	23925
5042	22702
4253	28176
7548	27152
2293	20434
6752	21616
4072	19620
3739	22955
43	26292
4814	21426
1612	25394
1330	23773
7086	29774
937	29008
7287	22116
5970	28751
1652	23571
2699	22746
1179	26594
1849	25146
9875	29648
3654	27340
5401	26943
7520	22270
4216	21394
2353	23966
7754	24823
2154	25807
8629	21994
9065	20182
5825	22108
9024	29212
7983	20583
5397	27128
3883	21970
394	27281
1628	25135
3525	27707
3939	24823
2579	25221
2896	25099
1217	26639
8214	28871
7150	21818
5709	27397
6029	28342
624	22963
7351	22853
6980	26011
5367	19668
6191	21600
7370	19935
3329	22453
10057	28073
10047	20091
6958	21408
2933	22787
6228	22444
10328	24488
1871	28069
7687	22798
4654	19863
4823	23249
10127	22559
4201	29032
10278	25218
8373	26852
3938	25227
106	24010
1230	22887
297	24849
8539	22395
1777	29609
2198	25608
4033	27114
769	24347
3983	20342
4489	24913
8680	28761
3734	24371
1571	20916
8394	21094
1576	23737
9240	19664
5253	22750
1343	23634
6175	25825
8250	19559
3137	28073
9980	22795
2586	20883
6789	26160
3856	26850
8329	24357
6465	28500
3065	28890
8548	28553
9421	24098
3347	23732
4843	21833
2037	22392
6879	21422
10281	26779
3417	22664
1455	24279
8844	25541
675	26327
9686	19920
349	28212
6940	28299
7206	27408
271	20986
3511	29276
9311	25314
424	20436
7532	28155
6045	20319
875	28703
6576	25276
849	27532
5235	21845
4593	26218
9663	28746
3375	25381
440	25954
6805	20517
8040	27125
6786	25990
202	21041
366	24484
268	28304
5688	22278
1615	27621
7802	23719
1723	28532
2534	29077
2906	29334
10452	24079
8650	24807
2697	25521
2816	27607
5063	29597
6997	22588
3147	21993
4986	29452
3607	21602
9296	28360
7722	25949
6614	28497
3841	23575
4318	29850
5020	25060
2963	29015
8054	28045
5023	28368
1779	27364
5167	25954
6459	23612
90	28858
9177	23648
10246	20648
5986	21138
319	26158
4251	23473
5731	27481
10026	20259
3190	21042
4704	24683
9796	21912
2603	25146
6955	27626
673	26871
415	29642
1009	21231
5012	28757
3677	25400
8808	26813
8893	28218
5379	28103
1810	22949
862	22079
1536	19857
7915	29256
741	28497
4175	22587
8193	28038
598	21186
666	22124
4864	23045
7526	21833
4534	20159
5690	22599
8346	20905
2419	20293
8256	27509
2838	25827
8598	21689
5445	25885
3344	21578
6582	22148
6793	23130
8703	21087
7284	20986
4330	19680
6450	23249
9410	26428
7343	24558
9644	29478
3229	24360
3038	19713
2183	25227
1503	24638
4580	20883
7762	23612
3588	26207
2402	23208
4424	29360
2642	24000
8286	19581
6362	23176
5349	29521
6339	21632
1931	21689
3786	25993
9601	22380
9412	20309
2119	24422
1927	27104
10459	24927
4179	25501
3501	20275
194	21889
4001	22583
610	21229
9907	23673
129	20155
2481	25994
5281	26092
7615	19600
3633	25994
9105	27080
2585	22028
2045	28626
5581	29303
1159	21689
1364	29307
580	24119
7560	29229
5787	25984
6921	20262
8051	29325
8795	24612
4795	24325
4712	28163
10365	23107
10036	20319
7509	21165
4100	28791
6074	26465
7603	23489
7747	27876
405	25229
7613	19936
2357	28575
7826	29870
3020	23924
2706	23049
3469	21462
2505	23794
2323	22124
4011	28551
3187	27960
2821	29015
8484	19590
1964	26205
6489	28734
9699	26257
2459	24917
9932	23397
9037	29806
526	20501
2605	28770
9499	20195
7662	23396
4306	21522
1253	28505
10142	28463
5149	24394
1279	27535
7503	21063
2238	27209
9075	26539
2372	21946
5280	21650
3348	20991
347	26180
2157	25903
2063	26490
3758	20147
1881	20101
9919	25586
9858	23696
10219	29818
7018	26369
10213	29527
901	25072
819	29521
6323	28703
2043	27742
4469	20501
2329	26264
4678	23059
6315	25849
4180	22016
2283	24357
4303	22987
6409	22887
3205	24598
3457	20553
2873	20339
2422	22246
572	20762
6799	22931
1832	29238
245	20249
3825	22827
6127	23396
9000	27109
3544	19919
2760	26740
1716	21395
2173	28819
3130	26950
2968	24907
972	27749
88	22473
4752	22442
8437	26417
2064	29499
3040	20510
4701	27528
9358	20883
8170	23022
3149	20662
6647	20434
8884	21487
8974	21184
3306	25642
3815	21295
7364	26193
7376	28068
9295	22979
3401	25994
3755	29577
3337	27338
8491	27996
4839	19562
916	25839
523	23348
6385	23471
2666	20160
2114	27717
4699	24263
5685	23980
1604	19597
6911	25944
4048	25591
5859	27578
6189	26046
4717	23789
4107	29091
389	22453
5727	26548
4584	28231
5511	29377
1582	25071
964	20803
5308	29007
8245	25025
4173	24603
278	23044
5323	19600
34	25235
2118	26554
61	20916
7542	27901
9848	29604
4114	25311
4464	24919
6607	28146
2520	28690
4212	27712
2354	26599
5629	27498
4802	26725
1449	22835
3524	19598
10054	21281
5377	29092
2072	28274
6882	21966
9456	20675
6613	29283
5609	29200
443	27592
3289	21350
4421	24263
4046	20631
4650	27995
1346	19786
199	26248
1113	25123
2097	23145
148	19939
1125	20118
6440	25031
5996	25145
3351	23113
7139	23233
5362	25434
5028	25651
6957	27400
6419	22963
10402	29664
10104	25276
4481	25909
9340	23346
8923	23538
284	29789
647	22165
3775	25604
5327	29198
10102	25901
1557	25766
4762	28530
5128	21045
4005	28534
8977	25884
3124	28930
8586	22587
7755	25520
2147	23121
7624	27360
2673	23926
6309	29682
2664	24917
629	23316
1396	29508
9551	27283
2326	21895
9782	20845
5935	19598
4129	26369
8041	22274
6503	26362
6149	19932
2397	23453
2227	22423
3915	28394
2299	24510
3858	26602
8138	20889
3920	21300
2918	28868
1389	27702
10274	23279
3340	28857
788	23130
9729	20612
592	25526
9960	24673
5845	27234
7271	27230
7208	21994
2538	23808
3150	20290
2408	27479
828	26170
2910	21394
9047	27534
1587	25788
340	21639
4136	26548
8653	20319
3824	29508
603	23817
10385	29597
5678	26725
4649	24871
2490	22419
1333	22818
9780	24258
6169	21516
9831	21939
10150	21168
406	26138
5830	21279
3822	26453
7104	21349
8324	23600
6135	25451
2837	26888
3131	24633
1868	22560
7122	23052
8810	22726
8069	24357
8331	20001
4977	26466
1987	23730
3567	27476
8516	26718
7553	28032
338	20547
9872	26230
2469	21539
3031	27865
1407	19497
726	26604
5189	25604
9054	29462
496	26798
10288	29829
4677	26075
2030	26750
10346	24154
6260	24474
1393	25700
4848	26929
1097	21580
2885	29593
4525	20324
2345	26442
5873	21157
824	23408
676	24407
9320	26858
236	20967
3924	26537
715	28008
4879	25715
3718	20752
615	27444
4746	23950
9207	26241
8465	23279
3016	29876
955	29245
814	28769
10440	25901
4161	23660
7931	22125
10114	25582
3361	23701
384	21305
6760	26847
10410	29585
1386	19389
9916	23720
4437	24360
3958	22192
1969	28477
3603	26127
736	22714
7268	21582
4206	28982
10398	25934
7898	27561
8056	23192
10434	22798
7660	20205
1965	21884
7278	25480
6094	28407
1381	20606
1445	23557
10377	19425
10	24384
8524	28633
243	26241
4631	28253
1060	21712
3749	21713
5605	27409
2181	22796
4502	22963
3314	21283
6241	23638
3742	20176
1004	24976
1731	26958
1092	21689
1124	27184
9212	23258
4472	21365
7131	20572
4220	29508
9106	23612
848	21371
9271	29686
5732	26888
2260	27364
6903	19920
2545	19598
6119	26030
8712	24879
8943	21042
1080	23535
8574	27697
7701	28270
679	23916
7785	23497
7908	29832
2349	20133
6791	20450
257	26880
5768	27301
4443	26220
4766	20709
6560	27309
9355	20665
3341	28925
8503	25453
3338	26830
2857	29000
431	21168
1055	23311
8098	21509
2993	27836
6213	19649
7696	24090
3563	28989
3532	23027
1683	24679
9377	29272
9501	22623
8608	20986
474	25251
6376	20581
9674	19739
6133	28477
10129	26651
160	28603
2847	21154
8029	22583
1470	28776
7738	28063
174	19854
6488	25756
4452	23980
653	23980
5218	24290
2693	28014
4913	21300
2593	27752
6037	21210
9199	28476
4453	28210
2088	23893
6251	24826
2782	25625
5737	21588
5137	20482
9423	25577
5425	25728
699	25071
5675	24772
7166	21865
269	21487
1268	25012
8200	24018
9832	26657
7254	20823
10080	21195
5703	26857
9999	26613
8302	19485
2808	23395
9049	24314
9920	22853
6254	26548
1133	27440
6691	28441
3248	23716
5140	20169
8860	26705
452	27534
7422	23773
9679	22771
8062	29604
7805	29480
2059	29536
154	24582
9389	21430
578	27680
5396	24533
682	23027
1024	24782
5979	26304
894	27942
8307	19783
9767	23064
1901	20155
5515	27793
3186	25926
6375	23015
4566	19444
2889	27328
9685	28023
4428	22460
4646	23236
5066	19670
447	21791
3681	28103
10116	21762
7978	24000
646	21775
1660	27465
7727	23148
5589	25391
9018	29180
956	24248
3212	21499
5965	21158
3606	22595
1580	27689
10262	27148
1044	24341
5462	27023
4328	29268
1266	28545
6646	29151
10423	29318
10055	28500
1862	28626
1129	20133
9333	28069
5035	22658
7188	25604
4016	29261
1202	28030
4157	27856
4610	28318
7168	24035
2665	28491
96	24220
6422	22143
9893	24922
3729	23242
2897	21899
1066	22239
3414	29239
6283	26872
9518	22407
3950	22557
9626	29599
1624	23970
6110	21901
6676	28882
4826	21704
1943	25684
9794	27535
10123	27241
8392	26330
2369	26947
7270	22577
373	22126
6684	29256
1797	23470
7752	26548
834	20336
1724	28755
3574	27575
8319	28393
5724	24598
6179	28002
10194	23055
4056	26477
513	27716
9725	21076
2865	21996
3487	22226
8600	28875
2395	22493
7350	19737
2775	25519
7341	29688
2770	22934
9845	24900
7670	21178
892	28787
9994	26327
3577	24357
6408	25523
1476	23653
3953	26805
6400	26020
10210	24089
590	25280
9152	29644
3878	26938
107	22401
2212	19434
5680	22309
2179	27682
9185	25859
1552	28339
4713	26327
6491	22312
8223	20382
8505	23619
1452	27340
7294	20185
5603	27249
4320	27284
6831	20119
7676	19654
3788	27876
4137	21156
2983	21231
7736	23149
9060	27154
2456	20019
5342	28463
8692	22932
9822	22781
7586	28299
5340	23052
4458	20574
5954	25169
216	23747
2258	22228
1026	22764
798	21583
7064	22784
2550	29333
5977	25220
4684	23208
1338	23249
2521	22302
6685	24471
8387	22963
3446	23576
9990	20713
2247	21511
5741	24915
6702	27630
4405	26228
7900	29480
1971	22767
2955	23290
7658	26778
4053	24331
8606	25150
1722	24700
8956	27603
3094	28967
5493	19706
6788	21118
6365	23461
4952	26823
4441	28685
7374	24961
6012	24254
3942	26809
7921	25948
4172	26885
7394	25591
1231	26468
8753	21267
9442	19962
242	28953
1204	20147
2824	23819
5942	25770
9481	25966
1112	23660
3546	28734
3116	29104
1678	26522
5332	29551
7265	26407
5285	25442
5293	24387
6562	23748
8011	19933
500	20751
2089	19884
473	29286
307	28357
8153	20278
6216	27335
2180	28207
4254	24610
5054	29569
7436	25625
9009	21088
7632	23660
2511	23783
8690	28411
1597	19444
8919	25391
839	24069
7946	26631
8780	28024
1323	25071
1915	23176
4830	26044
37	27454
10016	22963
9811	28008
9758	26409
918	29423
5963	25025
3777	19863
6908	27570
5418	24801
6240	22480
5360	22461
559	25260
8743	22423
5463	20778
3452	28809
10470	25412
2008	23750
2977	28685
812	25425
8746	29036
3013	28497
8273	21466
3079	27534
6168	28048
157	23145
2235	29238
5472	23789
259	26503
4980	22767
2477	26554
8320	23098
9127	22569
9035	26624
8572	26939
1742	24263
9648	29424
312	20032
8231	28406
9294	20155
7338	21735
3993	21146
2672	21691
5628	21105
3378	21929
7333	19773
2073	29843
2549	25227
4289	22599
6072	27316
4181	27039
7776	26020
2071	23176
6898	24546
7171	26827
6546	21580
3435	24905
4597	27954
2846	26828
8562	24264
731	25578
7977	21621
3291	23113
9278	27938
767	25702
5836	23131
8439	23811
2935	19597
7293	29532
7711	19649
893	28857
10063	23453
2458	22045
2608	25218
7022	19593
4221	20822
2265	28187
8397	21522
3845	27662
4765	29478
5004	21279
8420	25750
1116	29362
10008	27977
10303	22332
10428	27417
2701	22809
10344	24773
10359	20905
3379	21632
8050	25115
4215	24068
8987	23442
1328	23720
10113	25149
6128	26962
1752	25414
5273	21260
4296	28149
2376	21823
9166	27772
7260	27872
3644	27534
7886	24667
5101	28717
8818	27127
3153	24663
1137	24926
2491	25572
2273	27959
9045	26085
4106	21012
1048	23087
7573	29621
4497	25386
1708	20127
1869	21265
2423	26536
7748	22656
1555	25994
6095	20766
998	27848
4398	20106
8722	29268
1897	23253
8380	23260
522	21393
1813	29115
6600	24778
8936	19682
1239	28858
2087	19907
3139	24350
5701	22506
6925	28618
7557	24558
5317	20380
10276	28241
3702	29239
5976	22787
4115	20367
7534	28412
1288	28663
2241	27413
6239	23954
4352	29232
2883	24494
7110	26286
3780	23966
7195	22283
3844	23789
4332	25773
149	26808
2467	21681
4109	25092
4725	25114
2809	27216
238	24805
4324	28761
9692	26783
3772	28755
10435	20259
1146	20713
2798	25259
2264	20581
8583	21098
2015	24018
3747	22278
4420	29789
3372	29633
7200	25494
4396	23720
9178	26500
399	26794
7280	19804
4760	20526
10004	26486
8633	24151
5968	21394
6244	22398
6360	24467
9387	21018
9158	27609
1276	28400
1351	22279
310	20515
138	22464
5259	22423
5219	27209
768	20460
6601	22925
9711	29456
8306	24354
477	22149
1140	28733
5812	22079
5967	24863
5684	25969
458	28715
4975	26569
953	26135
9739	19392
3069	26625
501	26025
6804	27031
2716	28053
4290	24837
6048	27293
1289	21367
7806	22803
10051	22388
5411	21369
6510	23960
10247	20259
1905	26102
3513	27969
8209	28899
7317	26827
1001	24324
6731	27509
1310	27712
7993	25944
5799	22064
127	19691
4037	19389
5759	29086
6971	24330
3118	28815
8707	27608
1814	21244
7733	19666
9417	23575
9089	29268
1441	25412
3602	20326
3073	19958
4284	28601
5588	29449
7869	20024
1211	25350
3816	20276
8657	20404
8479	21925
10369	23645
4611	24845
4664	29219
3471	20810
6673	25850
152	20086
6567	22827
3215	24594
6009	20351
585	19805
10399	23732
9063	24994
7569	26845
5003	26083
7419	28118
9428	24202
7954	24717
1647	28385
9574	27031
6692	22287
552	23538
5919	20126
7512	21587
10064	24614
4570	28239
2657	23396
6276	25321
1919	19555
7770	28024
4086	20668
1861	24178
3021	28691
7496	22420
2211	20347
10068	27368
1283	25297
2167	22259
8864	21689
2139	28372
2819	21981
9282	27840
4921	24674
3400	27268
2242	23201
8412	26117
2337	27942
9712	20648
227	29576
7846	21847
6714	22380
2917	29452
8063	24967
2612	28318
4407	26657
5194	27280
3412	29508
1676	19892
4076	22150
990	22173
5168	21095
3036	20207
5814	29599
1968	27885
1845	20323
4122	26705
3488	27368
7764	19593
1577	19854
6747	20341
6802	27716
3479	24734
7971	28480
3254	21042
5031	29023
2328	29313
9936	24665
5676	23131
5440	19481
3322	20274
8220	29260
1540	26450
8533	26953
7664	21639
1074	23499
9330	21516
9718	19474
6070	21626
7801	21826
3833	28149
1975	24416
32	22274
5692	20490
1613	27209
7667	20168
4554	19887
2018	21397
7396	24354
7863	29376
5906	27317
1523	24318
2126	29562
555	20991
81	20971
9160	24213
2832	22949
2558	23106
226	25071
8356	27258
1420	21602
8145	29740
4614	29818
2420	26079
5482	26452
2320	19455
2208	22454
1505	27154
3527	24351
9229	25966
8701	25715
10469	22740
7774	27649
6157	22407
8739	24256
2965	29849
2016	22923
6822	27309
1187	27460
3805	25234
8761	29778
5921	26220
3480	24324
4036	23025
9969	22990
3448	21632
5896	23304
1153	23576
9914	26611
4514	28259
6783	29121
196	24595
858	25902
2778	28561
3174	27592
7817	24582
4696	29752
4459	24178
6889	28208
3838	28600
5962	23794
1725	28767
1976	23635
7818	23131
802	24318
3263	28967
5237	29562
8252	25814
667	20883
9638	27570
7647	24693
3088	19538
7085	23248
999	27262
5525	23877
7717	23507
934	22788
4791	25099
1490	26117
8667	28214
8435	28721
397	23877
723	27676
10310	26030
965	26744
9447	22461
3620	23790
9004	29137
7399	25553
4403	28341
1193	26599
9684	22909
2468	21171
4074	21300
1134	21219
7601	25276
2860	27412
7247	20050
10000	19709
7299	28933
5948	27932
5142	26591
2253	25275
7152	29778
7402	28500
7875	24437
530	27558
139	19977
7466	19595
7427	27534
3616	24800
634	26888
2178	23051
8555	21805
3440	25994
7771	26241
6474	21429
8599	20234
3391	27349
4919	28369
7313	23396
2771	21738
9823	22413
7225	26687
71	25029
8540	25100
1942	20178
3090	29732
6919	27776
6568	26430
9241	22252
6657	28209
5161	26600
9840	29540
9816	27391
7137	23395
4831	20309
8015	24278
6423	21610
5939	19731
3900	25204
2356	29333
4103	24488
3893	28102
1430	27715
6671	26055
192	23232
7991	29525
7106	22251
3810	22063
5221	24800
1738	29756
9856	23249
3768	28174
5500	25668
5598	27876
314	29268
7196	24734
7047	20041
201	23024
9489	29686
6541	26044
1123	22206
9476	21539
4043	26913
3672	25418
7787	21148
8034	20460
3420	29720
1939	25387
6943	26564
8103	26605
9497	21583
6754	26759
5612	24770
5663	25387
8519	22887
5874	25010
70	22771
9928	20220
3173	24577
10090	25117
3255	29129
2802	23396
9665	19799
2090	22787
4461	23497
7406	26798
1980	27734
7011	29568
5016	23499
4663	29663
9511	21782
5400	20862
1938	19502
2872	25115
8016	22827
2591	25899
9860	25379
5743	23247
10451	26959
3999	29674
6249	28532
6959	28052
10010	25070
9482	23602
9001	21569
354	20067
9046	28127
4780	22963
7431	20741
9569	24910
5474	24023
7628	22887
10466	24493
3693	25531
960	24488
6827	21616
1029	29608
9485	21473
250	22734
7309	24494
7201	27862
6999	21254
5620	24209
3543	25227
10282	21692
228	20327
1269	22077
144	26690
2828	22839
8708	21632
1406	21051
1770	23532
3779	29354
5047	22530
2952	22853
4311	29473
944	21622
9554	27715
4192	27279
8679	21488
3265	28440
9171	19492
2569	26061
6910	26037
8241	20866
4392	29315
10227	25222
3389	26477
10430	24700
922	23133
7885	24706
7904	20186
6233	25487
1256	29711
469	23442
1952	24254
7296	29497
1442	23240
2663	29549
10340	24135
1815	28141
8297	29283
9088	28209
4271	27764
5785	24318
2267	25123
8173	19476
9515	19509
706	25335
9721	25116
9064	27989
2972	23236
6397	29737
6134	29385
4108	20665
700	29362
3990	28978
2450	19882
4404	23815
5497	25524
6717	24483
7499	27533
4967	23607
6526	26226
7911	23489
4257	20581
8831	20524
9170	20075
10257	23198
579	23839
2291	19788
1904	24633
10166	19731
6104	22505
840	26200
4923	21667
4926	29620
7000	28073
7045	26501
4705	26944
1335	26021
206	26880
169	23208
2744	23813
8425	24735
867	21042
7440	21283
4416	21823
8336	29697
4376	23848
952	23979
4876	19615
7769	23114
9210	27859
504	29570
10307	24584
10204	28372
7852	26823
5757	21256
702	20522
45	23526
8903	20785
4119	24277
4781	27335
378	24570
9218	19504
3669	21045
6034	21040
9014	23756
7775	21111
7353	26236
662	26850
8074	23126
570	28319
7286	23239
7767	20079
10331	27817
2107	24631
10169	26345
1467	29230
4873	23404
355	27986
5081	24377
10285	24805
8044	21082
8135	22202
694	20862
7380	22025
5322	25760
10038	22632
2426	28155
8388	19417
7059	27975
3558	21800
9407	20526
8638	20155
1888	20268
8542	23095
4604	25954
7176	21507
5436	29731
361	20707
5742	25934
1506	24469
6247	24485
9746	22259
2662	24890
62	25784
8821	24374
1372	28654
1586	21633
1940	26073
8358	24324
486	27108
8835	22398
2959	22206
941	19581
2829	25123
8566	23503
6516	25152
9248	29341
1853	28755
8930	20511
5017	19934
7919	24754
7973	21569
6473	28802
5049	25823
571	26222
2594	27294
3415	24760
6167	23489
3821	22423
820	27397
10141	19593
2740	24069
6166	29062
3185	26409
5068	27513
1164	22206
7538	22380
123	24607
2444	28823
6659	21372
10218	19444
9117	28114
7071	24048
10329	20010
1979	28477
8433	22049
868	26085
8278	25831
7344	27088
9190	28446
842	24053
7423	28349
8269	25531
8616	27166
10050	22805
4269	20816
6261	27621
7207	29040
9651	25613
189	25713
1435	28485
6797	27959
8843	23972
410	29710
3660	21300
2152	27612
9301	21085
9784	21950
15	28736
2272	27570
6142	22045
9356	20639
8625	27431
3366	20684
3226	24611
6446	21798
9402	23409
4555	26939
7012	24318
3172	20883
4150	24494
8229	21791
9827	20214
6281	26736
745	20517
8179	19444
4836	20149
10074	19590
5867	21897
4366	28945
3587	22600
8338	27465
5772	28304
26	25948
4789	22479
5736	27715
180	22787
2723	22582
6184	22853
2332	24068
7976	27502
4	25604
805	27938
4168	27299
1684	21338
3109	19766
8704	29788
5811	20196
4806	26490
8226	26798
3828	29316
5617	19630
9846	20309
5112	24558
2713	20434
6078	19665
1121	25604
2000	24000
3685	27233
8665	19542
1093	25117
4380	24635
4163	23835
2854	29092
7858	24930
4775	27249
3736	23756
5596	24309
5044	24664
832	20196
9885	29871
4236	24703
8426	21412
7173	23198
3556	26315
710	28981
3531	23396
8330	23970
9079	24384
642	25060
5302	28682
9942	23154
5022	24727
5052	21664
5304	21291
6161	23447
5380	27172
10240	19598
5007	28085
10086	26515
10251	26639
83	24000
8424	27437
1824	19667
9933	21439
6550	27047
7237	28534
6062	28663
6454	29129
3568	28408
5395	26039
4183	27167
2442	19504
841	29832
8441	23059
10492	24471
4315	21094
1898	25578
785	21460
10457	24149
8945	29001
3101	23968
1360	24863
1778	28093
5646	20918
9553	25674
108	29239
8830	23923
10144	19899
5404	20709
9239	21011
4450	28376
3026	25994
4203	26850
1926	20605
10182	26200
8526	21526
3638	27528
10317	21845
9781	19815
569	27945
7718	23070
9404	25893
9094	19762
1787	20704
9180	23980
8660	21689
1222	27785
7224	20155
7847	28414
1350	19885
9912	20775
5195	27793
7518	27025
742	21051
5271	22286
5238	22887
8578	28544
4520	27483
2800	26044
10456	24683
6506	23316
2617	20684
2833	23876
8416	22098
1301	28532
1755	29536
5798	27284
7697	21556
5491	29334
3491	28744
3177	22402
2536	29015
7828	20268
5687	27349
6606	27335
2641	27008
986	26776
4039	29508
1182	24213
95	26317
10283	24377
9287	23934
573	28646
5413	24239
8096	27959
4337	28489
4538	22061
1152	29101
959	29370
3093	20637
10233	20798
7848	24732
3246	24377
10292	26477
1459	24091
6565	20986
66	24097
789	22016
10121	20883
6147	29510
3862	28166
977	20730
8585	19581
7955	26171
7046	21395
1789	24341
5953	23390
9702	20159
9866	21853
9223	21161
6288	27310
9471	23926
5132	28148
5516	28059
6049	28534
4817	22162
556	28932
8829	22740
7182	20136
8874	27280
1906	28160
3217	27789
5447	22707
6056	28809
9536	19915
9627	20517
6321	24069
8926	29549
151	22045
3710	23734
3505	26968
8008	20605
4327	21791
9927	20069
10186	22206
8579	23183
9998	27493
3432	28281
5700	21895
6730	21636
283	24722
5169	27179
14	19887
6218	20436
1838	21183
3363	21168
10372	21182
6004	26562
5102	21640
2637	20001
4047	24980
4676	24607
3067	25142
5915	23809
582	28970
317	26468
3394	25822
4568	25165
4932	19416
302	26471
2525	26029
7302	25584
3015	25952
9605	28250
299	27995
8311	20660
466	22784
4298	21654
3449	25948
5558	23773
9944	20400
8355	29452
7116	21350
1554	22684
6131	22380
5667	22270
5196	29330
4626	26547
6411	29551
9082	24663
5553	29689
2571	22466
3618	23964
9006	21011
9140	19444
2452	21721
2724	28460
2041	27368
2599	25362
1110	25380
4153	25175
2677	26537
3732	20707
3566	21877
7695	23229
1572	28044
1812	29357
4726	20434
8993	22101
9700	27471
4071	25273
9275	26714
3673	19517
4722	29411
7510	27070
5809	22770
8227	25227
9416	19438
9583	29255
10243	29172
6083	25531
1207	29294
2484	28921
1394	27855
5780	21136
5922	21249
8612	23891
8114	27364
6498	22496
7080	20075
3207	21460
3679	28035
9910	26407
4714	29424
10400	23304
2080	21876
3364	29860
9138	21405
8898	29195
680	24073
300	29217
5719	28089
6188	28152
8132	27195
4199	21265
4021	20947
4156	23329
313	29882
9256	23869
550	28404
9067	28593
6834	20816
1637	21917
8641	27609
8219	26044
3502	26051
5570	29689
6686	21967
9419	21993
7721	24251
5489	20215
5547	19470
9350	25837
6372	28195
3508	28744
4368	26075
7507	25658
2078	26798
4055	23987
9003	27022
10037	28278
2531	27003
527	26648
4485	29001
1713	24884
1299	21189
5439	26827
7683	24839
7097	28189
2387	22505
7375	22533
6697	21011
1638	24093
7209	19527
3184	25276
3398	26490
8970	23413
5941	23798
1828	21864
8422	25028
5895	28691
4095	21309
178	26639
7197	21826
4223	28024
2176	26448
4693	22423
1543	26826
8855	20709
7378	26825
1700	23972
2055	22266
7369	23038
10333	29580
1458	23547
9056	23202
9826	26643
8756	24369
4960	22206
2414	21956
8407	20127
9290	19574
9161	22671
4892	24340
6126	20208
7811	26222
7964	19722
2761	25395
6785	29791
2074	19455
8981	22796
7906	27335
9683	29001
1679	29562
1695	20286
3447	27750
8813	25074
7627	19775
2635	28657
9444	19599
225	27945
9654	27460
4068	26075
53	22021
1686	22259
3327	27164
5041	20938
2084	24164
2651	27532
7536	23397
8409	20048
3614	27364
9952	28829
4190	29456
3936	29449
7093	26350
6719	27570
4918	21779
5402	29729
9604	26336
8288	28784
7835	29285
4548	24378
5088	26564
8022	27515
8222	27080
0	28126
2271	23276
35	24723
3803	20413
2801	27154
1347	29372
104	28559
7179	23980
9214	21429
4229	28097
8210	23583
5382	29248
10034	19670
345	19425
5134	23524
3247	20073
6740	27258
7352	27167
808	20147
9790	24670
2632	24274
8959	25114
7281	20477
4721	27534
3547	26586
2844	27301
1014	26220
7502	23447
8235	29353
8541	26385
115	23674
423	24646
8453	21587
7130	19615
3474	25747
1487	24603
9946	28843
6952	25480
2042	19709
1081	28623
1262	19600
10497	29382
5929	29353
562	23396
7340	22588
5651	20262
7068	25448
6862	20456
3991	21400
4343	29516
5940	25013
10009	21032
82	27140
8285	29649
1318	24693
1375	25906
1773	20531
5866	24537
4326	22278
7303	27995
204	26025
891	25389
5294	21960
281	23125
719	23980
3956	22788
4145	27413
7229	25952
6953	29773
605	25154
5928	20754
5162	29737
5051	28244
3308	23689
9948	22870
5869	29001
9710	26905
8081	29508
3503	22278
4195	21422
2946	29372
9230	29303
8440	29423
6668	26490
7183	20342
1046	26381
2297	26878
5750	20994
7420	29100
4500	28600
9577	28691
7714	20220
5246	29316
3848	24034
7314	24347
3256	22373
10299	23458
5210	29333
7839	20242
2440	24856
1099	29662
4533	28188
6635	27335
5245	23708
4920	26448
8623	28372
9566	25677
4449	23058
7111	21323
6660	20642
3650	23249
8906	23348
9396	25089
7944	23843
6316	19680
2200	26407
7665	25329
9488	24734
4808	21694
1078	25824
10433	26639
9461	26516
4658	25636
1473	26452
5247	20631
6123	23040
6693	23734
1308	23645
8199	29436
597	25994
1013	27088
1839	22711
4341	27220
969	24958
5601	24010
2753	19809
7594	29494
10125	26771
1930	26149
4984	29452
1446	27258
1667	25994
9069	21787
296	20918
8504	28820
3336	27452
8833	24729
4442	25214
8647	24990
4887	19444
7255	26023
5437	29179
2276	23132
7321	21792
7289	24318
7223	26020
5754	20949
7866	23489
6787	23590
8310	20528
5705	27734
3356	22558
6165	26787
3371	27050
5316	21110
2187	26220
3096	27482
9034	26963
6052	24635
1712	26272
2863	21053
1701	22206
9360	25442
10467	21405
2587	25368
3463	25075
7525	25146
9016	25838
1728	25330
10015	19709
6494	26218
3743	22379
2877	29470
6704	20118
8908	26815
2151	21857
2882	26345
9996	27364
8517	27125
57	23773
4521	26213
8348	28685
9446	29388
7706	26044
2934	27367
4750	26548
6720	20621
979	23503
7246	29792
434	22547
4727	23619
5853	23050
6979	20581
882	24034
6242	22414
8778	24694
3655	24384
10324	23070
3583	27876
6712	21400
608	21667
7580	28923
7564	23863
4202	22604
8711	23183
3227	22787
2891	20805
4759	22817
4213	28760
445	19455
3976	21694
6587	28456
6139	19628
6884	28682
3456	20883
3507	21242
5224	28183
3984	29466
5454	24042
6939	23250
6243	26859
3988	27768
8779	29461
8017	26468
3481	20493
1517	24770
7864	28925
1272	27240
155	22284
8731	22790
6751	24598
67	24994
4266	27935
456	29179
8619	27332
350	24664
10479	28324
9921	20173
1413	27535
1418	26548
2840	21696
3534	26815
1462	23249
10089	25629
8626	22177
10336	23011
461	26302
5312	23145
7965	20290
8213	28641
4184	20147
7588	19581
6217	25814
1882	27534
9349	23519
2158	19416
9156	26817
77	19444
9263	28830
9425	20905
7452	25059
8706	26287
10370	20366
7248	28682
64	27464
10296	25591
4062	25784
8053	20324
5852	24702
7495	22312
542	28657
7230	20727
4866	26165
6452	27313
3553	27120
4888	22315
743	28755
6571	19953
10044	20241
3085	25721
8228	20162
7804	26704
10279	23325
9433	24257
7348	28187
4949	20883
2024	27535
7920	26381
4719	29092
7003	25252
8702	22532
1065	27244
9768	20123
4938	23891
5920	19448
4912	27534
7693	24042
1200	26880
4310	29029
2768	25977
4060	27108
2834	25395
7251	20605
4560	25598
8913	27532
86	27150
5114	26886
4170	21632
5728	27006
2132	23923
9393	28214
5782	27969
2974	20969
6313	28194
398	28305
5092	24700
10286	22924
7629	22491
6152	25035
1216	19880
8787	27654
5540	19659
4550	29300
7941	24057
248	21831
7213	25906
631	20805
8995	27534
6548	28161
3200	26180
994	21881
2725	23286
1642	28765
2597	23113
2225	24527
809	26259
833	29559
8878	26849
342	24330
7227	29470
1693	29038
7140	23526
1426	24243
8767	21462
3202	29556
1063	20105
8575	19881
6944	21689
2497	26125
7143	29200
9112	25421
7434	26354
588	22505
553	22720
1920	20937
2628	26836
3462	19605
507	22960
6801	21183
1842	23934
7142	20969
863	20185
8979	25272
4361	20312
8246	23141
2001	25788
3674	23634
4245	29400
7935	29487
4698	19447
8563	28278
6994	24104
2702	24932
10060	25315
400	29059
2684	26106
9865	27892
3769	23001
8601	21689
10309	24687
1545	27465
3771	23456
1324	24854
7476	27120
1507	29449
9493	20356
6391	28558
2839	26452
8696	21755
442	28182
586	21883
10271	24670
3437	27764
9247	21260
3903	28133
8523	21833
1908	25874
9276	20051
5796	24187
9991	29743
9701	22428
9977	22589
2156	23720
6500	24282
3159	25994
7204	24377
10312	26424
6170	28066
4004	22319
3267	22076
7661	23358
8028	20074
10048	21782
1711	22787
8611	22542
1401	27209
1053	23628
737	23730
1096	20883
7081	24854
8134	19597
8530	27302
900	21875
9653	20339
1145	20204
2130	27562
2555	27258
6946	28553
8889	29436
508	26218
846	22204
9504	27017
6904	19783
5324	19933
1286	24856
2483	22194
10424	22222
711	26361
5060	28185
7907	25155
7865	21223
4537	20985
958	22963
428	21084
2669	20456
5543	20675
7426	26376
6007	26714
4838	21895
277	29885
1520	27449
2794	20131
8567	27294
3733	21535
7558	21106
8729	26402
4479	22967
2207	29000
1117	25784
4518	25251
601	24693
1656	19546
975	26662
6687	25690
1775	20434
6036	25172
1657	23057
79	27153
3320	23473
4740	24630
2807	26850
3617	29382
9119	22026
1640	20782
8937	28357
7322	28283
6988	23055
10173	22225
8658	25459
5053	23600
2764	27090
7737	27905
6399	26220
2512	23121
1663	28477
4386	28288
10425	29549
265	23011
5752	28839
10011	23274
4959	28894
6699	25209
9422	24104
1841	25525
9080	27547
5984	26704
6108	29778
3103	28547
1059	26126
6835	24475
898	29740
7692	29737
9538	19444
6096	24633
9687	24756
10349	25785
5945	23397
7368	25114
3044	22734
7730	20497
1614	28027
1762	28485
3516	29586
8976	26745
5855	20367
2588	25944
3053	24763
4446	28590
6669	20842
4297	22229
949	20730
6859	20086
1280	22045
1798	24377
5521	22810
4732	28994
9742	27676
9391	25602
9091	24630
6863	29737
9325	23136
9445	24247
4314	21136
1469	23597
2455	19565
459	29597
7035	25954
3740	21961
9084	21261
6741	20182
5878	25675
10157	28069
2244	21105
8080	22423
6711	26730
4813	23772
2006	27743
1292	27229
976	25777
2694	19936
9424	26936
782	22880
4976	21884
3243	29286
2407	28092
1415	27194
1284	21474
2081	24365
2028	20147
3869	19556
7323	26606
9408	27612
3132	22386
7437	29288
749	20749
6880	29034
9123	22535
10273	28495
8316	21782
6194	22259
2518	29291
140	21556
4487	19565
9104	20825
5864	24318
2318	29710
9535	21453
3686	20434
4966	27409
5477	28169
6005	26145
1973	20874
8556	25243
10463	22165
9833	27309
5303	24257
4133	20918
10429	20012
346	26550
10379	26118
7285	24570
6924	23069
2384	19665
2902	28287
3730	26755
3237	20917
8912	19744
2574	21633
6355	20883
2352	26426
4805	19522
9100	23653
8354	27917
9925	29502
7994	22542
9864	27969
8436	27727
1833	23164
982	26462
8218	25050
3183	27850
4685	21818
235	20710
1271	24603
9090	23614
755	25807
5091	28627
6679	19778
8620	27050
7824	24247
6996	21955
3460	23525
7726	21602
8255	26876
8734	26548
8267	27984
9148	25442
6211	29663
2595	26721
771	29090
7078	29521
2791	28626
8847	21263
2120	27481
7060	29137
1250	23722
5693	25174
6773	22045
9805	23967
6151	24910
2322	28618
5313	20268
2836	29408
2003	20690
1737	22070
10444	21925
10185	25851
2830	21487
5450	26996
2862	29316
9951	25533
8997	20065
5159	27080
558	19936
9209	23893
2894	27294
3784	28103
859	23756
3334	24910
1538	26108
9394	28571
1366	26353
10095	25934
5488	28691
3962	27676
5405	25531
3163	21427
5806	27272
6561	23130
3866	29570
8957	24496
5523	19610
5199	27297
2370	20253
1913	24324
8082	27183
3967	19476
5636	20160
1041	23217
3082	21516
1210	27066
9316	20716
5058	20831
4985	20832
2695	26342
7409	29237
1033	25994
8472	21063
1238	27154
7180	29885
4018	26448
5024	27836
2814	28853
6041	29376
482	25966
7335	26220
1397	26838
3459	20268
1877	20185
8618	20707
2843	21886
4204	22423
390	20026
9586	27758
4082	21994
7497	22315
3728	28269
9288	29686
1658	22150
3500	25705
9523	24910
2289	26017
2848	27345
3656	21208
7480	20223
6234	25798
2031	28862
2234	29217
3484	21273
4744	25538
9219	26296
8565	25452
6199	23954
4094	23575
4867	22702
6431	26147
6448	27082
3050	21891
987	29604
1056	23876
8693	21807
3635	25185
4189	24321
5208	25146
8452	25420
6512	21473
4581	23817
3863	22172
7849	20312
2255	23845
6749	28866
4634	27981
1245	19487
6010	22215
6196	23785
620	28062
4542	24333
8444	23819
7930	23962
9662	25526
2580	29694
6065	29299
2539	26501
1937	21395
6819	27534
5070	26180
7608	26274
5529	26125
9525	28274
8698	21358
9032	19597
10023	21136
2470	27104
1720	23851
8448	22381
3221	28534
4304	20918
9602	20883
9697	21804
9772	26381
2214	20808
1895	29188
1196	29198
2101	23465
8360	22890
1472	20501
5729	21894
3380	19546
7359	19502
1042	29470
9643	23024
3427	24727
2726	20916
4096	23068
1254	26048
3206	25630
5602	27267
7956	26548
2888	25272
9931	20946
479	23760
3276	29837
6138	19581
136	22818
5343	25204
8806	29001
3974	26536
4468	22721
565	26850
2194	26220
385	22135
9923	21074
9373	24683
6220	19600
446	23107
10108	25018
6141	26778
779	22227
10315	29478
6833	25276
10419	22277
6330	25820
8277	27387
7901	29633
6382	22870
2905	19455
2529	21258
3791	25851
7308	22108
7048	29272
9961	24316
4235	20574
8216	28755
3691	21311
7063	26522
8445	28940
2655	27969
7823	24242
9748	22423
3840	24466
1956	24324
1357	25942
8688	26319
576	19597
2485	24398
729	28318
5894	28567
6970	21249
10477	25480
356	28300
2117	29763
5298	29804
806	26402
9196	20832
3580	26850
3230	26628
3257	20477
9689	24263
5073	27349
6097	28967
2754	27316
2216	28155
3871	20767
8842	26471
6364	26958
10487	29220
2961	22297
9365	21056
6358	26345
4252	21210
8595	23784
2223	24691
1181	25814
6079	24546
5408	25952
587	20400
2012	26345
2105	23762
8796	25994
8886	20185
3422	25256
42	25075
55	21285
4141	22083
5827	26136
8099	28994
8686	23078
6112	20635
8344	23378
4058	19546
6753	24558
10358	28843
1198	26639
9678	22702
8217	29025
9766	25988
3102	21367
3801	21105
7605	21414
1185	23185
8150	25906
9786	23279
2990	25774
5011	25022
8673	27368
3281	27534
4898	23960
4445	23144
6472	29424
10130	25504
1889	28318
1593	28710
9667	21371
636	29501
7912	27184
3663	21056
10490	19534
5808	29706
9362	26857
2040	23616
2292	24646
9817	22056
3930	23258
668	28069
4000	22006
8502	29314
1785	25092
10118	19755
6830	21286
185	27575
5202	29851
7339	26407
4635	20222
6992	21233
6721	23499
5582	22942
5622	20182
4547	24539
6413	20302
1659	28532
7924	29478
91	27742
845	23121
6483	27184
4356	27838
10261	23082
1252	26490
566	20282
7622	24831
708	22950
5029	27835
6535	29725
7484	23839
9924	24612
766	21404
4345	22687
9092	21889
4406	23576
7024	29291
5433	22206
1675	21011
6683	21531
6227	24672
4365	28203
6522	21966
1765	23567
517	27479
6224	25329
3242	27873
9243	22978
9640	22236
7034	25646
8188	23131
249	24251
5616	21300
