need:	[10207, 81, 13347]	[28347, 171, 25207],delete:
need:	[13215, 81, 8386]	[23386, 171, 28215],delete:
need:	[9008, 81, 9223]	[24223, 171, 24008],delete:
need:	[17516, 180, 19110]	[17516, 171, 25838],delete:
need:	[11953, 81, 4609]	[19609, 171, 26953]	[19609, 171, 25426],delete:
need:	[5567, 34, 3790]	[20567, 190, 18790],delete:
need:,delete:	[8853, 120, 13054]
need:	[985, 34, 10905]	[15985, 190, 25905],delete:
need:	[3713, 81, 2596]	[17596, 171, 18713],delete:
need:,delete:	[862, 81, 7599]
need:	[7254, 40, 14006]	[29006, 173, 22254],delete:
need:	[5571, 34, 13856]	[20571, 190, 28856],delete:
need:	[9700, 34, 10947]	[24700, 190, 25947],delete:
need:	[15654, 171, 23392],delete:
need:	[14769, 81, 4498],delete:
need:,delete:
need:	[6209, 81, 3768]	[26825, 168, 21209],delete:
need:,delete:	[2469, 81, 1355]	[824, 81, 1355]	[13377, 81, 1355]	[16355, 171, 18905]	[16355, 171, 16555]	[16355, 171, 15824]	[16355, 171, 28377]
need:	[1676, 34, 7125]	[16676, 184, 24474],delete:
need:,delete:	[8037, 40, 5070]	[9580, 40, 5070]	[14115, 40, 5070]	[3110, 40, 5070]	[2107, 40, 5070]	[8049, 40, 5070]	[13612, 40, 5070]	[14769, 40, 5070]	[5070, 112, 6262]	[10204, 40, 5070]	[20070, 173, 29769]	[20070, 173, 21268]	[20070, 173, 22861]	[20070, 173, 25204]	[20070, 184, 21262]	[20070, 173, 29115]	[20070, 173, 28612]	[20070, 173, 20731]	[20070, 173, 23049]	[20070, 173, 24580]
need:	[5666, 89, 14517]	[29517, 168, 20666],delete:
need:	[9586, 81, 9738]	[24738, 171, 24586],delete:
need:	[6906, 34, 37]	[13698, 34, 37],delete:
need:	[2972, 81, 14276]	[29276, 171, 17972],delete:
need:	[2479, 81, 7917]	[22917, 171, 17479],delete:
need:	[24669, 173, 23636],delete:
need:	[8931, 112, 9773]	[23931, 184, 24773],delete:
need:	[22731, 173, 29639],delete:
need:	[1091, 40, 8149]	[23149, 173, 16091],delete:
need:	[3127, 81, 10648]	[27607, 171, 18127]	[25648, 171, 18127],delete:
need:	[13243, 129, 5032]	[13243, 40, 5032]	[20032, 173, 28243],delete:
need:,delete:	[14815, 81, 10120]	[25120, 171, 25654]	[25120, 171, 19773]	[25120, 171, 29815]	[25120, 171, 18889]	[25120, 173, 15309]	[25120, 171, 16406]
need:,delete:	[29794, 168, 17107]	[2107, 81, 1072]	[2107, 53, 14794]
need:	[10416, 34, 6047],delete:
need:	[18496, 168, 28703],delete:
need:	[9606, 34, 12416]	[24606, 190, 27416],delete:
need:	[8146, 40, 14420]	[29420, 173, 23146]	[16511, 168, 23146],delete:
need:	[2455, 81, 171]	[15171, 171, 27165],delete:
need:	[1459, 34, 10307],delete:
need:	[10276, 81, 14897]	[29897, 171, 25276],delete:
need:	[1832, 112, 6523]	[1832, 34, 7806]	[16832, 186, 22806],delete:
need:	[13101, 34, 6939],delete:
need:	[5649, 34, 13126]	[5649, 34, 14219]	[20649, 190, 29219],delete:
need:,delete:	[1989, 53, 4643]	[8717, 147, 1989]	[1989, 81, 13792]	[25440, 171, 16989]	[20467, 171, 16989]
need:,delete:	[3432, 144, 14705]
need:	[5831, 40, 9338]	[24338, 173, 20831],delete:
need:	[11604, 53, 4717]	[19717, 168, 26604],delete:
need:	[4866, 40, 1837]	[4866, 81, 7562]	[17610, 187, 19866],delete:
need:	[4329, 81, 6318]	[29035, 171, 19329]	[18986, 173, 19329]	[21318, 171, 19329],delete:
need:,delete:
need:	[7198, 81, 11358]	[7198, 81, 1965]	[15104, 187, 22198],delete:
need:	[8914, 34, 1774]	[13168, 34, 1774],delete:
need:	[4660, 81, 13444]	[15807, 187, 19660]	[28444, 171, 19660],delete:
need:,delete:	[8920, 144, 9360]
need:	[5898, 19, 6362]	[21362, 187, 20898]	[17244, 172, 20898],delete:
need:	[10439, 34, 9754]	[10439, 34, 11009]	[25439, 190, 24754],delete:
need:	[1577, 34, 13482]	[16577, 190, 28482],delete:
need:	[5278, 19, 8166]	[23166, 187, 20278],delete:
need:	[11984, 34, 8985]	[1916, 34, 8985],delete:
need:	[14735, 81, 6388]	[21388, 171, 17309],delete:
need:,delete:	[8171, 112, 6474]
need:,delete:	[9681, 34, 10092]	[9681, 112, 10736]	[24681, 184, 25736]
need:	[12728, 40, 7854]	[22854, 173, 15071],delete:
need:	[4969, 81, 13730]	[28730, 171, 19969],delete:
need:,delete:	[22981, 171, 19763]
need:	[13065, 11, 4362]	[19362, 168, 28065],delete:
need:	[14028, 81, 5634]	[20634, 171, 29846],delete:
need:	[13826, 34, 499]	[12285, 34, 499],delete:
need:	[894, 34, 7586],delete:
need:,delete:
need:	[1259, 81, 2682]	[21064, 172, 16259]	[24074, 171, 16259],delete:
need:	[2142, 81, 4237]	[19237, 171, 17142]	[26091, 187, 17142],delete:
need:,delete:	[5059, 81, 13610]	[5059, 53, 13199]	[5059, 40, 6117]	[15437, 171, 20059]	[25795, 171, 20059]	[28199, 168, 20059]	[21117, 173, 20059]
need:,delete:	[9439, 81, 6765]
need:	[5819, 57, 10723]	[5819, 48, 12287]	[25723, 168, 20819],delete:
need:	[509, 81, 13095]	[28095, 171, 15509],delete:
need:	[4768, 40, 8199]	[23199, 173, 19768],delete:
need:	[2534, 34, 7833]	[17534, 190, 22833],delete:
need:	[2362, 34, 3561]	[22484, 186, 18561]	[12997, 34, 3561]	[17362, 186, 18561],delete:
need:,delete:	[1224, 120, 6737]
need:	[6315, 34, 6296],delete:
need:	[6100, 106, 11901]	[21100, 190, 26901],delete:
need:	[4089, 112, 12825]	[19089, 184, 27825],delete:
need:,delete:
need:	[18815, 187, 21527]	[6527, 81, 14927]	[6527, 19, 3815]	[29927, 171, 21527],delete:
need:	[7471, 81, 12239]	[27239, 171, 22471]	[17138, 172, 22471],delete:
need:	[22476, 171, 24958]	[22476, 171, 25118]	[22476, 171, 15319],delete:
need:	[862, 81, 7599]	[8419, 81, 7599]	[22599, 171, 15862]	[22599, 171, 23419],delete:
need:	[15500, 171, 28702]	[13702, 81, 500],delete:
need:,delete:
need:	[12439, 81, 8468]	[23468, 171, 28428]	[13428, 81, 8468],delete:
need:	[4457, 40, 14756]	[29756, 173, 19457],delete:
need:	[15633, 168, 29864]	[15633, 168, 27795]	[12531, 118, 633]	[14864, 53, 633],delete:
need:	[172, 34, 6956],delete:
need:	[10471, 81, 4448]	[10471, 81, 3158]	[18158, 171, 25471]	[16303, 172, 25471],delete:
need:	[5650, 96, 14088]	[20650, 191, 26401]	[29088, 189, 20650],delete:
need:	[2083, 112, 2763]	[17083, 168, 21510],delete:
need:	[882, 40, 13309]	[28309, 187, 15882],delete:
need:	[9936, 34, 4795],delete:
need:,delete:	[182, 81, 4252]
need:	[12548, 34, 1007]	[27548, 186, 16007],delete:
need:	[7520, 34, 3587]	[22520, 190, 18587],delete:
need:	[15748, 168, 23557]	[15748, 168, 25806],delete:
need:,delete:	[23082, 186, 15067]	[23082, 190, 15067]
need:	[685, 34, 314],delete:
need:	[10347, 34, 5964]	[10347, 34, 5114]	[25347, 190, 20114],delete:
need:,delete:
need:,delete:	[1973, 81, 4721]	[14851, 81, 4721]	[6840, 81, 4721]	[19721, 171, 16973]	[19721, 171, 29851]	[19721, 171, 21840]
need:	[15244, 168, 29462]	[14462, 144, 244]	[13945, 53, 244]	[10235, 53, 244],delete:
need:	[28514, 190, 21445]	[20616, 186, 21445]	[5616, 34, 6445]	[13514, 34, 6445],delete:
need:,delete:	[26949, 173, 21805]	[20749, 171, 21805]
need:,delete:	[21016, 171, 23995]
need:	[13220, 19, 6362]	[21362, 187, 29798]	[21362, 187, 28220],delete:
need:	[8084, 26, 12972]	[27972, 172, 23084],delete:
need:	[17726, 171, 25606]	[14320, 81, 2726],delete:
need:	[2469, 102, 6914]	[21914, 171, 19060],delete:
need:	[23820, 168, 18947]	[29588, 168, 18947],delete:
need:	[12195, 53, 2885]	[17885, 168, 27195],delete:
need:	[546, 81, 14626]	[29626, 171, 15546],delete:
need:	[4899, 81, 10365]	[25365, 171, 19899]	[25365, 171, 16847],delete:
need:	[14312, 26, 8707]	[23707, 172, 29312],delete:
need:,delete:	[10331, 53, 9884]	[10331, 81, 1488]	[10331, 81, 8431]	[10331, 120, 6737]	[10331, 81, 7313]
need:	[25298, 173, 24908]	[25476, 172, 24908],delete:
need:,delete:	[4860, 81, 4266]
need:	[8766, 81, 8148]	[16817, 171, 23766],delete:
need:,delete:	[24979, 171, 21709]
need:	[19426, 186, 21366]	[6521, 34, 6366],delete:
need:	[9591, 81, 208]	[15208, 171, 24591]	[16754, 171, 24591],delete:
need:	[1389, 34, 7742],delete:
need:	[24680, 186, 20461]	[9680, 34, 10704],delete:
need:	[406, 34, 10117]	[406, 34, 12692],delete:
need:	[6769, 34, 3594],delete:
need:,delete:
need:	[6166, 34, 12410]	[21166, 186, 27410],delete:
need:	[27232, 184, 23495],delete:
need:	[452, 87, 4086]	[15452, 165, 19086],delete:
need:	[17610, 187, 28631]	[17610, 187, 29788],delete:
need:	[4659, 81, 14452]	[4659, 81, 4093]	[19093, 171, 19659],delete:
need:,delete:	[9277, 120, 6737]
need:	[23968, 171, 22247]	[23968, 171, 26252],delete:
need:,delete:	[3519, 40, 8165]	[3519, 81, 253]
need:	[9642, 26, 12227]	[27227, 172, 24642],delete:
need:	[3682, 26, 5688]	[20688, 172, 18682],delete:
need:	[14285, 87, 7588]	[20463, 169, 22588],delete:
need:,delete:
need:	[8876, 34, 6062]	[8876, 34, 8094]	[23876, 186, 21062],delete:
need:	[4628, 112, 2763]	[19628, 180, 17763],delete:
need:	[5815, 81, 1783]	[16783, 171, 20815],delete:
need:,delete:	[13869, 162, 870]	[26580, 190, 15870]	[26766, 186, 15870]	[13869, 34, 870]
need:	[21097, 172, 16516]	[24293, 171, 16516],delete:
need:	[24367, 171, 17385]	[24367, 171, 26755]	[24367, 171, 15300],delete:
need:	[4762, 81, 14181]	[29181, 171, 19762],delete:
need:	[88, 81, 3149]	[18149, 171, 15088]	[24067, 187, 15088],delete:
need:	[19413, 171, 28916]	[13916, 81, 4413],delete:
need:,delete:	[29794, 168, 24271]	[9271, 81, 783]	[9271, 120, 13054]	[9271, 81, 13504]
need:	[7073, 14, 13268]	[22073, 184, 28268],delete:
need:	[6121, 81, 14857]	[19908, 171, 21121],delete:
need:	[15565, 171, 28260]	[15565, 171, 23419]	[13260, 81, 565],delete:
need:	[5773, 89, 13205]	[28205, 168, 20773],delete:
need:,delete:	[6772, 81, 11701]
need:	[3627, 81, 14001]	[29001, 171, 18627],delete:
need:	[4209, 34, 13126],delete:
need:	[1462, 81, 9587]	[18109, 171, 16462]	[24587, 171, 16462],delete:
need:	[1307, 81, 6951]	[21951, 171, 16307],delete:
need:	[11072, 34, 2153]	[12086, 34, 2153],delete:
need:	[1862, 81, 11135]	[26135, 171, 16862],delete:
need:	[7573, 34, 11257]	[7573, 34, 9133]	[22573, 190, 26257],delete:
need:	[12125, 53, 5639]	[20639, 173, 27125]	[12125, 40, 5639],delete:
need:	[548, 81, 7683]	[22683, 171, 15548],delete:
need:	[9699, 81, 4414]	[9699, 40, 10186]	[25186, 173, 24699],delete:
need:	[16173, 173, 19999],delete:
need:	[2125, 53, 9004]	[5552, 40, 9004]	[2407, 40, 9004],delete:
need:	[9719, 81, 12172]	[27172, 171, 24719],delete:
need:	[2440, 53, 14429]	[29429, 168, 17440],delete:
need:	[9778, 81, 6878]	[21878, 171, 24778]	[1758, 81, 6878],delete:
need:	[2953, 40, 14076]	[29076, 173, 17953],delete:
need:	[6566, 81, 9304]	[24304, 171, 21566],delete:
need:	[9047, 34, 17]	[9047, 34, 13487],delete:
need:	[14472, 34, 10433]	[29472, 186, 25433],delete:
need:	[13117, 81, 6139]	[21139, 171, 28117],delete:
need:	[7582, 81, 3768]	[18768, 171, 21209],delete:
need:,delete:	[3549, 120, 6737]
need:	[10310, 34, 9392]	[10310, 34, 12075],delete:
need:	[3051, 81, 372]	[15372, 171, 18051],delete:
need:	[16236, 173, 27975]	[16236, 173, 18490],delete:
need:	[24116, 173, 28718]	[13718, 40, 9116]	[9523, 40, 9116],delete:
need:,delete:
need:	[2059, 34, 4039],delete:
need:,delete:
need:	[4920, 53, 12314]	[27314, 168, 19920],delete:
need:	[19760, 168, 22699]	[22577, 174, 19760],delete:
need:	[4300, 26, 4036]	[19036, 172, 29552],delete:
need:	[19281, 171, 27423]	[12423, 81, 4281],delete:
need:	[2467, 81, 6607]	[2467, 81, 736]	[15736, 171, 17467],delete:
need:	[24416, 173, 29169],delete:
need:	[9128, 81, 1093]	[9128, 53, 4431]	[19431, 168, 24128],delete:
need:	[25119, 168, 20786],delete:
need:	[14534, 106, 7165]	[29534, 190, 22165],delete:
need:	[13430, 81, 9074]	[24074, 171, 28430]	[24074, 171, 27879],delete:
need:,delete:
need:,delete:	[3207, 19, 7462]	[3207, 40, 2066]	[26267, 171, 18207]	[17066, 173, 18207]	[19184, 171, 18207]
need:	[7961, 81, 4696]	[7961, 81, 144]	[19904, 173, 22961],delete:
need:	[8346, 34, 10901]	[23346, 186, 25901],delete:
need:	[23426, 184, 27258]	[23426, 180, 27258],delete:
need:	[14911, 152, 3063]	[20829, 191, 18063],delete:
need:	[3283, 81, 9757]	[24757, 171, 23390],delete:
need:	[3618, 81, 5470]	[20470, 171, 20029],delete:
need:,delete:	[6148, 120, 6737]
need:	[5651, 34, 331]	[20651, 190, 15331],delete:
need:	[721, 53, 2391]	[17391, 168, 18457],delete:
need:	[6174, 53, 7062]	[22062, 168, 21174]	[27096, 168, 21174],delete:
need:,delete:
need:	[14399, 81, 7123]	[22123, 171, 29399],delete:
need:	[316, 81, 14321]	[316, 81, 14692]	[29321, 171, 15316],delete:
need:	[2482, 81, 12627]	[27627, 171, 17482],delete:
need:	[8603, 81, 13504]	[28246, 168, 23603],delete:
need:	[13286, 81, 5846]	[20846, 171, 28286],delete:
need:	[7514, 34, 7561],delete:
need:	[7187, 152, 12419]	[22187, 191, 27419],delete:
need:	[205, 144, 4472]	[19472, 168, 15205],delete:
need:	[953, 53, 5429]	[20429, 168, 27723],delete:
need:	[6613, 26, 6180]	[12698, 26, 6180]	[21180, 172, 27698],delete:
need:	[14240, 135, 8829]	[23829, 165, 29240],delete:
need:	[6879, 144, 7096]	[24673, 168, 21879],delete:
need:	[6153, 81, 775]	[3749, 81, 775],delete:
need:	[1632, 81, 4856]	[19856, 171, 16632],delete:
need:	[11758, 157, 3910]	[28933, 171, 18910]	[26758, 173, 18910],delete:
need:	[624, 81, 14790]	[29790, 171, 15624],delete:
need:	[1851, 14, 12170]	[16851, 180, 27170],delete:
need:	[3696, 81, 9007]	[9007, 25, 2004]	[12079, 81, 9007]	[24007, 171, 18814]	[24007, 171, 18696],delete:
need:	[1130, 34, 11337],delete:
need:	[263, 34, 9016]	[5921, 34, 9016],delete:
need:,delete:	[5049, 81, 4886]	[11668, 81, 4886]	[14703, 81, 4886]	[5553, 81, 4886]	[19886, 171, 26668]	[19886, 171, 29703]	[19886, 171, 25486]	[19886, 171, 20049]
need:	[9621, 81, 10063]	[25063, 171, 28757],delete:
need:	[3281, 81, 6690]	[3281, 40, 5864]	[20864, 173, 18281],delete:
need:	[15536, 191, 16111],delete:
need:,delete:	[23317, 171, 26462]
need:,delete:	[3441, 81, 2423]	[8096, 81, 2423]	[2836, 81, 2423]	[10708, 81, 2423]	[8560, 81, 2423]	[6514, 81, 2423]	[17423, 171, 18441]	[17423, 171, 23096]	[17423, 171, 17836]	[17423, 171, 25708]	[17423, 171, 23560]	[17423, 171, 21514]
need:	[19240, 191, 20828]	[4797, 81, 5828]	[4220, 81, 5828],delete:
need:	[10145, 81, 5846]	[10145, 81, 11550]	[20846, 171, 25145],delete:
need:	[4254, 34, 13152]	[19254, 190, 28152],delete:
need:	[11599, 128, 4320]	[14433, 128, 4320],delete:
need:	[15283, 172, 16694]	[15283, 173, 16694],delete:
need:	[4096, 162, 5679]	[4096, 34, 5679]	[19096, 190, 22268],delete:
need:,delete:	[6558, 120, 3048]
need:,delete:	[9341, 120, 13054]
need:	[3196, 11, 1342]	[16342, 168, 18196],delete:
need:	[4379, 81, 8973]	[4379, 81, 14554]	[27454, 187, 19379],delete:
need:	[8676, 19, 2191]	[17191, 187, 23676],delete:
need:	[1222, 53, 1603]	[29097, 168, 16222]	[15113, 168, 16222],delete:
need:	[10362, 34, 13712]	[25362, 186, 29447],delete:
need:	[2779, 26, 7195]	[22195, 172, 17779],delete:
need:	[958, 81, 4520]	[19520, 171, 15958]	[17348, 171, 15958],delete:
need:	[8501, 53, 14291]	[16052, 168, 23501],delete:
need:	[14873, 34, 3966]	[29873, 190, 18966],delete:
need:,delete:	[730, 81, 1127]
need:	[1992, 34, 14195]	[16992, 190, 29195],delete:
need:	[7549, 40, 13510]	[28510, 173, 22549]	[22469, 172, 22549],delete:
need:	[22102, 168, 26705],delete:
need:	[9015, 112, 8536],delete:
need:,delete:	[25502, 171, 24583]	[21931, 171, 24583]
need:	[6550, 81, 12644]	[24954, 173, 21550],delete:
need:	[3225, 128, 14574]	[18225, 185, 29574],delete:
need:	[8663, 34, 870]	[23663, 190, 15870],delete:
need:	[16032, 168, 20110],delete:
need:,delete:	[334, 53, 8771]	[334, 144, 10005]	[1945, 99, 334]	[334, 144, 8771]	[334, 53, 14975]	[23771, 168, 15334]	[25005, 168, 15334]	[29975, 168, 15334]
need:,delete:	[8331, 81, 3085]
need:,delete:	[15195, 192, 23014]
need:,delete:
need:	[27393, 168, 16272]	[18922, 173, 16272],delete:
need:	[2809, 34, 3092]	[17809, 186, 18092]	[17809, 186, 23222],delete:
need:	[1838, 85, 8226]	[16838, 165, 23226],delete:
need:	[6149, 81, 11837]	[26837, 171, 21149],delete:
need:	[4805, 26, 10852]	[25852, 172, 19805],delete:
need:	[12663, 34, 6219],delete:
need:	[5381, 81, 13803]	[28803, 171, 20381]	[23973, 171, 20381],delete:
need:,delete:	[1114, 120, 4]
need:	[6010, 12, 12547]	[21010, 165, 27547]	[17884, 165, 21010],delete:
need:	[16479, 191, 23748]	[23748, 191, 16479]	[6991, 81, 8748]	[23748, 171, 27891],delete:
need:	[12467, 146, 7065]	[27467, 192, 22065],delete:
need:	[2447, 34, 12416]	[17447, 190, 27416],delete:
need:	[8443, 81, 7981]	[15372, 171, 23443]	[22981, 171, 23443],delete:
need:	[28627, 168, 16300]	[1300, 81, 4747]	[11974, 48, 1300]	[1300, 116, 13627],delete:
need:	[1251, 81, 10045]	[25045, 171, 16251]	[25045, 171, 27217],delete:
need:,delete:	[3805, 19, 7373]	[3805, 81, 5370]
need:,delete:	[946, 81, 2732]
need:	[3968, 34, 13402]	[18968, 190, 28402],delete:
need:	[12104, 53, 8181]	[23181, 168, 27104],delete:
need:,delete:
need:	[916, 26, 12032]	[27032, 172, 15916],delete:
need:	[19545, 171, 24093]	[19545, 171, 21807]	[19545, 171, 16316],delete:
need:	[5053, 81, 668]	[15668, 171, 20053],delete:
need:,delete:	[5750, 120, 6737]	[27376, 171, 20750]
need:	[12752, 53, 2120]	[12364, 53, 2120]	[17120, 168, 27364],delete:
need:	[28474, 190, 21263]	[13474, 34, 6263],delete:
need:	[8940, 81, 220]	[15220, 171, 23940],delete:
need:	[1699, 71, 9952]	[16699, 165, 24952],delete:
need:	[9164, 34, 14495],delete:
need:	[1285, 87, 6099]	[1285, 87, 2092]	[16285, 165, 17092],delete:
need:	[14416, 112, 9602]	[29416, 184, 24602],delete:
need:,delete:	[5671, 19, 6927]	[13484, 19, 6927]	[21927, 187, 21239]	[21927, 187, 28484]	[21927, 187, 28335]
need:,delete:	[22389, 171, 16071]
need:	[123, 112, 8599]	[15123, 184, 23599]	[27098, 184, 23599],delete:
need:	[8719, 152, 12722]	[23719, 191, 27722],delete:
need:	[16671, 173, 25380],delete:
need:	[20859, 168, 29875],delete:
need:	[9393, 128, 8521]	[24393, 185, 23521],delete:
need:	[3515, 128, 13315]	[18515, 185, 28315],delete:
need:	[6144, 81, 10827]	[22409, 171, 21144],delete:
need:	[27128, 168, 15776]	[21486, 168, 15776],delete:
need:	[3625, 34, 11371]	[18625, 190, 26371],delete:
need:	[18558, 168, 25086],delete:
need:	[7750, 144, 5827]	[20827, 173, 28422]	[13422, 144, 5827],delete:
need:	[28867, 168, 17827]	[28708, 168, 17827],delete:
need:	[13090, 144, 8500]	[23500, 187, 28090],delete:
need:	[3428, 81, 5749]	[3428, 81, 11358],delete:
need:	[20413, 191, 22974]	[22974, 191, 20413],delete:
need:	[10185, 34, 7574],delete:
need:	[8855, 34, 1320]	[8855, 34, 12550],delete:
need:	[2422, 40, 12406]	[2422, 81, 9916]	[27719, 172, 17422],delete:
need:	[3863, 34, 2330]	[3863, 34, 2174],delete:
need:	[466, 19, 1737]	[23784, 172, 15466],delete:
need:	[13705, 34, 3940],delete:
need:	[7442, 81, 2962]	[17962, 171, 22442],delete:
need:,delete:	[6725, 81, 10048]
need:	[10110, 81, 5539]	[19217, 187, 25110],delete:
need:	[4259, 34, 8208]	[19259, 186, 23208],delete:
need:	[5152, 34, 4741]	[20152, 186, 22560]	[20152, 190, 19741],delete:
need:	[8596, 81, 7153]	[17818, 172, 23596],delete:
need:	[3935, 129, 3045]	[18045, 168, 18935],delete:
need:	[910, 34, 11698],delete:
need:	[5754, 34, 2160]	[20754, 186, 17160],delete:
need:	[20019, 171, 29657]	[12667, 81, 5019]	[14657, 81, 5019],delete:
need:	[8061, 81, 13522]	[8061, 81, 4414]	[28522, 171, 23061],delete:
need:,delete:	[5780, 120, 6737]
need:	[12317, 81, 7354]	[6447, 81, 7354],delete:
need:	[3377, 81, 12325]	[22796, 171, 18377],delete:
need:	[6639, 40, 6853]	[21853, 173, 29112],delete:
need:	[14053, 81, 468]	[15468, 171, 29053],delete:
need:	[13008, 19, 3599]	[18599, 187, 28008],delete:
need:,delete:	[20562, 171, 21126]
need:	[2335, 81, 11837]	[2335, 81, 11923]	[26837, 171, 17335],delete:
need:	[9920, 53, 7731]	[22731, 168, 24920],delete:
need:	[7253, 34, 5461]	[7253, 34, 541],delete:
need:	[5235, 40, 3715]	[18715, 173, 19715],delete:
need:,delete:	[25164, 171, 21050]	[25164, 171, 22881]	[25164, 171, 21694]	[6050, 81, 10164]
need:	[1452, 152, 13599]	[16452, 191, 28599],delete:
need:	[5388, 81, 13915]	[28915, 171, 20388],delete:
need:,delete:
need:	[9399, 81, 4578]	[19578, 171, 24399],delete:
need:	[28868, 168, 17531],delete:
need:	[8185, 19, 6110]	[21110, 187, 18960],delete:
need:,delete:
need:	[1618, 34, 13217]	[16618, 190, 28217],delete:
need:	[11980, 44, 9829]	[26980, 175, 24829],delete:
need:	[16827, 171, 27819]	[16827, 171, 17855],delete:
need:	[14583, 81, 524]	[15524, 171, 29583],delete:
need:	[8268, 53, 13384]	[18547, 173, 23268],delete:
need:	[29947, 168, 24733],delete:
need:	[4019, 81, 14877]	[29877, 171, 19019],delete:
need:	[6091, 81, 13011]	[27593, 171, 21091]	[28011, 171, 21091],delete:
need:	[7869, 53, 2890]	[17890, 168, 22869],delete:
need:	[7418, 81, 7375]	[29244, 171, 22418],delete:
need:	[4150, 112, 12562]	[19150, 184, 27562],delete:
need:	[15540, 171, 29840]	[15540, 171, 27901],delete:
need:	[19940, 184, 15008]	[29373, 184, 15008],delete:
need:	[25080, 168, 28204],delete:
need:	[2297, 26, 7975]	[22975, 172, 17297],delete:
need:,delete:	[8991, 81, 7070]	[22070, 171, 17321]
need:	[1250, 81, 11874]	[18322, 171, 16250],delete:
need:	[18741, 171, 21156]	[6156, 81, 3741]	[229, 81, 3741],delete:
need:	[25742, 172, 17067],delete:
need:	[6354, 128, 7362]	[28553, 177, 22362],delete:
need:	[8525, 81, 5011]	[26825, 168, 23525],delete:
need:	[4347, 81, 1936]	[16936, 171, 19347]	[23318, 173, 19347],delete:
need:	[9041, 123, 3897],delete:
need:	[7669, 34, 8833],delete:
need:	[7110, 34, 12418]	[7110, 34, 3763],delete:
need:	[1314, 123, 12447]	[27447, 168, 16314],delete:
need:,delete:	[3433, 120, 4]	[3433, 26, 10663]	[3433, 81, 12668]	[21712, 171, 18433]	[27668, 171, 18433]
need:,delete:	[6056, 120, 4]
need:	[21261, 168, 24707],delete:
need:	[3693, 34, 151]	[3693, 34, 9212]	[18693, 190, 24212],delete:
need:	[249, 81, 1827]	[16827, 171, 15249],delete:
need:	[1612, 34, 12156],delete:
need:	[12108, 129, 4193]	[5338, 53, 4193]	[19193, 168, 27108],delete:
need:	[4615, 26, 5566]	[4615, 53, 5824]	[20566, 172, 19615]	[20824, 168, 19615],delete:
need:	[13737, 40, 9467]	[13974, 40, 9467]	[24467, 173, 28737],delete:
need:	[13388, 34, 8934]	[28388, 186, 23934],delete:
need:	[14925, 81, 2461]	[7385, 81, 2461]	[17461, 171, 29925],delete:
need:,delete:	[7306, 26, 10663]
need:	[8161, 146, 10481]	[23161, 177, 23659],delete:
need:	[15148, 168, 22966]	[4158, 40, 148],delete:
need:,delete:
need:	[7935, 34, 8774]	[7935, 34, 12560],delete:
need:,delete:
need:	[28969, 168, 20428]	[23820, 168, 20428],delete:
need:	[9951, 34, 8041],delete:
need:	[4871, 40, 8803]	[23803, 173, 19871],delete:
need:	[3669, 34, 11275]	[18669, 186, 26275],delete:
need:	[6595, 81, 10557]	[6595, 81, 8743]	[19056, 173, 21595],delete:
need:	[10930, 87, 3300]	[26982, 165, 18300],delete:
need:	[2772, 81, 5961],delete:
need:	[1028, 81, 8892]	[9595, 81, 8892],delete:
need:	[824, 81, 5634]	[824, 81, 1355]	[824, 81, 5205]	[22416, 168, 15824]	[20205, 171, 15824]	[20961, 171, 15824],delete:
need:	[3991, 112, 12712]	[18991, 180, 27712],delete:
need:	[2940, 152, 11246],delete:
need:	[20165, 173, 28267]	[20165, 173, 18475],delete:
need:	[9343, 26, 13111]	[28111, 172, 24343],delete:
need:	[29822, 171, 24946]	[9946, 81, 14822],delete:
need:	[8184, 81, 12726]	[27726, 171, 23184],delete:
need:	[25308, 186, 27847]	[10308, 34, 617],delete:
need:,delete:	[3877, 144, 2496]
need:	[2774, 81, 2791]	[19798, 173, 17774],delete:
need:	[2820, 81, 9375]	[24375, 171, 25728],delete:
need:	[7756, 34, 262],delete:
need:	[472, 81, 2771]	[17771, 171, 15472],delete:
need:	[10419, 87, 12432]	[25419, 165, 27432],delete:
need:	[4694, 144, 2119]	[9621, 40, 2119],delete:
need:	[3528, 106, 12403]	[3528, 106, 623]	[18528, 190, 27403],delete:
need:,delete:	[17283, 186, 22960]
need:	[18071, 171, 29576]	[14576, 81, 3071],delete:
need:,delete:	[2044, 81, 2999]	[28610, 171, 17044]	[17999, 171, 17044]
need:,delete:	[3935, 120, 8338]	[3935, 79, 9950]
need:	[4713, 34, 3763]	[19713, 186, 18763],delete:
need:	[9607, 81, 4136]	[9607, 81, 14207]	[20376, 172, 24607]	[29207, 171, 24607],delete:
need:	[13501, 34, 5424]	[22344, 186, 20424],delete:
need:	[6622, 81, 3209]	[19128, 171, 21622]	[18209, 171, 21622],delete:
need:,delete:	[23933, 190, 23720]	[23933, 186, 23720]
need:	[6519, 24, 13084]	[21519, 190, 28084],delete:
need:	[5037, 34, 14017]	[20037, 186, 29017],delete:
need:	[12187, 53, 9335]	[24335, 168, 27187],delete:
need:	[15113, 168, 18351]	[10969, 53, 113],delete:
need:	[23535, 187, 18291],delete:
need:	[1549, 81, 12463]	[27463, 171, 16549],delete:
need:	[922, 11, 7504]	[14652, 11, 7504]	[14652, 57, 7504]	[14478, 123, 7504]	[22504, 168, 29652],delete:
need:,delete:	[9151, 81, 9540]	[24540, 171, 24151]
need:	[8556, 14, 6523]	[23556, 184, 21523],delete:
need:	[6274, 34, 9836]	[21274, 190, 24836],delete:
need:,delete:	[6893, 120, 6737]
need:,delete:	[3828, 81, 4266]	[4266, 128, 11875]	[6805, 81, 4266]	[5148, 81, 4266]
need:	[3326, 81, 2843]	[25126, 171, 18326],delete:
need:	[1220, 53, 13201]	[28201, 168, 16220],delete:
need:,delete:
need:	[8654, 81, 3109]	[8654, 81, 424]	[18109, 171, 23654]	[24415, 171, 23654],delete:
need:	[6604, 81, 7562]	[22562, 171, 21604],delete:
need:	[9779, 81, 8466]	[23466, 171, 25198]	[23466, 171, 17474],delete:
need:	[7475, 81, 8150]	[23150, 171, 22475]	[23150, 171, 22002],delete:
need:	[3037, 26, 9478]	[3037, 53, 14413]	[29413, 168, 18037],delete:
need:,delete:	[2954, 81, 8445]	[2407, 81, 8445]	[3999, 81, 8445]	[366, 81, 8445]	[2871, 81, 8445]	[4112, 81, 8445]	[5552, 81, 8445]	[6953, 81, 8445]	[23445, 171, 21953]	[23445, 171, 19112]	[23445, 171, 17871]
need:	[7911, 34, 9133]	[22911, 186, 24133],delete:
need:	[9878, 34, 10269]	[24878, 190, 25269],delete:
need:	[22175, 171, 28978]	[22175, 171, 28334],delete:
need:	[13272, 34, 5812],delete:
need:	[6669, 19, 13252]	[6669, 81, 14048]	[28252, 187, 21669],delete:
need:	[1371, 53, 13799]	[28799, 168, 16371],delete:
need:	[12242, 34, 1169],delete:
need:	[7404, 144, 8942]	[23942, 173, 22404]	[18917, 171, 22404],delete:
need:	[7155, 81, 9397],delete:
need:	[4902, 19, 9067]	[24067, 187, 19902],delete:
need:	[5245, 81, 9723]	[5245, 81, 10286]	[25286, 171, 20245],delete:
need:	[2641, 34, 4251]	[17641, 190, 19251],delete:
need:	[3482, 53, 8632]	[3482, 53, 3273]	[23632, 168, 18482],delete:
need:	[1757, 34, 1672]	[16757, 190, 16672],delete:
need:	[4624, 71, 1042]	[19624, 179, 16042],delete:
need:,delete:	[17856, 168, 24315]
need:	[3414, 81, 14386]	[29386, 171, 18414],delete:
need:	[7717, 34, 5923]	[7717, 34, 10361]	[22717, 190, 20923],delete:
need:	[4063, 81, 14419]	[4063, 81, 892]	[29419, 171, 19063],delete:
need:,delete:
need:	[3319, 26, 5890]	[3319, 81, 10557]	[20890, 172, 18319],delete:
need:	[9325, 81, 14510]	[24223, 171, 24325],delete:
need:	[5813, 81, 14775]	[25536, 171, 20813],delete:
need:	[12629, 26, 1427]	[179, 26, 1427]	[16427, 172, 15179],delete:
need:	[8746, 81, 7635]	[6289, 134, 7635]	[22635, 171, 15621]	[22635, 171, 28195]	[22635, 171, 28359]	[22635, 171, 27442],delete:
need:	[7248, 34, 6071]	[7248, 34, 13734],delete:
need:	[14642, 26, 7195]	[22195, 172, 29642],delete:
need:	[2237, 53, 10906]	[25906, 173, 17237],delete:
need:	[3560, 81, 10458]	[28564, 171, 18560],delete:
need:	[9971, 81, 8660]	[9971, 81, 1827]	[16487, 172, 24971]	[23660, 171, 24971],delete:
need:,delete:	[1495, 120, 6737]
need:	[25119, 173, 18508]	[25119, 168, 20786],delete:
need:	[828, 34, 12297]	[828, 34, 8429],delete:
need:	[3565, 112, 4399]	[18565, 184, 19399],delete:
need:,delete:	[3571, 81, 6386]
need:,delete:	[13224, 81, 9204]	[5502, 81, 9204]	[4941, 81, 9204]	[1632, 81, 9204]	[24204, 171, 20502]	[24204, 171, 19941]	[24204, 171, 16632]	[24204, 171, 28000]
need:	[8247, 53, 14930]	[29930, 168, 23247],delete:
need:	[3441, 81, 9304]	[24304, 171, 18441],delete:
need:	[2140, 40, 14216]	[29216, 173, 17140],delete:
need:	[1049, 53, 14596]	[29596, 168, 16049],delete:
need:,delete:	[16779, 171, 23854]	[16779, 171, 20248]
need:,delete:	[7881, 19, 8471]	[7881, 120, 6737]
need:	[1758, 81, 6878]	[21878, 171, 16758],delete:
need:,delete:	[2994, 120, 13054]
need:	[20604, 171, 26559],delete:
need:	[17253, 186, 21253],delete:
need:	[444, 81, 7720]	[22720, 171, 15444],delete:
need:	[4385, 34, 6868]	[19385, 190, 21868],delete:
need:	[4404, 34, 14524]	[4404, 34, 1682],delete:
need:	[4363, 34, 4600],delete:
need:	[23364, 173, 21869],delete:
need:	[8568, 53, 3169]	[18169, 168, 23568],delete:
need:	[11161, 19, 8194]	[23194, 187, 27581]	[13292, 19, 8194],delete:
need:	[6106, 81, 12113]	[27113, 171, 21106],delete:
need:,delete:	[8661, 81, 3369]	[6532, 81, 3369]	[18369, 171, 16382]
need:	[14144, 81, 2427]	[17427, 171, 29144]	[17427, 168, 28846],delete:
need:	[9909, 34, 10087]	[1764, 34, 10087]	[24909, 186, 25087],delete:
need:	[7730, 81, 14181]	[29181, 171, 22730],delete:
need:	[4051, 26, 9938]	[24938, 172, 19051],delete:
need:	[15374, 168, 18204],delete:
need:	[13787, 87, 4968],delete:
need:,delete:	[7931, 151, 7733]
need:	[6464, 34, 9392]	[3873, 34, 9392],delete:
need:	[28860, 168, 15847]	[16031, 168, 15847],delete:
need:	[1156, 81, 12644]	[29601, 168, 16156]	[20652, 171, 16156],delete:
need:	[12306, 34, 2131],delete:
need:,delete:
need:,delete:	[8392, 81, 654]
need:,delete:	[19922, 171, 24869]
need:	[2939, 19, 12482]	[27482, 187, 17939],delete:
need:	[14352, 81, 2645]	[17645, 171, 29352],delete:
need:	[10359, 81, 8248]	[23248, 171, 25359],delete:
need:	[7945, 40, 10418]	[20654, 187, 22945]	[25418, 173, 22945]	[23776, 173, 22945],delete:
need:,delete:
need:	[9655, 81, 14605]	[29605, 171, 24655],delete:
need:	[609, 81, 14095]	[29095, 171, 15609],delete:
need:	[11925, 26, 5520]	[20520, 172, 26925]	[20520, 172, 29926],delete:
need:	[18087, 172, 29384]	[18087, 172, 21969]	[14384, 26, 3087],delete:
need:	[1298, 34, 8675],delete:
need:	[14003, 34, 4181]	[9849, 34, 4181],delete:
need:	[13941, 34, 8571]	[1126, 34, 8571],delete:
need:	[5791, 34, 2160]	[20791, 186, 17160],delete:
need:	[4306, 40, 11951]	[26951, 173, 19306],delete:
need:	[13233, 81, 1031]	[12001, 81, 1031]	[16031, 171, 28233],delete:
need:	[577, 162, 14685]	[15577, 190, 29685],delete:
need:	[12975, 81, 5993]	[1386, 81, 5993]	[20993, 171, 17783],delete:
need:	[8583, 81, 14452]	[16088, 173, 23583]	[29452, 171, 23583],delete:
need:	[4119, 81, 2143]	[17143, 171, 19119],delete:
need:,delete:	[698, 81, 11550]	[698, 19, 10032]	[698, 81, 14554]	[29554, 171, 15698]
need:	[2368, 81, 12659]	[27659, 171, 17368],delete:
need:	[20468, 168, 29792],delete:
need:	[2171, 81, 6839]	[21839, 171, 17171],delete:
need:	[9996, 81, 12870]	[27870, 171, 24996],delete:
need:	[28575, 171, 23529],delete:
need:	[9819, 81, 5060]	[20060, 171, 24819]	[20480, 172, 24819],delete:
need:	[3916, 34, 10391]	[18916, 190, 25391],delete:
need:	[29021, 186, 20378]	[14021, 34, 5378],delete:
need:	[1217, 53, 5848]	[22047, 168, 16217],delete:
need:	[12770, 26, 5667],delete:
need:	[576, 81, 12499]	[27499, 171, 15576],delete:
need:	[4883, 123, 10120]	[25120, 168, 19883],delete:
need:	[6751, 26, 8561]	[23561, 172, 21751],delete:
need:	[1386, 81, 5993]	[20993, 171, 16386],delete:
need:	[4992, 81, 431]	[15431, 171, 19992],delete:
need:	[6855, 34, 14338],delete:
need:	[9797, 81, 10305]	[22039, 171, 24797],delete:
need:	[6337, 43, 14727]	[21337, 190, 29727],delete:
need:,delete:	[6431, 81, 6431]	[6431, 81, 6431]	[6431, 133, 9950]
need:	[5920, 34, 110],delete:
need:	[21531, 173, 17754],delete:
need:	[19282, 168, 29478]	[19282, 168, 28283],delete:
need:,delete:	[1123, 81, 12763]	[1123, 120, 6737]	[1123, 53, 2173]	[27763, 171, 16123]
need:	[12751, 86, 9064]	[27751, 165, 24064],delete:
need:	[14564, 34, 10115],delete:
need:	[17173, 168, 16123]	[17173, 168, 17364],delete:
need:	[21948, 173, 25778]	[1670, 38, 6948],delete:
need:,delete:
need:	[12472, 34, 10449]	[13985, 34, 10449],delete:
need:,delete:	[5389, 26, 1706]	[5389, 120, 4]
need:,delete:	[5381, 81, 6964]	[11293, 81, 6964]	[21964, 171, 20967]
need:	[8514, 34, 12570]	[23514, 190, 27570],delete:
need:	[28679, 168, 24937],delete:
need:	[23016, 187, 16670]	[25466, 168, 16670],delete:
need:	[13615, 34, 6764],delete:
need:	[6532, 81, 4487]	[6532, 81, 2934]	[6532, 81, 3369]	[6532, 81, 1035],delete:
need:,delete:	[18430, 171, 21952]	[1330, 81, 3430]	[18430, 171, 16330]	[18430, 171, 16440]
need:	[3929, 34, 14709]	[18929, 190, 29709],delete:
need:	[3267, 26, 13663]	[3267, 81, 12499]	[28663, 172, 18267],delete:
need:	[6759, 81, 11652]	[6759, 81, 12797]	[26652, 171, 21759],delete:
need:	[13880, 81, 2239]	[17239, 171, 28880],delete:
need:	[992, 34, 4956]	[15992, 186, 19956],delete:
need:	[12169, 34, 1023]	[6477, 34, 1023]	[10415, 34, 1023]	[12966, 34, 1023]	[27966, 190, 16023],delete:
need:	[6107, 81, 2645]	[6107, 81, 11837]	[26837, 171, 21107]	[17645, 171, 21107],delete:
need:	[16111, 171, 27689]	[3121, 81, 1111]	[12689, 81, 1111],delete:
need:,delete:
need:	[9691, 53, 12971]	[27971, 168, 24691],delete:
need:,delete:
need:	[16627, 171, 27876]	[16627, 171, 27923]	[12876, 81, 1627],delete:
need:	[23838, 168, 18942],delete:
need:	[1373, 112, 9238]	[16373, 190, 22836],delete:
need:	[2623, 152, 5847],delete:
need:	[8850, 34, 13476]	[8850, 112, 4841]	[23850, 186, 28476],delete:
need:	[353, 81, 7279]	[22279, 171, 15353],delete:
need:	[5910, 19, 9067]	[24067, 187, 20910]	[21841, 173, 20910],delete:
need:,delete:	[11608, 81, 9989]	[24989, 171, 20680]
need:,delete:	[5798, 144, 11711]	[5798, 144, 7999]
need:	[18141, 171, 25738]	[310, 81, 3141],delete:
need:	[16043, 168, 17527],delete:
need:	[10217, 40, 9261]	[24261, 173, 25217]	[27994, 171, 25217],delete:
need:	[1626, 40, 3938]	[20566, 172, 16626]	[18938, 173, 16626],delete:
need:,delete:	[4232, 81, 4487]	[4232, 81, 9723]	[4232, 120, 6737]
need:	[13374, 40, 2854]	[17854, 173, 28374],delete:
need:	[3646, 81, 51]	[27112, 173, 18646]	[15051, 171, 18646],delete:
need:	[10368, 53, 5824]	[10368, 26, 5566]	[20824, 168, 25368],delete:
need:	[5602, 34, 5886]	[20602, 190, 20886],delete:
need:	[8763, 53, 13468]	[28468, 171, 23763],delete:
need:	[407, 34, 8403],delete:
need:	[487, 97, 14713]	[29713, 168, 15487]	[22481, 168, 15487],delete:
need:,delete:	[3401, 120, 6737]	[18393, 171, 18401]
need:	[14534, 106, 8326]	[29534, 190, 23326],delete:
need:	[3960, 19, 6110]	[29494, 168, 18960],delete:
need:	[14007, 40, 2801]	[17801, 173, 29007],delete:
need:	[3259, 81, 4721]	[3259, 81, 1936]	[19721, 171, 18259],delete:
need:,delete:	[5195, 120, 6737]	[24203, 171, 20195]
need:	[12479, 81, 10358]	[25358, 171, 27479]	[25358, 171, 28267]	[13267, 81, 10358],delete:
need:	[29107, 173, 25473],delete:
need:	[3692, 34, 3790]	[3692, 34, 13721]	[18692, 186, 28721],delete:
need:	[10071, 40, 13322]	[28322, 173, 25071]	[28322, 168, 25071],delete:
need:	[6677, 19, 12105]	[21052, 173, 21677],delete:
need:	[4533, 81, 9476]	[4533, 81, 6233]	[24476, 171, 19533]	[25044, 172, 19533],delete:
need:	[4733, 34, 9026],delete:
need:,delete:	[21170, 171, 21249]	[2225, 81, 6170]	[21170, 171, 15890]	[5334, 81, 6170]
need:	[7498, 40, 5738]	[7498, 26, 8686]	[20738, 172, 22498]	[20738, 173, 22498],delete:
need:	[13169, 81, 1015]	[16015, 171, 28169],delete:
need:	[5741, 73, 1665]	[20741, 185, 29698],delete:
need:	[3724, 81, 3524]	[19839, 172, 18724]	[18524, 171, 18724],delete:
need:	[5092, 87, 6371]	[20092, 165, 21371],delete:
need:,delete:	[24984, 171, 24869]
need:	[8231, 19, 14876]	[27397, 171, 23231]	[29876, 187, 23231],delete:
need:,delete:	[4118, 120, 13054]
need:	[21582, 172, 23196]	[14710, 26, 6582],delete:
need:	[20857, 173, 28000]	[14169, 40, 5857],delete:
need:	[6899, 81, 14829]	[29829, 171, 21899]	[16609, 173, 21899],delete:
need:	[13203, 81, 10226]	[25226, 171, 19120],delete:
need:,delete:	[15783, 171, 16947]
need:,delete:	[22669, 186, 23833]
need:	[4284, 112, 13497]	[19284, 184, 28497],delete:
need:	[9786, 129, 12602]	[27602, 168, 24786],delete:
need:	[14642, 81, 3241]	[13592, 81, 3241]	[1409, 81, 3241]	[18241, 171, 28592]	[18241, 171, 29642],delete:
need:	[24106, 168, 24388]	[24106, 173, 24388],delete:
need:	[6571, 34, 1297]	[21571, 190, 16297],delete:
need:	[691, 87, 8316],delete:
need:	[2717, 34, 1213]	[2717, 34, 14709],delete:
need:,delete:	[14016, 81, 8783]	[4079, 81, 8783]	[23783, 171, 29016]	[23783, 171, 19079]	[23783, 171, 25922]	[23783, 171, 15815]	[23783, 171, 23269]
need:	[192, 81, 11253]	[26253, 171, 15192]	[27454, 187, 15192]	[29861, 171, 15192],delete:
need:	[4569, 81, 12527]	[27527, 171, 19569],delete:
need:	[13559, 26, 3263]	[18263, 172, 28559]	[18263, 172, 23828],delete:
need:	[5298, 34, 10346],delete:
need:	[421, 81, 8075]	[421, 81, 12866]	[27866, 171, 15421],delete:
need:	[8455, 53, 9494]	[24494, 168, 23455],delete:
need:	[10485, 81, 2613]	[10485, 53, 9785],delete:
need:	[2520, 162, 2122],delete:
need:	[5319, 34, 9939]	[20319, 186, 24939],delete:
need:	[25894, 186, 18794],delete:
need:	[4952, 81, 6222]	[18071, 171, 19952]	[21222, 171, 19952],delete:
need:	[2616, 81, 6878]	[21878, 171, 17616]	[27546, 171, 17616],delete:
need:	[11789, 40, 9593]	[24593, 173, 21612]	[24593, 173, 26789],delete:
need:	[24759, 191, 16334],delete:
need:	[14520, 40, 5099]	[20099, 173, 20696]	[20099, 173, 29520],delete:
need:	[9622, 57, 9427]	[24427, 168, 24622],delete:
need:,delete:	[3222, 112, 2556]	[18222, 184, 17556]
need:	[10655, 112, 826]	[29181, 184, 15826]	[25655, 184, 15826],delete:
need:,delete:	[23438, 171, 23756]	[686, 81, 8438]	[23438, 171, 16828]
need:	[1254, 53, 13448]	[28448, 168, 16254],delete:
need:	[10239, 81, 693]	[27682, 171, 25239],delete:
need:	[3466, 53, 5179]	[26920, 172, 18466],delete:
need:	[24925, 173, 29992]	[24925, 173, 28007],delete:
need:	[353, 53, 14086]	[29086, 168, 15353],delete:
need:,delete:	[5502, 81, 13247]	[5502, 81, 750]	[5502, 81, 4997]	[15750, 171, 20502]	[24204, 171, 20502]	[18563, 171, 20502]
need:	[2475, 81, 14372]	[15525, 171, 17475],delete:
need:	[10213, 34, 499]	[25213, 186, 15499],delete:
need:	[5344, 34, 3456]	[20344, 190, 18456],delete:
need:	[3228, 34, 2498]	[3228, 34, 15]	[18228, 190, 15015],delete:
need:	[29366, 171, 16650],delete:
need:	[4493, 81, 4978]	[4493, 81, 12123]	[27123, 168, 19493]	[19978, 171, 19493],delete:
need:	[7877, 34, 7586]	[22877, 190, 22586],delete:
need:	[4444, 53, 13355],delete:
need:,delete:
need:	[4695, 144, 13355]	[20570, 168, 19695],delete:
need:	[12977, 81, 3903]	[18903, 171, 27977],delete:
need:	[4926, 57, 13461]	[28461, 168, 19926],delete:
need:	[5084, 57, 9104]	[28818, 168, 20084]	[24104, 168, 20084],delete:
need:	[8799, 34, 110]	[23799, 186, 24329]	[23799, 190, 24329],delete:
need:,delete:	[3919, 120, 6737]
need:	[2552, 144, 12965]	[25240, 172, 17552]	[27965, 173, 17552],delete:
need:,delete:	[17381, 171, 18373]
need:	[9847, 53, 10643]	[27231, 173, 24847],delete:
need:	[13643, 19, 3815]	[18815, 187, 28643],delete:
need:	[761, 34, 10641]	[761, 34, 7541],delete:
need:	[81, 81, 11912]	[26830, 168, 15081]	[26912, 171, 15081],delete:
need:	[2865, 44, 467]	[17865, 175, 15467],delete:
need:	[7837, 81, 11022]	[26022, 171, 22837],delete:
need:	[5075, 40, 4622]	[19622, 173, 20075],delete:
need:	[3983, 81, 4383]	[24422, 171, 18983],delete:
need:	[6402, 19, 157]	[6402, 81, 2496]	[15157, 187, 21402]	[17496, 171, 21402]	[20341, 173, 21402]	[22594, 187, 21402],delete:
need:	[1615, 34, 3307]	[16615, 190, 18307],delete:
need:	[10260, 81, 11272]	[17230, 173, 25260],delete:
need:	[14593, 81, 7383]	[22383, 171, 25748],delete:
need:,delete:	[7718, 120, 6737]
need:	[16542, 171, 27841]	[16542, 171, 27107]	[12107, 81, 1542],delete:
need:,delete:
need:,delete:	[1099, 81, 13465]	[19606, 171, 16099]	[23087, 171, 16099]	[28465, 171, 16099]
need:	[9617, 81, 8087]	[29327, 172, 24617],delete:
need:,delete:	[8183, 120, 4]
need:,delete:	[2749, 81, 1219]	[2749, 120, 6737]	[2749, 144, 1661]	[23213, 173, 17749]	[16219, 171, 17749]
need:,delete:	[7741, 81, 1355]
need:,delete:	[9858, 19, 11229]	[9858, 81, 7962]	[22962, 171, 24858]	[22738, 172, 24858]
need:	[25951, 191, 24466]	[9466, 152, 10951]	[24466, 191, 25951],delete:
need:	[2133, 40, 13813]	[28813, 173, 17133],delete:
need:	[16088, 173, 29764],delete:
need:,delete:	[16601, 184, 25736]
need:	[8831, 34, 14664],delete:
need:,delete:	[10603, 53, 4057]
need:,delete:	[6151, 120, 6737]
need:	[8402, 34, 7014]	[5838, 34, 7014],delete:
need:,delete:	[6821, 53, 6640]
need:	[2056, 81, 14927]	[29927, 171, 17056],delete:
need:	[17693, 173, 23654],delete:
need:	[14093, 53, 6643],delete:
need:	[3631, 81, 12402]	[15486, 173, 18631]	[23166, 187, 18631],delete:
need:	[8051, 81, 8036]	[23036, 171, 23051],delete:
need:	[5447, 72, 5447]	[17594, 165, 20447],delete:
need:,delete:	[19696, 171, 22961]	[19696, 171, 17027]
need:	[8848, 81, 4383]	[27493, 171, 23848]	[24422, 171, 23848],delete:
need:	[24542, 171, 22664]	[24542, 171, 26651],delete:
need:	[5159, 53, 14407]	[29407, 168, 20159],delete:
need:	[12311, 87, 1473]	[27311, 165, 16473],delete:
need:	[5760, 162, 11376]	[20760, 190, 26376],delete:
need:	[20833, 168, 18381],delete:
need:	[18570, 172, 20221]	[21948, 173, 20221]	[5221, 81, 10342],delete:
need:	[1185, 34, 10168]	[16185, 186, 25168],delete:
need:	[1920, 81, 1605]	[28773, 171, 16920]	[16605, 171, 16920],delete:
need:	[4589, 34, 14219],delete:
need:	[10445, 162, 3790]	[25445, 190, 18790],delete:
need:	[10034, 34, 975],delete:
need:	[8023, 34, 1029]	[23023, 190, 18513],delete:
need:	[20187, 168, 23170]	[20187, 168, 23202],delete:
need:	[1879, 53, 412],delete:
need:	[8859, 81, 5272]	[20272, 171, 24167],delete:
need:,delete:
need:	[8900, 81, 14997]	[29997, 171, 23900],delete:
need:,delete:	[8158, 81, 4599]
need:	[13861, 144, 4520]	[19520, 171, 28861],delete:
need:	[4168, 81, 7944]	[4168, 26, 14500]	[29500, 172, 19168],delete:
need:	[8992, 34, 2614]	[8992, 34, 12418]	[23992, 190, 27418],delete:
need:	[8757, 14, 12567]	[5765, 26, 8757]	[11365, 26, 8757],delete:
need:	[14778, 81, 3206]	[18206, 171, 29778],delete:
need:	[6333, 34, 7806]	[21333, 186, 22806]	[14922, 34, 7806]	[9164, 162, 7806]	[9164, 34, 7806]	[21333, 190, 22806],delete:
need:	[18316, 168, 28460],delete:
need:,delete:
need:,delete:
need:	[158, 53, 11256]	[24807, 173, 15158],delete:
need:	[6551, 26, 2193]	[17193, 172, 28552]	[17193, 172, 29336],delete:
need:	[12936, 81, 5686]	[20686, 171, 27936],delete:
need:	[909, 81, 4383]	[19383, 171, 23848],delete:
need:	[12412, 34, 10194]	[12737, 34, 10194]	[13264, 34, 10194]	[28264, 186, 25194]	[28264, 190, 25194]	[27737, 186, 25194],delete:
need:	[14209, 34, 3341]	[12337, 34, 3341],delete:
need:	[1409, 81, 14372]	[1409, 81, 3241]	[18241, 171, 16409],delete:
need:	[27508, 168, 17570],delete:
need:,delete:	[6567, 144, 3706]
need:	[9248, 81, 13794]	[9248, 81, 13908]	[28908, 171, 24248],delete:
need:	[4221, 81, 14600]	[15727, 172, 19221],delete:
need:,delete:
need:	[5594, 81, 13465]	[28465, 171, 20594],delete:
need:,delete:	[4220, 81, 5828]	[4220, 81, 6201]	[21201, 171, 19220]
need:	[6476, 81, 14372],delete:
need:,delete:
need:	[5440, 34, 9259]	[20440, 186, 23221],delete:
need:	[19480, 173, 29009],delete:
need:,delete:	[10198, 120, 7725]	[23466, 171, 25198]
need:,delete:
need:,delete:
need:	[9904, 162, 12490]	[24904, 186, 27490],delete:
need:,delete:	[6818, 81, 1106]	[8684, 81, 1106]	[16106, 171, 23684]	[16106, 171, 20243]
need:	[6738, 68, 14728]	[22159, 165, 21738]	[21738, 165, 29728],delete:
need:,delete:	[20853, 171, 23594]	[20853, 171, 17765]
need:,delete:	[14570, 144, 3298]	[3298, 104, 13206]	[1709, 144, 3298]	[14570, 81, 3298]	[6021, 81, 3298]	[14499, 81, 3298]	[12631, 81, 3298]	[18298, 171, 29570]	[18298, 171, 26448]	[18298, 171, 29499]	[18298, 171, 27631]	[18298, 171, 26145]	[18298, 171, 29620]
need:,delete:	[13654, 81, 6330]	[10220, 56, 6330]	[10220, 151, 6330]	[21330, 171, 20729]	[21330, 171, 28654]
need:	[29143, 191, 23434]	[23434, 191, 29143]	[8434, 152, 14143],delete:
need:	[5097, 34, 14096]	[5097, 34, 1456],delete:
need:	[25690, 168, 16534],delete:
need:	[6970, 81, 12843]	[27843, 171, 21970],delete:
need:	[29348, 172, 20255]	[29029, 173, 20255],delete:
need:	[417, 26, 11064]	[417, 81, 10187]	[417, 81, 9009]	[26064, 172, 15417],delete:
need:	[9063, 34, 6062]	[24063, 186, 21062],delete:
need:	[893, 34, 6084],delete:
need:	[4365, 87, 3653]	[4365, 87, 2412]	[19365, 165, 18653],delete:
need:	[507, 81, 2758]	[17758, 171, 15507],delete:
need:	[19023, 173, 24937]	[19023, 173, 26959],delete:
need:,delete:	[15000, 171, 27090]	[15000, 171, 22328]
need:,delete:	[24319, 171, 22544]
need:	[22411, 171, 29992]	[5052, 81, 7411],delete:
need:	[3398, 106, 623]	[3528, 106, 623]	[18398, 190, 15623],delete:
need:	[13128, 11, 1974]	[16974, 168, 28128],delete:
need:	[8734, 40, 11613]	[26613, 173, 23734],delete:
need:	[8309, 81, 12804]	[27804, 171, 23309],delete:
need:	[1646, 81, 4062]	[2964, 81, 4062]	[14272, 81, 4062],delete:
need:	[8296, 34, 10952],delete:
need:,delete:	[4564, 34, 7960]
need:,delete:
need:	[28336, 174, 16000]	[12902, 53, 1000],delete:
need:	[2460, 128, 14574]	[17460, 185, 29574],delete:
need:	[16493, 165, 27547]	[22227, 188, 16493],delete:
need:,delete:	[9850, 120, 4]	[9850, 120, 1502]
need:	[683, 34, 4307]	[15683, 186, 19307],delete:
need:,delete:	[3096, 120, 4]
need:	[3095, 81, 12113]	[27113, 171, 18095],delete:
need:	[29318, 171, 15096],delete:
need:	[2419, 53, 14061]	[29061, 168, 17419],delete:
need:	[18810, 171, 21360],delete:
need:	[19190, 171, 29889]	[14889, 81, 4190],delete:
need:	[19114, 171, 27743]	[14621, 81, 4114]	[19114, 171, 29621]	[12743, 81, 4114],delete:
need:	[21854, 173, 21264],delete:
need:	[707, 162, 7806]	[707, 34, 12214],delete:
need:	[4962, 40, 8803]	[23803, 173, 19962],delete:
need:	[13012, 70, 7324]	[22324, 174, 28012],delete:
need:	[5422, 34, 8720],delete:
need:,delete:	[10155, 120, 13054]
need:	[4287, 128, 4830]	[19287, 185, 19830]	[19287, 174, 22269],delete:
need:	[14391, 34, 6155]	[29391, 186, 21155],delete:
need:	[12117, 81, 6302]	[21302, 171, 29047]	[14047, 81, 6302]	[21302, 171, 29731],delete:
need:	[14784, 13, 5488]	[29784, 189, 20488],delete:
need:	[6140, 81, 10409]	[26973, 168, 21140],delete:
need:	[2790, 81, 3278]	[2790, 19, 12359]	[21590, 172, 17790]	[27359, 187, 17790],delete:
need:	[17094, 191, 24409]	[24409, 191, 17094]	[17094, 171, 18573]	[17094, 171, 17071],delete:
need:,delete:	[9429, 81, 6233]
need:	[4828, 81, 2491]	[4828, 81, 14996]	[25246, 171, 19828],delete:
need:	[6932, 56, 1906]	[16906, 168, 16539]	[16906, 168, 22744]	[12171, 151, 1906],delete:
need:,delete:	[7189, 34, 5545]	[792, 34, 5545]	[7127, 34, 5545]	[13705, 34, 5545]	[21384, 190, 20545]	[21384, 186, 20545]	[22189, 186, 20545]	[15792, 186, 20545]	[15792, 190, 20545]
need:	[6237, 81, 5562]	[24413, 173, 21237],delete:
need:	[9427, 56, 14103]	[9427, 56, 11441]	[14469, 123, 9427]	[9427, 151, 11441]	[24427, 168, 21577]	[24427, 168, 24622]	[24427, 168, 29469],delete:
need:	[7231, 11, 911]	[7231, 57, 911]	[7231, 53, 12484]	[15911, 168, 22231],delete:
need:	[4235, 81, 1936]	[16936, 171, 19235],delete:
need:,delete:	[9859, 81, 11]
need:	[9793, 81, 1176]	[16176, 171, 24793],delete:
need:	[8366, 34, 511]	[23366, 190, 15511],delete:
need:	[3362, 57, 7740]	[22430, 168, 18362]	[22740, 168, 18362],delete:
need:	[5373, 81, 4345]	[19345, 171, 20373],delete:
need:	[14840, 53, 9785]	[24785, 168, 29840],delete:
need:	[23238, 168, 28386]	[23238, 171, 18549],delete:
need:	[9231, 123, 14097]	[9231, 53, 8311]	[23311, 168, 24231],delete:
need:,delete:	[20399, 171, 17449]
need:	[9778, 26, 14759]	[29759, 172, 24778],delete:
need:	[6454, 34, 13987],delete:
need:,delete:	[25439, 190, 24754]	[10439, 34, 9754]
need:,delete:	[2784, 112, 10984]	[12952, 26, 2784]	[9363, 26, 2784]	[17784, 172, 27952]	[17784, 172, 23098]	[17784, 172, 16947]
need:,delete:
need:	[9764, 81, 1015]	[16015, 171, 24764],delete:
need:	[993, 19, 1795]	[993, 40, 12296],delete:
need:,delete:	[4405, 34, 6800]	[1908, 34, 6800]
need:	[28954, 186, 21962]	[13954, 34, 6962],delete:
need:	[9609, 81, 13231]	[28231, 171, 24609],delete:
need:	[2727, 34, 17]	[2727, 34, 1011],delete:
need:	[1519, 81, 7177]	[1519, 81, 9634],delete:
need:,delete:	[1001, 81, 14042]	[1001, 81, 11690]	[29042, 171, 16001]
need:	[9398, 34, 3798],delete:
need:,delete:	[7342, 81, 2646]	[7342, 81, 13841]	[22710, 171, 22342]
need:	[8182, 53, 2528]	[17528, 168, 23182],delete:
need:	[4144, 81, 2599]	[4144, 81, 1875]	[17599, 171, 19144],delete:
need:	[2447, 34, 8403]	[407, 34, 8403]	[15407, 186, 23403],delete:
need:	[13807, 34, 6253]	[13982, 34, 6253]	[28982, 190, 21253]	[28982, 186, 21253],delete:
need:	[4708, 81, 256]	[4708, 81, 3071]	[15256, 171, 19708],delete:
need:	[6912, 81, 7135]	[18473, 171, 21912],delete:
need:,delete:	[17443, 173, 17846]
need:	[9835, 81, 8793]	[23793, 171, 24835],delete:
need:	[1529, 106, 14286]	[16529, 190, 28048]	[16529, 190, 15623]	[16529, 190, 29286],delete:
need:,delete:	[1855, 81, 9596]	[1331, 81, 9596]
need:	[13885, 53, 1693]	[16693, 168, 28885],delete:
need:	[2637, 81, 8607]	[24478, 172, 17637],delete:
need:	[9814, 81, 8248]	[23248, 171, 24814],delete:
need:	[8619, 81, 6741]	[21741, 171, 29562],delete:
need:	[12333, 81, 1844]	[16844, 171, 27333],delete:
need:	[6466, 40, 12296]	[27296, 168, 21466],delete:
need:	[23494, 187, 29739]	[23494, 187, 26763]	[11763, 19, 8494],delete:
need:	[2278, 34, 891]	[2278, 34, 14743],delete:
need:	[11350, 34, 1341]	[2217, 34, 1341],delete:
need:	[7088, 81, 14265]	[29265, 171, 22088],delete:
need:	[1365, 81, 6157]	[21157, 171, 16365],delete:
need:,delete:	[19189, 171, 18360]	[3360, 81, 7122]
need:	[3758, 81, 4093]	[19093, 171, 18758]	[15514, 171, 18758],delete:
need:	[13782, 81, 4127]	[12259, 81, 4127]	[19127, 171, 27259],delete:
need:	[9211, 81, 12697]	[27697, 171, 24211],delete:
need:	[3107, 53, 3081]	[18081, 168, 18107]	[17432, 171, 18107],delete:
need:	[5133, 53, 12756]	[19614, 171, 20133],delete:
need:	[29721, 173, 21348],delete:
need:	[10287, 144, 12508]	[27508, 168, 25287],delete:
need:	[8307, 81, 4331]	[19331, 171, 23307],delete:
need:	[5785, 34, 8720],delete:
need:,delete:	[5375, 26, 10297]	[25297, 172, 20375]	[14468, 26, 10297]	[25297, 172, 22119]	[9272, 26, 10297]	[25297, 172, 16855]	[25297, 172, 27675]	[25297, 172, 21825]	[25297, 172, 29468]
need:	[28728, 173, 22366]	[24938, 172, 22366],delete:
need:	[8210, 26, 2155]	[17155, 172, 23210],delete:
need:	[16852, 168, 25422],delete:
need:	[5768, 26, 14770]	[29705, 168, 20768]	[29770, 172, 20768],delete:
need:	[425, 81, 5031]	[425, 81, 12798]	[27798, 171, 15425],delete:
need:	[3114, 112, 4827]	[18114, 184, 19827]	[15740, 184, 19827],delete:
need:	[8314, 19, 13778]	[26053, 168, 23314],delete:
need:	[28384, 168, 18618]	[18547, 173, 18618],delete:
need:,delete:	[1782, 112, 3557]
need:,delete:
need:,delete:	[1706, 134, 10231]
need:,delete:	[15142, 171, 17317]	[15813, 171, 17317]
need:	[2634, 34, 3870],delete:
need:	[8976, 81, 8970]	[8976, 120, 13054]	[8976, 40, 14415]	[16971, 172, 23976],delete:
need:	[5781, 34, 2614]	[20781, 186, 29227],delete:
need:	[25039, 171, 27510]	[12510, 81, 10039],delete:
need:,delete:	[22536, 171, 24580]
need:	[12381, 34, 10324]	[9732, 34, 10324],delete:
need:	[14344, 40, 6252]	[12282, 40, 6252]	[21252, 173, 29344]	[21252, 173, 27282],delete:
need:	[4525, 57, 4570]	[4525, 11, 4570]	[2743, 57, 4570]	[2743, 53, 4570]	[19570, 168, 19525],delete:
need:	[14353, 34, 4741],delete:
need:	[4632, 53, 12224]	[27224, 168, 19632],delete:
need:	[13300, 40, 2182]	[17182, 173, 28300],delete:
need:	[11451, 81, 5619]	[20619, 171, 25896],delete:
need:	[21706, 168, 28169]	[21706, 168, 29525]	[14974, 53, 6706],delete:
need:,delete:
need:	[7801, 106, 12894]	[22801, 190, 27894],delete:
need:	[15209, 168, 28874],delete:
need:	[8113, 34, 14644],delete:
need:	[5002, 87, 12408]	[20120, 165, 20002],delete:
need:	[7295, 81, 10880]	[16912, 172, 22295]	[25880, 171, 22295],delete:
need:	[5149, 81, 663]	[15663, 171, 20149],delete:
need:,delete:	[25836, 173, 21732]
need:	[1164, 81, 9422]	[24422, 171, 16164],delete:
need:	[9456, 34, 12579]	[9456, 34, 7570]	[24456, 190, 15997],delete:
need:	[21745, 190, 26521],delete:
need:	[9123, 30, 13923]	[24123, 165, 28923],delete:
need:	[13759, 106, 1587]	[28759, 190, 16587],delete:
need:,delete:
need:	[14810, 19, 2888]	[17888, 187, 27023]	[14659, 19, 2888],delete:
need:	[7184, 19, 10393]	[25393, 187, 22184],delete:
need:	[4945, 26, 2155]	[4945, 81, 9344]	[17155, 172, 19945],delete:
need:	[2031, 34, 5900]	[2031, 34, 7555]	[17031, 190, 20900],delete:
need:,delete:
need:	[9504, 81, 2975]	[17975, 171, 24504],delete:
need:	[2906, 34, 794],delete:
need:	[7904, 34, 13030]	[22904, 186, 28030],delete:
need:,delete:	[837, 112, 9952]
need:	[6559, 112, 198]	[359, 112, 198],delete:
need:	[9207, 34, 13089],delete:
need:	[9019, 34, 10975]	[24019, 184, 25968]	[24019, 190, 25975],delete:
need:,delete:
need:	[5377, 81, 6712]	[21712, 171, 20438],delete:
need:	[853, 129, 1664]	[16664, 168, 15853],delete:
need:	[2217, 34, 7608]	[17217, 186, 29262],delete:
need:	[1573, 81, 14015]	[29015, 171, 16573],delete:
need:	[19606, 171, 29984]	[19606, 171, 27246],delete:
need:,delete:	[2774, 81, 1050]	[16050, 179, 18585]	[11891, 81, 1050]	[16050, 171, 29149]
need:	[618, 81, 13247]	[17066, 173, 15618],delete:
need:	[8006, 34, 2181]	[23006, 190, 17181]	[23006, 186, 22985],delete:
need:	[14883, 14, 7370]	[29883, 180, 22370],delete:
need:	[14608, 81, 8431]	[23431, 171, 29608],delete:
need:	[9089, 34, 10414]	[24089, 186, 25414],delete:
need:	[10416, 34, 328]	[10416, 34, 1305],delete:
need:	[14749, 81, 3577]	[14643, 81, 3577],delete:
need:	[9588, 81, 2355]	[9588, 81, 10381],delete:
need:	[12278, 81, 10149]	[25149, 171, 27278],delete:
need:	[3396, 162, 10168]	[18396, 186, 25168]	[18396, 190, 25168],delete:
need:	[6299, 81, 7182]	[22182, 171, 21299]	[27072, 168, 21299],delete:
need:	[8823, 24, 2738]	[23823, 190, 17738],delete:
need:	[10170, 34, 5214],delete:
need:	[4048, 34, 617],delete:
need:	[13694, 34, 7334],delete:
need:	[6650, 81, 11239]	[21226, 171, 21650],delete:
need:,delete:	[7002, 120, 4]	[17277, 171, 22002]	[23150, 171, 22002]
need:	[143, 34, 11850]	[15143, 190, 26850],delete:
need:	[8255, 81, 382]	[15382, 171, 23255],delete:
need:	[11072, 34, 2831]	[8200, 34, 2831],delete:
need:	[14329, 81, 5537]	[12701, 81, 5537]	[20537, 171, 27436]	[25003, 191, 20537]	[20537, 171, 27701]	[20537, 171, 29329]	[20537, 191, 25003],delete:
need:,delete:	[10597, 40, 321]
need:	[13067, 19, 2084]	[12333, 19, 2084]	[17084, 187, 27333],delete:
need:	[1256, 40, 14107]	[29107, 173, 16256],delete:
need:	[7250, 34, 9172],delete:
need:,delete:	[302, 81, 4591]	[22536, 171, 15302]	[19591, 171, 15302]
need:	[8111, 34, 1656]	[23111, 186, 16656],delete:
need:	[1689, 19, 14863]	[29863, 187, 16689],delete:
need:	[6455, 81, 14822]	[29822, 171, 21455],delete:
need:	[20396, 168, 28513],delete:
need:	[12936, 81, 10446]	[25446, 171, 27377]	[25446, 171, 27936]	[22668, 191, 25446],delete:
need:	[18111, 173, 19917]	[18111, 173, 29400],delete:
need:	[6799, 34, 5478]	[21799, 186, 20478],delete:
need:	[17694, 173, 19773],delete:
need:	[3138, 81, 806]	[29276, 171, 18138]	[17775, 173, 18138],delete:
need:	[13244, 40, 9827]	[24827, 173, 28244],delete:
need:	[12752, 26, 6621]	[21621, 172, 27752]	[21621, 172, 25660],delete:
need:	[7472, 81, 14600]	[28418, 187, 22472]	[29600, 171, 22472],delete:
need:,delete:
need:	[4586, 81, 12319]	[27319, 171, 19586],delete:
need:	[16958, 168, 20821]	[13843, 81, 1958]	[16958, 168, 28166],delete:
need:	[2952, 81, 9120]	[9120, 152, 14663]	[24120, 191, 29663],delete:
need:	[13189, 34, 680]	[10428, 34, 680],delete:
need:	[9527, 34, 1311],delete:
need:	[1450, 34, 13745]	[1450, 34, 2302],delete:
need:,delete:	[14973, 40, 2569]	[17569, 171, 16977]
need:	[3985, 65, 9803]	[24803, 188, 18985],delete:
need:	[3643, 14, 3106]	[28191, 180, 18106],delete:
need:	[8765, 82, 14923]	[23765, 165, 29923],delete:
need:	[9150, 34, 2136]	[24150, 190, 17136],delete:
need:	[8170, 53, 11169]	[26169, 168, 23170],delete:
need:	[17425, 171, 18831]	[3831, 81, 11522]	[3831, 81, 2425],delete:
need:,delete:	[1119, 112, 3585]
