10207	81	13347
28347	171	25207
13215	81	8386
10387	81	8386
23386	171	28215
23386	171	25387
9008	81	9223
9008	26	1786
24223	171	24008
16786	172	24008
1146	81	2516
6424	81	2516
17516	171	21424
17516	171	21424
5699	81	4609
10426	81	4609
19609	171	20699
19609	171	25426
5567	34	3790
20567	190	18790
8853	81	5167
8853	19	6573
8853	81	12027
20167	171	23853
21573	187	23853
27027	171	23853
3713	81	2596
3713	81	2517
17596	171	18713
17517	171	18713
862	81	7720
862	81	7599
862	81	5828
22720	171	15862
22599	171	15862
20828	171	15862
7254	81	5895
7254	40	14006
20895	171	22254
29006	173	22254
5571	34	13856
20571	190	28856
8392	81	654
8392	81	6227
8392	26	6277
15654	171	23392
21227	171	23392
21277	172	23392
14769	81	4498
6787	81	4498
4498	112	782
19498	171	29769
19498	171	21787
19498	184	15782
8340	81	7206
8168	81	7206
5248	81	7206
7544	81	7206
7000	81	7206
13612	81	7206
9730	81	7206
12405	81	7206
1602	81	7206
22206	171	23340
22206	171	23168
22206	171	20248
22206	171	22544
22206	171	22000
22206	171	28612
22206	171	24730
22206	171	27405
22206	171	16602
6209	81	13306
6209	81	3768
6209	40	6785
6209	81	6982
28306	171	21209
18768	171	21209
21785	173	21209
21982	171	21209
3905	81	1355
13377	81	1355
14065	81	1355
14161	81	1355
1555	81	1355
824	81	1355
7741	81	1355
12448	81	1355
14958	81	1355
14255	81	1355
2469	81	1355
16355	171	18905
16355	171	28377
16355	171	29065
16355	171	29161
16355	171	16555
16355	171	15824
16355	171	22741
16355	171	27448
16355	171	29958
16355	171	29255
16355	171	17469
1676	34	7125
1676	112	9474
16676	190	22125
16676	184	24474
3110	40	5070
8049	40	5070
7861	40	5070
14769	40	5070
14115	40	5070
2107	40	5070
10204	40	5070
9580	40	5070
5731	40	5070
6268	40	5070
13612	40	5070
8037	40	5070
20070	173	23049
20070	173	23049
20070	173	22861
20070	173	29769
20070	173	29115
20070	173	17107
20070	173	25204
20070	173	24580
20070	173	20731
20070	173	21268
20070	173	28612
20070	173	23037
5666	89	14517
29517	168	20666
9586	81	9738
24738	171	24586
6025	34	37
8488	34	37
13698	34	37
1470	34	37
5676	34	37
6906	34	37
21025	190	15037
23488	190	15037
28698	190	15037
16470	190	15037
20676	190	15037
21906	190	15037
2972	81	3676
2972	81	14276
18676	171	17972
29276	171	17972
2479	81	7917
22917	171	17479
13549	112	9773
28549	184	24773
9920	53	7731
14639	40	7731
22731	168	24920
22731	173	29639
1091	81	13095
1091	40	8149
28095	171	16091
23149	173	16091
3127	81	12607
27607	171	18127
13243	40	5032
20032	173	28243
3889	81	10120
4773	81	10120
1406	81	10120
14815	81	10120
4883	123	10120
309	40	10120
25120	171	18889
25120	171	19773
25120	171	16406
25120	171	29815
25120	168	19883
25120	173	15309
2107	81	3616
2107	81	1072
2107	40	5070
2107	81	8892
2107	40	9447
2107	53	14794
18616	171	17107
16072	171	17107
20070	173	17107
23892	171	17107
24447	173	17107
29794	168	17107
10416	34	6047
3613	34	6047
25416	190	21047
18613	190	21047
13703	40	3496
18496	173	28703
9606	34	12416
24606	190	27416
8146	53	1511
8146	40	14420
8146	81	7635
8146	81	9997
16511	168	23146
29420	173	23146
22635	171	23146
24997	171	23146
2455	81	171
5893	81	171
12165	81	171
15171	171	17455
15171	171	20893
15171	171	27165
1459	112	4964
1459	34	10307
16459	179	19964
16459	190	25307
10276	81	14897
10276	81	4139
29897	171	25276
19139	171	25276
1832	112	6523
1832	34	7806
16832	184	21523
16832	190	22806
14008	34	6939
13101	34	6939
14110	34	6939
6974	34	6939
3839	34	6939
29008	190	21939
28101	190	21939
29110	190	21939
21974	190	21939
18839	190	21939
5649	34	14219
5649	34	13126
20649	190	29219
20649	190	28126
1989	81	5305
1989	81	10440
1989	81	5467
1989	144	4667
1989	26	8790
1989	81	3739
1989	19	12454
1989	19	807
20305	171	16989
25440	171	16989
20467	171	16989
19667	168	16989
23790	172	16989
18739	171	16989
27454	187	16989
15807	187	16989
3432	81	14437
3432	81	7355
29437	171	18432
22355	171	18432
5831	81	1127
5831	40	9338
16127	171	20831
24338	173	20831
4866	40	1837
4866	81	3533
4866	81	2796
4866	81	7562
4866	19	2610
16837	173	19866
18533	171	19866
17796	171	19866
22562	171	19866
17610	187	19866
4329	81	7289
4329	81	6945
4329	81	6318
4329	81	14035
4329	40	3986
22289	171	19329
21945	171	19329
21318	171	19329
29035	171	19329
18986	173	19329
7198	19	104
15104	187	22198
13168	34	1774
8914	34	1774
28168	190	16774
23914	190	16774
4660	19	807
4660	81	13444
4660	19	6011
15807	187	19660
28444	171	19660
21011	187	19660
8920	81	5370
20370	171	23920
5898	26	2244
5898	19	6362
17244	172	20898
21362	187	20898
10439	34	9754
25439	190	24754
1577	34	13482
16577	190	28482
5278	19	8166
23166	187	20278
2309	81	6388
14735	81	6388
21388	171	17309
21388	171	29735
8171	34	3594
23171	190	18594
9681	34	10092
24681	190	25092
12728	40	7854
71	40	7854
22854	173	27728
22854	173	15071
4969	81	13730
28730	171	19969
3140	81	7981
13650	81	7981
4536	81	7981
14986	81	7981
8443	81	7981
4763	81	7981
6558	81	7981
1991	81	7981
13215	81	7981
8261	81	7981
4850	81	7981
22981	171	18140
22981	171	28650
22981	171	19536
22981	171	29986
22981	171	23443
22981	171	19763
22981	171	21558
22981	171	19536
22981	171	28215
22981	171	23261
22981	171	19850
13065	11	4362
19362	168	28065
14846	81	5634
824	81	5634
14028	81	5634
4026	81	5634
20634	171	29846
20634	171	15824
20634	171	29028
20634	171	19026
12434	34	499
1253	34	499
3767	34	499
10259	34	499
10006	34	499
12285	34	499
9902	34	499
4052	34	499
13826	34	499
5783	34	499
13237	34	499
139	34	499
10213	34	499
3114	34	499
27434	190	15499
24902	190	15499
25213	190	15499
25259	190	15499
18767	190	15499
27285	190	15499
24902	190	15499
25213	190	15499
28826	190	15499
20783	190	15499
28237	190	15499
19052	190	15499
25213	190	15499
18114	190	15499
7877	34	7586
13338	34	7586
894	34	7586
22877	190	22586
28338	190	22586
15894	190	22586
3082	81	4448
13824	81	4448
10471	81	4448
6421	81	4448
12885	81	4448
19448	171	25471
19448	171	28824
19448	171	25471
19448	171	23813
19448	171	27885
1259	81	9074
1259	26	6064
1259	81	14896
1259	81	2682
24074	171	16259
21064	172	16259
29896	171	16259
17682	171	16259
2142	81	4237
19237	171	17142
5059	40	6117
5059	26	777
5059	81	13618
5059	53	13199
5059	81	437
5059	81	13610
21117	173	20059
15777	172	20059
28618	171	20059
28199	168	20059
15437	171	20059
28610	171	20059
9439	40	6573
9439	81	6765
21573	173	24439
21765	171	24439
5819	144	1105
16105	168	20819
509	81	13095
28095	171	15509
4768	40	8199
14593	40	8199
23199	173	19768
23199	173	29593
7833	35	4665
2534	34	7833
17534	186	22833
17534	190	22833
12997	34	3561
7484	34	3561
2059	34	3561
2194	34	3561
27997	190	18561
22484	190	18561
17059	190	18561
17194	190	18561
1224	81	13618
1224	40	14931
1224	26	6562
28618	171	16224
29931	173	16224
21562	172	16224
8527	34	6296
6315	34	6296
13180	34	6296
21315	190	21296
23527	190	21296
28180	190	21296
4089	162	5900
4089	112	12825
19089	190	20900
19089	184	27825
14852	144	1052
10405	53	1052
12307	26	1052
8608	53	1052
9134	53	1052
8962	144	1052
12199	26	1052
8501	53	1052
16052	168	29852
16052	168	25405
16052	172	27307
16052	168	23501
16052	168	24134
16052	168	23501
16052	172	27199
16052	168	23501
6527	19	3075
6527	19	3815
6527	40	5531
6527	81	14927
18075	187	21527
18815	187	21527
20531	173	21527
29927	171	21527
7471	81	14207
7471	81	12239
7471	26	2138
29207	171	22471
27239	171	22471
17138	172	22471
2320	81	7476
319	81	7476
10118	81	7476
22476	171	17320
22476	171	15319
22476	171	25118
8419	81	7599
862	81	7599
22599	171	23419
22599	171	15862
13275	81	500
5358	81	500
13702	81	500
1798	81	500
15500	171	28275
15500	171	20358
15500	171	28702
15500	171	16798
3753	81	3126
3126	152	10243
9211	81	3126
8382	81	3126
12031	81	3126
3539	81	3126
18126	171	18753
18126	191	25243
18126	171	24211
18126	171	23382
18126	171	27031
18126	171	18539
2788	81	8468
13428	81	8468
6849	81	8468
5536	81	8468
1501	144	8468
9692	81	8468
1519	81	8468
12439	81	8468
2675	81	8468
10290	81	8468
23468	171	17788
23468	171	28428
23468	171	21849
23468	171	20536
23468	171	16501
23468	171	24692
23468	171	16519
23468	171	27439
23468	171	17675
23468	171	25290
4457	40	14379
4457	40	14756
4457	81	7043
29379	173	19457
29756	173	19457
22043	171	19457
3681	53	633
232	53	633
10161	53	633
4875	53	633
9363	53	633
54	53	633
7261	53	633
14864	53	633
12531	118	633
6729	53	633
12795	53	633
6279	53	633
6563	53	633
15633	168	18681
15633	168	15232
15633	168	24363
15633	168	19875
15633	168	24363
15633	168	15054
15633	168	22261
15633	168	29864
15633	168	27531
15633	168	24363
15633	168	27795
15633	168	21279
15633	168	21563
172	34	6956
172	34	14743
15172	190	21956
15172	190	29743
10471	81	4448
10471	81	3158
19448	171	25471
18158	171	25471
5650	96	14088
29088	189	20650
2083	112	2763
6510	53	2083
17083	184	17763
17083	168	21510
882	40	13309
28309	171	15882
9936	34	1023
9936	34	4795
24936	190	16023
24936	190	19795
182	81	4252
182	81	1984
182	81	1235
19252	171	15182
16984	171	15182
16235	171	15182
12548	34	1007
27548	190	16007
7520	34	3587
22520	190	18587
8557	144	748
748	112	5297
15748	168	23557
15748	184	20297
8082	34	67
8082	34	800
23082	190	15800
23082	190	15800
3086	34	314
685	34	314
562	34	314
15562	190	15314
15685	190	15314
15562	190	15314
10347	34	5964
10347	34	5114
25347	190	20964
25347	190	20114
13641	81	3538
13091	81	3538
9160	81	3538
13032	81	3538
4843	81	3538
9595	81	3538
252	81	3538
12710	81	3538
14134	81	3538
3324	81	3538
10204	81	3538
3538	152	783
9271	81	3538
12197	81	3538
7285	81	3538
6298	81	3538
18538	171	28641
18538	171	28091
18538	171	24160
18538	171	28032
18538	171	19843
18538	171	24595
18538	171	19843
18538	171	27710
18538	171	29134
18538	171	18324
18538	171	25204
18538	191	15783
18538	171	24271
18538	171	27197
18538	171	22285
18538	171	21298
7088	81	4721
3259	81	4721
4347	81	4721
1973	81	4721
4721	152	13663
12479	81	4721
14851	81	4721
19721	171	22088
19721	171	18259
19721	171	19347
19721	171	16973
19721	191	28663
19721	171	27479
19721	171	29851
13945	53	244
10235	144	244
2216	144	244
14462	144	244
10494	144	244
8423	144	244
6043	144	244
15244	168	28945
15244	168	23423
15244	168	23423
15244	168	29462
15244	168	23423
15244	168	23423
15244	168	23423
7057	34	6445
4865	34	6445
5073	34	6445
13514	34	6445
5616	34	6445
1199	34	6445
5154	34	6445
22057	190	21445
19865	190	21445
20073	190	21445
28514	190	21445
20616	190	21445
16199	190	21445
20154	190	21445
6805	81	5749
6805	81	4266
6805	53	294
20749	171	21805
19266	171	21805
15294	168	21805
8995	81	6016
2223	81	6016
7993	81	6016
21016	171	23995
21016	171	17223
21016	171	22993
13220	19	6362
5898	19	6362
5553	19	6362
7741	19	6362
12458	19	6362
8630	19	6362
7050	19	6362
14798	19	6362
12935	19	6362
2778	40	6362
7482	19	6362
21362	187	28220
21362	187	20898
21362	187	20553
21362	187	22741
21362	187	27458
21362	187	23630
21362	173	17778
21362	187	29798
21362	187	27935
21362	173	17778
21362	187	22482
8084	26	12972
8084	81	3802
27972	172	23084
18802	171	23084
14320	81	2726
1689	81	2726
78	81	2726
17726	171	29320
17726	171	16689
17726	171	15078
4787	81	6914
21914	171	19787
3947	53	8820
3947	53	14588
23820	168	18947
29588	168	18947
12195	53	2885
3504	53	2885
2909	53	2885
8506	53	2885
17885	168	27195
17885	168	18504
17885	168	17909
17885	168	23506
546	81	7403
546	81	8695
546	81	14626
22403	171	15546
23695	171	15546
29626	171	15546
1847	81	10365
4899	81	10365
25365	171	16847
25365	171	19899
14312	26	8707
3397	26	8707
7966	26	8707
23707	172	29312
23707	172	18397
23707	172	22966
10331	81	7313
10331	81	1488
10331	40	9884
10331	81	8431
10331	81	3770
22313	171	25331
16488	171	25331
24884	173	25331
23431	171	25331
18770	171	25331
9908	26	10476
9908	19	12335
9908	40	10298
25476	172	24908
27335	187	24908
25298	173	24908
4860	81	3209
4860	81	4266
18209	171	19860
19266	171	19860
8766	81	8148
8766	81	1817
23148	171	23766
16817	171	23766
1853	34	6366
6521	34	6366
3103	34	6366
5046	34	6366
16853	190	21366
21521	190	21366
19426	190	21366
20046	190	21366
9591	81	208
9591	81	1754
15208	171	24591
16754	171	24591
1389	34	7742
259	34	7742
5852	34	7742
6704	34	7742
9784	34	7742
6829	34	7742
16389	190	22742
23189	190	22742
23189	190	22742
23189	190	22742
23189	190	22742
23189	190	22742
3527	113	9680
9680	34	7125
9680	34	5461
24680	186	20461
24680	190	22125
24680	190	20461
406	34	12692
406	34	10117
406	112	8474
15406	190	27692
15406	190	25117
15406	184	23474
6769	34	6887
6769	34	3594
21769	190	18594
21769	190	18594
5124	81	2682
4576	81	2682
5035	81	2682
1259	81	2682
9869	81	2682
1057	81	2682
2866	81	2682
17682	171	20124
17682	171	19576
17682	171	20035
17682	171	16259
17682	171	24869
17682	171	17866
17682	171	17866
6166	34	12410
21166	190	27410
12232	112	8495
27232	184	23495
452	87	3227
452	87	4086
15452	165	18227
15452	165	19086
14788	19	2610
6234	19	2610
7307	19	2610
14157	19	2610
4866	19	2610
13631	19	2610
6978	19	2610
17610	187	29788
17610	187	22307
17610	187	22307
17610	187	29157
17610	187	19866
17610	187	28631
17610	187	21978
4659	81	14452
4659	81	4093
29452	171	19659
19093	171	19659
9277	26	12291
9277	81	7239
9277	81	4937
27291	172	24277
22239	171	24277
19937	171	24277
8528	81	8968
7247	81	8968
12937	81	8968
23968	171	23528
23968	171	22247
23968	171	27937
3519	40	8165
3519	81	10296
3519	81	253
23165	173	18519
25296	171	18519
15253	171	18519
9642	26	12227
9642	81	1987
27227	172	24642
16987	171	24642
3682	26	5688
3682	81	783
20688	172	18682
15783	171	18682
14285	87	7588
29285	165	22588
10468	34	3763
556	34	3763
265	34	3763
297	34	3763
4713	34	3763
506	34	3763
13633	34	3763
1814	34	3763
8130	34	3763
7110	34	3763
3470	34	3763
1819	34	3763
1472	34	3763
14572	34	3763
3754	34	3763
2359	34	3763
9752	34	3763
10152	34	3763
25468	190	18763
19713	190	18763
19713	190	18763
15297	190	18763
19713	190	18763
19713	190	18763
28633	190	18763
24752	190	18763
19713	190	18763
22110	190	18763
18470	190	18763
16819	190	18763
24752	190	18763
29572	190	18763
19713	190	18763
19713	190	18763
19713	190	18763
24752	190	18763
8876	34	6062
8876	34	8094
23876	190	21062
23876	190	23094
4628	14	2763
19628	180	17763
5815	26	3044
5815	19	2001
5815	81	1783
18044	172	20815
17001	187	20815
16783	171	20815
14438	34	870
375	34	870
14530	34	870
3834	34	870
14914	34	870
14474	34	870
3264	34	870
5789	34	870
14171	34	870
14971	34	870
13820	34	870
6542	34	870
6543	34	870
3188	34	870
10083	34	870
7646	34	870
4152	34	870
13360	34	870
13869	34	870
5143	34	870
8663	34	870
13282	34	870
6559	34	870
29438	190	15870
15375	190	15870
29530	190	15870
20143	190	15870
29914	190	15870
29474	190	15870
18264	190	15870
20789	190	15870
29171	190	15870
29971	190	15870
28820	190	15870
20143	190	15870
21543	190	15870
20143	190	15870
18264	190	15870
23663	190	15870
19152	190	15870
28360	190	15870
28869	190	15870
20143	190	15870
23663	190	15870
28282	190	15870
21559	190	15870
1516	26	6097
1516	81	9293
21097	172	16516
24293	171	16516
300	81	9367
2385	81	9367
24367	171	15300
24367	171	17385
4762	81	3084
4762	81	14181
18084	171	19762
29181	171	19762
88	81	3883
88	19	9067
88	81	3149
18883	171	15088
24067	187	15088
18149	171	15088
13916	81	4413
4992	81	4413
6991	81	4413
14946	81	4413
19413	171	28916
19413	171	19992
19413	171	21991
19413	171	29946
9271	81	13504
9271	81	3538
9271	40	9447
9271	81	783
9271	53	14794
28504	171	24271
18538	171	24271
24447	173	24271
15783	171	24271
29794	168	24271
7073	14	13268
22073	180	28268
6121	81	4908
6121	81	248
6121	26	9481
6121	81	14857
19908	171	21121
15248	171	21121
24481	172	21121
29857	171	21121
404	81	565
7633	81	565
7024	81	565
5101	81	565
13260	81	565
903	81	565
7655	81	565
9487	81	565
8419	81	565
1282	81	565
15565	171	15404
15565	171	22633
15565	171	22024
15565	171	20101
15565	171	28260
15565	171	15903
15565	171	22655
15565	171	24487
15565	171	23419
15565	171	16282
5773	89	13205
28205	168	20773
6772	81	7720
6772	81	10374
22720	171	21772
25374	171	21772
3627	81	14001
3627	40	6252
3627	81	5749
29001	171	18627
21252	173	18627
20749	171	18627
4209	34	13126
4209	34	2174
19209	190	28126
19209	190	17174
1462	81	3109
1462	81	9587
18109	171	16462
24587	171	16462
1307	81	6951
21951	171	16307
12086	34	2153
8200	34	2153
636	34	2153
8726	34	2153
27086	190	17153
23200	190	17153
15636	190	17153
23726	190	17153
7573	34	9133
22573	190	24133
6113	144	5639
8340	40	5639
9282	53	5639
5469	144	5639
1501	53	5639
8158	53	5639
12125	40	5639
6298	53	5639
20639	168	16501
20639	173	23340
20639	168	24282
20639	168	16501
20639	168	16501
20639	168	23158
20639	173	27125
20639	168	21298
548	81	7683
22683	171	15548
9699	81	4414
9699	40	10186
19414	171	24699
25186	173	24699
4999	81	100
4999	40	1173
15100	171	19999
16173	173	19999
9719	81	12172
9719	81	5446
27172	171	24719
20446	171	24719
2440	53	14429
2440	53	5811
29429	168	17440
20811	168	17440
1012	81	6878
2616	81	6878
9691	81	6878
1758	81	6878
5029	81	6878
9778	81	6878
21878	171	16012
21878	171	17616
21878	171	24691
21878	171	16758
21878	171	20029
21878	171	24778
2953	40	14076
29076	173	17953
6566	81	9304
6566	81	4817
6566	81	4856
24304	171	21566
19817	171	21566
19856	171	21566
9047	34	13487
9047	34	17
24047	190	28487
24047	190	15017
14472	34	10433
3288	34	10433
6526	34	10433
29472	190	25433
18288	190	25433
21526	190	25433
4012	81	6139
4041	81	6139
13117	81	6139
21139	171	19012
21139	171	19041
21139	171	28117
6209	81	3768
18768	171	21209
3549	81	8238
3549	81	1197
3549	81	3542
23238	171	18549
16197	171	18549
18542	171	18549
10310	34	2160
10310	34	12075
10310	34	9392
25310	190	17160
25310	190	27075
25310	190	24392
3051	81	372
3051	81	13269
15372	171	18051
28269	171	18051
13492	40	1236
12975	40	1236
3490	40	1236
16236	173	28492
16236	173	27975
16236	173	18490
6563	40	9116
512	40	9116
13718	40	9116
3170	40	9116
1308	40	9116
9523	40	9116
24116	173	21563
24116	173	15512
24116	173	28718
24116	173	24758
24116	173	16308
24116	173	24523
3539	81	7665
3539	81	3126
3539	81	4166
3539	40	12399
3539	19	7594
22665	171	18539
18126	171	18539
19166	171	18539
27399	171	18539
22594	187	18539
2059	34	4039
2059	34	3561
17059	190	19039
17059	190	18561
6164	44	5505
5505	72	6457
3635	112	5505
4280	44	5505
5505	58	4280
6069	112	5505
6154	44	5505
21164	175	20505
20505	165	21457
21154	167	20505
21154	167	20505
21154	175	20505
21164	175	20505
21154	167	20505
4920	53	12314
4920	81	766
27314	168	19920
15766	171	19920
7577	59	4760
22577	174	19760
14552	26	4036
4300	26	4036
19036	172	29552
19036	172	19300
10090	81	4281
9465	81	4281
9768	81	4281
9154	81	4281
1324	81	4281
12423	81	4281
4989	81	4281
19281	171	25061
19281	171	24465
19281	171	24768
19281	171	24768
19281	171	16324
19281	171	27423
19281	171	25061
2467	81	736
2467	81	6607
15736	171	17467
21607	171	17467
14169	40	9416
24416	173	29169
9128	81	1093
16093	171	24128
5786	40	10119
25119	173	20786
14337	106	7165
14534	106	7165
29337	190	22165
29534	190	22165
5273	81	9074
8701	81	9074
1259	81	9074
13430	81	9074
12879	81	9074
9987	81	9074
8147	81	9074
24074	171	20273
24074	171	23701
24074	171	16259
24074	171	28430
24074	171	27879
24074	171	24987
24074	171	23147
8287	81	7411
8287	19	5675
8287	81	1278
8287	26	4990
8287	53	6643
22411	171	23287
20675	187	23287
16278	171	23287
19990	172	23287
21643	168	23287
3207	81	4184
3207	19	7462
3207	40	2066
19184	171	18207
22462	187	18207
17066	173	18207
7961	81	144
7961	81	4696
7961	40	4904
15144	171	22961
19696	171	22961
19904	173	22961
8426	34	2300
8426	14	12258
23426	190	17300
23426	180	27258
14911	152	3063
18063	191	29911
5268	81	9757
24757	171	20268
5803	81	5470
5029	81	5470
3618	81	5470
20470	171	20029
20470	171	20029
20470	171	18618
6148	19	13976
6148	81	13095
28976	187	21148
28095	171	21148
5651	34	331
20651	190	15331
3457	53	2391
17391	168	18457
6174	11	12096
27096	168	21174
3216	152	411
6715	40	411
14749	40	411
5701	40	411
14814	40	411
14023	40	411
6661	40	411
18216	191	15411
15411	173	21715
15411	173	29749
15411	173	21715
15411	173	29814
15411	173	29023
15411	173	21661
14399	81	7123
4375	81	7123
22123	171	29399
22123	171	19375
316	81	14692
316	81	14321
316	81	632
316	81	7454
316	81	1958
29692	171	15316
29321	171	15316
15632	171	15316
22454	171	15316
16958	171	15316
2482	81	1067
2482	81	13870
2482	81	645
2482	81	2510
2482	26	14774
2482	81	12627
16067	171	17482
28870	171	17482
15645	171	17482
17510	171	17482
29774	168	17482
27627	171	17482
8603	81	8788
8603	81	3416
8603	81	13504
8603	81	1115
8603	53	13246
23788	171	23603
18416	171	23603
28504	171	23603
16115	171	23603
28246	168	23603
2836	81	5846
10145	81	5846
13286	81	5846
20846	171	17836
20846	171	25145
20846	171	28286
7514	34	1903
7514	34	7561
7514	34	12091
7514	34	1417
22514	190	16903
22514	190	16417
22514	190	27091
22514	190	16417
7187	152	12419
22187	191	27419
205	144	4472
205	53	13569
19472	168	15205
28569	168	15205
12723	53	5429
953	53	5429
20429	168	27723
20429	168	15953
7329	26	6180
5633	26	6180
6978	26	6180
6613	26	6180
12698	26	6180
21180	172	22329
21180	172	20633
21180	172	21978
21180	172	21613
21180	172	27698
14240	135	8829
23829	165	29240
6879	144	7096
22096	168	21879
5668	81	775
3166	81	775
15775	171	20668
15775	171	18166
1632	81	4856
1632	81	9204
19856	171	16632
24204	171	16632
3910	81	13933
3910	81	2649
3910	26	5770
28933	171	18910
17649	171	18910
20770	172	18910
624	40	2416
624	81	3393
624	19	3469
624	81	14790
17416	173	15624
18393	171	15624
18469	187	15624
29790	171	15624
1851	14	12170
16851	180	27170
3696	81	9007
7456	81	9007
12079	81	9007
3814	81	9007
4131	81	9007
24007	171	18696
24007	171	22456
24007	171	27079
24007	171	22456
24007	171	19131
1130	34	12861
1130	34	5142
16130	190	27861
16130	190	20142
263	34	9016
5921	34	9016
14365	34	9016
15263	190	24016
20921	190	24016
29365	190	24016
5049	81	4886
14703	81	4886
5553	81	4886
10486	81	4886
19886	171	20049
19886	171	29703
19886	171	20553
19886	171	25486
9621	81	10063
13757	81	10063
25063	171	24621
25063	171	28757
3281	40	5864
3281	81	6690
20864	173	18281
21690	171	18281
536	152	1111
5407	81	536
16111	191	15536
15536	171	20407
1363	81	8317
5415	81	8317
14229	81	8317
23317	171	16363
23317	171	20415
23317	171	29229
2836	81	2423
3441	81	2423
8096	81	2423
8560	81	2423
6514	81	2423
17423	171	17836
17423	171	18441
17423	171	23096
17423	171	23560
17423	171	23560
862	81	5828
3360	81	5828
4220	81	5828
4797	81	5828
20828	171	15862
20828	171	18360
20828	171	19220
20828	171	19797
10145	81	5846
20846	171	25145
4254	34	13152
19254	190	28152
14433	128	4320
29433	177	19320
1694	81	12711
1694	40	283
27711	171	16694
15283	173	16694
4096	34	5679
19096	190	20679
6558	81	7981
6558	81	3241
22981	171	21558
18241	171	21558
9341	81	6344
9341	40	10418
21344	171	24341
25418	173	24341
3196	11	1342
16342	168	18196
4379	81	8973
4379	19	12454
4379	81	5367
4379	81	7874
4379	81	14554
23973	171	19379
27454	187	19379
20367	171	19379
22874	171	19379
29554	171	19379
8676	81	14829
8676	19	2191
8676	40	3535
29829	171	23676
17191	187	23676
18535	173	23676
1222	123	14097
1222	53	1603
1222	53	113
29097	168	16222
16603	168	16222
15113	168	16222
10362	34	13712
10362	34	14447
25362	190	28712
25362	190	29447
2779	81	9415
2779	26	7195
24415	171	17779
22195	172	17779
958	81	2348
958	81	4520
958	81	4978
17348	171	15958
19520	171	15958
19978	171	15958
8501	53	1052
8501	53	14291
16052	168	23501
29291	168	23501
14873	34	3966
12133	34	3966
1455	34	3966
29873	190	18966
27133	190	18966
16455	190	18966
7840	81	1127
5831	81	1127
10289	81	1127
730	81	1127
16127	171	22840
16127	171	20831
16127	171	25289
16127	171	15730
1992	34	14195
16992	190	29195
7549	40	13510
7549	26	7469
7549	81	7702
28510	173	22549
22469	172	22549
22702	171	22549
8379	81	7102
5680	81	7102
22102	171	20680
22102	171	20680
9015	34	12958
9015	34	8186
24015	190	27958
24015	190	23186
9583	26	12688
27688	172	24583
6550	81	12644
6550	40	9954
27644	171	21550
24954	173	21550
3225	128	14574
18225	185	29574
8663	34	870
23663	190	15870
13424	144	1032
14963	144	1032
1163	53	1032
5110	53	1032
16032	168	28424
16032	168	29963
16032	168	20110
16032	168	20110
334	53	14975
29975	168	15334
8331	40	9805
8331	81	3085
8331	81	8286
24805	173	23331
18085	171	23331
23286	171	23331
7171	26	195
15195	172	22171
4644	53	2494
10084	53	2494
6817	53	2494
1361	53	2494
6588	53	2494
7840	53	2494
6376	53	2494
9195	53	2494
10459	53	2494
5079	53	2494
1122	53	2494
17494	168	19644
17494	168	25084
17494	168	21817
17494	168	16361
17494	168	22840
17494	168	22840
17494	168	21376
17494	168	24195
17494	168	25459
17494	168	20079
17494	168	16122
1272	53	12393
1272	40	3922
27393	168	16272
18922	173	16272
2809	34	3092
2809	34	8222
17809	190	18092
17809	190	23222
1838	85	8226
16838	165	23226
6149	81	6765
21765	171	21149
6824	34	6219
12663	34	6219
21824	190	21219
27663	190	21219
5381	81	6964
5381	81	13803
5381	81	8973
5381	26	13646
5381	19	3327
21964	171	20381
28803	171	20381
23973	171	20381
28646	172	20381
18327	187	20381
1114	19	3683
1114	26	6582
18683	187	16114
21582	172	16114
6010	12	12547
2884	86	6010
4069	14	6010
21010	165	27547
17884	165	21010
19069	180	21010
9657	81	8748
12891	81	8748
1479	152	8748
6991	81	8748
13951	81	8748
1331	81	8748
23748	171	24657
23748	171	27891
16479	191	23748
23748	171	21991
23748	171	28951
23748	171	16331
12467	146	7065
1332	146	7065
8754	146	7065
27467	192	22065
25075	192	22065
23754	192	22065
2447	34	12416
2447	34	8403
17447	190	27416
17447	190	23403
8443	81	372
8443	81	7981
15372	171	23443
22981	171	23443
1300	116	13627
1300	81	4747
28627	168	16300
19747	171	16300
12217	81	10045
1251	81	10045
25045	171	27217
25045	171	16251
3805	81	5370
20370	171	18805
946	81	2732
946	81	6964
946	81	625
17732	171	15946
21964	171	15946
15625	171	15946
3968	34	13402
18968	190	28402
12104	53	8181
23181	168	27104
12053	144	2135
17135	168	27053
916	26	12032
916	81	4062
27032	172	15916
19062	171	15916
1316	81	4545
9670	81	4545
5308	81	4545
6807	81	4545
9093	81	4545
19545	171	16316
19545	171	24670
19545	171	20308
19545	171	21807
19545	171	24093
5053	81	668
5053	19	9067
15668	171	20053
24067	187	20053
5750	81	12376
5750	81	14712
5750	81	13330
27376	171	20750
29712	171	20750
28330	171	20750
12752	53	2120
12364	53	2120
4183	53	2120
17120	168	27752
17120	168	27364
17120	168	19183
1019	34	6263
4858	34	6263
4799	34	6263
6632	34	6263
13474	34	6263
16019	190	21263
19858	190	21263
19799	190	21263
19858	190	21263
28474	190	21263
8940	81	220
8940	81	7668
15220	171	23940
22668	171	23940
5904	112	1699
20904	184	16699
9164	34	14495
9164	162	14571
9164	34	7806
24164	190	29495
24164	190	29571
24164	190	22806
1285	87	2092
1285	87	6099
16285	165	17092
16285	165	21099
14416	112	9602
29416	184	24602
13484	19	6927
6239	19	6927
1919	19	6927
5671	19	6927
2037	19	6927
21927	187	28484
21927	187	21239
21927	187	16919
21927	187	20671
21927	187	17037
3140	81	7389
13824	81	7389
8582	81	7389
1071	81	7389
1057	81	7389
12885	81	7389
2866	81	7389
22389	171	18140
22389	171	28824
22389	171	23582
22389	171	16071
22389	171	17866
22389	171	27885
22389	171	17866
123	112	8599
12098	112	8599
15123	184	23599
27098	184	23599
12722	152	8719
27722	191	23719
10380	40	1671
16671	173	25380
14744	40	5859
2352	40	5859
14081	53	5859
14875	40	5859
20859	173	29744
20859	173	17352
20859	168	29081
20859	171	29875
9393	128	8521
24393	185	23521
3515	128	13315
18515	185	28315
6144	81	7409
6144	81	6122
22409	171	21144
21122	171	21144
776	53	12128
776	53	6486
27128	168	15776
21486	168	15776
12340	11	3558
6681	11	3558
10016	11	3558
14796	11	3558
10086	11	3558
14067	11	3558
18558	168	27340
18558	168	25086
18558	168	25016
18558	168	29796
18558	168	25016
18558	168	29067
13422	40	5827
7750	40	5827
20827	173	28422
20827	173	22750
2827	11	13708
2827	53	13867
28708	168	17827
28867	168	17827
13090	40	8500
23500	173	28090
3428	19	8949
3428	53	2173
3428	81	3883
3428	81	5749
23949	187	18428
17173	168	18428
18883	171	18428
20749	171	18428
5413	152	7974
22974	191	20413
13537	34	7574
10185	34	7574
28537	190	22574
25185	190	22574
8855	112	4964
8855	34	1320
8855	34	12550
23855	179	19964
23855	190	16320
23855	190	27550
2422	26	12719
2422	81	9916
2422	53	14061
2422	40	12406
27719	172	17422
24916	171	17422
29061	168	17422
27406	173	17422
3863	34	2174
3863	34	2330
18863	190	17174
18863	190	17330
466	81	13057
466	26	8784
466	53	8155
466	19	1737
466	40	5451
28057	171	15466
23784	172	15466
23155	168	15466
23155	168	15466
23155	168	15466
13705	34	3940
3200	34	3940
4973	34	3940
13462	34	3940
3940	35	6231
28705	190	18940
18200	190	18940
19973	190	18940
28462	190	18940
18200	186	18940
7442	81	2962
17962	171	22442
6725	81	10048
6725	81	9599
25048	171	21725
24599	171	21725
10110	81	5539
10110	53	12788
10110	19	4217
20539	171	25110
27788	168	25110
19217	187	25110
4259	34	8208
19259	190	23208
5152	34	7560
5152	34	4741
20152	190	22560
20152	190	19741
8596	81	9395
8596	81	7153
8596	26	2818
24395	171	23596
22153	171	23596
17818	172	23596
12844	129	3045
3935	129	3045
18045	168	27844
18045	168	18935
910	34	5394
15910	190	20394
5754	34	2160
20754	190	17160
21	81	5019
14657	81	5019
12721	81	5019
12584	81	5019
12667	81	5019
6206	81	5019
12238	81	5019
8802	81	5019
3212	144	5019
6074	81	5019
20019	171	23802
20019	171	29657
20019	171	27721
20019	171	27584
20019	171	27667
20019	171	21206
20019	171	27238
20019	171	23802
20019	171	18212
20019	171	21074
8061	81	13522
8061	81	4414
28522	171	23061
19414	171	23061
5780	53	5646
20646	168	20780
7329	81	7354
10442	81	7354
12317	81	7354
1175	81	7354
2832	81	7354
7113	81	7354
22354	171	22329
22354	171	21447
22354	171	27317
22354	171	21447
22354	171	21447
22354	171	21447
3377	81	7796
3377	81	12325
3377	81	5206
22796	171	18377
27325	171	18377
20206	171	18377
14112	40	6853
6639	40	6853
21853	173	29112
21853	173	21639
14053	81	468
15468	171	29053
1528	19	3599
13008	19	3599
8236	19	3599
567	19	3599
6663	19	3599
4122	19	3599
18599	187	16528
18599	187	28008
18599	187	23236
18599	187	15567
18599	187	21663
18599	187	19122
6126	81	5601
6126	81	5562
20601	171	21126
20562	171	21126
2335	40	14379
29379	173	17335
9920	53	7731
9920	26	4901
9920	81	706
22731	168	24920
19901	172	24920
15706	171	24920
7253	34	541
7253	34	13325
7253	34	5461
22253	190	15541
22253	190	28325
22253	190	20461
1350	40	3715
1538	40	3715
18715	173	16350
18715	173	16538
7881	81	10164
13080	81	10164
8475	81	10164
6694	81	10164
13910	81	10164
13886	81	10164
12780	81	10164
14354	81	10164
6050	81	10164
25164	171	22881
25164	171	28080
25164	171	23475
25164	171	21694
25164	171	28910
25164	171	28886
25164	171	27780
25164	171	29354
25164	171	21050
13599	152	1452
1452	112	13927
16452	191	28599
16452	179	28927
5388	26	5376
5388	81	13915
20376	172	20388
28915	171	20388
4008	40	305
869	40	305
9793	40	305
2346	40	305
15305	173	24793
15305	173	15869
15305	173	24793
15305	173	24793
9399	81	4578
19578	171	24399
3960	19	6110
8185	19	6110
21110	187	18960
21110	187	23185
3748	40	4353
8712	40	4353
14880	40	4353
9837	40	4353
797	40	4353
4948	40	4353
135	40	4353
410	40	4353
19353	173	18748
19353	173	23712
19353	173	29880
19353	173	24837
19353	173	23712
19353	173	23712
19353	173	15135
19353	173	15410
1618	34	1656
1618	34	13217
16618	190	16656
16618	190	28217
249	81	1827
9971	81	1827
13590	81	1827
2855	81	1827
12819	81	1827
16827	171	15249
16827	171	24971
16827	171	28590
16827	171	17855
16827	171	27819
5323	81	524
14583	81	524
15524	171	20323
15524	171	29583
8268	53	13384
8268	40	3547
8268	81	5066
28384	168	23268
18547	173	23268
20066	171	23268
9733	144	7047
9733	53	1603
9733	11	14947
22047	168	24733
16603	168	24733
29947	168	24733
4019	81	14877
29877	171	19019
6091	81	12593
6091	81	13011
6091	40	8908
6091	53	1591
27593	171	21091
28011	171	21091
23908	173	21091
16591	168	21091
7869	81	1433
7869	53	2890
16433	171	22869
17890	168	22869
7418	81	14244
7418	81	3223
7418	81	7375
29244	171	22418
18223	171	22418
22375	171	22418
4150	112	12562
19150	184	27562
8457	81	540
12901	81	540
5536	81	540
14840	81	540
566	81	540
1836	81	540
8869	81	540
15540	171	23457
15540	171	27901
15540	171	20536
15540	171	29840
15540	171	15566
15540	171	16836
15540	171	23869
4940	112	8
14373	112	8
13230	112	8
19940	184	15008
29373	184	15008
28230	184	15008
13204	53	10080
25080	168	28204
2297	26	7975
5365	26	7975
22975	172	20365
22975	172	20365
7820	81	7070
8991	81	7070
2321	81	7070
1482	81	7070
22070	171	22820
22070	171	23991
22070	171	22820
22070	171	16482
1250	81	3322
18322	171	16250
8624	81	3741
9928	81	3741
6056	81	3741
8851	81	3741
6156	81	3741
229	81	3741
18741	171	23624
18741	171	24928
18741	171	21056
18741	171	23851
18741	171	21156
18741	171	15229
2067	19	8053
2067	81	706
23053	187	17067
15706	171	17067
13553	146	7362
6354	128	7362
28553	177	22362
21354	185	22362
8525	81	5011
20011	171	23525
4347	81	1936
4347	81	4721
4347	40	8318
16936	171	19347
19721	171	19347
23318	173	19347
9041	144	3897
18897	168	24041
7669	34	2536
7669	34	8833
22669	190	17536
22669	190	23833
7110	34	3763
7110	34	12418
22110	190	18763
22110	190	27418
1314	144	12447
27447	168	16314
3433	19	104
3433	81	12668
3433	81	6712
15104	187	18433
27668	171	18433
21712	171	18433
6056	40	851
6056	81	1096
6056	81	3741
6056	81	13301
6056	81	13410
15851	173	21056
16096	171	21056
18741	171	21056
28301	171	21056
28410	171	21056
1383	11	6261
12240	11	6261
9707	11	6261
5270	11	6261
13274	11	6261
21261	168	20270
21261	168	27240
21261	168	24707
21261	168	20270
21261	168	28274
3693	34	9212
3693	34	7334
3693	34	151
3693	34	7890
18693	190	24212
18693	190	22334
18693	190	15151
18693	190	22890
249	81	1827
249	81	3241
16827	171	15249
18241	171	15249
1612	34	12156
16612	190	27156
1586	26	4193
12108	129	4193
5338	53	4193
19193	172	16586
19193	168	27108
19193	168	20338
4615	81	4696
4615	53	5824
4615	26	5566
19696	171	19615
20824	168	19615
20566	172	19615
13737	40	9467
3889	40	9467
13974	40	9467
631	40	9467
3906	40	9467
24467	173	28737
24467	173	18889
24467	173	28974
24467	173	15631
24467	173	18906
13388	34	8934
28388	190	23934
12677	81	2461
7385	81	2461
14925	81	2461
14149	81	2461
17461	171	27677
17461	171	22385
17461	171	29925
17461	171	29149
7306	81	5236
7306	81	783
20236	171	22306
15783	171	22306
4158	40	148
8601	40	148
7958	40	148
7966	53	148
15148	173	19158
15148	173	23601
15148	173	22958
15148	168	22966
6280	81	3879
6280	81	3518
18879	171	21280
18518	171	21280
7935	34	12560
7935	34	8774
22935	190	27560
22935	190	23774
9620	11	7929
7431	11	7929
14653	11	7929
14998	11	7929
14695	11	7929
14559	53	7929
6850	11	7929
22929	168	21850
22929	168	21850
22929	168	29653
22929	168	29998
22929	168	29695
22929	168	29559
22929	168	21850
5428	144	8820
5428	11	13969
23820	168	20428
28969	168	20428
9951	34	3587
9951	34	8041
24951	190	18587
24951	190	23041
4871	26	12719
4871	40	8803
27719	172	19871
23803	173	19871
6595	81	8743
23743	171	21595
13354	87	3300
28354	165	18300
824	81	5961
2772	81	5961
20961	171	15824
20961	171	17772
1028	81	8892
2107	81	8892
9595	81	8892
7861	81	8892
8370	81	8892
23892	171	16028
23892	171	17107
23892	171	24595
23892	171	22861
23892	171	23370
824	81	5961
824	53	7416
824	81	1355
824	81	5205
824	81	5634
20961	171	15824
22416	168	15824
16355	171	15824
20205	171	15824
20634	171	15824
3991	14	12712
18991	180	27712
14539	81	2940
17940	171	29539
3475	40	5165
2219	40	5165
13267	40	5165
4239	40	5165
20165	173	19239
20165	173	19239
20165	173	28267
20165	173	19239
9343	26	13111
9343	81	4978
28111	172	24343
19978	171	24343
9946	81	3416
9946	81	14822
9946	81	4487
9946	81	4114
18416	171	24946
29822	171	24946
19487	171	24946
19114	171	24946
8184	81	12726
8184	81	4093
8184	81	2962
27726	171	23184
19093	171	23184
17962	171	23184
10308	34	617
10308	34	12847
10308	34	12779
10308	34	7377
25308	190	15617
25308	190	27847
25308	190	27779
25308	190	22377
3877	81	4062
3877	81	9278
19062	171	18877
24278	171	18877
2774	40	4798
2774	81	2791
2774	81	1050
19798	173	17774
17791	171	17774
16050	171	17774
9672	81	9375
8127	81	9375
4402	81	9375
24375	171	24672
24375	171	23127
24375	171	19402
7756	34	262
7756	34	8634
22756	190	15262
22756	190	23634
472	81	8420
472	81	2771
472	40	4777
23420	171	15472
17771	171	15472
19777	173	15472
10419	87	12432
25419	165	27432
4694	40	2119
9621	40	2119
13757	40	2119
2778	19	2119
17119	173	19694
17119	173	24621
17119	173	28757
17119	187	17778
3528	106	623
3528	106	12403
18528	190	15623
18528	190	27403
1044	34	7960
4564	34	7960
10472	34	7960
6966	34	7960
13143	162	7960
9514	34	7960
2283	34	7960
16044	190	22960
19564	190	22960
25472	190	22960
21966	190	22960
28143	190	22960
25472	190	22960
19564	190	22960
4708	81	3071
5124	81	3071
4952	81	3071
14576	81	3071
2731	81	3071
18071	171	19708
18071	171	20124
18071	171	19952
18071	171	29576
18071	171	17731
2044	81	2999
2044	81	13610
17999	171	17044
28610	171	17044
3935	129	3000
3935	129	1168
3935	129	14440
3935	129	6375
3935	40	86
3935	129	3045
18000	168	18935
16168	168	18935
29440	168	18935
21375	168	18935
18045	168	18935
18045	168	18935
4713	34	3763
19713	190	18763
9607	26	5376
9607	81	4136
9607	81	14207
20376	172	24607
19136	171	24607
29207	171	24607
7344	34	5424
13501	34	5424
22344	190	20424
28501	190	20424
6622	81	4128
6622	81	3209
19128	171	21622
18209	171	21622
8933	34	8720
8933	34	1752
23933	190	23720
23933	190	16752
6519	24	13084
21519	190	28084
5037	34	14017
5037	34	8094
20037	190	29017
20037	190	23094
8600	53	9335
12187	53	9335
24335	168	23600
24335	168	27187
3351	144	113
1222	53	113
5286	53	113
3201	144	113
5779	53	113
15113	168	20779
15113	168	16222
15113	168	20286
15113	168	18351
15113	168	20779
3291	40	8535
23535	171	18291
1549	81	12463
27463	171	16549
2114	53	7504
5294	11	7504
14478	123	7504
14652	11	7504
922	53	7504
22504	168	15922
22504	168	20294
22504	168	29478
22504	168	29652
22504	168	15922
13910	81	9540
8404	81	9540
5159	81	9540
9595	81	9540
24540	171	28910
24540	171	23404
24540	171	20159
24540	171	24595
8556	14	6523
23556	180	21523
6274	34	9836
21274	190	24836
6893	40	4123
6893	81	2212
6893	19	299
19123	173	21893
17212	171	21893
15299	187	21893
13797	81	4266
2337	81	4266
6502	81	4266
6805	81	4266
4860	81	4266
14028	81	4266
4263	81	4266
13228	81	4266
14255	81	4266
7810	81	4266
1555	81	4266
2026	81	4266
19266	171	28797
19266	171	17337
19266	171	21502
19266	171	21805
19266	171	19860
19266	171	29028
19266	171	19263
19266	171	28228
19266	171	29255
19266	171	22810
19266	171	16555
19266	171	17026
3326	81	2843
3326	81	10126
17843	171	18326
25126	171	18326
1220	40	13201
28201	173	16220
4270	34	8720
4270	34	4510
4270	34	6962
19270	190	23720
19270	190	19510
19270	190	21962
8654	81	424
8654	81	9415
8654	81	3109
8654	40	2693
15424	171	23654
24415	171	23654
18109	171	23654
17693	173	23654
6604	81	6104
6604	81	5809
6604	81	7562
21104	171	21604
20809	171	21604
22562	171	21604
744	81	8466
2474	81	8466
1078	81	8466
10198	81	8466
4239	81	8466
4567	81	8466
9779	81	8466
4298	81	8466
23466	171	15744
23466	171	17474
23466	171	16078
23466	171	25198
23466	171	19239
23466	171	19567
23466	171	24779
23466	171	19298
7475	81	8150
7002	81	8150
23150	171	22475
23150	171	22002
3037	53	14413
3037	26	9478
3037	19	4322
29413	168	18037
24478	172	18037
19322	187	18037
6953	81	8445
2407	81	8445
4112	81	8445
3034	81	8445
2871	81	8445
5552	81	8445
3999	81	8445
366	81	8445
2954	81	8445
23445	171	21953
23445	171	17871
23445	171	19112
23445	171	17954
23445	171	17871
23445	171	17871
23445	171	18999
23445	171	17954
23445	171	17954
7911	34	9133
22911	190	24133
9878	34	10269
24878	190	25269
13334	81	7175
13978	81	7175
22175	171	28334
22175	171	28978
13272	34	5812
10139	34	5812
430	34	5812
2695	34	5812
12218	34	5812
28272	190	20812
25139	190	20812
15430	190	20812
17695	190	20812
27218	190	20812
6669	81	14048
6669	81	1807
6669	19	13252
29048	171	21669
16807	171	21669
28252	187	21669
1371	53	13799
28799	168	16371
9684	34	1169
12242	34	1169
24684	190	16169
27242	190	16169
7404	81	3917
7404	40	8942
18917	171	22404
23942	173	22404
3712	81	9397
9592	81	9397
9725	81	9397
703	81	9397
6187	81	9397
7155	81	9397
24397	171	18712
24397	171	24592
24397	171	24725
24397	171	15703
24397	171	24725
24397	171	22155
4902	19	9067
4902	40	14415
24067	187	19902
29415	173	19902
5245	81	9723
5245	81	10286
24723	171	20245
25286	171	20245
3482	53	8632
3482	53	3273
23632	168	18482
18273	168	18482
1757	34	1672
16757	190	16672
4624	71	1042
19624	184	16042
9315	53	9394
9315	144	7047
22047	168	24315
22047	168	24315
3414	81	14386
3414	81	1278
3414	40	3105
3414	26	4730
29386	171	18414
16278	171	18414
18105	173	18414
19730	172	18414
7717	34	5923
7717	34	10361
22717	190	20923
22717	190	25361
4063	81	892
4063	81	14419
15892	171	19063
29419	171	19063
6818	81	6344
6944	81	6344
9341	81	6344
14507	81	6344
5598	81	6344
14350	81	6344
8828	81	6344
4380	81	6344
8869	81	6344
1810	81	6344
21344	171	21818
21344	171	21944
21344	171	24341
21344	171	29507
21344	171	20598
21344	171	29350
21344	171	23828
21344	171	19380
21344	171	23869
21344	171	16810
3319	26	5890
20890	172	18319
9325	81	9223
9325	81	14510
24223	171	24325
29510	171	24325
5813	81	14775
29775	171	20813
179	26	1427
12629	26	1427
16427	172	15179
16427	172	27629
621	81	7635
8146	81	7635
5518	81	7635
13195	81	7635
5740	81	7635
2703	81	7635
13359	81	7635
12442	81	7635
8661	81	7635
8098	81	7635
22635	171	15621
22635	171	23146
22635	171	20518
22635	171	28195
22635	171	20740
22635	171	17703
22635	171	28359
22635	171	27442
22635	171	23661
22635	171	23098
7248	34	6071
7248	34	13734
22248	190	21071
22248	190	28734
14198	26	7195
488	26	7195
2779	26	7195
14642	26	7195
22195	172	29198
22195	172	15488
22195	172	17779
22195	172	29642
3560	81	13692
3560	40	13564
3560	81	10458
28692	171	18560
28564	171	18560
25458	171	18560
9971	81	8660
9971	81	1827
9971	26	1487
23660	171	24971
16827	171	24971
16487	172	24971
1495	26	10072
1495	19	1609
25072	172	16495
16609	187	16495
13968	40	10119
4215	38	10119
3508	40	10119
9995	40	10119
5786	40	10119
25119	173	28968
25119	173	24995
25119	173	20786
25119	173	20786
25119	173	20786
828	34	8429
828	34	12297
15828	190	23429
15828	190	27297
3565	34	6790
18565	190	21790
3571	26	1083
16083	172	18571
4941	81	9204
1632	81	9204
13224	81	9204
13000	81	9204
5502	81	9204
24204	171	16632
24204	171	16632
24204	171	28224
24204	171	28000
24204	171	20502
8247	53	14930
8247	53	5962
29930	168	23247
20962	168	23247
3441	81	9304
3441	81	2423
24304	171	18441
17423	171	18441
2140	40	14216
2140	26	2966
29216	173	17140
17966	172	17140
1049	53	14596
1049	26	1487
29596	168	16049
16487	172	16049
5248	81	1779
14199	81	1779
3184	81	1779
8854	81	1779
16779	171	20248
16779	171	29199
16779	171	18184
16779	171	23854
7881	81	10164
7881	19	8471
7881	81	7177
7881	81	9634
25164	171	22881
23471	187	22881
22177	171	22881
24634	171	22881
1758	81	12478
1758	81	6878
27478	171	16758
21878	171	16758
2994	81	1115
2994	40	4542
16115	171	17994
19542	173	17994
9347	81	5604
20604	171	18439
2253	34	6253
2253	34	9787
17253	190	21253
17253	190	24787
444	81	7720
22720	171	15444
4385	34	6868
19385	190	21868
4404	34	14524
4404	34	1682
19404	190	29524
19404	190	16682
4363	34	4600
4363	34	5063
4363	34	12297
19363	190	19600
19363	190	20063
19363	190	27297
6869	40	8364
13307	144	8364
23364	173	21869
23364	168	28307
8568	53	3169
8568	81	12607
18169	168	23568
27607	171	23568
14905	19	8194
3536	19	8194
4299	19	8194
1003	19	8194
3356	19	8194
12795	19	8194
13292	19	8194
12581	19	8194
23194	187	29905
23194	187	18536
23194	187	16003
23194	187	16003
23194	187	18536
23194	187	27795
23194	187	28292
23194	187	27581
6106	40	5284
6106	81	12113
20284	173	21106
27113	171	21106
6532	81	3369
1382	81	3369
14677	81	3369
12887	81	3369
8661	81	3369
18369	171	21532
18369	171	21532
18369	171	29677
18369	171	27887
18369	171	23661
7828	81	2427
280	81	2427
14144	81	2427
13846	53	2427
17427	171	22828
17427	171	15280
17427	171	29144
17427	168	28846
1764	34	10087
9909	34	10087
16764	190	25087
24909	190	25087
7730	81	14181
7730	81	2934
29181	171	22730
17934	171	22730
4051	26	4706
4051	26	9938
19706	172	19051
24938	172	19051
3204	53	12836
3204	144	14327
3204	11	374
27836	168	18204
29327	168	18204
15374	168	18204
2222	87	4968
1678	87	4968
13787	87	4968
13366	87	4968
7532	87	4968
7939	87	4968
22532	165	19968
22532	165	19968
28787	165	19968
28366	165	19968
22532	165	19968
22532	165	19968
786	53	7931
22931	168	15786
6464	34	9392
3873	34	9392
10310	34	9392
21464	190	24392
18873	190	24392
25310	190	24392
847	53	13860
847	81	12113
847	53	1031
847	81	7055
28860	168	15847
27113	171	15847
16031	168	15847
22055	171	15847
1156	81	12644
1156	81	5652
1156	53	14601
27644	171	16156
20652	171	16156
29601	168	16156
2697	34	2131
12306	34	2131
17697	190	17131
27306	190	17131
3233	26	8872
7473	26	8872
6792	26	8872
6304	26	8872
10387	26	8872
5189	26	8872
101	26	8872
23872	168	18233
23872	172	22473
23872	168	21792
23872	172	21304
23872	172	25387
23872	172	20189
23872	172	15101
8392	81	654
15654	171	23392
5035	81	4922
9869	81	4922
19922	171	20035
19922	171	24869
2939	19	12482
27482	187	17939
14352	81	2645
6107	81	2645
1350	81	2645
17645	171	29352
17645	171	21107
17645	171	16350
10359	81	8248
10359	81	5946
23248	171	25359
20946	171	25359
7945	40	8776
7945	19	5654
7945	40	10418
23776	173	22945
20654	187	22945
25418	173	22945
1867	87	3653
4365	87	3653
3653	87	2412
8713	87	3653
1922	87	3653
12085	87	3653
19365	165	18653
19365	165	18653
18653	165	17412
19365	165	18653
19365	165	18653
27085	165	18653
9655	81	14605
29605	171	24655
609	19	4217
609	81	14095
19217	187	15609
29095	171	15609
14926	26	5520
20520	172	29926
4373	26	3087
3087	112	4689
81	26	3087
6969	26	3087
4232	26	3087
5696	26	3087
14384	26	3087
1335	26	3087
1973	26	3087
9410	26	3087
18087	168	24410
18087	184	19689
18087	172	15081
18087	172	21969
18087	172	19232
18087	172	20696
18087	172	29384
18087	172	16335
18087	172	16973
18087	168	24410
12080	34	8675
1298	34	8675
27080	190	23675
16298	190	23675
14003	34	4181
9849	34	4181
29003	190	19181
24849	190	19181
13941	34	8571
1126	34	8571
28941	190	23571
16126	190	23571
5791	34	2160
5791	34	5964
20791	190	17160
20791	190	20964
13233	81	1031
12001	81	1031
5968	81	1031
847	53	1031
16031	171	28233
16031	171	27001
16031	171	20968
16031	168	15847
577	112	12620
577	162	14685
15577	184	27620
15577	190	29685
2783	81	5993
12975	81	5993
3592	81	5993
1386	81	5993
20993	171	17783
20993	171	27975
20993	171	16386
20993	171	16386
8583	40	1088
8583	81	14452
16088	173	23583
29452	171	23583
558	144	2143
4119	81	2143
2597	81	2143
474	81	2143
17143	171	15558
17143	171	19119
17143	171	17597
17143	171	15474
698	19	10032
698	81	14554
25032	187	15698
29554	171	15698
2368	81	1691
2368	81	12659
16691	171	17368
27659	171	17368
929	53	5468
6995	53	5468
14792	53	5468
20468	168	21995
20468	168	21995
20468	168	29792
2171	81	6839
12694	81	6839
21839	171	17171
21839	171	27694
9996	81	9049
9996	81	12870
24049	171	24996
27870	171	24996
8529	81	13575
28575	171	23529
9819	26	5480
20480	172	24819
3916	34	10391
18916	190	25391
2996	34	5378
2233	34	5378
1613	34	5378
14217	34	5378
9568	34	5378
1952	34	5378
12285	34	5378
4406	34	5378
13135	34	5378
5068	34	5378
14021	34	5378
9931	34	5378
14581	34	5378
10259	34	5378
9122	34	5378
17996	190	20378
17233	190	20378
16952	190	20378
29217	190	20378
19406	190	20378
24568	190	20378
27285	190	20378
19406	190	20378
28135	190	20378
25259	190	20378
29021	190	20378
24568	190	20378
29581	190	20378
25259	190	20378
24122	190	20378
1217	53	5848
1217	144	7047
20848	168	16217
22047	168	16217
12770	26	5667
20667	172	27770
576	81	12499
27499	171	15576
4883	123	10120
25120	168	19883
6751	26	2252
6751	81	9881
6751	26	8561
23561	172	21751
24881	171	21751
23561	172	21751
1386	81	5993
1386	81	5206
20993	171	16386
20206	171	16386
4992	81	431
4992	81	4413
15431	171	19992
19413	171	19992
6855	34	14338
21855	190	29338
9797	81	10305
9797	81	7039
25305	171	24797
25305	171	24797
6337	43	14727
21337	186	29727
6431	40	5153
20153	173	21431
5920	34	110
8799	34	110
20920	190	15110
23799	190	15110
2754	40	6531
2754	81	3566
21531	173	17754
18566	171	17754
5926	53	4282
177	53	4282
14478	144	4282
6245	144	4282
3420	53	4282
13283	144	4282
19282	168	15177
19282	168	15177
19282	168	29478
19282	168	18420
19282	168	18420
19282	168	28283
1123	53	2173
1123	81	12763
17173	168	16123
27763	171	16123
12751	86	9064
14466	87	9064
27751	165	24064
29466	165	24064
14564	34	10115
14040	34	10115
14416	34	10115
8971	34	10115
580	34	10115
29564	190	25115
29040	190	25115
29416	190	25115
23971	190	25115
23971	190	25115
3428	53	2173
6849	53	2173
232	53	2173
7782	40	2173
2364	53	2173
8327	53	2173
3752	53	2173
1123	53	2173
1602	53	2173
17173	168	18428
17173	168	21849
17173	168	15232
17173	168	21849
17173	168	17364
17173	168	23327
17173	168	18428
17173	168	16123
17173	168	16602
8602	40	6948
13636	40	6948
5221	40	6948
9438	40	6948
21948	173	20221
21948	173	28636
21948	173	20221
21948	173	20221
5819	144	1105
14043	53	1105
9251	53	1105
12287	144	1105
9978	53	1105
14882	53	1105
16105	168	20819
16105	168	29043
16105	168	20819
16105	168	27287
16105	168	20819
16105	168	29882
12472	34	10449
13985	34	10449
27472	190	25449
28985	190	25449
5389	81	8504
5389	26	1706
5389	81	13410
5389	40	851
5389	81	12986
23504	171	20389
16706	172	20389
28410	171	20389
15851	173	20389
27986	171	20389
946	81	6964
3540	81	6964
5425	81	6964
7181	81	6964
14898	81	6964
4295	81	6964
5967	81	6964
14087	40	6964
5381	81	6964
2034	40	6964
21964	171	15946
21964	171	18540
21964	171	20425
21964	171	22181
21964	171	29898
21964	171	19295
21964	171	20967
21964	173	29087
21964	171	20381
21964	173	17034
8514	34	1029
8514	34	12570
23514	190	16029
23514	190	27570
9937	53	13679
9937	40	4023
28679	168	24937
19023	173	24937
1670	19	8016
1670	81	12893
23016	187	16670
27893	171	16670
2190	34	6764
13615	34	6764
13159	34	6764
6067	34	6764
682	34	6764
17190	190	21764
28615	190	21764
28159	190	21764
21067	190	21764
15682	190	21764
6532	81	3369
6532	81	1035
6532	81	2934
6532	81	1135
6532	81	4487
18369	171	21532
16035	171	21532
17934	171	21532
16135	171	21532
19487	171	21532
1440	81	3430
6952	81	3430
1330	81	3430
18430	171	16440
18430	171	21952
18430	171	16330
3929	34	14709
18929	190	29709
3267	26	13663
3267	81	12499
28663	172	18267
27499	171	18267
6759	81	10444
6759	81	12797
25444	171	21759
27797	171	21759
13880	81	2239
7109	81	2239
5466	81	2239
17239	171	28880
17239	171	22109
17239	171	20466
992	34	4956
992	34	378
15992	190	19956
15992	190	19956
12169	34	1023
9936	34	1023
6477	34	1023
12966	34	1023
7244	34	1023
10415	34	1023
27169	190	16023
24936	190	16023
21477	190	16023
27966	190	16023
22244	190	16023
25415	190	16023
6107	81	8788
6107	81	2645
23788	171	21107
17645	171	21107
12689	81	1111
536	152	1111
3121	81	1111
16111	171	27689
16111	191	15536
16111	171	18121
8365	144	12506
27506	168	23365
9691	53	12971
9691	81	6878
27971	168	24691
21878	171	24691
7316	81	13841
7316	81	13785
7316	81	4792
7316	19	8053
7316	81	706
28841	171	22316
28785	171	22316
19792	171	22316
23053	187	22316
15706	171	22316
6781	81	1627
8683	81	1627
1933	81	1627
12923	81	1627
1644	81	1627
12876	81	1627
16627	171	21781
16627	171	23683
16627	171	16933
16627	171	27923
16627	171	16644
16627	171	27876
3942	116	13627
3942	116	8838
28627	168	18942
23838	168	18942
1373	34	7836
1373	112	9238
16373	190	22836
16373	184	24238
14505	96	5847
20847	189	29505
8850	34	13476
23850	190	28476
2327	81	7279
353	81	7279
2039	81	7279
22279	171	17327
22279	171	15353
22279	171	17039
5910	19	9067
5910	40	6841
24067	187	20910
21841	173	20910
13576	81	9989
5680	81	9989
12284	81	9989
5972	81	9989
24989	171	28576
24989	171	20680
24989	171	27284
24989	171	20972
5798	81	4909
5798	81	3209
5798	26	1706
19909	171	20798
18209	171	20798
16706	172	20798
9780	81	3141
2305	40	3141
2749	81	3141
310	81	3141
5308	81	3141
18141	171	24780
18141	171	17305
18141	171	17749
18141	171	15310
18141	171	20308
2527	11	13891
2527	144	1562
2527	144	1043
28891	168	17527
16043	168	17527
16043	168	17527
10217	40	9261
10217	81	9545
10217	81	12994
24261	173	25217
24545	171	25217
27994	171	25217
1626	26	5566
1626	81	1219
1626	40	3938
20566	172	16626
16219	171	16626
18938	173	16626
4232	81	7313
4232	40	6785
4232	81	9723
4232	81	4487
4232	26	3087
4232	81	13306
22313	171	19232
21785	173	19232
24723	171	19232
19487	171	19232
18087	172	19232
28306	171	19232
13374	40	2854
7474	81	2854
17854	173	28374
17854	171	22474
3646	81	3544
3646	40	12112
3646	81	51
15051	171	18646
27112	173	18646
15051	171	18646
10368	53	5824
10368	26	5566
20824	168	25368
20566	172	25368
5602	34	5886
20602	190	20886
8763	40	13468
28468	171	23763
407	34	8403
407	34	14862
15407	190	23403
15407	190	29862
487	144	3851
487	97	14713
487	97	7481
22481	168	15487
29713	168	15487
22481	168	15487
3401	40	1652
3401	81	3393
3401	53	14141
16652	173	18401
18393	171	18401
29141	168	18401
14317	106	8326
14534	106	8326
29317	190	23326
29534	190	23326
3960	40	14494
3960	19	6110
29494	173	18960
21110	187	18960
7864	40	2801
14007	40	2801
17801	173	22864
17801	173	29007
3259	81	1936
3259	81	4721
16936	171	18259
19721	171	18259
5195	53	9644
5195	40	1652
5195	81	9203
24644	168	20195
16652	173	20195
24203	171	20195
3497	81	10358
10358	96	2214
13267	81	10358
12479	81	10358
3955	81	10358
25358	171	18497
17214	189	25358
25358	171	28267
25358	171	27479
25358	171	18955
10473	40	14107
10473	144	349
10473	81	3537
29107	173	25473
15349	168	25473
18537	171	25473
3692	34	13721
3692	34	3790
18692	190	28721
18692	190	18790
10071	40	13322
28322	173	25071
6677	19	12105
27105	187	21677
4533	81	9476
4533	26	10044
4533	81	6233
4533	81	2381
24476	171	19533
25044	172	19533
21233	171	19533
17381	171	19533
4733	34	9026
14914	34	9026
19733	190	24026
29914	190	24026
2225	81	6170
5116	81	6170
890	81	6170
13566	81	6170
2783	81	6170
21170	171	17225
21170	171	17225
21170	171	17225
21170	171	28566
21170	171	17783
7498	26	8686
7498	40	5738
23686	172	22498
20738	173	22498
9764	81	1015
13169	81	1015
14549	81	1015
16015	171	24764
16015	171	28169
16015	171	29549
5741	128	14698
20741	185	29698
3724	81	3524
3724	53	3273
3724	26	4839
3724	81	2658
18524	171	18724
18273	168	18724
19839	172	18724
17658	171	18724
12381	112	5092
27381	184	20092
1206	81	9984
2644	81	9984
9869	81	9984
206	81	9984
24984	171	16206
24984	171	17644
24984	171	24869
24984	171	15206
8231	81	12397
8231	19	14876
8231	81	4271
27397	171	23231
29876	187	23231
19271	171	23231
4118	81	13888
4118	26	1761
4118	19	157
28888	171	19118
16761	172	19118
15157	187	19118
8196	26	6582
3185	26	6582
6360	26	6582
6424	26	6582
966	26	6582
3078	26	6582
14710	26	6582
7907	26	6582
6435	26	6582
1114	26	6582
21582	172	23196
21582	172	18185
21582	172	23196
21582	172	21424
21582	172	15966
21582	172	18078
21582	172	29710
21582	172	16114
21582	172	21435
21582	172	16114
13000	40	5857
14169	40	5857
20857	173	28000
20857	173	29169
6899	81	14829
6899	53	3908
6899	40	1609
29829	171	21899
18908	168	21899
16609	173	21899
4753	81	10226
4120	81	10226
13203	81	10226
25226	171	19120
25226	171	19120
25226	171	28203
1947	26	2784
1947	40	9805
1947	81	9997
1947	81	783
17784	172	16947
24805	173	16947
24997	171	16947
15783	171	16947
7669	34	8833
2671	34	8833
2303	34	8833
22669	190	23833
17671	190	23833
17303	190	23833
4284	112	13497
19284	184	28497
9786	129	4348
9786	129	12602
19348	168	24786
27602	168	24786
1409	81	3241
8313	81	3241
6529	81	3241
249	81	3241
13592	81	3241
5293	81	3241
6558	81	3241
4076	81	3241
8991	81	3241
8003	81	3241
14642	81	3241
18241	171	16409
18241	171	23313
18241	171	21529
18241	171	15249
18241	171	28592
18241	171	20293
18241	171	21558
18241	171	19076
18241	171	23991
18241	171	23003
18241	171	29642
7582	40	9106
9106	112	2763
24106	173	24388
24106	184	17763
6571	34	9836
6571	34	1297
6571	34	10194
21571	190	24836
21571	190	16297
21571	190	25194
14290	87	8316
29290	165	23316
2717	34	14709
2717	34	7125
2717	34	1213
17717	190	29709
17717	190	22125
17717	190	16213
4079	81	8783
14016	81	8783
8269	81	8783
8374	81	8783
23783	171	23374
23783	171	29016
23783	171	23269
23783	171	23374
192	144	4667
192	81	14861
192	81	4606
192	19	12454
192	81	892
192	19	807
192	81	10402
19667	168	15192
29861	171	15192
19606	171	15192
27454	187	15192
15892	171	15192
15807	187	15192
25402	171	15192
4569	81	12527
4569	81	8732
4569	81	13039
27527	171	19569
23732	171	19569
28039	171	19569
8828	26	3263
13559	26	3263
18263	172	23828
18263	172	28559
7244	34	10346
8586	34	10346
5298	34	10346
22244	190	25346
22244	190	25346
20298	190	25346
421	81	2444
421	81	8075
421	81	12866
17444	171	15421
23075	171	15421
27866	171	15421
8455	53	9421
8455	53	9494
24421	168	23455
24494	168	23455
10485	19	5675
10485	81	2613
10485	53	9785
20675	187	25485
17613	171	25485
24785	168	25485
2520	162	2122
13458	34	2122
17520	190	17122
28458	190	17122
5319	34	9939
20319	190	24939
4952	81	3071
4952	81	6222
4952	81	7262
18071	171	19952
21222	171	19952
21222	171	19952
2616	81	12546
2616	81	6878
27546	171	17616
21878	171	17616
6612	40	9593
9333	40	9593
24593	173	21612
24593	173	24333
7552	81	1334
12623	81	1334
14582	81	1334
16334	171	22552
16334	171	27623
16334	171	29582
5696	40	5099
12599	40	5099
14520	40	5099
20099	173	20696
20099	173	27599
20099	173	29520
9622	11	9427
24427	168	24622
3222	34	4470
18222	190	19470
14181	112	826
29181	184	15826
1828	81	8438
8756	81	8438
815	81	8438
9160	81	8438
4619	81	8438
8438	152	8408
686	81	8438
1053	81	8438
12160	81	8438
12495	81	8438
14007	81	8438
23438	171	16828
23438	171	23756
23438	171	16053
23438	171	24160
23438	171	19619
23408	191	23438
23438	171	15686
23438	171	16053
23438	171	27160
23438	171	27495
23438	171	29007
1254	53	13448
28448	168	16254
10239	81	220
10239	81	693
10239	81	12682
15220	171	25239
15693	171	25239
27682	171	25239
3466	40	5179
20179	171	18466
5049	40	9925
14992	40	9925
8683	40	9925
10142	40	9925
2871	81	9925
9623	40	9925
13007	40	9925
5987	40	9925
24925	173	20049
24925	173	29992
24925	173	23683
24925	173	25142
24925	171	17871
24925	173	24623
24925	173	28007
24925	173	20987
353	81	7279
353	53	14086
22279	171	15353
29086	168	15353
5502	81	9204
5502	81	3563
5502	81	750
5502	81	13247
5502	81	4997
24204	171	20502
18563	171	20502
15750	171	20502
28247	171	20502
19997	171	20502
2475	81	14372
2475	81	525
2475	81	2962
29372	171	17475
15525	171	17475
17962	171	17475
10213	34	499
25213	190	15499
5344	34	14800
5344	34	3456
20344	190	29800
20344	190	18456
3228	34	15
3228	34	2498
18228	190	15015
18228	190	17498
1650	144	14366
29366	171	16650
4493	81	12123
4493	81	4978
27123	168	19493
19978	171	19493
7877	34	7586
22877	190	22586
4444	53	13355
4444	53	7047
4444	53	2814
28355	168	19444
22047	168	19444
17814	168	19444
12180	40	6608
9369	40	6608
12713	40	6608
1147	40	6608
1211	40	6608
10189	40	6608
8951	40	6608
6736	40	6608
5875	40	6608
21608	173	27180
21608	173	24369
21608	173	27713
21608	173	23951
21608	173	16211
21608	173	25189
21608	173	23951
21608	173	16211
21608	173	20875
4695	144	13355
4695	53	5570
28355	168	19695
20570	168	19695
12977	81	3903
18903	171	27977
4926	11	13461
28461	168	19926
5084	11	9104
5084	11	13818
24104	168	20084
28818	168	20084
8799	34	9329
8799	34	110
23799	190	24329
23799	190	15110
3919	81	4608
3919	40	7641
3919	81	3990
19608	171	18919
22641	173	18919
18990	171	18919
2552	26	10240
2552	40	12965
25240	172	17552
27965	173	17552
3373	81	2381
17381	171	18373
9847	40	12231
27231	173	24847
14752	19	3815
13643	19	3815
9544	19	3815
2204	19	3815
6527	19	3815
2343	19	3815
2410	19	3815
18815	187	29752
18815	187	28643
18815	187	17343
18815	187	17204
18815	187	21527
18815	187	17343
18815	187	17410
761	34	7541
15761	190	22541
81	26	3087
18087	172	15081
2865	44	467
17865	175	15467
7837	81	2294
17294	171	22837
5075	40	4622
5075	81	9306
19622	173	20075
24306	171	20075
3983	81	4383
3983	81	9422
19383	171	18983
24422	171	18983
6402	19	157
6402	81	2496
6402	40	5341
6402	19	7594
15157	187	21402
17496	171	21402
20341	173	21402
22594	187	21402
1615	34	3307
16615	190	18307
10260	40	2230
17230	173	25260
14593	81	7383
8678	81	7383
22383	171	29593
22383	171	23678
7718	81	6576
7718	81	4487
21576	171	22718
19487	171	22718
5028	81	1542
6825	81	1542
12841	81	1542
6913	81	1542
13560	81	1542
12107	81	1542
4534	81	1542
16542	171	20028
16542	171	21825
16542	171	27841
16542	171	21913
16542	171	28560
16542	171	27107
16542	171	19534
4505	81	2444
979	144	2444
5720	81	2444
2062	81	2444
12758	81	2444
421	81	2444
9762	81	2444
17444	171	19505
17444	171	24762
17444	171	20720
17444	171	17062
17444	171	27758
17444	171	15421
17444	171	24762
1099	81	13465
1099	26	8790
1099	81	4734
1099	81	4606
1099	81	8087
28465	171	16099
23790	168	16099
19734	171	16099
19606	171	16099
23087	171	16099
9617	81	8087
9617	26	14327
23087	171	24617
29327	172	24617
8183	81	7411
8183	26	1706
22411	171	23183
16706	172	23183
2749	53	10015
2749	40	8213
2749	81	1219
2749	81	3141
25015	168	17749
23213	173	17749
16219	171	17749
18141	171	17749
7741	19	6362
7741	81	1355
7741	81	4474
21362	187	22741
16355	171	22741
19474	171	22741
9858	26	7738
9858	81	7962
22738	172	24858
22962	171	24858
5104	81	9466
24466	171	20104
2133	81	12465
2133	40	13813
2133	81	9715
27465	171	17133
28813	173	17133
24715	171	17133
13844	40	1088
14764	40	1088
8583	40	1088
7202	40	1088
16088	173	28844
16088	173	29764
16088	173	23583
16088	173	22202
1601	34	1656
16601	190	16656
8831	34	9212
8831	34	14664
23831	190	24212
23831	190	29664
6151	81	4700
6151	81	14057
6151	40	5738
19700	171	21151
29057	171	21151
20738	173	21151
5838	34	7014
13783	34	7014
12737	34	7014
8402	34	7014
23402	190	22014
28783	190	22014
27737	190	22014
23402	190	22014
2654	53	6640
21640	168	17654
2056	81	14927
2056	81	7785
2056	81	4606
29927	171	17056
22785	171	17056
19606	171	17056
6496	40	2693
14870	40	2693
8654	40	2693
17693	173	21496
17693	173	29870
17693	173	23654
8287	53	6643
1555	53	6643
14093	53	6643
21643	168	23287
21643	168	16555
21643	168	29093
3631	81	12402
3631	19	8166
3631	40	486
27402	171	18631
23166	187	18631
15486	173	18631
8051	81	8036
23036	171	23051
6703	112	5447
5031	112	5447
8973	112	5447
5866	14	5447
21703	184	20447
20031	184	20447
23973	184	20447
20866	180	20447
4615	81	4696
13300	81	4696
2027	81	4696
7961	81	4696
19696	171	19615
19696	171	28300
19696	171	17027
19696	171	22961
8848	81	4383
8848	81	12493
8848	81	9422
19383	171	23848
27493	171	23848
24422	171	23848
7664	81	9542
12358	81	9542
24542	171	22664
24542	171	27358
5159	81	9540
5159	53	14407
5159	81	13504
24540	171	20159
29407	168	20159
28504	171	20159
12311	87	1473
27311	165	16473
5760	162	12569
20760	190	27569
3381	53	5833
3381	53	13569
20833	168	18381
28569	168	18381
5221	40	6948
5221	81	10342
5221	81	3533
5221	26	3570
21948	173	20221
25342	171	20221
18533	171	20221
18570	172	20221
1185	34	10168
1185	34	12418
16185	190	25168
16185	190	27418
1920	81	1605
1920	144	13773
16605	171	16920
28773	171	16920
4589	34	14219
4589	34	12703
19589	190	29219
19589	190	27703
10445	162	7268
10445	162	3790
25445	190	22268
25445	190	18790
10034	34	975
14355	34	975
6546	34	975
25034	190	15975
29355	190	15975
21546	190	15975
8023	34	3513
8023	34	1029
23023	190	16029
23023	190	16029
13518	144	5187
8170	53	5187
8202	53	5187
20187	168	28518
20187	168	23170
20187	168	23202
1879	40	412
1879	81	7668
1879	81	14720
1879	26	1912
15412	173	16879
22668	171	16879
29720	171	16879
16912	172	16879
8859	81	5272
20272	171	23859
12283	87	949
27283	165	15949
8900	81	8532
8900	81	2649
8900	81	10249
8900	19	6011
8900	81	14997
8900	81	575
8900	81	4979
23532	171	23900
17649	171	23900
25249	171	23900
21011	187	23900
29997	171	23900
15575	171	23900
19979	171	23900
8158	53	2736
8158	53	5639
8158	81	4599
17736	168	23158
20639	168	23158
19599	171	23158
9689	144	4520
13861	144	4520
958	81	4520
19520	171	15958
19520	171	28861
19520	171	15958
4168	26	14500
4168	81	7944
4168	81	9306
29500	172	19168
22944	171	19168
24306	171	19168
8992	34	12418
8992	34	2614
23992	190	27418
23992	190	17614
12001	26	8757
4720	26	8757
9328	26	8757
4318	26	8757
5765	26	8757
6159	26	8757
6911	26	8757
8757	14	12567
8757	112	7331
23757	172	27001
23757	172	19720
23757	172	24328
23757	172	20765
23757	172	20765
23757	172	24328
23757	172	21911
23757	180	27567
23757	184	22331
14778	81	3206
18206	171	29778
4740	34	7806
2218	34	7806
1832	34	7806
5256	34	7806
6333	34	7806
707	34	7806
7244	34	7806
9164	34	7806
2789	34	7806
14922	34	7806
19740	190	22806
24164	190	22806
16832	190	22806
20256	190	22806
21333	190	22806
15707	190	22806
22244	190	22806
24164	190	22806
17789	190	22806
29922	190	22806
13460	53	3316
13050	53	3316
18316	168	28460
18316	168	28050
48	34	1159
48	34	10194
15048	190	16159
15048	190	25194
8756	81	9997
8977	81	9997
3681	81	9997
6544	81	9997
1947	81	9997
927	81	9997
8146	81	9997
24997	171	23756
24997	171	23977
24997	171	18681
24997	171	21544
24997	171	16947
24997	171	15927
24997	171	23146
158	40	9807
24807	173	15158
13877	26	2193
14336	26	2193
13552	26	2193
6551	26	2193
17193	172	28877
17193	172	29336
17193	172	28552
17193	172	21551
2147	81	5686
12936	81	5686
6779	81	5686
4075	81	5686
1614	81	5686
3477	81	5686
20686	171	17147
20686	171	27936
20686	171	21779
20686	171	19075
20686	171	16614
20686	171	18477
8848	81	4383
909	81	4383
3983	81	4383
19383	171	23848
19383	171	15909
19383	171	18983
12737	34	10194
14353	34	10194
48	34	10194
13264	34	10194
6571	34	10194
12412	34	10194
6727	34	10194
3666	34	10194
27737	190	25194
29353	190	25194
15048	190	25194
28264	190	25194
21571	190	25194
27412	190	25194
21727	190	25194
21727	190	25194
12337	34	3341
740	34	3341
14209	34	3341
27337	190	18341
15740	190	18341
29209	190	18341
1409	81	14372
1409	81	6945
1409	81	3241
29372	171	16409
21945	171	16409
18241	171	16409
2570	144	12508
2570	11	13938
27508	168	17570
28938	168	17570
6567	81	1106
6567	81	5413
6567	81	1514
16106	171	21567
20413	171	21567
16514	171	21567
9248	81	13908
9248	81	13794
28908	171	24248
28794	171	24248
4221	81	14600
29600	171	19221
5139	81	5590
7371	81	5590
8464	81	5590
7672	81	5590
14744	81	5590
2751	40	5590
12707	81	5590
20590	171	23464
20590	171	23464
20590	171	23464
20590	171	22672
20590	171	29744
20590	171	17751
20590	171	27707
5594	81	13465
5594	81	2294
28465	171	20594
17294	171	20594
4220	81	8431
4220	81	7883
4220	81	5828
4220	81	6201
23431	171	19220
22883	171	19220
20828	171	19220
21201	171	19220
6476	81	14372
6476	81	14035
6476	81	4203
29372	171	21476
29035	171	21476
19203	171	21476
485	53	8272
485	53	304
485	144	8882
485	53	14158
485	53	10348
23882	168	15485
25348	168	15485
25348	168	15485
29158	168	15485
25348	168	15485
5440	34	9259
5440	34	8221
20440	190	24259
20440	190	24259
13771	152	4480
14009	40	4480
28771	191	19480
19480	173	29009
10198	53	7324
10198	81	8466
22324	168	25198
23466	171	25198
1867	87	2412
9576	87	2412
4365	87	2412
14405	87	2412
12085	87	2412
8713	87	2412
1922	87	2412
3653	87	2412
14306	87	2412
19365	165	17412
24576	165	17412
19365	165	17412
29405	165	17412
27085	165	17412
19365	165	17412
19365	165	17412
18653	165	17412
29306	165	17412
7578	81	1740
7578	81	3939
16740	171	22578
18939	171	22578
9904	34	12490
24904	190	27490
9561	81	1106
14384	81	1106
5243	81	1106
694	81	1106
8684	81	1106
6567	81	1106
13183	81	1106
9410	81	1106
6818	81	1106
16106	171	24561
16106	171	29384
16106	171	20243
16106	171	15694
16106	171	23684
16106	171	21567
16106	171	28183
16106	171	24410
16106	171	21818
6738	61	14728
21738	165	29728
2963	40	5853
2765	81	5853
20853	173	17963
20853	171	17765
6021	81	3298
14620	81	3298
12631	81	3298
3298	112	13927
14499	81	3298
14570	144	3298
18298	171	21021
18298	171	29620
18298	171	27631
18298	179	28927
18298	171	29499
18298	171	29570
13654	81	6330
21330	171	28654
12217	81	8434
7382	81	8434
7694	81	8434
3980	81	8434
812	81	8434
8434	152	14143
12426	81	8434
23434	171	27217
23434	171	22382
23434	171	22694
23434	171	18980
23434	171	15812
23434	191	29143
23434	171	27426
5097	34	14096
5097	34	1456
20097	190	29096
20097	190	16456
6970	81	12843
6970	81	4685
27843	171	21970
19685	171	21970
5255	26	14348
5255	40	14029
29348	172	20255
29029	173	20255
417	81	9009
24009	171	15417
9063	34	6062
24063	190	21062
893	34	6084
893	34	3594
15893	190	21084
15893	190	18594
4365	87	2412
4365	87	3653
19365	165	17412
19365	165	18653
507	81	8216
507	81	2758
23216	171	15507
17758	171	15507
7840	53	4023
9937	40	4023
3289	53	4023
19023	168	22840
19023	173	24937
19023	168	18289
7328	81	0
12364	81	0
7059	81	0
12069	81	0
12090	81	0
15000	171	22328
15000	171	27364
15000	171	22059
15000	171	27069
15000	171	27090
7544	81	9319
7544	81	7206
24319	171	22544
22206	171	22544
6489	81	7411
14992	81	7411
7163	81	7411
5052	81	7411
8287	81	7411
8183	81	7411
22411	171	21489
22411	171	29992
22411	171	22163
22411	171	20052
22411	171	23287
22411	171	23183
3528	106	623
1529	106	623
3398	106	623
18528	190	15623
16529	190	15623
18528	190	15623
13128	11	1974
16974	168	28128
8734	81	5370
20370	171	23734
8309	81	12804
8309	81	9013
27804	171	23309
24013	171	23309
2964	81	4062
916	81	4062
9381	81	4062
14393	81	4062
14272	81	4062
9675	81	4062
5549	81	4062
1646	81	4062
5709	81	4062
2204	81	4062
9487	81	4062
4759	81	4062
3877	81	4062
9114	81	4062
19062	171	17964
19062	171	15916
19062	171	20549
19062	171	29393
19062	171	29272
19062	171	24675
19062	171	20549
19062	171	16646
19062	171	20709
19062	171	17204
19062	171	24487
19062	171	19759
19062	171	18877
19062	171	24114
8296	34	13999
23296	190	28999
4564	34	7960
4564	34	5062
19564	190	22960
19564	190	20062
4500	81	2351
8244	81	2351
14537	81	2351
13993	81	2351
6301	81	2351
8292	81	2351
17351	171	19500
17351	171	23244
17351	171	29537
17351	171	28993
17351	171	21301
17351	171	21301
1361	40	1000
13336	59	1000
4244	40	1000
12902	53	1000
998	40	1000
9895	40	1000
16000	173	16361
28336	174	16000
16000	173	15998
16000	168	27902
16000	173	15998
16000	173	24895
2460	14	13675
2460	128	14574
17460	180	28675
17460	185	29574
1493	2	12547
16493	165	27547
9850	26	2244
9850	81	13289
9850	19	104
9850	53	6662
9850	81	9125
17244	172	24850
28289	171	24850
15104	187	24850
21662	168	24850
24125	171	24850
683	34	4307
15683	190	19307
3096	81	12986
3096	81	13410
3096	53	9782
27986	171	18096
28410	171	18096
24782	168	18096
3095	81	12113
27113	171	18095
96	81	14318
96	40	2102
29318	171	15096
17102	173	15096
2419	53	14061
29061	168	17419
14889	81	4190
9808	81	4190
7241	81	4190
19190	171	29889
19190	171	24808
19190	171	22241
8601	81	4114
14507	81	4114
14621	81	4114
12743	81	4114
3714	81	4114
7955	81	4114
9946	81	4114
19114	171	23601
19114	171	29507
19114	171	29621
19114	171	27743
19114	171	18714
19114	171	22955
19114	171	24946
6264	81	4508
6264	40	6854
19508	171	21264
21854	173	21264
707	34	12214
707	162	14495
707	34	1735
707	34	7806
15707	190	27214
15707	190	29495
15707	190	16735
15707	190	22806
4962	26	12719
4962	40	8803
4962	53	5295
27719	172	19962
23803	173	19962
20295	168	19962
13012	70	7324
10198	53	7324
22324	174	28012
22324	168	25198
5422	34	8720
5422	34	2536
5422	112	1121
20422	190	23720
20422	190	17536
20422	184	16121
10155	19	1744
10155	81	8607
10155	53	6706
16744	187	25155
23607	171	25155
21706	168	25155
4287	128	4830
19287	185	19830
14391	34	6155
29391	190	21155
8440	81	6302
14731	81	6302
12117	81	6302
14047	81	6302
3699	81	6302
21302	171	23440
21302	171	29731
21302	171	27117
21302	171	29047
21302	171	18699
5488	96	14784
29784	189	20488
6140	19	14876
6140	81	10409
6140	81	706
29876	187	21140
25409	171	21140
15706	171	21140
2790	19	12359
2790	81	3278
2790	26	6590
27359	187	17790
18278	171	17790
21590	172	17790
3573	81	2094
2071	81	2094
2094	152	9409
17094	171	18573
17094	171	17071
24409	191	17094
9429	81	283
9429	81	142
15283	171	24429
15142	171	24429
4828	81	14996
4828	81	2491
4828	81	10246
29996	171	19828
17491	171	19828
25246	171	19828
7744	144	1906
1539	144	1906
14966	144	1906
16906	168	16539
16906	168	16539
16906	168	29966
792	34	5545
7127	34	5545
7189	34	5545
13705	34	5545
15792	190	20545
22127	190	20545
15792	190	20545
28705	190	20545
6237	81	5167
6237	40	9413
6237	81	5562
20167	171	21237
24413	173	21237
20562	171	21237
6577	11	9427
14469	123	9427
9622	11	9427
24427	168	24622
24427	168	29469
24427	168	24622
7231	53	12484
7231	11	911
27484	168	22231
15911	168	22231
4235	81	1936
16936	171	19235
9859	81	11
9859	40	14415
15011	171	24859
29415	173	24859
869	81	1176
9793	81	1176
3703	81	1176
16176	171	15869
16176	171	24793
16176	171	18703
3362	11	7740
22430	168	18362
14591	81	4345
5373	81	4345
19345	171	29591
19345	171	20373
6612	53	9785
10485	53	9785
14840	53	9785
24785	168	21612
24785	168	25485
24785	168	29840
3549	81	8238
2931	81	8238
13386	11	8238
23238	171	18549
23238	171	17931
23238	168	28386
9231	123	14097
9231	53	8311
9231	53	9266
29097	168	24231
23311	168	24231
24266	168	24231
2449	81	9660
2449	81	5399
2449	81	4161
24660	171	17449
20399	171	17449
19161	171	17449
9778	40	14759
9778	81	13926
9778	81	6878
9778	81	2542
29759	173	24778
28926	171	24778
21878	171	24778
17542	171	24778
6454	34	13987
6454	34	363
21454	190	28987
21454	190	15363
897	34	9754
9456	34	9754
3787	34	9754
13964	34	9754
10439	34	9754
3978	34	9754
18787	190	24754
24456	190	24754
18787	190	24754
28964	190	24754
25439	190	24754
18978	190	24754
5668	26	2784
4409	26	2784
3712	26	2784
12952	26	2784
7155	26	2784
1947	26	2784
9725	26	2784
703	26	2784
9363	26	2784
8098	26	2784
17784	172	20668
17784	172	19409
17784	172	18712
17784	172	27952
17784	172	22155
17784	172	16947
17784	172	24725
17784	172	15703
17784	172	24363
17784	172	23098
5387	81	13785
5387	81	13841
5387	81	706
28785	171	20387
28841	171	20387
15706	171	20387
9764	81	1015
16015	171	24764
993	40	12296
993	19	1795
27296	173	15993
16795	187	15993
4405	34	6800
402	34	6800
23105	190	21800
15402	190	21800
14100	34	6962
6553	34	6962
8904	34	6962
4270	34	6962
2951	34	6962
13299	34	6962
13954	34	6962
29100	190	21962
21553	190	21962
23904	190	21962
19270	190	21962
17951	190	21962
28299	190	21962
28954	190	21962
9609	81	100
9609	81	13231
15100	171	24609
28231	171	24609
2727	34	1011
2727	34	12651
2727	34	17
17727	190	16011
17727	190	27651
17727	190	15017
1519	81	8468
1519	81	3793
1519	81	7177
1519	81	4686
1519	81	1996
1519	19	8471
1519	81	9634
23468	171	16519
18793	171	16519
22177	171	16519
19686	171	16519
16996	171	16519
23471	187	16519
24634	171	16519
1001	81	13465
1001	81	14042
28465	171	16001
29042	171	16001
9398	34	3858
9398	34	3798
24398	190	18798
24398	190	18798
7342	81	13841
7342	81	7710
28841	171	22342
22710	171	22342
8182	53	2528
17528	168	23182
4144	81	2599
4144	81	1875
4144	81	769
4144	81	7990
17599	171	19144
16875	171	19144
15769	171	19144
22990	171	19144
3315	34	8403
407	34	8403
2447	34	8403
18315	190	23403
15407	190	23403
17447	190	23403
6756	34	6253
2253	34	6253
2982	34	6253
1470	34	6253
13982	34	6253
7932	34	6253
13807	34	6253
6965	34	6253
21756	190	21253
17253	190	21253
17982	190	21253
16470	190	21253
28982	190	21253
22932	190	21253
28807	190	21253
21965	190	21253
4708	81	3071
4708	53	3986
18071	171	19708
18986	168	19708
6912	81	3473
18473	171	21912
2846	81	7478
2846	19	5442
22478	171	17846
20442	187	17846
9835	81	8793
23793	171	24835
1529	106	13048
1529	106	623
1529	106	14286
16529	190	28048
16529	190	15623
16529	190	29286
12989	81	9596
12380	81	9596
1855	81	9596
735	81	9596
1331	81	9596
2898	81	9596
24596	171	27989
24596	171	27380
24596	171	16855
24596	171	15735
24596	171	16331
24596	171	17898
13885	53	1693
16693	168	28885
2637	40	1744
2637	81	8607
2637	26	9478
16744	173	17637
23607	171	17637
24478	172	17637
9814	81	8248
9814	81	10340
23248	171	24814
23248	171	24814
8619	81	6741
14562	81	6741
21741	171	23619
21741	171	29562
9647	81	1844
12333	81	1844
8859	81	1844
2189	81	1844
16844	171	17189
16844	171	27333
16844	171	23859
16844	171	17189
6466	40	12296
6466	81	13655
27296	171	21466
28655	171	21466
10436	19	8494
7336	19	8494
1770	19	8494
14739	19	8494
8018	19	8494
23494	187	25436
23494	187	16770
23494	187	16770
23494	187	29739
23494	187	23018
2278	34	14743
2278	34	891
17278	190	29743
17278	190	15891
2217	34	1341
17217	190	16341
7088	81	14265
7088	81	4721
29265	171	22088
19721	171	22088
1365	81	6157
21157	171	16365
3360	81	5828
3360	81	7239
3360	81	13870
20828	171	18360
22239	171	18360
28870	171	18360
3758	81	4093
3758	81	514
19093	171	18758
15514	171	18758
9167	81	4127
9080	81	4127
12259	81	4127
13782	81	4127
1683	81	4127
8700	81	4127
2703	81	4127
5699	81	4127
4618	81	4127
19127	171	19618
19127	171	24080
19127	171	27259
19127	171	28782
19127	171	19618
19127	171	23700
19127	171	17703
19127	171	20699
19127	171	19618
9211	81	12697
9211	81	3126
27697	171	24211
18126	171	24211
3107	81	2432
3107	81	2121
3107	53	3081
17432	171	18107
17121	171	18107
18081	168	18107
5133	53	12756
27756	168	20133
6348	40	14721
29721	173	21348
10287	144	12508
27508	168	25287
8307	81	13052
8307	81	4331
28052	171	23307
19331	171	23307
5785	34	10092
5785	34	8720
5785	34	881
20785	190	25092
20785	190	23720
20785	190	15881
13434	26	10297
14468	26	10297
6825	26	10297
5551	26	10297
9480	26	10297
9272	26	10297
4907	26	10297
5181	26	10297
4759	26	10297
1855	26	10297
4679	26	10297
7119	26	10297
5375	26	10297
14810	26	10297
12675	26	10297
12394	26	10297
426	26	10297
25297	172	28434
25297	172	29468
25297	172	21825
25297	172	20375
25297	172	24480
25297	172	24272
25297	172	19907
25297	172	20181
25297	172	19759
25297	172	16855
25297	172	19679
25297	172	22119
25297	172	20375
25297	172	29810
25297	172	27675
25297	172	27394
25297	172	15426
7366	40	13728
7366	81	12763
7366	53	9021
7366	26	9938
7366	53	5426
28728	173	22366
27763	171	22366
24021	168	22366
24938	172	22366
20426	168	22366
8210	26	2155
8210	81	4166
17155	172	23210
19166	171	23210
13790	144	1852
16852	168	28790
5768	144	14705
5768	26	14770
29705	168	20768
29770	172	20768
425	81	5031
425	81	12798
20031	171	15425
27798	171	15425
740	112	4827
3114	112	4827
15740	184	19827
18114	184	19827
8314	19	13778
8314	40	9890
28778	187	23314
24890	173	23314
3618	81	5470
3618	53	13384
3618	81	4931
3618	40	3547
20470	171	18618
28384	168	18618
19931	171	18618
18547	173	18618
8274	112	3557
23274	184	18557
13624	144	3796
18796	168	28624
812	26	10231
5988	26	10231
7382	26	10231
25231	172	15812
25231	172	20988
25231	172	22382
2317	81	2230
2317	81	813
2317	81	142
17230	171	17317
15813	171	17317
15142	171	17317
2634	34	14227
2634	34	3870
17634	190	29227
17634	190	18870
8976	40	14415
8976	26	1971
8976	81	8970
29415	173	23976
16971	172	23976
23970	171	23976
5781	34	14227
5781	34	2614
20781	190	29227
20781	190	17614
644	81	10039
12510	81	10039
5150	81	10039
10214	81	10039
4788	81	10039
25039	171	15644
25039	171	27510
25039	171	20150
25039	171	25214
25039	171	15644
9580	81	7536
9580	81	1115
9580	40	5070
22536	171	24580
16115	171	24580
20070	173	24580
13272	34	10324
9732	34	10324
12381	34	10324
28272	190	25324
24732	190	25324
27381	190	25324
6137	40	6252
14344	40	6252
3357	40	6252
3627	40	6252
12282	40	6252
324	144	6252
2026	40	6252
21252	173	21137
21252	173	29344
21252	173	18357
21252	173	18627
21252	173	27282
21252	173	18357
21252	173	17026
4525	53	4570
2743	53	4570
19570	168	17743
19570	168	17743
5920	34	4741
14353	34	4741
5152	34	4741
20920	190	19741
29353	190	19741
20152	190	19741
4632	53	12224
4632	81	3393
27224	168	19632
18393	171	19632
13300	40	2182
17182	173	28300
13169	53	6706
3016	53	6706
1720	40	6706
13517	53	6706
10155	53	6706
14525	53	6706
14974	53	6706
2111	53	6706
14271	53	6706
21706	168	28169
21706	168	18016
21706	173	16720
21706	168	28517
21706	168	25155
21706	168	29525
21706	168	29974
21706	168	17111
21706	168	29271
1467	40	9077
14223	40	9077
24077	173	16467
24077	173	29223
7801	52	12894
22801	190	27894
9295	53	209
7919	116	209
5003	53	209
13874	116	209
15209	168	20003
15209	168	20003
15209	168	20003
15209	168	28874
8113	34	14644
8113	34	9535
23113	190	29644
23113	190	24535
5002	87	12408
20002	165	27408
7295	26	1912
16912	172	22295
5149	81	663
5149	81	3644
18644	171	20149
18644	171	20149
6732	81	1278
6732	26	1706
16278	171	21732
16706	172	21732
1164	81	9422
1164	81	5446
24422	171	16164
20446	171	16164
9456	34	12579
9456	34	997
9456	34	7570
9456	34	9754
24456	190	27579
24456	190	15997
24456	190	22570
24456	190	24754
6745	34	6790
21745	190	21790
9123	30	13923
24123	165	28923
13759	106	1587
14337	106	1587
28759	190	16587
29337	190	16587
8356	19	1795
993	19	1795
5249	19	1795
9775	19	1795
7753	19	1795
6205	19	1795
12347	19	1795
3438	19	1795
709	19	1795
16795	187	23356
16795	187	15993
16795	187	20249
16795	187	20249
16795	187	21205
16795	187	21205
16795	187	27347
16795	187	18438
16795	187	15709
2585	19	2888
7585	19	2888
12023	19	2888
14659	19	2888
14810	19	2888
17888	187	17585
17888	187	22585
17888	187	27023
17888	187	29659
17888	187	29810
7184	19	10393
25393	187	22184
4945	81	9344
4945	26	2155
24344	171	19945
17155	172	19945
2031	34	5900
2031	34	7555
17031	190	20900
17031	190	22555
7795	144	4863
913	40	4863
8177	40	4863
13769	40	4863
270	40	4863
12060	40	4863
8003	40	4863
14218	40	4863
19863	173	23177
19863	173	15913
19863	173	23177
19863	173	28769
19863	173	23003
19863	173	27060
19863	173	23003
19863	173	29218
9504	81	10444
9504	81	2975
25444	171	24504
17975	171	24504
12947	34	794
2906	34	794
27947	190	15794
17906	190	15794
7904	34	13030
22904	190	28030
6559	112	198
359	112	198
21559	184	15198
15359	184	15198
9207	34	1492
9207	34	13089
9207	34	7358
24207	190	16492
24207	190	28089
24207	190	22358
2026	40	6252
2026	81	437
2026	81	4266
2026	19	7594
21252	173	17026
15437	171	17026
19266	171	17026
22594	187	17026
4531	81	6712
3433	81	6712
5377	81	6712
21712	171	19531
21712	171	18433
21712	171	20377
853	81	14296
853	129	1664
853	81	13714
29296	171	15853
16664	168	15853
28714	171	15853
2217	34	10361
2217	34	7608
2217	34	1341
2217	34	14262
2217	34	2698
17217	190	25361
17217	190	22608
17217	190	16341
17217	190	29262
17217	190	17698
1573	81	14015
1573	81	3770
29015	171	16573
18770	171	16573
2056	81	4606
192	81	4606
1099	81	4606
5709	81	4606
2960	81	4606
2320	81	4606
13000	81	4606
14984	81	4606
12246	81	4606
3431	81	4606
3893	81	4606
4602	81	4606
19606	171	17056
19606	171	15192
19606	171	16099
19606	171	20709
19606	171	17960
19606	171	17320
19606	171	28000
19606	171	29984
19606	171	27246
19606	171	18431
19606	171	19602
19606	171	19602
6941	81	1050
14149	81	1050
2774	81	1050
16050	171	21941
16050	171	29149
16050	171	17774
618	81	13247
618	40	2066
28247	171	15618
17066	173	15618
8006	34	7985
8006	34	2181
23006	190	22985
23006	190	17181
14883	14	7370
29883	180	22370
14608	81	8431
4220	81	8431
10331	81	8431
23431	171	29608
23431	171	19220
23431	171	25331
9089	34	10414
24089	190	25414
10416	34	328
10416	34	1305
10416	34	6047
25416	190	15328
25416	190	16305
25416	190	21047
14749	81	3577
5119	81	3577
12207	81	3577
6087	81	3577
14643	81	3577
18577	171	29749
18577	171	20119
18577	171	27207
18577	171	21087
18577	171	29643
9588	26	7529
9588	81	2355
9588	53	10177
9588	81	10381
22529	172	24588
17355	171	24588
25177	168	24588
25381	171	24588
657	81	10149
240	81	10149
5723	81	10149
12278	81	10149
135	81	10149
8163	81	10149
25149	171	15657
25149	171	15240
25149	171	20723
25149	171	27278
25149	171	15135
25149	171	23163
3396	34	10168
18396	190	25168
6299	53	12072
6299	81	7182
27072	168	21299
22182	171	21299
8823	24	2738
23823	190	17738
10170	34	5214
25170	190	20214
4048	34	10105
4048	34	617
19048	190	25105
19048	190	15617
3693	34	7334
13694	34	7334
18693	190	22334
28694	190	22334
6650	81	5924
6650	53	2927
6650	81	6226
20924	171	21650
17927	168	21650
21226	171	21650
7002	19	807
7002	81	13444
7002	81	2277
7002	81	8150
15807	187	22002
28444	171	22002
17277	171	22002
23150	171	22002
7887	144	382
8255	81	382
8677	81	382
15382	171	23677
15382	171	23677
15382	171	23677
8200	34	2831
23200	190	17831
3982	81	5537
12436	81	5537
5761	81	5537
1209	81	5537
14329	81	5537
12701	81	5537
6636	81	5537
5967	81	5537
5537	152	10003
20537	171	19146
20537	171	27436
20537	171	20761
20537	171	16209
20537	171	29329
20537	171	27701
20537	171	21636
20537	171	20967
20537	191	25003
2640	40	321
8909	40	321
15321	173	17640
15321	173	23909
12333	19	2084
13067	19	2084
17084	187	27333
17084	187	28067
1256	81	13896
1256	40	14107
28896	171	16256
29107	173	16256
302	81	144
302	81	7536
302	81	4591
302	81	13610
15144	171	15302
22536	171	15302
19591	171	15302
28610	171	15302
8111	34	1656
23111	190	16656
1689	19	14863
1689	81	14753
1689	81	2726
29863	187	16689
29753	171	16689
17726	171	16689
6455	81	14822
6455	81	3830
29822	171	21455
18830	171	21455
13513	144	5396
20396	168	28513
7668	152	10446
12481	81	10446
12377	144	10446
4512	81	10446
12936	81	10446
4075	81	10446
3213	81	10446
2220	81	10446
3651	81	10446
25446	191	22668
25446	171	27481
25446	171	27377
25446	171	19512
25446	171	27936
25446	171	19075
25446	171	18213
25446	171	17220
25446	171	18651
14400	40	3111
18111	173	29400
6799	34	5478
21799	190	20478
4773	81	1187
4773	81	10120
4773	81	4139
4773	40	2694
16187	171	19773
25120	171	19773
19139	171	19773
17694	173	19773
3138	81	14276
3138	40	2775
3138	81	806
29276	171	18138
17775	173	18138
15806	171	18138
12208	40	9827
13244	40	9827
24827	173	27208
24827	173	28244
2483	26	6621
12752	26	6621
2051	26	6621
21621	172	17051
21621	172	27752
21621	172	17051
7472	81	12614
7472	81	14600
7472	19	13418
27614	171	22472
29600	171	22472
28418	187	22472
12302	53	2528
14557	53	2528
13249	144	2528
8182	53	2528
17528	168	27302
17528	168	29557
17528	168	28249
17528	168	23182
4586	81	7396
4586	81	12319
22396	171	19586
27319	171	19586
1108	11	1958
5821	53	1958
13166	144	1958
300	81	1958
316	81	1958
13843	81	1958
16958	168	20821
16958	168	20821
16958	168	28166
16958	171	15300
16958	171	15316
16958	171	28843
2952	81	9120
9120	152	14663
24120	171	17952
29663	191	24120
10428	34	680
13189	34	680
25428	190	15680
28189	190	15680
9527	34	14916
9527	34	6907
9527	34	1311
24527	190	29916
24527	190	21907
24527	190	16311
1450	34	13154
1450	34	2302
1450	34	13745
1450	34	4470
16450	190	28154
16450	190	17302
16450	190	28745
16450	190	19470
3985	65	9803
24803	188	18985
13191	14	3106
28191	180	18106
8765	82	14923
23765	165	29923
9150	34	2136
24150	190	17136
8170	53	3383
8170	53	5187
8170	53	2429
20187	168	23170
20187	168	23170
20187	168	23170
3831	81	7276
3831	81	2425
3831	40	1953
22276	171	18831
17425	171	18831
16953	173	18831
