10207	81	13347
28347	171	25207
23386	171	28215
13215	81	8386
10387	81	8386
1991	81	8386
23386	171	25387
23386	171	16991
14834	147	8386
16786	172	24008
9008	26	1786
9008	81	9223
24223	171	24008
7907	81	2516
17516	171	26466
17516	180	19110
1146	81	2516
11466	81	2516
17516	171	22907
17516	171	25838
19609	171	26953
19609	171	25426
11953	81	4609
10426	81	4609
5699	81	4609
19609	171	20699
5567	34	3790
20567	190	18790
20567	186	18790
27027	171	23853
8853	81	10627
8853	81	12027
8853	81	5167
25627	171	23853
20167	171	23853
20916	173	23853
985	34	10905
15985	186	25905
15985	190	25905
17517	171	18713
3713	81	2596
17596	171	18713
3713	81	2517
862	81	7720
862	81	5828
22720	171	15862
20828	171	15862
22599	171	15862
29006	173	22254
7254	40	14006
20895	171	22254
7254	81	5895
5571	106	13856
20571	190	28856
5571	34	13856
20571	186	28856
9700	34	10947
24700	186	25947
24700	190	25947
15654	171	23392
21277	172	23392
8392	81	654
8392	81	6227
8392	26	6277
21227	171	23392
19498	171	29769
14769	81	4498
6787	81	4498
19498	171	21787
4498	112	782
19498	184	15782
13612	81	7206
22206	171	28612
12405	81	7206
1602	81	7206
22206	171	24730
22206	171	23340
22206	171	26969
26825	168	21209
28306	171	21209
6209	81	13306
18768	171	21209
21785	173	21209
6209	53	6785
6209	81	3768
16355	171	29161
14065	81	1355
16355	171	29255
14255	81	1355
7741	81	1355
1676	34	7125
16676	184	24474
1676	112	9474
16676	190	22125
16676	186	22125
29517	168	20666
14517	33	5666
5666	89	14517
9586	81	9738
24738	171	24586
26588	171	24586
9586	81	11588
13698	34	37
5676	34	37
6906	34	37
28698	186	15037
6025	34	37
28698	190	15037
8488	34	37
29276	171	17972
2972	81	14276
18676	171	17972
2972	81	3676
2479	81	7917
22917	171	17479
2479	81	11771
26771	171	17479
24669	173	23636
8636	40	9669
8636	144	9669
8636	81	9669
28549	184	24773
13549	112	9773
23931	184	24773
8931	112	9773
22731	168	29639
22731	173	29639
22731	173	26681
9920	53	7731
22731	168	24920
22731	168	26681
11681	81	7731
23149	173	16091
1091	40	8149
1091	81	13095
28095	171	16091
27607	171	18127
3127	81	12607
3127	81	10648
25648	171	18127
13243	40	5032
13243	129	5032
20032	168	28243
20032	173	28243
20032	168	18555
25120	168	19883
3889	81	10120
4773	81	10120
309	40	10120
1406	81	10120
2107	81	8892
16072	171	17107
20070	173	17107
2107	40	9447
2107	81	3616
10416	34	6047
3613	34	6047
25416	186	21047
18613	186	21047
25416	190	21047
18613	190	21047
18496	173	28703
18496	168	28703
13703	144	3496
13703	40	3496
13703	53	3496
13703	38	3496
9606	34	12416
9606	34	10644
24606	186	27416
24606	190	27416
24606	190	25644
24606	186	25644
24606	179	24952
29420	173	23146
8146	81	7635
8146	81	9997
16511	168	23146
8146	40	14420
8146	53	1511
24997	171	23146
12165	81	171
15171	171	27165
5893	81	171
2455	81	171
15171	171	17455
15171	171	20893
1459	34	1791
1459	34	10307
16459	190	16791
16459	179	19964
1459	112	4964
16459	190	25307
16459	186	25307
10276	81	14897
19139	171	25276
10276	81	4139
29897	171	25276
1832	34	7806
1832	112	6523
16832	186	22806
16832	190	22806
16832	184	21523
10924	34	6939
13101	34	6939
3839	34	6939
14008	34	6939
14110	34	6939
29110	186	21939
28101	186	21939
5649	34	13126
5649	34	14219
20649	186	28126
20649	190	28126
20649	186	29219
20649	190	29219
1989	102	4166
23790	172	16989
1989	81	5305
19667	168	16989
1989	81	3739
1989	81	5467
29437	171	18432
3432	81	7355
3432	81	14437
22355	171	18432
24338	173	20831
5831	40	9338
5831	81	1127
16127	171	20831
11604	53	4717
19717	168	26604
6112	53	4717
19717	168	21112
16837	173	19866
4866	19	2610
17610	187	19866
4866	81	7562
4866	81	2796
4866	81	3533
4866	40	1837
29035	171	19329
4329	81	6945
4329	81	14035
4329	81	6318
4329	81	7289
21318	171	19329
18986	173	19329
2641	34	9348
2042	34	9348
17042	190	24348
17042	186	24348
17641	190	24348
17641	186	24348
19885	186	24348
7198	81	1965
7198	81	11358
15104	187	22198
7198	19	104
16965	171	22198
26358	171	22198
7198	120	4
8914	34	1774
13168	34	1774
23914	186	16774
28168	186	16774
23914	190	16774
28168	190	16774
28444	171	19660
4660	81	13444
15807	187	19660
4660	81	11612
4660	19	6011
4660	19	807
26612	171	19660
20370	171	23920
8920	81	5370
17244	172	20898
5898	26	2244
5898	19	6362
21362	187	20898
10439	34	9754
10439	34	11009
25439	186	24754
25439	190	24754
25439	186	26009
25439	190	26009
25439	179	19964
1577	34	13482
16577	186	28482
16577	190	28482
5278	19	8166
23166	187	20278
11984	34	8985
9921	34	8985
1916	34	8985
16916	190	23985
16916	186	23985
26984	190	23985
24921	190	23985
14735	81	6388
2309	81	6388
21388	171	29735
21388	171	17309
8171	34	3594
23171	186	18594
23171	184	21474
23171	190	18594
24681	190	25092
24681	186	25092
22854	173	27728
12728	40	7854
71	40	7854
22854	173	15071
28730	171	19969
4969	81	13730
22981	171	28215
13650	81	7981
14986	81	7981
22981	171	29986
13215	81	7981
8261	81	7981
22981	171	19536
19362	168	28065
13065	57	4362
13065	11	4362
14028	81	5634
20634	171	29846
20634	171	19026
20634	171	29028
20634	171	26019
14846	81	5634
4026	81	5634
12285	34	499
12434	34	499
13826	34	499
11193	34	499
10259	34	499
10213	34	499
4052	34	499
13338	34	7586
7877	34	7586
894	34	7586
28338	190	22586
28338	186	22586
22877	190	22586
22877	186	22586
19448	171	27885
12885	81	4448
6421	81	4448
13824	81	4448
3082	81	4448
19448	171	18082
19448	171	26739
1259	81	2682
21064	172	16259
1259	81	14896
1259	26	6064
29896	171	16259
17682	171	16259
24074	171	16259
26091	187	17142
2142	19	11091
2142	81	4237
19237	171	17142
5059	81	437
5059	81	13618
5059	26	777
28610	171	20059
15777	172	20059
21573	173	24439
21765	171	24439
9439	40	6573
16105	168	20819
25723	168	20819
5819	144	1105
5819	11	10723
5819	57	10723
5819	53	1105
5819	48	12287
28095	171	15509
509	81	13095
23199	173	29593
14593	40	8199
4768	40	8199
23199	173	19768
2534	34	7833
17534	186	22833
17534	190	22833
7833	35	4665
22833	165	19665
12997	34	3561
10605	34	3561
7484	34	3561
10605	162	3561
22484	186	18561
2362	34	3561
17362	186	18561
21562	172	16224
1224	81	13618
1224	81	10992
29931	173	16224
1224	26	6562
1224	40	14931
1224	53	2620
13180	34	6296
6315	34	6296
8527	34	6296
23527	190	21296
21315	186	21296
21315	190	21296
28180	190	21296
21100	190	26901
6100	106	11901
6100	106	11057
21100	190	26057
19089	184	27825
4089	112	12825
4089	162	5900
19089	190	20900
19089	190	28837
16052	168	23962
16052	168	29852
16052	168	23501
16052	168	24134
16052	168	23608
16052	168	25689
12199	26	1052
29927	171	21527
6527	81	14927
18815	187	21527
18075	187	21527
6527	40	5531
6527	19	3075
6527	19	3815
7471	81	14207
7471	81	12239
17138	172	22471
27239	171	22471
29207	171	22471
7471	26	2138
22476	171	24958
22476	171	15319
22476	171	25118
319	81	7476
22476	171	17320
2320	81	7476
10118	81	7476
862	81	7599
8419	81	7599
22599	171	15862
22599	171	23419
7599	112	4634
22599	192	23014
13275	81	500
15500	171	28702
13702	81	500
1798	81	500
15500	171	28275
15500	171	16798
5358	81	500
18126	171	27031
12031	81	3126
9211	81	3126
18126	191	25243
25243	191	18126
9709	81	3126
18126	171	24211
13428	81	8468
12439	81	8468
23468	171	20536
23468	171	27439
2788	81	8468
23468	171	24692
23468	171	28428
4457	40	14756
29756	173	19457
15364	168	19457
4457	53	364
4457	81	7043
22043	171	19457
29379	173	19457
15633	168	27795
14864	53	633
15633	168	29864
15633	168	27531
12531	118	633
15633	168	22261
15633	168	15054
172	34	14743
172	34	11850
172	34	6956
15172	190	29743
15172	186	29743
15172	186	21956
15172	190	21956
10471	81	3158
16303	172	25471
10471	81	4448
18158	171	25471
19448	171	25471
10471	26	1303
29088	189	20650
5650	96	14088
11401	152	5650
5650	152	11401
20650	191	26401
26401	191	20650
17083	168	21510
6510	53	2083
2083	112	2763
17083	184	17763
28309	171	15882
28309	187	15882
28309	173	15882
882	53	13309
882	81	13309
882	19	13309
882	40	13309
9936	34	4795
9936	34	1023
24936	190	19795
24936	190	16023
24936	186	19795
24936	186	16023
182	81	1235
21196	171	15182
182	81	1984
16235	171	15182
182	81	6196
16984	171	15182
19252	171	15182
12548	34	1007
27548	186	16007
27548	190	16007
7520	34	3587
22520	186	18587
22520	190	18587
22520	179	19964
15748	173	25806
15748	168	23557
15748	168	25806
8557	53	748
8557	144	748
10806	53	748
10806	40	748
8082	34	800
8082	34	67
23082	186	15800
23082	190	15800
562	34	314
3086	162	314
11667	162	314
3086	34	314
685	34	314
18086	186	15314
18086	190	15314
10347	34	5114
10347	34	5964
25347	186	20114
25347	190	20114
25347	186	20964
25347	190	20964
13032	81	3538
14134	81	3538
18538	171	28032
12710	81	3538
18538	171	27710
18538	171	27197
13091	81	3538
7088	81	4721
19721	171	18259
12479	81	4721
4721	152	13663
3259	81	4721
15244	168	29462
14462	144	244
14462	53	244
13945	53	244
15244	168	23423
15244	168	21043
10235	53	244
28514	190	21445
13514	34	6445
5616	34	6445
5073	34	6445
28514	186	21445
4865	34	6445
20616	186	21445
15294	168	21805
6805	53	294
6805	81	5749
19266	171	21805
6805	81	4266
6805	40	11949
21016	171	22993
7993	81	6016
2223	81	6016
8995	81	6016
21016	171	17223
8511	81	6016
21362	187	29798
13220	19	6362
21362	187	27458
21362	187	27935
12935	19	6362
21362	187	20553
21362	187	28220
27972	172	23084
8084	26	12972
18802	171	23084
8084	81	3802
8084	53	12849
8084	16	4984
14320	81	2726
17726	171	25606
17726	171	29320
17726	171	15078
10606	81	2726
17726	171	16689
1689	81	2726
21914	171	19787
21914	171	19060
4787	81	6914
4060	81	6914
2469	102	6914
23820	168	18947
29588	168	18947
3947	53	14588
3947	48	10700
3947	57	8820
3947	11	8820
3947	53	8820
12195	53	2885
17885	168	27195
2909	53	2885
17885	168	18504
17885	168	17909
8907	53	2885
17885	168	23506
29626	171	15546
546	81	14626
546	81	11286
22403	171	15546
546	81	8695
23695	171	15546
26286	171	15546
1847	81	10365
25365	171	16847
25365	171	19899
4899	81	10365
14312	26	8707
23707	172	29312
23707	172	22966
7966	26	8707
23707	172	18397
3397	26	8707
23707	184	16047
10331	40	9884
10331	81	3770
23431	171	25331
24884	168	25331
27335	187	24908
9908	40	10298
9908	19	12335
25298	173	24908
25476	172	24908
9908	81	10298
9908	26	10476
4860	81	3209
18209	171	19860
19266	171	19860
8766	81	8148
16817	171	23766
25992	171	23766
23148	171	23766
8766	81	10992
8766	81	1817
6153	81	9979
6709	81	9979
24979	171	21153
4426	34	6366
6521	34	6366
5046	34	6366
21521	190	21366
19426	186	21366
21521	186	21366
19426	190	21366
9591	81	208
15208	171	24591
16754	171	24591
9591	81	1754
1389	34	7742
9784	34	7742
6704	34	7742
8189	34	7742
6829	34	7742
5852	34	7742
16389	186	22742
9680	34	10704
9680	34	7125
9680	34	5461
3527	113	9680
24680	190	20461
24680	186	22125
24680	186	20461
406	34	12692
406	34	10117
15406	190	27692
406	112	8474
15406	184	23474
15406	186	25117
15406	186	27692
6769	34	3594
6769	34	6887
21769	186	21887
21769	190	18594
21769	186	18594
21769	190	21887
17682	171	20035
17682	171	17866
17682	171	19576
17682	171	16259
4576	81	2682
5035	81	2682
1259	81	2682
6166	162	12410
6166	34	12410
21166	190	27410
21166	186	27410
12232	112	8495
27232	184	23495
8495	87	4634
23495	165	21078
23495	165	19634
15452	165	18227
452	87	4086
15452	165	19086
452	87	3227
17610	187	28631
14157	19	2610
6234	19	2610
17610	187	29788
17610	187	29157
17610	187	22307
7307	19	2610
29452	171	19659
4659	81	14452
4659	81	4093
19093	171	19659
9277	26	12291
9277	81	4937
27291	172	24277
9277	81	7239
19937	171	24277
9277	81	3337
22239	171	24277
23968	171	27937
23968	171	23528
23968	171	26252
11252	81	8968
12937	81	8968
11232	81	8968
23968	171	22247
3519	81	10296
25296	171	18519
23165	173	18519
15253	171	18519
27227	172	24642
9642	26	12227
9642	81	1987
16987	171	24642
20688	172	18682
3682	81	783
3682	26	5688
15783	171	18682
14285	87	7588
29285	165	22588
5463	161	7588
25986	165	22588
10986	87	7588
20463	169	22588
22330	165	22588
14572	34	3763
13633	34	3763
28633	190	18763
1819	34	3763
28633	186	18763
29572	186	18763
29572	190	18763
8876	34	8094
8876	34	6062
23876	186	23094
23876	186	21062
23876	190	23094
23876	190	21062
19628	184	17763
19628	180	17763
4628	112	2763
4628	14	2763
5815	81	1783
17001	187	20815
18044	172	20815
16783	171	20815
5815	19	2001
5815	26	3044
14474	34	870
13360	34	870
28869	190	15870
11766	34	870
28869	186	15870
3188	34	870
28360	190	15870
21097	172	16516
1516	26	6097
1516	81	9293
24293	171	16516
24367	171	17385
24367	171	15300
24367	171	26090
24367	171	26755
300	81	9367
11090	81	9367
2385	81	9367
29181	171	19762
4762	81	14181
18084	171	19762
4762	81	3084
88	81	3149
24067	187	15088
18149	171	15088
18883	171	15088
88	19	9067
88	81	3883
14946	81	4413
19413	171	28916
19413	171	19992
6991	81	4413
19413	171	29946
19413	171	26071
13916	81	4413
24447	173	24271
9271	81	3538
18538	171	24271
9271	53	14794
22073	180	28268
7073	112	13268
7073	14	13268
22073	184	28268
29857	171	21121
6121	81	14857
15248	171	21121
24481	172	21121
6121	81	4908
19908	171	21121
6121	81	248
15565	171	28260
13260	81	565
15565	171	26308
15565	171	20101
5101	81	565
10660	81	565
15565	171	23419
5773	89	13205
28205	168	20773
26522	171	21772
22720	171	21772
6772	81	10374
6772	81	7720
6772	81	11522
25374	171	21772
21252	173	18627
29001	171	18627
3627	81	14001
3627	144	6252
3627	81	5749
3627	40	6252
3627	38	433
4209	34	13126
4209	34	2174
19209	190	28126
19209	190	17174
19209	186	28126
19209	186	17174
24587	171	16462
18109	171	16462
1462	81	9587
1462	81	3109
1462	102	8666
21951	171	16307
1307	81	6951
12086	34	2153
11632	34	2153
11072	34	2153
8200	34	2153
26072	190	17153
27086	190	17153
8726	34	2153
26135	171	16862
1862	81	11135
26557	171	16862
1862	81	11557
7573	34	11257
7573	34	9133
22573	190	26257
22573	186	26257
22573	186	24133
22573	190	24133
20639	173	27125
20639	168	16501
12125	40	5639
20639	168	21298
12125	53	5639
20639	173	23340
20639	168	23158
22683	171	15548
548	81	7683
25186	173	24699
9699	40	10186
9699	81	4414
19414	171	24699
9699	120	13054
16173	173	19999
15100	171	19999
4999	81	100
4999	144	1173
4999	40	1173
5552	40	9004
24004	173	20552
24004	168	17125
2407	40	9004
2125	53	9004
24004	173	17407
9719	81	12172
27172	171	24719
9719	81	5446
20446	171	24719
29429	168	17440
2440	53	14429
2440	53	5811
20811	168	17440
2440	4	5357
21878	171	24778
9691	81	6878
1758	81	6878
1012	81	6878
21878	171	20029
21878	171	24691
9778	81	6878
2953	53	14076
2953	40	14076
29076	168	17953
29076	173	17953
6566	81	4817
6566	81	9304
24304	171	21566
19856	171	21566
19817	171	21566
6566	81	4856
9047	34	13487
9047	34	17
24047	186	28487
24047	190	28487
24047	190	15017
24047	186	15017
14472	34	10433
6526	34	10433
29472	186	25433
3288	34	10433
29472	190	25433
21526	190	25433
21526	186	25433
13117	81	6139
21139	171	28117
4012	81	6139
4041	81	6139
21139	171	19041
21139	171	19012
7582	81	3768
18768	171	22582
6209	81	3768
18768	171	21209
3549	81	1197
3549	81	8238
23238	171	18549
3549	81	3542
18542	171	18549
16197	171	18549
10310	34	12075
10310	34	9392
25310	186	27075
25310	190	27075
10310	34	2160
25310	186	24392
25310	190	17160
28269	171	18051
3051	81	13269
3051	81	372
15372	171	18051
16236	173	27975
16236	173	18490
16236	173	28492
13492	40	1236
3490	40	1236
12975	40	1236
3596	118	1236
13718	40	9116
9523	40	9116
24116	173	28718
24116	173	18170
24116	173	24523
512	40	9116
24116	173	15512
3539	81	3126
22594	187	18539
3539	40	12399
3539	81	4166
21238	168	18539
3539	81	7665
22665	171	18539
2059	34	3561
2059	34	4039
17059	186	18561
17059	190	18561
17059	186	19039
17059	190	19039
20505	165	21457
21154	175	20505
6154	44	5505
21164	175	20505
19280	184	20505
6164	112	5505
3635	112	5505
4920	53	12314
27314	168	19920
4920	81	766
15766	171	19920
16737	187	19920
19760	168	22699
22577	174	19760
7577	59	4760
7699	144	4760
7699	53	4760
14552	26	4036
19036	172	29552
4300	26	4036
19036	172	19300
19036	172	25321
19281	171	27423
12423	81	4281
9465	81	4281
1324	81	4281
19281	171	19989
19281	171	24154
19281	171	25090
2467	81	6607
15736	171	17467
21607	171	17467
2467	81	736
14169	40	9416
24416	173	29169
19431	168	24128
9128	81	1093
9128	53	6413
9128	53	4431
16093	171	24128
21413	168	24128
9128	120	6737
25119	168	20786
25119	173	20786
5786	53	10119
5786	38	10119
5786	40	10119
29534	190	22165
14534	106	7165
29337	190	22165
14337	106	7165
12879	81	9074
24074	171	27879
13430	81	9074
24074	171	23701
24074	171	28430
8147	81	9074
24074	171	24987
19990	172	23287
8287	81	1278
8287	81	7411
20675	187	23287
21643	168	23287
8287	26	4990
8287	53	6643
3207	81	11267
3207	81	4184
22462	187	18207
3207	144	2066
19904	173	22961
7961	81	4696
7961	81	144
7961	40	4904
15144	171	22961
19696	171	22961
8346	34	10901
23346	186	25901
23346	190	25901
23426	180	27258
8426	112	12258
23426	184	27258
8426	14	12258
8426	34	2300
23426	186	17300
23426	190	17300
14911	152	3063
3063	152	14911
3063	152	5829
18063	191	29911
20829	191	18063
18063	191	20829
29911	191	18063
3283	81	9757
24757	171	18283
24757	171	23390
24757	171	20268
5268	81	9757
8390	81	9757
3618	81	5470
20470	171	20803
5029	81	5470
5803	81	5470
20470	171	20029
20470	171	18618
6148	19	13976
28976	187	21148
6148	81	13095
28095	171	21148
5651	34	331
20651	186	15331
20651	190	15331
17391	168	18457
721	53	2391
17391	168	15721
3457	53	2391
27096	168	21174
22062	168	21174
6174	53	7062
6174	11	12096
6174	57	12096
18216	191	15411
15411	191	18216
15411	173	29023
14749	40	411
6661	40	411
15411	168	21715
3216	152	411
22123	171	29399
14399	81	7123
11452	81	7123
22123	171	19375
22123	171	26452
4375	81	7123
316	81	14692
29692	171	15316
316	81	632
29321	171	15316
316	81	14321
15632	171	15316
22454	171	15316
27627	171	17482
2482	26	14774
16067	171	17482
2482	81	12627
29774	172	17482
2482	81	645
28870	171	17482
28246	168	23603
8603	81	13504
18416	171	23603
23788	171	23603
8603	81	3416
8603	81	8788
8603	81	1115
20846	171	28286
13286	81	5846
20846	171	26940
11940	81	5846
10145	81	5846
20846	171	17836
20846	171	25145
7514	34	12091
7514	34	1417
7514	34	1903
7514	34	7561
22514	190	27091
22514	186	27091
22514	190	16417
7187	152	12419
27419	191	22187
22187	191	27419
28569	168	15205
205	144	4472
205	53	13569
19472	168	15205
20429	168	27723
12723	53	5429
20429	168	15953
953	53	5429
12698	26	6180
21180	172	27698
21180	172	21613
10799	26	6180
6613	26	6180
21180	172	20633
21180	172	21978
8829	87	14240
14240	135	8829
29240	165	23829
23829	165	29240
22096	168	21879
24673	168	21879
6879	123	7096
6879	144	7096
6879	97	9673
15775	171	21153
15775	171	18749
6153	81	775
3166	81	775
15775	171	20668
3749	81	775
5668	81	775
24204	171	16632
1632	81	9204
1632	81	4856
19856	171	16632
28933	171	18910
26758	173	18910
3910	81	13933
11758	157	3910
3910	53	11758
3910	40	11758
3910	81	2649
29790	171	15624
624	81	14790
17416	173	15624
624	81	3393
18469	187	15624
624	144	2416
18393	171	15624
16851	180	27170
1851	112	12170
16851	184	27170
1851	14	12170
12079	81	9007
24007	171	18696
3696	81	9007
4131	81	9007
24007	171	19131
9007	25	2004
24007	171	18814
1130	34	12861
1130	34	11337
1130	34	5142
16130	190	27861
16130	186	27861
16130	190	26337
16130	190	20142
14365	34	9016
263	34	9016
5921	34	9016
29365	190	24016
15263	190	24016
15263	186	24016
29365	186	24016
19886	171	20553
10486	81	4886
25063	171	28757
13757	81	10063
25063	171	24621
9621	81	10063
20864	173	18281
3281	40	5864
3281	81	6690
21690	171	18281
3281	120	6737
15536	191	16111
16111	191	15536
15536	173	26877
536	152	1111
1111	152	536
5407	81	536
11877	40	536
23317	171	29229
14229	81	8317
1363	81	8317
11462	81	8317
5415	81	8317
23317	171	16363
862	81	5828
19240	191	20828
4220	81	5828
4797	81	5828
3360	81	5828
20828	191	19240
20828	171	15862
26550	171	25145
20846	171	25145
10145	81	11550
10145	81	5846
4254	34	13152
19254	186	28152
19254	190	28152
11599	128	4320
14433	128	4320
29433	177	19320
29433	185	19320
26599	177	19320
26599	185	19320
27711	171	16694
15283	172	16694
15283	173	16694
1694	26	283
1694	144	283
1694	81	12711
1694	40	283
4096	34	5679
4096	162	5679
19096	190	20679
19096	186	20679
19096	190	22268
6558	81	3241
6558	81	7981
22981	171	21558
18241	171	21558
25418	173	24341
9341	81	6344
9341	40	10418
9341	38	10614
21344	171	24341
16342	168	18196
25745	168	18196
3196	53	10745
3196	57	1342
3196	11	1342
27454	187	19379
4379	81	9110
4379	81	14554
4379	81	5367
4379	81	8973
4379	81	11267
23973	171	19379
18535	173	23676
17191	187	23676
8676	81	14829
29829	171	23676
8676	19	2191
8676	144	3535
8676	40	3535
29097	168	16222
16603	168	16222
1222	123	14097
1222	53	113
15113	168	16222
1222	53	1603
10362	34	13712
10362	34	14447
10362	34	10589
25362	186	28712
25362	190	28712
25362	186	29447
25362	190	29447
2779	26	7195
22195	172	17779
2779	81	9415
24415	171	17779
958	81	4978
19520	171	15958
19978	171	15958
17348	171	15958
958	81	2348
958	81	4520
8501	53	1052
29291	168	23501
16052	168	23501
8501	53	14291
14873	34	3966
12133	34	3966
1455	34	3966
27133	190	18966
11139	34	3966
11968	34	3966
29873	190	18966
5831	81	1127
16127	171	15730
16127	171	25289
16127	171	22840
16127	171	20831
7840	81	1127
1992	34	14195
16992	190	29195
16992	186	29195
28510	173	22549
7549	53	13510
22469	172	22549
7549	40	13510
7549	26	7469
22702	171	22549
7549	81	7702
22102	168	26705
5680	81	7102
8379	81	7102
11705	53	7102
11161	53	7102
22102	171	20680
22102	171	23379
9015	34	12958
9015	34	8186
24015	190	27958
24015	190	23186
9015	112	8536
24015	186	27958
24015	184	23536
27688	172	24583
9583	26	12688
9583	81	10502
22673	171	24583
27644	171	21550
6550	81	12644
24954	173	21550
6550	40	9954
18225	185	29574
3225	128	14574
8663	34	870
23663	186	15870
23663	190	15870
16032	168	20110
16032	168	28424
16032	168	16163
16032	168	29963
5110	53	1032
14963	53	1032
14963	144	1032
334	11	10005
24805	173	23331
23286	171	23331
8331	81	8286
18085	171	23331
8331	40	9805
15195	172	26036
15195	172	22171
7171	26	195
11036	26	195
17494	168	21817
17494	168	21376
17494	168	22840
9195	53	2494
7840	53	2494
855	53	2494
4644	53	2494
18922	173	16272
1272	53	12393
27393	168	16272
1272	40	3922
1272	144	3922
2809	34	3092
2809	34	8222
17809	186	23222
17809	190	23222
17809	186	18092
17809	190	18092
1838	85	8226
16838	165	23226
6149	81	11837
26837	171	21149
21765	171	21149
6149	81	6765
25852	172	19805
4805	26	10852
4805	144	10800
12663	34	6219
6824	34	6219
27663	190	21219
27663	186	21219
21824	190	21219
21824	186	21219
21848	190	21219
5381	81	13803
28803	171	20381
28646	172	20381
21964	171	20381
5381	26	13646
23973	171	20381
5381	81	7715
1114	19	3683
1114	26	6582
21582	172	16114
18683	187	16114
21010	165	27547
22227	165	21010
6010	12	12547
17884	165	21010
4069	14	6010
7227	2	6010
6010	72	6010
23748	171	27891
16479	191	23748
23748	191	16479
12891	81	8748
9657	81	8748
1479	152	8748
6991	81	8748
27467	192	22065
12467	146	7065
1332	146	7065
25075	192	22065
23754	192	22065
8754	146	7065
10075	146	7065
2447	34	8403
2447	34	7193
17447	186	27416
2447	34	12416
17447	190	27416
17447	190	23403
17447	186	23403
15372	171	23443
8443	81	7981
22981	171	23443
8443	81	2172
17172	171	23443
8443	81	372
28627	168	16300
26064	168	16300
1300	81	4747
1300	116	13627
1300	97	11064
1300	0	13627
11974	48	1300
25045	171	27217
25045	171	16251
12217	81	10045
1251	81	10045
22373	187	18805
20370	171	18805
3805	120	13054
946	81	625
21964	171	15946
15625	171	15946
946	81	6964
17732	171	15946
3968	34	13402
18968	186	28402
18968	190	28402
23181	168	27104
12104	53	8181
10019	151	8181
10019	56	8181
17135	168	27053
17135	168	26310
17135	168	17800
12053	123	2135
17135	172	17848
12053	144	2135
2800	123	2135
27032	172	15916
916	26	12032
916	81	7715
916	81	4062
19062	171	15916
22715	171	15916
19545	171	21807
1316	81	4545
19545	171	16316
19545	171	24093
19545	171	24670
6807	81	4545
9093	81	4545
5053	81	668
24067	187	20053
5053	19	9067
15668	171	20053
18171	172	20053
5750	81	12376
29712	171	20750
28330	171	20750
5750	81	14712
5750	81	13330
5750	144	8237
17120	168	27752
12752	53	2120
17120	168	27364
12364	53	2120
17120	168	19183
4183	53	2120
13474	34	6263
28474	190	21263
28474	186	21263
1019	34	6263
6632	34	6263
4858	34	6263
4799	34	6263
15220	171	23940
8940	81	220
8940	81	7668
22668	171	23940
16699	165	24952
5904	112	1699
1699	71	9952
7089	112	1699
1699	87	1699
20904	184	16699
1699	87	1699
9164	34	14495
24164	190	29571
9164	34	7806
9164	162	7806
24164	186	29495
9164	162	14571
24164	190	29495
16285	165	21099
1285	87	6099
16285	165	17092
1285	87	2092
29416	184	24602
14416	112	9602
1919	19	6927
6239	19	6927
2037	19	6927
21927	187	17037
12885	81	7389
22389	171	27885
22389	171	17866
13824	81	7389
22389	171	25965
22389	171	18140
10965	81	7389
27098	184	23599
15123	184	23599
12098	112	8599
123	112	8599
6080	112	8599
27722	191	23719
8719	152	12722
23719	191	27722
12722	152	8719
16671	187	25380
16671	173	25380
10380	38	1671
10380	144	1671
10380	53	1671
10380	19	1671
10380	40	1671
20859	173	17352
20859	168	29875
20859	173	29875
20859	168	17352
14875	81	5859
2352	40	5859
14875	53	5859
24393	185	23521
9393	128	8521
10398	128	8521
25398	185	23521
18515	185	28315
3515	128	13315
18515	184	23658
3515	112	8658
6144	81	10827
21122	171	21144
25557	171	21144
22409	171	21144
6144	81	10557
6144	81	6122
6144	81	7409
27128	168	15776
776	53	12128
21486	168	15776
776	57	6486
776	11	6486
776	53	6486
3625	34	11371
18625	186	26371
18625	190	26371
18558	168	25086
18558	168	27340
18558	168	25016
18558	168	25686
18558	168	21681
18558	168	29067
18558	168	29796
20827	168	28422
13422	129	5827
20827	173	28422
13422	144	5827
13422	40	5827
20827	173	22750
7750	144	5827
28708	168	17827
28867	168	17827
2827	53	13867
2827	11	13708
2827	57	13708
23500	187	28090
23500	173	28090
23500	168	28090
13090	81	8500
13090	19	8500
13090	53	8500
13090	144	8500
23949	187	18428
3428	81	11358
3428	81	3883
3428	81	5749
17173	168	18428
18883	171	18428
26358	171	18428
20413	191	22974
22974	191	20413
5413	152	7974
7974	151	7974
7974	56	7974
7974	56	7974
7974	151	7974
13537	34	7574
10185	34	7574
28537	186	22574
25185	190	22574
25185	186	22574
28537	190	22574
8855	34	12550
8855	34	1320
23855	190	27550
8855	112	4964
23855	186	27550
23855	190	16320
23855	179	19964
27406	173	17422
2422	40	12406
2422	26	12719
27719	172	17422
2422	53	14061
29061	168	17422
2422	81	9916
3863	34	2174
3863	34	2330
18863	190	17330
18863	186	17330
18863	190	17174
18863	186	17174
466	81	13057
466	53	8155
23155	168	15466
23784	172	15466
466	19	1737
26513	171	15466
28057	171	15466
13705	34	3940
10628	34	3940
3200	34	3940
18940	165	21231
13462	34	3940
28462	190	18940
28462	186	18940
7442	81	2962
17962	171	22442
22130	171	22442
7442	81	7130
24599	171	21725
6725	81	9599
25048	171	21725
27788	168	25110
10110	53	12788
19217	187	25110
10110	19	4217
10110	81	5539
20539	171	25110
4259	34	8208
19259	186	23208
19259	190	23208
5152	34	4741
20152	186	19741
20152	190	19741
5152	34	7560
20152	190	22560
20152	186	22560
8596	81	7153
17818	172	23596
8596	81	9395
8596	26	2818
24395	171	23596
22153	171	23596
18045	168	27844
12844	129	3045
3935	129	3045
18045	168	18935
910	34	5394
910	34	11698
15910	186	20394
15910	190	26698
15910	186	26698
15910	190	20394
5754	34	2160
20754	190	17160
20754	186	17160
14657	81	5019
12667	81	5019
20019	171	26721
20019	171	27238
20019	171	29657
20019	171	27721
20019	171	21074
8061	81	13522
28522	171	23061
8061	81	4414
19414	171	23061
8061	133	9950
8061	120	9950
5780	53	5646
20646	168	20780
12317	81	7354
7113	81	7354
22354	171	27317
1175	81	7354
6447	81	7354
22354	171	25488
22354	171	17832
3377	81	12325
3377	81	7796
20206	171	18377
22796	171	18377
27325	171	18377
3377	81	5206
21853	173	29112
21853	173	21639
14112	40	6853
6639	40	6853
6639	53	6853
15468	171	29053
14053	81	468
13008	19	3599
18599	187	21663
6663	19	3599
18599	187	28008
1528	19	3599
18599	187	26790
18599	187	19122
6126	81	5562
6126	81	5601
20601	171	21126
26837	171	17335
26923	171	17335
2335	81	11837
2335	81	11923
29379	173	17335
2335	40	14379
9920	53	7731
22731	168	24920
19901	172	24920
9920	81	706
9920	26	4901
15706	171	24920
7253	34	13325
7253	34	541
7253	34	5461
22253	186	28325
22253	190	28325
22253	190	15541
22253	186	20461
1350	40	3715
1538	40	3715
18715	173	16350
18715	173	19715
5235	40	3715
4715	40	3715
18715	173	20235
25164	171	29354
25164	171	28080
13886	81	10164
14354	81	10164
13910	81	10164
25164	171	28886
13080	81	10164
1452	152	13599
28599	191	16452
13599	152	1452
16452	191	28599
1452	112	13927
16452	179	28927
28915	171	20388
5388	81	13915
20376	172	20388
5388	26	5376
15305	173	15869
869	40	305
15305	173	17346
15305	168	24793
9793	40	305
15305	173	24793
9793	53	305
9399	81	4578
19578	171	24399
19578	171	26765
11765	81	4578
28868	168	17531
19982	168	17531
2531	53	4982
2531	11	4982
2531	57	4982
21110	187	18960
3960	19	6110
8185	19	6110
11604	19	6110
21110	187	26604
21110	187	23185
19353	168	24837
19353	187	23712
19353	173	29880
14880	144	4353
14880	40	4353
19353	168	18748
19353	173	18748
1618	34	13217
1618	34	1656
16618	190	28217
16618	186	28217
16618	186	16656
16618	190	16656
11980	112	9829
11980	44	9829
26980	175	24829
26980	184	24829
24829	165	28392
16827	171	27819
13590	81	1827
16827	171	17855
2855	81	1827
12819	81	1827
16827	171	15249
10953	81	1827
15524	171	29583
14583	81	524
5323	81	524
11363	81	524
15524	171	26363
15524	171	20323
28384	168	23268
8268	40	3547
18547	173	23268
8268	53	13384
8268	81	5066
20066	171	23268
29947	168	24733
9733	144	7047
22047	168	24733
9733	11	14947
9733	53	1603
9733	57	14947
9733	53	7047
29877	171	19019
4019	81	14877
23481	168	19019
4019	53	8481
28011	171	21091
6091	81	12593
6091	81	13011
27593	171	21091
6091	53	1591
16591	168	21091
23908	173	21091
17890	168	22869
7869	53	2890
7869	81	1433
16433	171	22869
7418	81	14244
29244	171	22418
7418	81	7375
22375	171	22418
7418	81	3223
18223	171	22418
19150	184	27562
4150	112	12562
4150	34	11850
19150	186	26850
19150	190	26850
15540	171	29840
15540	171	15566
14840	81	540
15540	171	27901
15540	171	26115
8869	81	540
15540	171	25603
28230	184	15008
19940	184	15008
29373	184	15008
13230	112	8
14373	112	8
4940	112	8
9817	35	8
25080	168	28204
25080	168	26297
25080	168	18859
3859	144	10080
3859	53	10080
11297	53	10080
13204	53	10080
22975	172	17297
2297	26	7975
22975	172	20365
5365	26	7975
7975	4	3099
22070	171	22820
7820	81	7070
1482	81	7070
22070	171	23991
2321	81	7070
22070	171	16482
1250	81	3322
18322	171	16250
1250	81	11874
26874	171	16250
18741	171	21156
229	81	3741
18741	171	15229
18741	171	24928
6156	81	3741
18741	171	21056
18741	171	26812
25742	172	17067
2067	81	706
23053	187	17067
15706	171	17067
2067	144	197
2067	26	10742
2067	19	8053
13553	146	7362
6354	128	7362
28553	177	22362
21354	185	22362
26825	168	23525
8525	53	11825
8525	81	5011
20011	171	23525
23318	173	19347
4347	81	1936
4347	81	4721
4347	40	8318
4347	53	8318
19721	171	19347
16936	171	19347
18897	168	24041
9041	123	3897
9041	144	3897
7669	34	2536
7669	34	8833
22669	186	23833
22669	190	23833
22669	186	17536
22669	190	17536
7110	34	12418
7110	34	3763
22110	190	27418
22110	186	27418
22110	186	18763
22110	190	18763
27447	168	16314
1314	123	12447
1314	144	12447
3433	81	6712
25663	172	18433
3433	81	11505
15104	187	18433
26505	171	18433
6056	81	13301
6056	81	13410
28410	171	21056
6056	81	3741
6056	81	1096
28301	171	21056
16096	171	21056
21261	168	28274
21261	168	24707
21261	168	16383
21261	168	27240
21261	168	20270
13274	57	6261
12240	11	6261
3693	34	7334
3693	34	9212
3693	34	7890
3693	34	151
18693	190	24212
18693	190	22334
18693	186	24212
18241	171	15249
249	81	3241
16827	171	15249
249	81	1827
1612	34	12156
16612	186	27156
16612	190	27156
16612	184	25736
1612	112	10736
12108	129	4193
19193	168	27108
19193	168	20338
5338	53	4193
19193	172	16586
1586	26	4193
7136	53	4193
20824	168	19615
20566	172	19615
4615	81	4696
4615	53	5824
4615	26	5566
19696	171	19615
13974	40	9467
13737	40	9467
24467	173	18889
24467	173	28737
24467	173	15631
24467	173	18906
24467	173	28974
13388	34	8934
28388	186	23934
28388	190	23934
17461	171	29925
17461	171	27677
14925	81	2461
12677	81	2461
14149	81	2461
17461	171	29149
7385	81	2461
7306	81	5236
25663	172	22306
20629	168	22306
7306	53	5629
15783	171	22306
7306	81	783
20236	171	22306
23161	177	23659
8161	146	11129
23161	192	25481
23161	192	26129
8161	146	10481
8161	156	10075
15148	168	22966
4158	40	148
15148	168	22958
15148	173	22958
7958	53	148
8601	40	148
7966	53	148
25637	173	21280
6280	81	3518
6280	81	3879
18518	171	21280
18879	171	21280
6280	53	10637
6280	40	10637
7935	34	8774
7935	34	12560
22935	186	23774
22935	186	27560
22935	190	27560
22935	190	23774
22929	168	26546
22929	168	22431
22929	168	21850
22929	168	29998
22929	168	29559
22929	168	26283
22929	168	24620
23820	168	20428
28969	168	20428
5428	57	13969
5428	11	13969
5428	144	8820
5428	144	3688
5428	57	8820
9951	34	8041
9951	34	3587
24951	190	23041
24951	186	23041
24951	186	18587
24951	190	18587
27719	172	19871
23803	173	19871
4871	26	12719
4871	53	8803
4871	40	8803
3669	34	11275
18669	190	26275
18669	186	26275
6595	81	10557
25557	171	21595
19056	173	21595
6595	81	8743
23743	171	21595
6595	40	4056
13354	87	3300
10666	87	3300
25666	165	18300
28354	165	18300
10930	87	3300
26982	165	18300
11982	87	3300
2772	81	5961
824	81	5961
20961	171	15824
20961	171	26869
20961	171	21634
20961	171	17772
11869	81	5961
1028	81	8892
9595	81	8892
7861	81	8892
2107	81	8892
23892	171	22861
23892	171	23370
23892	171	17107
20205	171	15824
824	81	1355
22416	168	15824
824	81	5634
824	81	5205
20634	171	15824
20961	171	15824
18991	180	27712
3991	14	12712
3991	112	12712
18991	184	27712
2940	152	11246
14539	81	2940
26246	191	17940
17940	171	29539
17940	191	26246
20165	173	28267
20165	173	19239
20165	173	18475
20165	173	17219
13267	144	5165
13267	40	5165
2219	40	5165
28111	172	24343
9343	26	13111
9343	81	4978
19978	171	24343
9946	81	14822
9946	81	3416
18416	171	24946
29822	171	24946
19487	171	24946
9946	81	4487
19114	171	24946
27726	171	23184
8184	81	11882
8184	81	12726
17962	171	23184
26882	171	23184
8184	81	2962
19093	171	23184
10308	34	12847
10308	34	7377
10308	34	12779
25308	186	27847
10308	34	617
25308	190	27847
25308	186	22377
24278	171	18877
3877	81	4062
3877	81	10849
19062	171	18877
25849	171	18877
3877	81	9278
19798	173	17774
16050	171	17774
2774	81	2791
2774	81	1050
17791	171	17774
2774	144	4798
2774	53	4798
9672	81	9375
24375	171	24672
24375	171	19402
24375	171	23127
8127	81	9375
2820	81	9375
24375	171	25728
7756	34	8634
7756	34	262
22756	186	15262
22756	190	23634
22756	190	15262
22756	186	23634
472	81	2771
19777	173	15472
17771	171	15472
472	40	4777
472	81	8420
23420	171	15472
25419	165	27432
10419	87	12432
13757	40	2119
17119	173	28757
17119	173	24621
9621	40	2119
17119	187	17778
4694	40	2119
4694	144	2119
18528	190	27403
3528	106	12403
3528	106	623
18528	190	15623
28143	190	22960
6966	34	7960
9514	34	7960
13143	162	7960
10472	34	7960
4564	34	7960
16044	190	22960
18071	171	29576
14576	81	3071
18071	171	19952
4952	81	3071
2731	81	3071
18071	171	19708
4708	81	3071
2044	81	13610
3935	129	14440
18045	168	18935
29440	168	18935
21375	168	18935
3935	129	3045
16168	168	18935
3935	129	6375
4713	34	3763
19713	186	18763
19713	190	18763
29207	171	24607
9607	81	14207
20376	172	24607
9607	81	4136
19136	171	24607
9607	26	5376
13501	34	5424
7344	34	5424
22344	190	20424
22344	186	20424
28501	186	20424
28501	190	20424
19128	171	21622
18209	171	21622
6622	81	4128
6622	81	3209
23933	190	16752
8933	34	1752
8933	34	8720
8933	34	11371
23933	186	26371
23933	190	26371
21519	190	28084
6519	24	13084
5037	34	14017
5037	34	8094
20037	190	29017
20037	186	29017
20037	186	23094
20037	190	23094
24335	168	27187
12187	53	9335
24335	168	23600
8600	53	9335
24335	192	23014
15113	168	18351
15113	168	20779
10969	144	113
15113	168	18201
10969	53	113
11074	53	113
3201	144	113
23535	187	18291
23535	171	18291
23535	168	18291
23535	173	18291
3291	144	8535
3291	53	8535
3291	81	8535
27463	171	16549
1549	81	12463
1549	81	10884
25884	171	16549
14478	123	7504
22504	168	29652
14652	11	7504
14652	57	7504
22504	168	20294
5294	11	7504
922	11	7504
24540	171	28910
24540	171	20159
13910	81	9540
5159	81	9540
24540	171	23404
9595	81	9540
23556	184	21523
8556	14	6523
23556	180	21523
8556	112	6523
6274	34	9836
21274	190	24836
21274	186	24836
6893	40	4123
6893	81	2212
15299	187	21893
6893	53	11711
26711	168	21893
6893	19	299
19123	173	21893
13797	81	4266
19266	171	29255
14028	81	4266
13228	81	4266
19266	171	28797
14255	81	4266
19266	185	26875
3326	81	10126
25126	171	18326
3326	81	2843
17843	171	18326
28201	173	16220
1220	53	13201
1220	40	13201
28201	168	16220
1220	26	6097
4270	34	6962
4270	34	4510
4270	34	8720
19270	186	21962
19270	190	21962
19270	186	19510
19270	190	19510
8654	81	424
8654	81	3109
24415	171	23654
8654	81	9415
17693	173	23654
18109	171	23654
15424	171	23654
6604	81	6104
20809	171	21604
6604	81	7562
21104	171	21604
22562	171	21604
6604	81	5809
9779	81	8466
4298	81	8466
23466	171	25198
23466	171	24779
4239	81	8466
23466	171	16078
23466	171	17474
23150	171	22475
7475	81	8150
7002	81	8150
6323	81	8150
23150	171	21323
23150	171	22002
29413	168	18037
3037	53	14413
3037	26	9478
19322	187	18037
24478	172	18037
3037	19	4322
3034	81	8445
23445	171	17954
23445	171	18034
23445	171	17407
7911	34	9133
22911	186	24133
22911	190	24133
9878	34	10269
24878	186	25269
24878	190	25269
22175	171	28334
22175	171	28978
13334	81	7175
13978	81	7175
10581	81	7175
22175	171	25581
22175	192	23014
12218	34	5812
430	34	5812
13272	34	5812
10139	34	5812
2695	34	5812
27218	186	20812
15430	190	20812
28252	187	21669
29048	171	21669
6669	81	14048
16807	171	21669
6669	19	13252
6669	81	1807
1371	53	13799
28799	168	16371
12242	34	1169
9684	34	1169
24684	186	16169
24684	190	16169
27242	190	16169
27242	186	16169
23942	173	22404
18917	171	22404
7404	40	8942
7404	81	3917
7404	144	8942
7404	81	10569
11538	81	9397
24397	171	26538
24397	171	24592
7155	81	9397
24397	171	18712
24397	171	22155
3712	81	9397
4902	40	14415
29415	173	19902
24067	187	19902
4902	19	9067
24723	171	20245
25286	171	20245
5245	81	10286
5245	81	9723
2641	34	4251
17641	190	19251
17641	186	19251
3482	53	3273
23632	168	18482
18273	168	18482
3482	53	8632
1757	34	1672
16757	186	16672
16757	190	16672
19624	179	16042
4624	112	1042
4624	71	1042
19624	184	16042
22047	168	24315
22504	168	24315
24394	168	24315
9315	53	7047
14652	99	9315
9315	144	7047
29386	171	18414
3414	81	1278
3414	81	14386
19730	172	18414
18105	173	18414
3414	40	3105
3414	26	4730
7717	34	5923
22717	190	20923
22717	186	20923
7717	34	10361
22717	186	25361
22717	190	25361
29419	171	19063
4063	81	892
4063	81	14419
22343	171	19063
15892	171	19063
4063	81	7343
21344	171	29350
8828	81	6344
14507	81	6344
1810	81	6344
14350	81	6344
5598	81	6344
21344	171	23869
20890	172	18319
3319	81	10557
3319	26	5890
25557	171	18319
9325	81	14510
29510	171	24325
9325	81	9223
24223	171	24325
5813	81	10536
29775	171	20813
5813	81	14775
25536	171	20813
16427	172	27629
12629	26	1427
16427	172	16954
179	26	1427
1954	26	1427
16427	172	15179
22635	171	28195
22635	171	28359
22635	171	27442
13195	81	7635
22635	171	15621
8746	81	7635
6289	134	7635
7248	34	13734
7248	34	6071
22248	190	28734
22248	186	28734
22248	186	21071
22248	190	21071
22195	172	29642
22195	172	29198
2779	26	7195
22195	172	15488
22195	172	17779
14198	26	7195
14642	26	7195
25906	168	17237
2237	53	10906
2237	40	10906
25906	173	17237
28564	173	18560
28564	168	18560
3560	144	13564
25458	171	18560
3560	81	10458
3560	81	13692
28564	171	18560
9971	81	1827
23660	171	24971
9971	81	8660
16487	172	24971
16827	171	24971
9971	26	1487
1495	81	10960
25072	172	16495
1495	19	1609
1495	26	10072
16609	187	16495
25960	171	16495
25119	173	28968
25119	168	20786
25119	173	24995
25119	173	20786
13968	53	10119
13968	40	10119
25119	173	18508
828	34	8429
828	34	12297
15828	190	23429
15828	186	27297
15828	186	23429
15828	190	27297
3565	34	6790
3565	112	4399
18565	184	19399
18565	190	21790
18565	186	21790
3571	26	1083
16083	172	18571
21386	171	18571
24204	171	28224
13000	81	9204
29930	168	23247
8247	53	5962
8247	53	14930
20962	168	23247
8247	48	1927
24304	171	18441
3441	81	9304
3441	81	2423
24534	172	18441
17423	171	18441
3441	26	9534
29216	173	17140
2140	40	14216
17966	172	17140
2140	26	2966
2140	53	715
2140	120	4
29596	168	16049
1049	53	14596
16487	172	16049
1049	26	1487
1049	81	10740
25740	171	16049
14199	81	1779
16779	171	29199
11493	81	1779
3184	81	1779
16779	171	18184
16779	171	26493
5248	81	1779
7881	81	7177
7881	81	10164
7881	81	10992
7881	81	9634
23471	187	22881
25164	171	22881
22177	171	22881
27478	171	16758
1758	81	12478
1758	81	6878
21878	171	16758
2994	81	1115
16115	171	17994
19542	173	17994
2994	40	4542
20604	171	18439
3439	81	5604
20604	171	24347
20604	171	26559
9347	102	5604
11559	81	5604
9347	81	5604
2253	34	6253
2253	34	9787
17253	186	24787
17253	190	21253
17253	186	21253
17253	190	24787
444	81	7720
22720	171	15444
4385	34	6868
19385	186	21868
19385	190	21868
4404	34	14524
4404	34	1682
19404	190	29524
19404	186	29524
19404	186	16682
19404	190	16682
4363	34	12297
4363	34	4600
4363	34	5063
19363	190	20063
19363	186	20063
19363	190	27297
19363	186	19600
23364	168	28307
23364	168	17183
23364	173	17183
23364	173	21869
6869	40	8364
6869	144	8364
2183	40	8364
8568	81	12607
27607	171	23568
18169	168	23568
8568	53	3169
23194	187	27581
14905	19	8194
13292	19	8194
12581	19	8194
3356	19	8194
23194	191	24280
11161	19	8194
6106	81	12113
27113	171	21106
20284	173	21106
6106	40	5284
12887	81	3369
18369	171	29677
18369	171	23661
14677	81	3369
18369	171	27887
18369	171	21532
6120	144	3369
17427	168	28846
14144	81	2427
17427	171	29144
13846	53	2427
280	81	2427
17427	171	22828
7828	81	2427
9909	34	10087
1764	34	10087
24909	186	25087
24909	190	25087
16764	186	25087
16764	190	25087
29181	171	22730
7730	81	14181
17934	171	22730
7730	81	2934
4051	26	4706
24938	172	19051
4051	26	9938
19706	172	19051
29327	168	18204
27836	168	18204
15374	168	18204
3204	57	374
3204	144	14327
3204	11	374
3204	53	12836
17222	165	19968
7939	87	4968
2222	87	4968
16678	165	19968
13787	87	4968
22939	165	19968
22532	165	19968
7931	151	10517
786	53	7931
7931	56	10517
22931	168	27729
22931	168	23598
8598	53	7931
22931	168	15786
10310	34	9392
6464	34	9392
18873	190	24392
18873	186	24392
3873	34	9392
25310	190	24392
21464	190	24392
28860	168	15847
847	53	13860
847	81	7055
847	81	12113
16031	168	15847
22055	171	15847
27113	171	15847
1156	53	14601
29601	168	16156
1156	81	5652
1156	81	12644
20652	171	16156
27644	171	16156
12306	34	2131
2697	34	2131
27306	190	17131
27306	186	17131
17697	186	17131
17697	190	17131
23872	172	15101
5189	26	8872
6304	26	8872
7473	26	8872
23872	172	20189
101	26	8872
23872	168	21792
11828	81	654
15654	171	23392
15654	171	26828
5035	81	4922
19922	171	20035
9869	81	4922
27482	187	17939
2939	19	12482
26483	171	17939
2939	81	11483
14352	81	2645
17645	171	29352
1350	81	2645
17645	171	16350
17645	171	21107
6107	81	2645
23248	171	25359
20946	171	25359
10359	81	8248
10359	81	5946
10359	81	10847
23776	173	22945
7945	40	10418
25418	173	22945
7945	40	11349
20654	187	22945
7945	19	5654
26349	173	22945
3653	87	2412
8713	87	3653
12085	87	3653
18653	165	17412
1867	87	3653
16867	165	18653
23713	165	18653
9655	81	14605
29605	171	24655
9655	26	4151
19151	172	24655
29095	171	15609
609	81	14095
19217	187	15609
609	19	4217
14926	26	5520
20520	172	29926
10377	97	5520
20520	168	25377
20520	172	26925
11925	26	5520
18087	172	29384
14384	26	3087
1335	26	3087
6969	26	3087
4373	26	3087
18087	172	24410
18087	172	21969
1298	34	8675
12080	34	8675
16298	190	23675
27080	190	23675
27080	186	23675
16298	186	23675
14003	34	4181
9849	34	4181
24849	186	19181
29003	190	19181
29003	186	19181
24849	190	19181
26852	190	19181
13941	34	8571
1126	34	8571
28941	186	23571
16126	190	23571
16126	186	23571
28941	190	23571
5791	34	2160
5791	34	5964
20791	186	17160
20791	190	20964
20791	190	17160
20791	186	20964
4306	40	11951
26951	173	19306
4306	81	11690
26690	171	19306
16031	171	28233
12001	81	1031
16031	171	20968
5968	81	1031
16031	171	27001
13233	81	1031
16031	168	15847
577	112	12620
15577	184	27620
15577	190	29685
577	162	14685
20993	171	27975
12975	81	5993
20993	171	17783
3592	81	5993
1386	81	5993
20993	171	16386
2783	81	5993
16088	173	23583
8583	81	14452
29452	171	23583
8583	144	1088
8583	40	1088
17143	171	19119
17143	171	17597
4119	81	2143
4119	102	2143
474	81	2143
17143	171	15474
17143	171	15558
25032	187	15698
26550	171	15698
27659	171	17368
2368	81	12659
16691	171	17368
2368	81	1691
2368	144	6491
20468	168	15929
20468	168	29792
20468	168	21995
929	53	5468
14792	53	5468
8118	155	5468
6995	53	5468
12694	81	6839
21839	171	27694
2171	81	6839
21839	171	17171
27870	171	24996
9996	81	12870
24049	171	24996
9996	81	9049
28575	171	23529
8529	81	13575
8529	144	1540
8529	81	1540
9819	81	5060
20480	172	24819
20060	171	24819
9819	26	5480
3916	34	10391
18916	186	25391
18916	190	25391
12285	34	5378
9931	34	5378
4406	34	5378
9568	34	5378
1952	34	5378
14021	34	5378
29021	186	20378
22047	168	16217
20848	168	16217
1217	53	5848
1217	144	7047
1217	53	7047
12525	99	1217
11542	26	5667
11540	26	5667
12770	26	5667
20667	172	27770
20667	172	26542
20667	168	26542
20667	168	26540
27499	171	15576
576	81	12499
25120	168	19883
4883	123	10120
6751	81	9881
24881	171	21751
23561	172	21751
6751	26	2252
6751	26	8561
17252	172	21751
20993	171	16386
1386	81	5993
1386	81	5206
20206	171	16386
4992	81	431
15431	171	19992
19413	171	19992
4992	81	4413
6855	34	14338
21855	190	29338
21855	186	29338
25305	171	24797
9797	81	10305
22039	171	24797
9797	81	7039
6337	43	14727
21337	190	29727
21337	186	29727
20153	173	21431
6431	144	5153
6431	40	5153
8799	34	110
5920	34	110
17813	190	15110
20920	190	15110
17813	186	15110
2813	34	110
20920	186	15110
21531	173	17754
21531	187	17754
2754	53	6531
18566	171	17754
2754	81	3566
2754	19	6531
2754	40	6531
19282	168	28283
19282	168	29478
19282	168	18420
19282	168	21245
14478	144	4282
14478	53	4282
6245	144	4282
17173	168	16123
18553	165	24064
3553	86	9064
12751	86	9064
27751	165	24064
14466	87	9064
29466	165	24064
14564	34	10115
14416	34	10115
14040	34	10115
8971	34	10115
580	34	10115
29416	186	25115
29416	190	25115
17173	168	17364
17173	168	15232
17173	168	18428
17173	168	25519
7782	53	2173
7782	40	2173
17173	168	16123
21948	173	28636
21948	173	24438
21948	173	25778
21948	173	20221
21948	173	23602
13636	40	6948
1670	38	6948
16105	168	26673
16105	168	20819
16105	168	24251
16105	168	27287
16105	168	24978
16105	168	29043
1105	151	10723
13985	34	10449
12472	34	10449
27472	186	25449
27472	190	25449
28985	190	25449
28985	186	25449
5389	81	13410
5389	81	12986
5389	81	8504
5389	81	11063
16706	172	20389
28410	171	20389
27986	171	20389
21964	173	29087
14087	40	6964
14087	81	6964
2034	40	6964
21964	171	15946
21964	171	20381
21964	173	17034
8514	34	12570
8514	34	1029
23514	190	27570
23514	186	27570
23514	190	16029
23514	186	16029
28679	168	24937
19023	173	24937
9937	53	13679
9937	53	4023
9937	40	4023
23016	187	16670
25466	168	16670
25466	172	16670
1670	81	12893
1670	53	10466
25466	173	16670
27893	171	16670
13615	34	6764
6067	34	6764
13159	34	6764
2190	34	6764
682	34	6764
11486	34	6764
28159	186	21764
6532	81	4487
6532	81	1035
19487	171	21532
6532	81	1135
6532	81	2934
16035	171	21532
6532	81	3369
18430	191	26523
26523	191	18430
6952	81	3430
11526	81	3430
1440	81	3430
11523	152	3430
3929	34	14709
18929	186	29709
18929	190	29709
28663	172	18267
3267	81	12499
27499	171	18267
3267	26	13663
6759	81	12797
6759	81	11652
25444	171	21759
27797	171	21759
26652	171	21759
6759	81	10444
13880	81	2239
17239	171	28880
7109	81	2239
17239	171	22109
5466	81	2239
17239	171	20466
992	34	4956
15992	190	19956
992	34	378
15992	186	19956
15992	190	15378
12169	34	1023
12966	34	1023
6477	34	1023
10415	34	1023
9936	34	1023
7244	34	1023
27966	190	16023
6107	81	11837
6107	81	2645
17645	171	21107
6107	81	8788
26837	171	21107
18142	168	21107
23788	171	21107
12689	81	1111
16111	191	15536
15536	191	16111
3121	81	1111
16111	171	27689
1111	152	536
16111	171	26877
27506	168	23365
8365	57	12506
8365	11	12506
8365	144	12506
27971	168	24691
9691	53	12971
9691	81	6878
21878	171	24691
25742	172	22316
23053	187	22316
7316	81	11479
28785	171	22316
7316	81	11884
7316	81	13785
28841	171	22316
12876	81	1627
16627	171	27923
16627	171	27876
1644	81	1627
12923	81	1627
1933	81	1627
16627	171	16933
28627	168	18942
23838	168	18942
8838	157	3942
3942	116	13627
3942	116	8838
3942	81	8102
3942	97	5688
1373	112	9238
1373	34	7836
16373	186	22836
16373	184	24238
16373	190	22836
20847	189	16688
5847	152	2623
1688	96	5847
17623	191	20847
20847	189	29505
20847	189	26804
2623	152	5847
8850	112	4841
23850	190	28476
8850	34	13476
23850	186	28476
23850	184	19841
22279	171	15353
353	81	7279
2327	81	7279
22279	171	17327
22279	171	17039
2039	81	7279
5910	40	6841
21841	173	20910
5910	19	9067
24067	187	20910
24989	171	28576
5680	81	9989
24989	171	27284
13576	81	9989
12284	81	9989
11435	81	9989
5972	81	9989
16706	172	20798
5798	81	4909
5798	81	3209
19909	171	20798
18209	171	20798
5798	26	1706
18141	171	25738
310	81	3141
10738	81	3141
5308	81	3141
18141	171	17749
6729	81	3141
18141	171	24780
28891	168	17527
2527	11	13891
16562	168	17527
2527	53	1043
16043	168	17527
2527	53	1562
2527	57	13891
27994	171	25217
10217	81	12994
10217	40	9261
24261	173	25217
24545	171	25217
10217	81	9545
1626	40	3938
20566	172	16626
18938	173	16626
1626	81	1219
1626	26	5566
16219	171	16626
4232	81	13306
19487	171	19232
18087	172	19232
4232	40	6785
28306	171	19232
17854	173	28374
13374	53	2854
13374	40	2854
17854	171	22474
7474	81	2854
2854	56	7740
2854	151	7740
27112	173	18646
15051	171	18646
3646	81	51
3646	40	12112
3646	81	3544
18544	171	18646
20824	168	25368
20566	172	25368
10368	26	5566
10368	53	5824
5602	34	5886
20602	186	20886
5602	34	7848
20602	190	20886
20602	190	22848
20602	186	22848
28468	168	23763
8763	40	13468
8763	53	13468
28468	171	23763
28468	173	23763
8763	81	13468
407	34	14862
407	34	8403
15407	186	29862
15407	190	29862
15407	186	23403
407	112	9952
15407	190	23403
29713	168	15487
487	97	14713
22481	168	15487
487	144	3851
487	97	7481
29141	168	18401
3401	53	14141
3401	40	1652
16652	173	18401
3401	81	3393
29317	190	23326
29534	190	23326
14534	106	8326
14317	106	8326
7302	106	8326
29494	173	18960
29494	168	18960
21110	187	18960
3960	19	6110
3960	40	14494
3960	19	14494
3960	53	14494
14007	40	2801
17801	173	29007
7864	40	2801
17801	173	25801
17801	173	22864
10801	40	2801
3259	81	1936
16936	171	18259
19721	171	18259
3259	81	4721
5195	53	9644
5195	40	1652
24644	168	20195
16652	173	20195
5195	81	9203
13267	81	10358
12479	81	10358
25871	189	25358
25358	171	28267
25358	171	27479
17214	189	25358
11887	81	10358
29107	173	25473
10473	40	14107
15349	168	25473
10473	144	349
10473	53	349
18537	171	25473
10473	81	3537
3692	34	13721
3692	34	3790
18692	186	28721
18692	190	28721
18692	190	18790
18692	186	18790
28322	168	25071
28322	173	25071
10071	40	13322
10071	81	13322
10071	53	13322
6677	19	12105
27105	187	21677
21052	173	21677
6677	40	6052
24476	171	19533
4533	81	9476
4533	81	6233
4533	81	2381
25044	172	19533
21233	171	19533
17381	171	19533
14914	34	9026
4733	34	9026
29914	190	24026
29914	186	24026
19733	186	24026
19733	190	24026
21170	171	28566
13566	81	6170
2783	81	6170
21170	171	20334
21170	171	17783
5116	81	6170
20738	172	22498
7498	40	5738
7498	26	8686
20738	173	22498
23686	172	22498
7498	26	5738
13169	81	1015
16015	171	28169
16015	171	29549
9764	81	1015
14549	81	1015
16015	171	26075
11075	81	1015
20741	185	29698
5741	128	14698
5741	73	1665
19839	172	18724
17658	171	18724
3724	81	2658
3724	53	3273
3724	26	4839
18524	171	18724
3724	81	3524
12381	112	5092
27381	184	20092
20092	165	21371
5092	87	6371
24984	171	16206
1206	81	9984
24984	171	15206
9869	81	9984
2644	81	9984
206	81	9984
24984	171	17644
27397	171	23231
8231	81	12397
29876	187	23231
8231	19	14876
8231	81	4271
19271	171	23231
4118	81	13888
28888	171	19118
16761	172	19118
4118	26	1761
15157	187	19118
4118	19	157
21582	172	29710
14710	26	6582
21582	172	15966
6360	26	6582
21582	172	23196
21582	172	26079
2397	26	6582
20857	173	28000
20857	173	29169
14169	40	5857
13000	144	5857
13000	53	5857
463	144	5857
13000	40	5857
6899	81	14829
18908	168	21899
29829	171	21899
16609	173	21899
6899	53	3908
6899	40	1609
6899	144	6889
25226	171	28203
13203	81	10226
25226	171	19120
4120	81	10226
4753	81	10226
25226	171	19753
17784	172	16947
1947	81	9997
1947	81	783
24805	173	16947
24997	171	16947
1947	26	2784
2303	34	8833
2671	34	8833
7669	34	8833
17671	186	23833
17671	190	23833
17303	186	23833
22669	190	23833
19284	184	28497
4284	112	13497
4284	34	11371
19284	186	26371
19284	190	26371
27602	168	24786
9786	129	12602
19348	168	24786
9786	129	4348
9786	133	47
18241	171	28592
14642	81	3241
13592	81	3241
18241	171	29642
249	81	3241
18241	171	20293
1409	81	3241
9388	26	9106
24106	172	24388
24106	173	24388
24106	173	22582
7582	40	9106
24106	168	22582
24106	168	24388
6571	34	1297
6571	34	9836
6571	34	10194
21571	186	16297
21571	190	16297
21571	190	24836
21571	190	25194
18744	165	23316
3744	87	8316
23353	165	23316
14290	87	8316
691	87	8316
29290	165	23316
15691	165	23316
2717	34	14709
2717	34	7125
2717	34	1213
17717	186	29709
17717	190	29709
17717	186	22125
17717	190	16213
8269	81	8783
815	81	8783
23783	171	23374
192	81	11253
15807	187	15192
29861	171	15192
192	81	14861
27454	187	15192
192	81	4606
26253	171	15192
4569	81	12527
4569	81	13039
27527	171	19569
28039	171	19569
4569	81	8732
23732	171	19569
4569	53	11656
18263	172	28559
13559	26	3263
8828	26	3263
18263	172	23828
18263	192	23014
7244	34	10346
22244	190	25346
5298	34	10346
22244	186	25346
23586	186	25346
8586	34	10346
23586	190	25346
421	81	12866
27866	171	15421
421	81	8075
421	81	2444
23075	171	15421
17444	171	15421
8455	53	9494
8455	53	9421
24494	168	23455
24421	168	23455
10485	81	2613
10485	53	9785
24785	168	25485
10485	19	5675
20675	187	25485
17613	171	25485
10485	120	4
13458	34	2122
2520	162	2122
28458	186	17122
28458	190	17122
17520	190	17122
5319	34	9939
20319	190	24939
20319	186	24939
10894	34	3794
25894	190	18794
25894	186	18794
4952	81	6222
21222	171	19952
4952	81	3071
4952	81	7262
22262	171	19952
18071	171	19952
2616	81	12546
27546	171	17616
2616	81	6878
21878	171	17616
24593	173	21612
24593	173	26789
11789	40	9593
9724	40	9593
24593	173	16969
1969	40	9593
24593	173	24724
24759	191	16334
16334	171	29582
16334	191	24759
14582	81	1334
12623	81	1334
16334	171	27623
9759	152	1334
14520	40	5099
5696	40	5099
12599	40	5099
20099	173	20696
20099	173	27599
20099	173	29520
28899	168	24622
24427	168	24622
9622	57	9427
9622	11	9427
3222	34	4470
18222	186	19470
18222	190	19470
14181	112	826
29181	184	15826
10655	112	826
25655	184	15826
26250	184	15826
23438	171	27160
12495	81	8438
23438	191	23408
8438	152	8408
14007	81	8438
8408	152	8438
23408	191	23438
28448	168	16254
1254	53	13448
1254	26	729
15729	172	16254
27682	171	25239
15220	171	25239
10239	81	12682
15693	171	25239
10239	81	220
10239	81	693
26920	172	18466
20179	173	18466
20179	171	18466
3466	40	5179
3466	26	11920
3466	53	5179
3466	144	5179
24925	173	29992
24925	173	28007
24925	173	26339
13007	40	9925
24925	173	25142
11339	40	9925
5987	144	9925
353	53	14086
29086	168	15353
353	81	7279
22279	171	15353
28247	171	20502
5502	81	9204
5502	81	3563
19997	171	20502
2475	81	14372
29372	171	17475
2475	81	525
2475	81	2962
15525	171	17475
17962	171	17475
10213	34	499
25213	186	15499
25213	190	15499
5344	34	14800
5344	34	3456
20344	190	18456
20344	190	29800
20344	186	18456
20344	186	29800
3228	34	15
3228	34	2498
18228	186	15015
18228	190	15015
18228	186	17498
18228	190	17498
29366	171	16650
17853	173	16650
1650	40	2853
1650	81	14366
1650	144	14366
27123	168	19493
19978	171	19493
4493	53	12123
4493	81	12123
4493	81	4978
7877	34	7586
22877	190	22586
22877	186	22586
4444	53	13355
4444	53	2814
18187	168	19444
28355	168	19444
22047	168	19444
4444	53	7047
17814	168	19444
21608	173	27180
12713	40	6608
21608	173	16211
6736	53	6608
21608	173	27713
21608	173	16147
21608	173	23951
20570	168	19695
28355	168	19695
4695	53	5570
4695	57	5570
4695	11	5570
4695	53	13355
4695	144	13355
18903	171	27977
12977	81	3903
28461	168	19926
4926	57	13461
4926	11	13461
28818	168	20084
24104	168	20084
5084	11	13818
5084	57	9104
5084	57	13818
5084	11	9104
8799	34	110
8799	34	9329
23799	186	15110
23799	186	24329
23799	190	24329
23799	190	15110
19608	171	18919
3919	81	4608
3919	81	3990
16782	172	18919
22641	173	18919
3919	53	7641
3919	26	1782
27965	173	17552
2552	144	12965
2552	40	12965
2552	144	2066
2552	26	10240
2552	53	12965
25240	172	17552
3373	81	3657
18657	171	18373
3373	81	2381
27231	173	24847
9847	53	10643
9847	40	12231
25643	168	24847
18815	187	28643
13643	19	3815
14752	19	3815
18815	187	29752
18815	187	17343
6527	19	3815
18815	187	25928
761	34	7541
761	34	10641
15761	190	22541
15761	186	22541
15761	186	25641
15761	190	25641
18087	172	15081
26830	168	15081
26912	171	15081
81	81	11912
81	81	4228
81	26	3087
81	53	11830
2865	44	467
17865	175	15467
26022	171	22837
7837	81	11022
7837	81	2294
17294	171	22837
5075	81	9306
19622	173	20075
5075	40	4622
24306	171	20075
19383	171	18983
3983	81	9422
3983	81	4383
24422	171	18983
20341	173	21402
22594	187	21402
6402	19	7594
17496	171	21402
6402	81	2496
6402	19	157
15157	187	21402
1615	34	3307
16615	186	18307
16615	190	18307
17230	173	25260
10260	81	11272
26272	171	25260
10260	144	2230
26436	171	25260
10260	40	2230
10260	81	11436
14593	81	7383
22383	171	23678
8678	81	7383
22383	171	29593
22383	171	25748
10748	81	7383
7383	112	1570
7718	81	6576
7718	81	4487
21576	171	22718
19487	171	22718
12107	81	1542
16542	171	27841
6913	81	1542
16542	171	19534
16542	171	28560
16542	171	21913
16542	171	27107
17444	171	26908
12758	81	2444
17444	171	27758
17444	171	17062
2062	81	2444
421	81	2444
17444	171	20720
1099	81	8087
1099	81	4606
23790	168	16099
1099	81	4734
23790	172	16099
19734	171	16099
29327	172	24617
9617	26	14327
23087	171	24617
9617	81	374
9617	81	8087
16706	172	23183
8183	102	7411
22411	171	23183
8183	81	7411
8183	26	1706
25015	168	17749
2749	81	3141
18141	171	17749
2749	40	8213
7741	81	4474
26879	168	22741
7741	53	11879
21362	187	22741
7741	19	6362
19474	171	22741
9858	26	7738
26229	187	24858
9858	120	4
9466	152	10951
25951	191	24466
24466	191	25951
9379	81	9466
5104	81	9466
24466	171	20104
24466	171	26314
28813	173	17133
27465	171	17133
2133	81	12465
2133	40	13813
24715	171	17133
2133	81	9715
16088	173	29764
16088	173	23583
16088	173	21511
16088	173	22202
13844	40	1088
16088	173	28844
8583	144	1088
1601	34	1656
16601	190	16656
16601	186	16656
1601	112	10736
8831	34	14664
8831	34	9212
23831	190	29664
23831	186	29664
23831	186	24212
23831	190	24212
6499	53	4057
19057	168	21499
19057	168	25603
29057	171	21151
6151	81	14057
6151	81	4700
6151	40	5738
20738	173	21151
19700	171	21151
6151	53	6413
13783	34	7014
5838	34	7014
8402	34	7014
12737	34	7014
27737	190	22014
27737	186	22014
20838	190	22014
21640	168	17654
2654	53	6640
29927	171	17056
2056	81	14927
2056	81	7785
19606	171	17056
22785	171	17056
2056	81	4606
2056	144	5550
17693	173	29870
14870	40	2693
8654	40	2693
6496	40	2693
17693	173	23654
17693	173	21496
14093	53	6643
21643	168	29093
21643	168	16555
21643	168	23287
1555	53	6643
8287	53	6643
933	53	6643
15486	173	18631
23166	187	18631
3631	81	12402
3631	53	486
3631	40	486
3631	19	8166
27402	171	18631
8051	81	8036
23036	171	23051
24822	165	20447
20031	184	20447
26865	165	20447
5866	14	5447
17594	165	20447
8973	112	5447
5447	72	5447
19696	171	28300
13300	81	4696
7961	81	4696
19696	171	19615
2027	81	4696
4615	81	4696
27493	171	23848
8848	81	4383
8848	81	9422
8848	81	12493
19383	171	23848
24422	171	23848
24542	171	27358
24542	171	26651
12358	81	9542
24542	171	23493
11651	81	9542
24542	171	22664
8493	81	9542
29407	168	20159
5159	53	14407
5159	81	13504
24540	171	20159
28504	171	20159
5159	81	9540
5159	144	8497
1473	87	5267
16473	165	20267
27311	165	16473
12311	87	1473
5760	162	12569
20760	190	26376
20760	190	27569
5760	162	11376
20833	168	18381
28569	168	18381
3381	57	5833
3381	53	5833
3381	11	5833
3381	11	13569
3381	57	13569
18570	172	20221
21948	173	20221
25342	171	20221
18533	171	20221
5221	144	6948
5221	81	3533
5221	81	10342
1185	34	10168
1185	34	12418
16185	190	25168
16185	186	25168
16185	190	27418
16185	186	27418
28773	171	16920
1920	144	13773
1920	81	13773
16605	171	16920
1920	81	1605
4589	34	12703
4589	34	14219
19589	190	29219
19589	186	29219
19589	190	27703
25445	190	18790
10445	162	3790
10445	162	7268
25445	190	22268
14355	34	975
6546	34	975
10034	34	975
29355	190	15975
29355	186	15975
21546	190	15975
25034	190	15975
8023	34	1029
8023	34	3513
23023	186	18513
23023	190	16029
23023	186	16029
23023	190	18513
20187	168	23170
20187	168	28518
13518	144	5187
20187	168	23202
8170	53	5187
13518	53	5187
8202	53	5187
29720	171	16879
16912	172	16879
15412	168	16879
1879	81	14720
1879	40	412
1879	53	412
15412	173	16879
20272	171	23859
9167	81	5272
20272	171	24167
8859	81	5272
23235	165	15949
8235	87	949
12283	87	949
4003	51	949
4231	87	949
27283	165	15949
7998	87	949
29997	171	23900
8900	81	10249
8900	81	4979
8900	81	11286
8900	81	14997
8900	81	575
8900	81	8532
8158	53	2736
17736	168	23158
20639	168	23158
8158	53	5639
19599	171	23158
8158	120	4
19520	171	28861
19520	171	15958
13861	81	4520
13861	144	4520
958	81	4520
9689	144	4520
6206	120	4520
4168	81	7944
29500	172	19168
4168	26	14500
22944	171	19168
4168	81	9306
24306	171	19168
4168	120	6737
8992	34	2614
8992	34	12418
23992	190	27418
23992	186	17614
23992	186	27418
23992	190	17614
12001	26	8757
23757	172	27001
11365	26	8757
23757	180	27567
6911	26	8757
8757	14	12567
5765	26	8757
18206	171	29778
14778	81	3206
18206	184	20112
3206	112	5112
3206	95	6773
14922	34	7806
6333	34	7806
2789	162	7806
21333	186	22806
9164	34	7806
9164	162	7806
21333	190	22806
18316	168	28460
18316	168	28050
13050	53	3316
13460	11	3316
13460	57	3316
13460	53	3316
3316	151	8741
48	34	10194
48	34	1159
48	34	9983
15048	186	24983
15048	190	24983
15048	190	25194
15048	186	25194
8756	81	9997
24997	171	18681
6544	81	9997
8146	81	9997
24997	171	23756
8977	81	9997
24997	171	15927
24807	173	15158
158	40	9807
26256	168	15158
158	53	11256
17193	172	29336
17193	172	28877
17193	172	21551
13877	26	2193
14336	26	2193
6551	26	2193
17193	172	28552
20686	171	27936
12936	81	5686
2147	81	5686
20686	171	18477
20686	171	19075
11138	81	5686
4075	81	5686
19383	171	18983
909	81	4383
19383	171	23848
19383	171	15909
8848	81	4383
3983	81	4383
13264	34	10194
12412	34	10194
12737	34	10194
27737	190	25194
28264	186	25194
27737	186	25194
28264	190	25194
12337	34	3341
10512	34	3341
14209	34	3341
740	34	3341
25512	190	18341
27337	190	18341
27337	186	18341
1409	81	14372
29372	171	16409
21945	171	16409
1409	81	3241
18241	171	16409
1409	81	6945
27508	168	17570
28938	168	17570
2570	57	13938
2570	144	12508
2570	99	6061
2570	53	12508
6061	48	2570
6567	81	1514
6567	81	1106
6567	81	5413
16514	171	21567
16106	171	21567
20413	171	21567
9248	81	13794
28908	171	24248
28794	171	24248
9248	81	13908
9248	97	11064
9248	120	1502
29600	171	19221
4221	81	14600
4221	26	727
15727	172	19221
12707	81	5590
20590	171	27707
2751	40	5590
20590	173	17751
20590	171	29744
20590	171	17751
8464	81	5590
28465	171	20594
17294	171	20594
5594	81	13465
5594	81	2294
22883	171	19220
4220	81	8431
4220	81	7883
23431	171	19220
20828	171	19220
29035	171	21476
6476	81	14372
6476	81	14035
29372	171	21476
6476	81	4203
6476	53	1233
16233	168	21476
23882	168	15485
23272	168	15485
15304	168	15485
25348	168	15485
29158	168	15485
485	11	8882
485	53	8272
5440	34	9259
5440	34	8221
20440	186	24259
20440	190	24259
20440	186	23221
20440	190	23221
19480	173	29009
28771	191	19480
19480	191	28771
4480	152	13771
13771	152	4480
10503	40	4480
19480	173	25503
22324	168	25198
10198	53	7324
10198	81	8466
9576	87	2412
1867	87	2412
16867	165	17412
11461	87	2412
14405	87	2412
12085	87	2412
24576	165	17412
7578	81	3939
7578	81	10756
18939	171	22578
16740	171	22578
7578	81	1740
25756	171	22578
9904	162	12490
24904	186	27490
24904	190	27490
9904	34	12490
16106	171	29384
14384	81	1106
13183	81	1106
16106	171	21567
16106	171	24410
694	81	1106
6567	81	1106
21738	165	29728
22159	165	21738
6738	68	14728
6738	61	14728
7159	87	6738
20853	173	17963
2963	40	5853
2963	144	5853
2963	53	5853
2765	81	5853
11448	81	3298
5729	81	6330
912	11	6330
912	57	6330
21330	168	15912
21330	186	25194
23434	191	29143
29143	191	23434
14143	152	8434
23434	171	27217
8434	152	14143
12426	81	8434
12217	81	8434
5097	34	14096
5097	34	1456
20097	186	29096
20097	190	16456
20097	190	29096
20097	186	16456
25690	168	16534
1534	57	10690
1534	144	10690
1534	11	10690
27843	171	21970
6970	81	12843
6970	81	4685
19685	171	21970
29348	172	20255
5255	26	14348
29029	173	20255
5255	40	14029
5255	144	8670
26064	172	15417
417	26	11064
417	81	9009
19750	168	15417
417	81	10187
417	53	4750
24009	171	15417
9063	34	6062
24063	186	21062
24063	190	21062
893	34	6084
893	34	3594
15893	186	21084
15893	190	21084
15893	186	18594
15893	190	18594
4365	87	2412
4365	87	3653
19365	165	17412
19365	165	18653
23216	171	15507
507	81	2758
507	81	8216
17758	171	15507
19023	173	26959
19023	173	24937
9937	53	4023
19023	168	18289
19023	168	22840
9937	40	4023
11959	53	4023
15000	171	27069
12069	81	0
12090	81	0
15000	171	27364
15000	171	22059
12364	81	0
22206	171	22544
7544	81	9319
7544	81	7206
22411	171	29992
22411	171	26204
5052	81	7411
22411	171	23183
22411	171	23287
8183	102	7411
22411	171	26812
3528	106	623
3398	106	623
18528	190	15623
26810	190	15623
18398	190	15623
16529	190	15623
1529	106	623
16974	168	28128
13128	11	1974
13128	57	1974
1974	151	2573
1974	56	2573
26613	173	23734
8734	40	11613
20370	171	23734
8734	81	5370
8309	81	12804
27804	171	23309
8309	81	9013
24013	171	23309
8309	81	11173
26173	171	23309
8309	120	6737
14272	81	4062
19062	171	29393
19062	171	29272
14393	81	4062
2964	81	4062
9675	81	4062
1646	81	4062
8296	34	13999
8296	34	10952
23296	190	28999
23296	186	28999
8296	112	9567
23296	184	24567
23296	190	25952
4564	34	5062
19564	186	20062
19564	190	20062
19564	190	22960
19564	186	22960
17351	171	23244
14537	81	2351
8244	81	2351
6301	81	2351
17351	171	28993
17351	171	19500
17351	171	23292
28336	174	16000
16000	168	27902
16000	173	15998
12902	53	1000
4244	19	1000
16000	173	24895
998	40	1000
17460	180	28675
2460	128	14574
2460	14	13675
17460	185	29574
16493	165	27547
1493	2	12547
22227	188	16493
1493	94	7227
7227	153	1493
1493	65	7227
9850	81	13289
9850	53	6662
17244	172	24850
9850	81	9125
21662	168	24850
9850	26	2244
15104	187	24850
683	34	4307
15683	186	19307
15683	190	19307
3096	81	13410
3096	81	12986
28410	171	18096
3096	53	9782
27986	171	18096
3096	38	10614
26063	171	18096
3095	81	12113
3095	19	11229
27113	171	18095
26229	187	18095
29318	171	15096
96	81	14318
17102	173	15096
96	53	2102
96	40	2102
29061	168	17419
2419	53	14061
11583	81	3810
18810	171	21360
11689	81	3810
18810	171	26689
6360	81	3810
18810	171	26583
19190	171	29889
14889	81	4190
19190	171	26198
19190	171	24808
7241	81	4190
19190	171	25263
11198	81	4190
12743	81	4114
19114	171	27743
19114	171	29621
14621	81	4114
3714	81	4114
19114	171	26432
14507	81	4114
21854	173	21264
6264	40	6854
19508	171	21264
6264	53	6854
6264	81	4508
707	34	12214
15707	190	29495
707	34	7806
707	34	1735
15707	186	16735
707	162	14495
707	162	7806
27719	172	19962
4962	26	12719
4962	40	8803
4962	53	5295
23803	173	19962
20295	168	19962
22324	174	28012
13012	70	7324
10198	53	7324
22324	168	25198
22324	186	20964
5422	34	8720
5422	34	2536
20422	186	23720
20422	190	23720
20422	184	16121
20422	190	17536
5422	112	1121
10155	81	8607
10155	53	6706
21706	168	25155
10155	19	1744
16744	187	25155
23607	171	25155
19287	185	19830
4287	128	4830
19287	174	22269
4287	59	7269
7269	70	4287
14391	34	6155
29391	186	21155
29391	190	21155
21302	171	29047
14047	81	6302
11629	81	6302
21302	171	29731
12117	81	6302
21302	171	26629
14731	81	6302
29784	189	20488
5488	96	14784
14784	13	5488
29876	187	21140
26973	168	21140
6140	19	14876
6140	81	10409
25409	171	21140
6140	81	706
15706	171	21140
27359	187	17790
2790	19	12359
21590	172	17790
2790	81	3278
2790	26	6590
18278	171	17790
2790	120	13054
2094	152	9409
3573	81	2094
17094	191	24409
24409	191	17094
17094	171	18573
11026	81	2094
17094	171	17071
15142	171	24429
15283	171	24429
9429	81	283
9429	81	142
17491	171	19828
4828	81	14996
29996	171	19828
4828	81	10246
4828	81	2491
25246	171	19828
16906	168	22744
16906	168	29966
16906	168	16539
14966	144	1906
14966	53	1906
6932	56	1906
12171	151	1906
28705	190	20545
22127	186	20545
28705	186	20545
24413	173	21237
6237	81	5562
6237	81	5167
20562	171	21237
20167	171	21237
6237	53	9413
6237	40	9413
24427	168	21577
9427	56	14103
14469	123	9427
9427	56	11441
9427	151	11441
24427	168	24622
24427	168	29469
7231	53	12484
15911	168	22231
27484	168	22231
7231	57	911
7231	11	911
16936	171	19235
4235	81	1936
9859	40	14415
29415	173	24859
15011	171	24859
869	81	1176
9793	81	1176
16176	171	24793
16176	171	15869
16176	171	18703
3703	81	1176
8366	34	511
23366	186	15511
23366	190	15511
22430	168	18362
22740	168	18362
3362	57	7740
3362	99	3461
3362	11	7740
3461	48	3362
14591	81	4345
19345	171	29591
19345	171	20373
5373	81	4345
24785	168	29840
14840	53	9785
10485	53	9785
6612	53	9785
24785	168	26477
11477	53	9785
24785	168	25485
23238	168	28386
13386	11	8238
13386	57	8238
3549	81	8238
2931	81	8238
23238	171	17931
23238	171	18549
29097	168	24231
9231	123	14097
24266	168	24231
9231	53	8311
23311	168	24231
9231	53	9266
2449	81	9660
2449	81	5399
24660	171	17449
2449	81	4161
19161	171	17449
20452	171	17449
29759	172	24778
9778	53	14759
9778	26	14759
29759	168	24778
29759	173	24778
9778	40	14759
28926	171	24778
6454	34	363
6454	34	13987
21454	190	28987
21454	186	28987
21454	190	15363
21454	186	15363
3978	34	9754
13964	34	9754
28964	186	24754
28964	190	24754
897	34	9754
9456	34	9754
3787	34	9754
17784	172	20668
17784	172	18712
7155	26	2784
9725	26	2784
703	26	2784
25742	172	20387
28785	171	20387
28841	171	20387
5387	81	13841
5387	81	11884
26884	171	20387
5387	81	13785
9764	81	1015
16015	171	24764
9764	81	11505
26505	171	24764
23893	171	24764
993	40	12296
993	19	1795
27296	173	15993
27296	168	15993
16795	187	15993
402	34	6800
15402	186	21800
23105	186	21800
8105	34	6800
15402	190	21800
13954	34	6962
14100	34	6962
8904	34	6962
29100	190	21962
29100	186	21962
13299	34	6962
28954	186	21962
9609	81	13231
28231	171	24609
9609	81	100
15100	171	24609
2727	34	12651
2727	34	1011
2727	34	17
17727	186	27651
17727	190	27651
17727	190	16011
17727	186	16011
1519	81	7177
1519	81	9634
1519	81	4686
1519	81	1996
23471	187	16519
1519	81	8468
22177	171	16519
26690	171	16001
1001	81	13465
28465	171	16001
9398	34	3798
9398	34	3858
24398	190	18798
24398	186	18798
24398	190	18858
24398	186	18858
28841	171	22342
7342	81	7710
17646	171	22342
8182	53	2528
17528	168	23182
4144	81	1875
17599	171	19144
4144	81	2599
16875	171	19144
4144	81	769
15769	171	19144
4144	81	7990
407	34	8403
2447	34	8403
15407	186	23403
15407	190	23403
3315	34	8403
18315	190	23403
18315	186	23403
13807	34	6253
13982	34	6253
28982	190	21253
28982	186	21253
1470	34	6253
2982	34	6253
2253	34	6253
4708	81	3071
4708	81	256
18986	168	19708
15256	171	19708
18071	171	19708
4708	53	3986
18473	171	21912
6912	81	3473
6912	81	7135
22135	171	21912
2846	81	7478
20442	187	17846
22478	171	17846
2846	19	5442
2846	40	2443
2846	120	6737
9835	81	8793
23793	171	24835
16529	190	28048
1529	106	14286
1529	106	13048
16529	190	29286
1529	106	623
16529	190	15623
12989	81	9596
24596	171	27380
24596	171	15735
735	81	9596
24596	171	17898
24596	171	16331
12380	81	9596
16693	168	28885
13885	53	1693
1693	4	5357
24478	172	17637
2637	81	8607
2637	26	9478
16744	173	17637
2637	40	1744
23607	171	17637
23248	171	24814
9814	81	8248
25340	171	24814
9814	81	10340
21741	171	29562
14562	81	6741
8619	81	6741
21741	171	23619
16844	171	27333
12333	81	1844
9647	81	1844
2189	81	1844
16844	171	24647
16844	171	17189
8859	81	1844
6466	40	12296
6466	53	12296
6466	81	12296
27296	173	21466
28655	171	21466
27296	168	21466
27296	171	21466
11763	19	8494
23494	187	29739
23494	187	26763
14739	19	8494
1770	19	8494
8018	19	8494
23494	187	23018
2278	34	14743
2278	34	891
2278	34	10644
17278	186	29743
17278	190	25644
17278	186	15891
17278	186	25644
2217	34	1341
11350	34	1341
17217	186	16341
26350	190	16341
26350	186	16341
17217	190	16341
29265	171	22088
7088	81	4721
7088	81	14265
19721	171	22088
21157	171	16365
1365	81	6157
3360	81	13870
28870	171	18360
22122	171	18360
3360	81	7239
22239	171	18360
3360	81	5828
15514	171	18758
3758	81	514
3758	81	4093
19093	171	18758
12259	81	4127
13782	81	4127
19127	171	27259
19127	171	28782
9080	81	4127
1683	81	4127
19127	171	19618
9211	81	12697
27697	171	24211
9211	81	3126
26788	168	24211
9211	53	11788
18126	171	24211
18081	168	18107
17432	171	18107
3107	53	3081
3107	81	2121
3107	81	2432
17121	171	18107
27756	168	20133
5133	81	4614
5133	53	12756
19614	171	20133
29721	173	21348
6348	40	14721
26874	171	21348
6348	81	11874
6348	81	14721
27508	168	25287
10287	144	12508
10287	53	12508
8307	81	13052
28052	171	23307
19331	171	23307
8307	81	4331
5785	34	10092
5785	34	8720
20785	190	25092
20785	190	15881
5785	34	881
20785	186	25092
20785	186	15881
25297	172	29810
11220	26	10297
25297	172	24272
28728	173	22366
7366	40	13728
7366	53	13728
24938	172	22366
7366	53	9021
20426	168	22366
24021	168	22366
17155	172	23210
8210	81	4166
8210	26	2155
19166	171	23210
16852	168	28790
16852	168	26549
16852	168	22648
16852	168	25422
10422	11	1852
11549	57	1852
13790	57	1852
29705	168	20768
29770	172	20768
5768	26	14770
5768	144	14705
5768	53	14705
5768	144	8652
27798	171	15425
425	81	12798
425	81	5031
20031	171	15425
15740	184	19827
740	112	4827
18114	184	19827
3114	112	4827
26053	168	23314
24890	173	23314
8314	19	13778
28778	187	23314
8314	53	9890
8314	53	11053
8314	40	9890
28384	168	18618
18547	173	18618
3618	53	13384
3618	53	3547
3618	40	3547
3618	81	5470
3618	81	4931
23274	184	18557
8274	112	3557
16782	184	18557
13624	144	3796
18796	168	28624
18796	168	20912
18796	168	28936
5988	26	10231
812	26	10231
7382	26	10231
3981	26	10231
11631	53	10231
25231	172	22382
25231	172	15812
2317	81	813
17230	171	17317
2317	81	2230
2317	81	142
2634	34	3870
2634	34	14227
17634	190	18870
17634	186	18870
17634	186	29227
17634	190	29227
8976	40	14415
16971	172	23976
29415	173	23976
8976	81	8970
8976	26	1971
23970	171	23976
8976	120	13054
5781	34	14227
5781	34	2614
20781	190	29227
20781	186	29227
20781	190	17614
20781	186	17614
25039	171	27510
12510	81	10039
644	81	10039
10214	81	10039
25039	171	26552
4788	81	10039
11552	81	10039
20070	173	24580
9580	81	7536
9580	81	1115
16115	171	24580
9580	40	5070
12381	34	10324
9732	34	10324
13272	34	10324
28272	190	25324
28272	186	25324
27381	186	25324
27381	190	25324
21252	173	29344
21252	173	27282
12282	40	6252
14344	40	6252
21252	173	18627
3627	144	6252
11028	40	6252
19570	168	17743
19570	168	19525
4525	57	4570
2743	53	4570
4525	53	4570
2743	57	4570
4525	11	4570
14353	34	4741
5920	34	4741
5152	34	4741
29353	186	19741
29353	190	19741
20152	186	19741
20152	190	19741
27224	168	19632
4632	53	12224
4632	81	3393
18393	171	19632
13300	40	2182
17182	173	28300
17182	171	22084
17182	171	16382
20619	171	25896
10896	81	5619
11451	81	5619
20619	180	26835
20619	171	26451
5619	14	11835
21706	168	29525
14974	53	6706
13517	53	6706
21706	168	29271
13169	53	6706
21706	168	18016
21706	168	28169
24077	172	16467
24077	168	29223
14223	53	9077
24077	191	21406
24077	172	29223
24077	173	16467
24077	173	29223
22801	190	27894
7801	52	12894
7801	106	12894
15209	168	28874
15209	168	24295
15209	168	26653
15209	168	20003
13874	116	209
15209	168	22919
7919	116	209
8113	34	14644
8113	34	9535
23113	190	29644
23113	186	29644
23113	190	24535
23113	186	24535
5120	87	5002
5002	87	12408
20120	165	20002
20002	165	27408
7295	81	10880
25880	171	22295
7295	26	1912
16912	172	22295
18644	171	20149
5149	81	3644
5149	81	663
15663	171	20149
6732	81	1278
16706	172	21732
6732	81	11063
26063	171	21732
6732	26	1706
16278	171	21732
1164	81	9422
1164	81	5446
24422	171	16164
20446	171	16164
9456	34	12579
9456	34	7570
9456	34	997
9456	34	9754
24456	186	27579
24456	186	22570
24456	190	15997
21745	190	26521
6745	34	11521
6745	162	11521
21745	186	21790
21745	190	21790
6745	34	6790
9123	30	13923
24123	165	28923
28759	190	16587
13759	106	1587
29337	190	16587
14337	106	1587
7302	106	1587
12347	19	1795
16795	187	22753
709	19	1795
993	19	1795
3438	19	1795
5249	19	1795
16795	187	27347
17888	187	27023
14659	19	2888
17888	187	29810
12023	19	2888
17888	187	29659
14810	19	2888
17888	187	22585
25393	187	22184
7184	19	10393
17203	168	22184
7184	53	2203
24344	171	19945
4945	81	9344
17155	172	19945
4945	81	49
4945	26	2155
15049	171	19945
2031	34	7555
2031	34	5900
17031	186	20900
17031	190	20900
17031	186	22555
17031	190	22555
19863	173	28769
12060	53	4863
12060	40	4863
19863	173	15913
19863	173	23177
19863	173	29218
19863	168	23003
9504	81	10444
17975	171	24504
9504	81	2975
25444	171	24504
12947	34	794
2906	34	794
27947	190	15794
27947	186	15794
17906	190	15794
17906	186	15794
7904	34	13030
22904	186	28030
22904	190	28030
837	34	11257
15837	186	26257
15837	190	26257
15837	179	24952
6559	112	198
359	112	198
15359	184	15198
16463	184	15198
21559	184	15198
1463	112	198
9207	34	13089
9207	34	7358
9207	34	1492
24207	186	28089
24207	186	16492
24207	190	16492
24207	190	28089
24019	184	25968
9019	112	10968
9019	34	10975
24019	190	25975
24019	186	25975
22594	187	17026
2026	102	5749
2026	81	4266
15437	171	17026
21252	173	17026
2026	81	437
2026	40	6252
21712	171	20377
21712	171	18433
5377	81	6712
21712	171	20438
4531	81	6712
3433	81	6712
5438	81	6712
16664	168	15853
853	81	14296
29296	171	15853
853	129	1664
853	81	13714
28714	171	15853
2217	34	14262
17217	190	29262
17217	186	29262
2217	34	2698
2217	34	7608
2217	34	1341
17217	186	22608
29015	171	16573
1573	81	14015
1573	81	3770
18770	171	16573
19606	171	27246
19606	171	28000
12246	81	4606
5709	81	4606
3893	81	4606
19606	171	29984
14984	81	4606
14149	81	1050
16050	171	17774
16050	171	26891
6941	81	1050
16050	171	21941
17066	173	15618
618	81	13247
28247	171	15618
618	144	2066
618	40	2066
8006	34	2181
8006	34	7985
23006	186	22985
23006	190	22985
23006	190	17181
23006	186	17181
8006	112	9952
29883	180	22370
14883	14	7370
23431	171	29608
14608	81	8431
4220	81	8431
23431	171	25331
23431	171	19220
10331	81	8431
23431	185	26595
9089	34	10414
24089	190	25414
24089	186	25414
10416	34	1305
10416	34	328
10416	34	6047
25416	190	16305
25416	186	16305
25416	186	15328
25416	190	15328
14749	81	3577
12207	81	3577
18577	171	27207
14643	81	3577
18577	171	20119
18577	171	29749
6087	81	3577
25381	171	24588
9588	81	2355
17355	171	24588
9588	81	10381
9588	26	7529
25177	168	24588
22529	172	24588
25149	171	27278
12278	81	10149
25149	171	23163
25149	168	18732
25149	171	20723
8163	81	10149
5723	81	10149
18396	190	25168
3396	162	10168
18396	186	25168
3396	34	10168
27072	168	21299
22182	171	21299
6299	53	12072
6299	81	7182
6299	81	11967
26967	171	21299
23823	190	17738
8823	24	2738
10170	34	5214
10170	34	10641
25170	190	20214
25170	190	25641
25170	186	20214
25170	186	25641
4048	34	617
4048	34	10105
19048	190	25105
4048	34	10940
19048	190	25940
19048	186	25105
19048	186	25940
13694	34	7334
11823	34	7334
3693	34	7334
28694	186	22334
26823	190	22334
26823	186	22334
28694	190	22334
20924	171	21650
21226	171	21650
17927	168	21650
26239	171	21650
6650	81	5924
6650	81	6226
6650	81	11239
7002	81	13444
28444	171	22002
7002	81	8150
7002	81	2277
15807	187	22002
7002	19	807
15143	186	26850
143	162	11850
15143	190	26850
143	34	11850
15382	171	23677
8677	81	382
15382	171	23255
8255	81	382
7887	144	382
11072	34	2831
8200	34	2831
26072	186	17831
26072	190	17831
23200	190	17831
23200	186	17831
20537	171	27436
20537	171	29329
25003	191	20537
14329	81	5537
20537	171	27701
20537	191	25003
12701	81	5537
2640	53	321
15321	173	17640
2640	40	321
15321	168	17640
15321	173	25597
8909	40	321
13067	19	2084
17084	187	28067
17084	187	27333
17084	187	26372
12333	19	2084
11372	19	2084
8138	144	2084
29107	173	16256
1256	40	14107
1256	81	13896
28896	171	16256
1256	120	6737
7250	34	9172
22250	190	24172
3046	34	9172
22250	186	24172
18046	190	24172
18046	186	24172
302	81	144
28610	171	15302
15144	171	15302
302	81	7536
302	81	13610
8111	34	1656
23111	186	16656
23111	190	16656
1689	81	14753
1689	81	2726
29863	187	16689
29753	171	16689
1689	19	14863
17726	171	16689
6455	81	14822
29822	171	21455
6455	81	3830
18830	171	21455
20396	168	28513
20396	168	21880
13513	144	5396
13513	123	5396
6880	53	5396
5396	56	3827
5396	56	2434
25446	171	27377
12936	81	10446
25446	191	22668
22668	191	25446
25446	171	27936
12377	144	10446
3651	81	10446
18111	173	29400
18111	173	19917
14400	40	3111
4917	40	3111
4917	53	3111
6799	34	5478
21799	190	20478
21799	186	20478
23875	190	20478
8875	34	5478
23875	186	20478
17694	173	19773
19139	171	19773
4773	81	4139
4773	40	2694
4773	81	10120
4773	53	2694
4773	81	1187
29276	171	18138
17775	173	18138
3138	81	14276
15806	171	18138
3138	53	2775
3138	40	2775
3138	81	806
12208	40	9827
24827	173	27208
24827	173	28244
13244	40	9827
21621	172	27752
12752	26	6621
10660	26	6621
2051	26	6621
21621	172	17051
21621	172	17483
21621	172	25660
7472	81	14600
28418	187	22472
7472	81	12614
7472	19	13418
26658	171	22472
27614	171	22472
29600	171	22472
17528	168	23182
17528	168	26816
17528	168	28249
17528	168	27302
14557	53	2528
12302	53	2528
13249	144	2528
27319	171	19586
4586	81	12319
4586	81	7396
22396	171	19586
16958	168	28166
16958	168	16108
13843	81	1958
16958	168	20821
300	81	1958
316	81	1958
5821	57	1958
9120	152	14663
2952	81	9120
24120	191	29663
29663	191	24120
24120	171	17952
13189	34	680
10428	34	680
28189	186	15680
25428	190	15680
28189	190	15680
25428	186	15680
9527	34	1311
9527	34	14916
24527	186	29916
24527	190	29916
9527	34	6907
24527	186	16311
24527	190	16311
1450	34	13745
1450	34	13154
1450	34	2302
16450	186	28745
16450	190	28745
1450	34	4470
16450	186	28154
2798	81	2569
17569	171	17798
1977	81	2569
24803	188	18985
3985	65	9803
3985	36	3287
28191	180	18106
13191	14	3106
3643	14	3106
18643	180	18106
8765	82	14923
23765	165	29923
9150	34	2136
24150	190	17136
24150	186	17136
20187	168	23170
8170	53	5187
8170	53	2429
18383	168	23170
8170	53	3383
26169	168	23170
8170	53	11169
16953	173	18831
17425	171	18831
26522	171	18831
3831	81	7276
3831	81	2425
22276	171	18831
3831	81	11522
16119	168	24861
9861	57	1119
9861	11	1119
688	151	1119
688	56	1119
16119	179	18585
