25305	414	25953
25305	284	22267
25305	414	15583
25305	330	15583
10305	159	583
10305	205	7267
10305	226	10953
10305	226	583
5820	75	13300
20820	414	29534
20820	311	28300
20820	304	28300
20820	296	20702
5820	226	14534
5820	4	5702
20820	250	20312
22175	330	15649
22175	364	15649
22175	381	15649
7175	200	4540
22175	414	15649
7175	48	649
7175	159	649
17030	344	28634
27034	368	17030
17030	267	27034
17030	321	24902
2030	225	12034
12034	151	2030
2030	20	9902
2030	78	13634
20189	284	27303
20189	311	20411
5189	75	5411
5189	75	2344
5189	154	12815
5189	53	6344
5189	226	12303
5189	226	13616
16162	364	17449
1162	145	2449
16162	414	17449
16162	381	17449
1162	226	2449
20061	414	27157
20061	296	22373
20061	414	21822
5061	226	12157
5061	205	5069
5061	226	6822
20061	284	20069
5061	4	7373
13904	75	244
7656	145	244
22946	304	15244
28998	311	15244
10560	75	244
13880	75	244
7946	75	244
7656	75	244
12311	226	199
27311	414	15199
9462	226	199
16218	414	15199
24462	414	15199
1218	226	199
97	81	199
13213	169	3612
28213	411	18612
23925	411	18612
19778	411	18612
19066	411	18612
27080	411	18612
12080	169	3612
4066	169	3612
27578	344	25208
18713	344	25208
12578	61	10208
3713	78	10208
12578	78	10208
25208	250	26372
3713	61	10208
10208	53	11372
29209	344	18200
26635	344	18200
19402	344	18200
20263	344	18200
18814	344	18200
14209	189	3200
5263	78	3200
11635	189	3200
29140	381	18638
14140	48	3638
7781	48	3638
4899	48	3638
19338	381	18638
19899	381	18638
21970	381	18638
6970	48	3638
17771	296	28968
2771	48	4116
17771	414	29229
2771	4	13968
17771	381	19116
13583	151	5770
20770	267	28583
5770	225	13583
28583	368	20770
20770	321	15850
5770	20	850
5770	53	11372
3278	49	1877
1822	160	1877
16822	351	16877
3278	160	1877
3475	160	1877
18278	410	16877
17406	345	16877
12989	169	2036
28997	411	17036
27989	411	17036
28166	411	17036
29786	411	17036
14786	169	2036
13997	169	2036
9691	169	2036
27163	284	19190
13773	205	4190
13105	205	4190
28105	284	19190
28868	284	19190
12163	205	4190
8139	205	4190
25001	344	19190
27428	411	19928
12428	169	4928
21772	330	19928
6772	159	4928
21772	381	19928
6772	48	4928
19928	351	28311
19928	279	26417
17890	271	29201
17890	351	28312
2890	160	13312
2890	160	14201
2890	190	781
21109	414	27121
21109	284	25113
6109	205	10113
6109	226	12121
6109	205	6150
21647	402	22255
6647	61	7255
6647	78	7255
21647	344	22255
6647	8	2179
9844	75	12531
9844	226	11500
24844	414	26500
24844	311	27531
24844	304	27531
29060	414	23803
14060	226	8803
23803	351	29674
23803	271	17153
5210	226	8803
6573	226	8803
8803	160	14674
20210	414	23803
6156	46	2733
6156	41	7000
6156	160	3217
21156	351	18217
21156	362	17733
21156	279	18482
21156	248	22000
9340	205	1286
24340	414	19611
24340	284	16286
24340	414	15999
15501	377	17075
501	62	2075
501	154	6662
15501	284	21662
15501	336	22083
501	45	12707
501	140	10716
501	193	7083
5290	145	1284
20290	381	16284
20290	330	16284
5290	159	1284
20290	364	16284
20290	381	18643
5290	48	3643
5290	205	10008
28834	284	23988
28159	402	23988
29496	344	23988
19296	402	23988
25553	402	23988
14496	145	8988
16394	402	23988
14496	78	8988
21079	274	22911
14084	194	7911
11287	194	7911
22407	274	22911
7855	194	7911
22522	274	22911
7909	194	7911
9011	194	7911
15032	414	29534
32	226	14386
15032	414	29386
32	226	14534
15032	411	18176
15032	414	19611
32	226	4611
32	169	3176
6412	226	13328
21412	414	28328
13193	75	2401
28193	311	17401
27143	311	17401
9675	75	2401
12143	75	2401
22229	304	17401
26458	311	17401
26004	304	17401
8666	41	8571
23666	248	23571
23666	410	25371
8666	49	10371
23666	271	15843
8666	80	2871
23666	384	20099
890	168	13664
15890	269	25710
890	168	14256
15890	269	29256
15890	269	28664
890	168	10710
890	156	4485
890	154	4884
27998	414	17442
12998	226	2442
20490	414	17442
5490	226	2442
17442	351	21158
7598	226	2442
7259	226	2442
24118	414	17442
17681	414	24158
2681	226	9158
2681	75	2923
29445	330	24979
14445	159	9979
11191	159	9979
26191	330	24979
1390	159	9979
9553	159	9979
7828	159	9979
26191	381	24979
12800	159	1993
27800	330	16993
27800	381	16993
2149	48	1993
2149	159	1993
2149	200	1993
7289	48	1993
7662	48	1993
20144	368	28054
20144	344	29193
5144	151	13054
28054	267	20144
13054	225	5144
5144	61	14193
5144	78	14193
5144	8	4210
13547	226	5747
29473	414	20747
22932	414	20747
8123	226	5747
780	226	5747
6728	226	5747
25974	414	20747
114	226	5747
29898	411	19727
14124	169	4727
14898	169	4727
4769	169	4727
29124	411	19727
985	169	4727
19727	351	21039
15985	411	19727
7731	151	14149
22731	368	29149
14149	225	7731
29149	267	22731
8845	160	816
23845	351	15816
23845	271	16260
8845	160	3432
23845	413	26945
1328	115	6253
16328	343	21253
16328	271	16260
16328	312	20372
271	226	4221
11869	226	4221
15271	414	19221
5234	226	4221
20876	414	19221
7303	226	4221
22303	414	19221
26869	414	19221
3940	42	4593
18940	303	16515
18940	250	20350
18940	250	19593
3940	156	1515
12474	99	7942
12474	49	7942
12474	160	7942
27474	351	22942
14964	160	7942
27474	410	22942
3639	160	7942
1539	160	7942
17060	293	28187
2060	172	13187
17060	369	17153
2060	29	2153
18697	414	23649
3697	226	8649
18697	414	23464
3697	226	8464
3697	75	9485
18697	386	20618
18697	386	16260
3697	75	9232
29021	344	18162
18460	344	18162
16283	344	18162
18937	344	18162
22512	344	18162
22281	344	18162
23543	344	18162
14021	78	3162
13926	226	8910
14640	226	8910
27038	414	23910
29640	414	23910
28660	414	23910
12742	226	8910
2314	226	8910
14191	226	8910
28989	344	22847
24221	344	22847
21584	344	22847
28864	344	22847
18653	344	22847
20834	344	22847
28406	344	22847
25764	344	22847
8633	156	12519
23633	303	27519
8633	144	12519
23633	294	27519
23633	269	17974
8633	144	9003
8633	168	2974
23633	294	24003
2555	226	9287
216	226	9287
24287	271	16260
9271	226	9287
15216	414	24287
24271	414	24287
17555	414	24287
9287	160	1260
16915	368	29788
15476	368	16915
29788	267	16915
16915	267	15476
14788	225	1915
16915	344	17955
1915	189	2955
1915	225	476
5023	33	2844
20023	290	17844
15216	414	15827
15216	414	24287
216	226	10315
216	145	6902
15216	364	21902
15216	414	25315
216	226	9287
4474	169	8131
19474	411	23131
4474	226	1826
19474	414	16826
4474	75	13300
16207	414	27769
1207	226	5830
16207	414	20830
1207	226	12769
16207	414	18475
16207	250	19593
16791	381	29010
16791	414	24092
16791	296	18864
1791	48	5659
27358	321	16269
13643	20	1269
20602	321	16269
4687	20	1269
27006	321	16269
12006	20	1269
13055	20	1269
12358	20	1269
19231	296	23556
19231	414	26059
19231	330	18766
4231	226	11059
4231	205	7902
19231	284	22902
4231	159	3766
29060	409	22797
14060	125	7797
27533	354	22797
5210	125	7797
7797	131	2153
9057	125	7797
249	125	7797
10115	125	7797
28908	414	19911
29446	414	19911
13908	226	4911
14446	226	4911
2098	226	4911
19911	351	21158
10279	226	4911
153	226	4911
29415	321	15094
14415	20	94
24060	321	15094
9060	20	94
16192	321	15094
15026	321	15094
19240	321	15094
19064	321	15094
17123	344	28566
2123	61	13566
2123	78	13566
23502	414	21918
23502	414	23902
8502	226	6918
8502	226	8902
22229	296	27906
22229	414	28803
7229	75	2401
7229	226	13803
7229	4	12906
22229	304	17401
22229	414	23661
7229	226	8661
8312	205	7226
3511	205	7226
5715	205	7226
18511	284	22226
1071	169	2569
1071	205	4096
16071	296	23318
16071	411	17569
16071	284	19096
16071	414	25734
1071	226	10734
1071	4	8318
16393	296	17349
16393	381	20969
1393	48	5969
1393	4	2349
15700	364	20261
15700	330	15968
15700	381	15968
700	226	11687
15700	414	27678
700	205	3053
15700	414	26687
15700	414	24111
27591	341	19434
12591	222	4434
20805	341	19434
20373	341	19434
4244	48	4434
444	48	4434
5805	222	4434
5373	222	4434
6719	168	14940
21719	269	29940
6719	53	6136
21719	250	21136
28001	381	15047
28001	414	15047
28001	330	15047
14475	226	47
13340	159	47
29459	381	15047
28717	414	15047
29459	414	15047
17967	304	28300
17967	296	27312
2967	4	12312
17967	330	26518
2967	159	11518
2967	75	13300
21103	296	27906
6103	4	12906
6103	226	5547
21103	414	21456
6103	226	12678
21103	414	20547
21103	414	21324
21103	414	27678
8246	49	5503
23246	410	20503
23246	342	20503
8246	58	12933
8246	58	14465
23246	317	24230
14571	168	7072
13396	168	7072
23191	269	22072
21831	269	22072
6831	168	7072
20183	269	22072
16801	269	22072
19756	269	22072
1087	226	12240
16087	414	25825
1087	226	10825
16087	414	28164
1087	226	762
1087	226	7239
16087	414	27240
19184	271	21501
18416	411	19184
3416	169	4184
21721	411	19184
21721	381	19184
18416	330	19184
21721	330	19184
19184	384	17777
15299	414	27087
299	226	12087
15299	330	18765
299	159	3765
15299	386	16260
18797	414	24410
3797	226	9410
18797	330	21472
3797	159	6472
15782	414	20907
782	205	4190
15782	411	19936
782	169	4936
782	226	5907
15782	284	19190
782	75	7823
15782	259	20849
10166	160	3718
25166	351	18718
25166	271	18718
12833	4	1258
27833	296	16258
27716	296	16258
12716	4	1258
12162	4	1258
11813	4	1258
19674	296	16258
10151	4	1258
12159	205	8741
2010	205	8741
27159	284	23741
1406	205	8741
16406	284	23741
7154	205	8741
20758	250	29245
5758	42	14245
5758	156	4451
20758	303	19451
14563	20	206
29563	321	15206
15269	321	15206
17512	321	15206
269	20	206
920	20	206
15206	369	16260
761	20	206
17029	284	27631
17029	414	24317
17029	414	19807
2029	226	4807
2029	205	12631
2029	226	9317
2029	48	5856
19832	250	17875
19832	414	20709
4832	226	5709
4832	226	4269
4832	226	7886
19832	336	22083
4832	62	3774
4832	98	3774
2382	145	4323
17382	364	19323
17382	296	23667
2382	4	8667
2069	194	1608
17069	274	16608
17069	369	20618
25338	296	28704
10338	4	13704
25338	414	15798
25338	414	19639
10338	226	798
25338	284	19030
24640	290	18551
9640	139	3551
9640	33	3551
24640	290	15340
24640	397	18551
9640	33	340
4738	145	7548
19738	311	27531
19738	296	16928
19738	364	22548
4738	75	12531
4738	4	1928
1824	151	12561
16824	368	27561
12561	225	1824
27561	267	16824
1824	159	12050
16824	330	27050
16824	416	15914
1824	51	914
16213	296	28704
1213	205	11030
16213	414	22984
16213	414	20547
1213	226	5547
1213	4	13704
16213	284	26030
16213	364	25633
10260	75	9836
25260	304	24836
25260	311	24836
25260	414	21370
10260	226	6370
12028	226	8945
27028	414	23945
6654	226	8945
10704	226	8945
11693	226	8945
4351	226	8945
26693	414	23945
19351	414	23945
28983	269	17974
28477	269	17974
13983	168	2974
9475	168	2974
20700	269	17974
5700	168	2974
24475	269	17974
5051	168	2974
9802	53	6976
24802	250	21976
24802	250	21136
25715	296	23195
10715	4	8195
10828	4	8195
25828	296	23195
19057	414	19019
4057	226	8884
19057	414	19317
19057	414	23820
4057	226	4019
4057	226	4317
19057	414	23884
4057	226	8820
17900	290	28386
17900	290	26982
2900	33	11982
17900	290	22236
2900	33	13386
2900	33	7236
2900	33	4847
17900	290	19847
17278	414	17187
17278	284	17187
17278	414	19844
2278	205	2187
2278	226	2187
2278	226	8316
2278	226	4844
21797	414	24479
16321	284	20173
1220	205	5173
5981	205	5173
1321	205	5173
20314	284	20173
5314	205	5173
16220	284	20173
14577	127	9151
28012	317	24151
9151	79	3845
13012	41	9151
4085	41	9151
29577	317	24151
24151	352	18845
24151	293	18845
21953	330	15347
21953	284	27441
6953	159	347
6953	205	12441
2073	151	14380
14380	225	2073
17073	368	29380
29380	267	17073
17073	321	19976
2073	20	4976
28306	364	20838
20871	364	20838
25226	304	20838
22780	364	20838
13306	145	5838
18067	364	20838
10226	145	5838
20838	384	17777
16702	364	21233
1702	145	2074
16702	414	17074
1702	145	6233
1702	226	12480
1702	226	2074
16702	364	17074
16702	296	21240
14581	210	2268
16988	248	17268
26557	248	17268
29581	248	17268
16988	317	17268
1025	41	2268
16025	248	17268
1988	41	2268
25255	416	25144
25806	416	25144
14749	51	10144
11386	51	10144
10607	51	10144
29749	416	25144
14331	51	10144
10806	51	10144
7876	226	180
18132	414	15180
22876	414	15180
9277	226	180
678	226	180
21669	414	15180
15678	414	15180
3456	226	180
12673	41	6299
27673	248	21299
3906	41	6299
6015	41	6299
16993	248	21299
6299	29	1260
2765	41	6299
1993	41	6299
13392	226	8991
28392	414	23991
3696	226	8991
10483	226	8991
10270	226	8991
23991	366	24328
25483	414	23991
21887	414	23991
21447	351	15534
6447	160	534
29421	410	23331
27962	410	23331
28599	410	23331
12962	49	8331
14421	49	8331
27931	410	23331
21876	410	23331
13599	49	8331
10117	144	689
25117	303	15689
10117	156	689
25117	294	15689
3209	172	12643
27643	301	18209
18209	293	27643
17420	296	28928
2420	159	8389
2420	48	8389
2420	145	7051
2420	4	13928
17420	381	23389
17420	330	23389
17420	259	20849
6256	226	5907
6256	226	1086
6256	159	9979
6256	205	1065
21256	414	16086
21256	414	16959
21256	414	20907
21256	414	15636
29388	351	24889
14388	160	9889
3093	160	9889
18093	351	24889
27161	345	24889
24889	345	27161
28186	344	17183
22144	344	17183
7144	189	2183
1780	189	2183
29103	284	17183
8433	205	2183
17960	296	21517
17960	330	25267
17960	414	16249
2960	145	10267
17960	364	21255
2960	226	1249
2960	159	10267
2960	145	6255
18799	414	19682
3799	226	4682
3799	205	11534
7542	48	14732
7542	159	14732
22542	330	29732
22542	414	29732
22542	381	29732
22542	386	21501
7426	205	13391
22426	284	28391
14590	226	8902
12878	226	8902
10423	226	8902
4364	226	8902
27878	414	23902
28590	414	23902
20379	414	23902
2625	226	8902
27904	366	18017
12904	123	3017
8656	160	3017
1585	160	3017
17238	345	18017
18017	345	17238
4660	49	3017
4158	160	3017
12126	226	6566
27126	414	21566
27761	414	21566
12761	226	6566
7808	226	6566
19329	414	21566
6566	160	6158
18553	414	27548
3553	226	12548
18553	250	20312
18553	259	20849
19951	351	25364
4951	160	10364
4951	128	2848
17775	414	21048
2775	205	13271
17775	414	25035
17775	414	26302
2775	226	6048
2775	226	11302
17775	284	28271
2775	226	10035
27740	381	24106
12479	98	9106
25291	381	24106
21455	381	24106
10291	48	9106
5419	159	9106
16288	381	24106
25954	381	24106
18917	296	21053
3917	159	2545
3917	226	4840
18917	414	19840
18917	330	17545
3917	4	6053
3917	75	13300
27467	414	16092
27467	364	16092
12467	145	1092
12467	226	1092
29484	414	16092
149	226	1092
5985	226	1092
7481	226	1092
19395	321	15926
4395	20	926
20647	344	28077
19998	267	20647
4998	225	5647
20647	368	19998
5647	151	4998
5647	78	13077
5647	61	13077
23367	290	26982
23367	290	29326
8367	33	11639
8367	33	11982
23367	290	26639
8367	33	14326
17130	403	25140
8800	228	10140
2130	228	10140
15540	414	29793
540	226	14793
15540	414	27480
540	226	12480
540	75	2535
27563	284	17666
27359	284	17666
12563	205	2666
12359	205	2666
26739	284	17666
6467	205	2666
11739	205	2666
8642	154	2666
14736	144	5932
29736	294	20932
29736	303	20932
5932	1	8484
20932	369	18320
20932	334	23484
5871	226	963
20871	330	23856
20871	381	23856
20871	364	20838
5871	48	8856
5871	159	8856
20871	414	15963
5871	145	5838
413	53	12862
15413	250	27862
15413	303	16692
413	156	1692
15413	292	25399
7623	226	13566
22623	414	28566
22623	414	21451
28884	362	23851
29502	362	23851
18767	355	23851
13884	46	8851
14502	46	8851
23851	380	18767
254	46	8851
1362	46	8851
19061	414	20940
19061	296	18199
19061	381	19953
4061	226	5940
4061	48	3512
4061	4	3199
4061	48	4953
19061	386	20618
18677	392	27321
3677	105	12321
3677	160	5947
3677	49	5947
18677	410	20947
18677	351	20947
18677	271	23529
7939	190	12571
22939	290	27571
21127	414	19987
6127	226	4987
14725	168	7437
29686	269	22437
28760	269	22437
13760	168	7437
14686	168	7437
1487	168	7437
7437	219	7709
23832	269	22437
21740	296	27248
21740	364	20096
21740	381	24980
21740	411	24678
21740	381	20096
21740	330	24980
21740	414	20096
21740	284	25131
24581	344	28325
9581	61	13325
9581	78	13325
9581	48	13325
14304	159	6780
19250	330	21780
8462	159	6780
23462	330	21780
29304	330	21780
2041	226	6780
28592	414	21780
23462	414	21780
22904	330	28771
7904	159	13771
7904	226	1709
22904	414	16709
22904	386	20618
7904	125	14411
19406	414	24762
4406	226	9762
4406	226	8659
19406	414	23659
29971	250	18124
14971	53	3124
8625	53	3124
23625	250	18124
22268	250	18124
7268	53	3124
28924	290	17920
27753	290	17920
13924	33	2920
10061	33	2920
1494	33	2920
3356	33	2920
24503	290	17920
7455	33	2920
28687	267	22388
7388	151	13687
13687	225	7388
7388	225	8926
22388	368	28687
8926	151	7388
23926	368	22388
22388	267	23926
20632	267	27076
5632	225	12076
27076	368	20632
12076	151	5632
14787	226	10315
29313	414	25315
14304	226	10315
3119	226	10315
18634	414	25315
733	226	10315
26017	414	25315
1777	226	10315
24687	344	25851
29978	267	24687
24687	368	29978
9687	151	14978
9687	78	10851
9687	61	10851
14978	225	9687
9687	20	14221
27852	414	23161
12852	226	8161
11242	226	8161
8057	226	8161
23161	410	19865
8161	16	5099
23057	330	23161
23057	414	23161
13392	226	2142
28392	414	17142
28934	414	17142
11939	226	2142
4090	226	2142
5048	226	2142
10406	226	2142
21424	414	17142
4041	226	4041
4041	226	4041
4041	180	3640
27137	267	20695
20695	368	27137
20695	344	22212
5695	151	12137
12137	225	5695
5695	145	7212
5695	61	7212
172	151	5695
13348	189	4510
28348	344	19510
14744	226	4510
13790	226	4510
3083	226	4510
29744	414	19510
6675	226	4510
9111	38	4510
19395	321	15926
12021	20	926
27623	321	15926
4395	20	926
12623	20	926
27021	321	15926
29056	330	20776
22607	330	20776
17305	330	20776
19381	381	20776
15855	330	20776
16466	330	20776
7607	159	5776
19381	330	20776
22299	414	23098
22299	381	23098
22299	364	23098
22299	330	23098
7299	48	8098
7299	145	8098
7299	159	8098
7299	226	8098
28050	267	24000
13050	225	9000
9000	151	13050
24000	368	28050
9000	189	9671
12546	225	190
190	151	12546
27546	267	15190
15190	368	27546
190	53	11372
20721	414	28381
5721	226	2520
5721	226	14235
20721	414	29757
20721	414	29235
20721	414	17520
5721	226	14757
5721	226	13381
20348	368	28647
28647	267	20348
20348	344	29434
13647	225	5348
5348	151	13647
5348	78	14434
5348	61	14434
5348	145	14434
10409	190	9544
10409	33	3757
10409	33	14671
10409	33	11980
25409	290	29671
10409	33	2237
25409	290	24589
25409	290	17237
22103	414	15487
22103	414	15712
7103	205	3640
22103	284	18640
7103	226	712
628	145	3296
15628	330	18296
15628	364	18296
628	159	3296
15628	414	29793
628	48	10106
15628	414	19510
15628	259	20849
24289	296	27026
9289	206	12026
9289	29	1260
9289	193	7083
18653	344	22847
18653	321	18133
3653	20	3133
10764	6	3653
3653	145	7847
6227	6	3653
3653	189	7847
5956	29	3320
27298	344	24369
24369	321	17222
12298	61	9369
12298	78	9369
9369	20	9952
9369	20	11712
9369	20	2222
9369	114	9538
29205	344	22878
29253	344	22878
14253	189	7878
25420	344	22878
16683	344	22878
14205	145	7878
16194	344	22878
14205	189	7878
21163	296	29325
6163	226	6752
21163	414	21752
21163	381	24912
6163	205	3182
6163	48	9912
21767	366	28681
6767	123	13681
6767	115	729
23479	278	29622
8479	71	8479
8479	71	8479
14927	36	8479
3306	36	8479
1456	36	8479
11218	36	8479
22727	260	23479
17266	381	29227
2266	48	14227
2266	51	4223
17266	416	19223
9372	139	3674
24372	397	18674
24372	290	18674
9372	190	3674
4650	20	4976
19650	321	19976
4650	20	11712
19650	321	26712
23129	330	28099
23129	414	17605
8129	48	13099
8129	159	13099
8129	226	2605
8129	226	13256
13626	124	312
28626	293	15312
27911	293	15312
12911	124	312
15312	369	16260
5842	226	12447
20842	414	27447
28541	330	25267
27817	330	25267
13167	145	10267
29366	330	25267
14366	159	10267
27607	330	25267
20899	330	25267
23447	330	25267
20840	414	19592
20840	330	19592
5840	48	4592
5840	159	4592
5840	226	4592
5840	75	9216
20840	259	20849
20343	414	16453
20343	296	18864
5343	4	3864
5343	226	1453
18538	250	28347
3538	53	13347
3538	168	14940
18538	269	29940
19596	284	20886
4596	154	5886
4596	156	9938
19596	303	24938
12867	4	7576
29105	296	22576
27867	296	22576
14105	4	7576
9169	4	7576
417	4	7576
25809	296	22576
15417	296	22576
29828	351	22361
28634	351	22361
14828	160	7361
17809	351	22361
13634	160	7361
9871	49	7361
19454	293	22361
7806	49	7361
28092	344	24315
27004	344	24315
25156	344	24315
21959	344	24315
25551	344	24315
24670	344	24315
26958	344	24315
22673	344	24315
1201	145	10373
16201	364	25373
16201	296	26393
1201	4	11393
16201	414	17369
16201	414	15326
16201	259	20849
24259	364	16081
24259	330	16081
24259	414	28630
24259	414	16826
9259	226	1826
9259	145	1081
6417	145	4824
21417	364	19824
6417	226	4408
21172	414	27722
6172	226	12722
21172	296	17349
21172	414	25579
21172	414	22875
6172	226	7875
6172	226	10579
21172	414	24378
23828	409	26417
9299	33	13386
9299	33	2582
9299	33	13161
24299	290	28386
24299	290	28161
24299	290	17582
9299	33	11639
24299	290	16553
25051	364	29721
10051	145	14721
10051	205	1286
25051	284	16286
25051	296	22817
10051	226	5033
10051	4	7817
14443	205	1065
28673	284	16065
13673	205	1065
13098	205	1065
27757	284	16065
16226	284	16065
5254	205	1065
18121	284	16065
13167	226	8414
28167	414	23414
23414	410	19865
10960	226	8414
1954	226	8414
4066	226	8414
6424	226	8414
7011	226	8414
19008	290	15950
19008	351	26586
4008	33	4709
4008	160	11586
4008	190	950
7863	226	4611
3279	49	3845
18279	351	18380
18279	410	18845
18279	342	18845
18279	317	24151
18279	342	17068
19313	414	20530
19313	414	22023
19313	414	25559
4313	226	10559
19313	284	19004
4313	205	4004
4313	226	7023
4313	226	5530
14541	20	9720
14493	20	9720
26104	321	24720
22399	321	24720
17368	321	24720
29493	321	24720
29541	321	24720
2368	20	9720
19428	364	17313
21708	285	17313
20818	364	17313
6708	108	2313
6708	157	2313
4428	145	2313
6708	25	2313
27896	414	18143
27896	381	18143
27896	330	18143
23223	330	18143
12896	169	3143
23223	414	18143
23223	381	18143
8223	48	3143
14670	20	7329
8218	20	7329
185	20	7329
23218	321	22329
15185	321	22329
29670	321	22329
22329	369	16260
14081	20	7329
27465	414	19682
12465	226	4682
22579	414	19682
3799	226	4682
18799	414	19682
7579	226	4682
5156	226	4682
21523	414	19682
25184	250	27324
25184	414	27310
10184	125	9703
10184	53	12324
10184	226	12310
25184	409	24703
16204	290	26421
1204	190	11421
1204	33	13954
16204	351	26362
16204	290	28954
1204	160	11362
25108	368	28781
28781	267	25108
13781	225	10108
10108	48	4505
25108	381	16764
25108	381	19505
25108	416	27901
10108	151	13781
25069	411	17102
18083	411	17102
25531	411	17102
3083	169	2102
17802	411	17102
10453	169	2102
10189	169	2102
3376	169	2102
21251	381	20893
26067	414	20893
25348	330	20893
8341	48	5893
15809	381	20893
25348	381	20893
23341	381	20893
5893	16	2777
16016	344	24293
16016	267	28216
28216	368	16016
1016	225	13216
13216	151	1016
1016	61	9293
1016	78	9293
1016	145	9293
16382	296	27520
1382	4	12520
16382	414	26200
1382	205	5041
16382	414	17536
16382	411	20154
1382	226	11200
1382	226	2536
16529	414	29867
16529	414	29428
1529	226	11952
1529	226	14867
1529	226	6874
16529	296	16397
16529	414	24751
16529	414	21874
29839	414	15427
13209	226	427
1582	226	427
28209	414	15427
4107	226	427
9437	226	427
19107	414	15427
22973	414	15427
14472	205	4030
12327	205	4030
29472	284	19030
27793	284	19030
28619	284	19030
12726	205	4030
13619	205	4030
19030	271	16260
29986	414	15814
27608	414	15814
12608	226	814
14986	226	814
15100	414	15814
23940	414	15814
7948	226	814
17005	414	15814
28817	351	22985
13817	160	7985
22985	369	23529
7985	29	8529
7985	71	8529
15858	267	24319
24319	344	21354
29625	307	24319
9319	6	14625
9319	189	6354
9319	48	10661
9319	145	10661
858	225	9319
15153	414	19863
153	226	4863
153	226	4911
15153	414	19911
1053	200	3885
16053	414	24158
1053	29	6501
1053	226	9158
16053	414	18885
16053	310	18885
16053	304	21401
16053	386	21501
6876	49	8331
21876	410	23331
6876	236	5099
21876	384	20099
19365	414	29012
4365	159	12720
4365	226	14012
19365	330	27720
19365	381	27720
4365	48	12720
19365	414	21250
19365	296	28704
19994	414	27252
19994	284	24379
4994	226	12252
4994	205	9379
14751	51	7125
29751	257	22125
10014	51	7125
7125	98	4162
7788	51	7125
2211	51	7125
1908	51	7125
21260	257	22125
18263	351	29327
28417	296	18263
27394	296	18263
3646	4	3263
13417	4	3263
12394	4	3263
4939	4	3263
27706	296	18263
9862	145	13131
9862	189	13131
24862	344	28131
24862	364	28131
23633	294	24003
8633	144	9003
23217	294	24003
8217	144	9003
9003	212	3320
9003	204	3320
19712	414	29645
4712	226	14645
19712	414	27791
4712	226	12791
3521	226	8774
18521	364	23774
3521	145	8774
3521	226	14235
18521	330	15790
18521	414	29235
18521	414	23774
18521	414	26373
19896	414	28970
4896	226	14235
4896	226	13970
19896	330	25143
19896	414	29235
4896	226	2019
19896	414	17019
4896	159	10143
19331	330	18774
4331	159	3774
4331	51	4832
19331	416	19832
4331	81	712
17168	414	29872
2168	226	14872
2168	145	7222
17168	364	22222
28933	318	19677
29909	318	19677
13933	195	4677
11678	195	4677
10121	195	4677
11018	195	4677
5518	195	4677
11550	195	4677
9074	151	13544
28544	267	24074
24074	368	28544
13544	225	9074
9074	53	11372
14616	226	1054
13654	226	1054
14731	226	1054
28938	414	16054
13938	226	1054
3281	226	1054
6919	159	1054
27164	414	16054
14433	156	6033
14319	156	6033
3607	156	6033
5542	156	6033
21301	311	27531
6301	145	11552
21301	364	26552
6301	75	12531
21301	414	22097
6301	226	7097
21301	259	20849
978	20	14221
15978	321	29221
978	53	3622
15978	250	18622
356	20	2371
7847	20	2371
6584	20	2371
6432	20	2371
21432	321	17371
15356	321	17371
6479	20	2371
11148	20	2371
28849	286	24619
29869	351	24619
14869	160	9619
29451	410	24619
9619	71	9619
25992	351	24619
14451	49	9619
24619	369	16260
9133	160	12182
24133	351	27182
24133	410	19211
24133	343	25341
9133	49	4211
9133	115	10341
20633	368	20670
5670	225	5633
20670	267	20633
20670	416	27347
5633	151	5670
5670	51	12347
20670	330	23552
5670	159	8552
22844	344	27310
22844	267	22112
7844	189	12310
22112	368	22844
7844	145	2313
7844	20	6708
22844	321	21708
7844	225	7112
29364	330	21651
29360	296	21651
29360	330	21651
29364	296	21651
26251	296	21651
29840	330	21651
29840	296	21651
6651	16	2777
29610	381	20063
29610	330	20063
14610	48	5063
28445	381	20063
28445	330	20063
13445	48	5063
13445	159	5063
14610	159	5063
21395	330	26994
21395	414	16822
6395	226	1822
6395	48	11994
6395	159	11994
21395	259	20849
14185	20	7694
29457	321	22694
22588	321	22694
28789	321	22694
13858	20	7694
26231	321	22694
20597	321	22694
11231	20	7694
8128	226	13125
23128	414	28125
29699	330	19978
20328	330	19978
20328	414	19978
14699	226	4978
14699	159	4978
5328	159	4978
5328	226	4978
4978	16	6167
17705	414	27791
17705	330	20919
2705	226	12791
2705	159	5919
17705	414	24222
2705	226	9222
21628	414	29048
6628	145	12694
6628	226	14048
6628	205	9379
21628	330	27694
6628	226	10039
21628	364	27694
21628	284	24379
732	46	4943
29054	362	19943
15732	362	19943
15169	362	19943
19019	362	19943
17115	362	19943
24930	362	19943
27555	362	19943
27699	351	23786
12699	160	8786
16701	351	23786
1701	160	8786
23786	369	16260
8786	29	1260
7240	247	13532
22240	290	28532
17516	250	20973
3875	225	2516
2516	151	3875
18875	267	17516
2516	42	5973
17516	368	18875
17516	303	16515
2516	29	1260
14124	226	9810
29124	414	24810
11713	226	9810
21374	414	24810
16944	414	24810
1944	226	9810
9810	41	2674
23023	414	24810
23802	414	24189
23802	414	22958
8802	226	9189
23802	284	28271
8802	205	13271
8802	226	7958
23802	386	16260
23802	259	20849
15682	336	19757
682	98	9212
15682	319	24212
682	15	4757
15682	250	19593
6982	226	4375
6982	205	5069
21982	414	19375
21982	414	17750
21982	414	23608
21982	284	20069
21277	296	22339
21515	296	22339
8439	4	7339
23439	296	22339
6277	4	7339
20525	296	22339
3316	4	7339
11630	4	7339
14380	20	4976
2073	20	4976
19650	321	19976
29380	321	19976
13055	20	4976
23460	321	19976
17073	321	19976
16912	321	19976
18921	296	28704
3921	205	5069
3921	226	5121
18921	284	20069
18921	414	23161
3921	4	13704
18921	414	20121
18921	259	20849
8130	159	8681
8130	51	1296
23130	330	23681
23130	416	16296
22095	296	16431
22095	330	16431
7095	159	1431
7095	4	1431
7095	29	5618
7095	169	9307
6557	172	12781
21557	293	27781
27781	301	21557
21557	287	27781
27781	275	21557
20163	345	21557
15293	345	21557
27523	345	21557
16643	341	18227
27136	341	18227
19062	341	18227
1421	222	3227
16643	416	18227
19062	416	18227
16421	341	18227
1421	51	3227
27057	351	21602
6602	71	6602
12057	160	6602
10515	49	6602
6602	71	6602
21206	351	21602
26110	351	21602
15561	410	21602
26565	344	21017
25525	344	21017
22507	344	21017
16343	344	21017
7507	78	6017
1343	78	6017
7507	61	6017
6017	20	8793
28988	351	15380
8017	103	380
13988	160	380
28150	351	15380
23017	293	15380
23017	281	15380
8017	188	380
23017	363	15380
29865	414	24177
13209	226	9177
22637	414	24177
23940	414	24177
22086	414	24177
24042	414	24177
18582	414	24177
24177	318	22968
21565	268	15502
15502	394	21565
7948	159	502
5721	4	502
2005	159	502
20721	296	15502
5327	4	502
8440	4	502
29944	274	16608
14944	194	1608
2069	194	1608
17069	274	16608
16608	369	20618
1608	29	5618
27150	296	23077
28435	296	23077
13435	4	8077
12150	4	8077
4633	4	8077
23077	351	23529
3994	4	8077
15669	296	23077
29906	311	19722
12231	75	4722
12512	75	4722
14471	75	4722
27231	311	19722
27543	311	19722
9435	75	4722
29471	311	19722
17842	330	21443
17842	414	25236
17842	364	21443
2842	226	10506
2842	145	6443
2842	48	6443
2842	159	6443
28955	414	24758
13412	226	9758
28412	414	24758
8187	226	9758
13955	226	9758
8018	226	9758
23018	414	24758
23187	414	24758
18376	414	29822
18376	414	21025
18376	414	23430
18376	414	24111
18376	414	26378
3376	226	14822
3376	48	1144
3376	205	11030
349	226	13630
15349	284	27277
349	205	12277
15349	414	24172
15349	414	28630
8122	156	2428
3834	144	2428
8406	144	2428
8406	156	2428
25063	294	17428
21099	294	17428
2671	159	8936
2671	205	4030
2671	145	8936
17671	296	26416
17671	330	23936
9077	115	4169
24077	343	19169
9077	49	9306
24077	410	24306
20730	304	28300
5730	75	13300
5730	205	4190
20730	284	19190
13572	38	7342
28572	340	22342
22342	340	28572
22800	364	27927
7800	145	12927
22800	304	16946
22800	386	16260
22800	259	20849
20587	311	29236
5587	145	9378
20587	296	22802
20587	414	24378
5587	226	9378
5587	205	9459
20587	364	24378
5587	75	14236
735	41	8571
15735	248	23571
735	160	4211
735	230	843
15735	351	19211
15735	271	15843
17939	344	28549
17939	344	23791
2939	20	11996
26699	267	17939
17939	368	26699
10816	151	2939
11699	225	2939
2939	78	8791
18827	414	27139
3827	226	12139
18827	296	27026
18827	304	28300
3827	4	12026
18827	414	23332
3827	226	8332
3827	75	13300
23118	330	25281
8118	226	289
23118	414	15710
8118	226	710
8118	159	10281
8118	75	12531
23455	284	17855
8455	205	2855
5718	190	5240
20718	290	16235
5718	33	11980
20718	290	16855
5718	33	8254
5718	33	1803
20718	290	23254
5718	33	2237
29127	414	19363
14127	226	4363
11694	226	4363
26694	414	19363
4363	29	5618
19363	271	20618
16761	311	22696
16761	414	24197
1761	226	7216
1761	205	6150
1761	75	7696
1761	226	9197
16761	284	21150
3001	48	12678
3001	159	12678
18001	296	22520
18001	330	27678
18001	381	27678
18001	414	19803
18001	381	19953
18001	259	20849
29165	340	18079
18079	340	29165
14165	38	3079
3079	38	14165
3079	41	6688
18079	248	21688
18079	295	23800
18079	366	29512
12613	226	4521
27613	414	19521
15526	414	19521
16110	414	19521
5418	226	4521
5843	226	4521
18787	414	19521
19521	356	24152
27458	267	16565
1565	151	12458
12458	225	1565
16565	368	27458
1565	53	3622
23756	351	20269
8756	160	5269
5269	97	9205
29972	303	21980
3228	156	6980
14972	156	6980
4028	156	6980
19028	303	21980
18228	303	21980
21980	369	16260
6980	29	1260
13974	33	3757
27239	290	18757
8677	33	3757
13861	33	3757
14942	33	3757
21786	290	18757
14464	33	3757
25784	290	18757
8060	20	13653
23060	321	28653
20128	364	27703
20128	414	19821
20128	381	19821
5128	48	4821
20128	330	19821
20128	284	22902
20128	364	28665
20128	414	16826
14475	48	3512
28717	381	18512
11545	48	3512
15074	381	18512
29475	381	18512
4061	48	3512
10183	48	3512
26545	381	18512
15579	321	28134
579	20	13134
4850	226	12119
19850	414	27119
19850	414	15712
4850	226	712
25321	330	27444
10321	159	12444
10321	226	5383
25321	414	20383
15613	414	21918
15613	414	25236
15613	414	25588
613	226	10236
613	226	10588
613	226	6918
613	205	10179
19925	304	28300
4925	226	542
4925	145	2827
19925	414	21222
19925	414	15592
4925	205	7157
4925	75	13300
19925	414	15542
28814	364	21233
13814	145	6233
1702	145	6233
11123	145	6233
16702	364	21233
26123	364	21233
29544	296	19540
29544	330	19540
29544	414	19540
13657	226	4540
13657	48	4540
28450	414	19540
12370	159	4540
8907	116	4540
28142	344	18763
13142	189	3763
13142	145	3763
15740	344	18763
2418	226	3763
740	61	3763
740	78	3763
10174	226	3763
29952	414	18108
21251	414	18108
8216	226	3108
2291	226	3108
1133	226	3108
1320	226	3108
2604	226	3108
8194	226	3108
22431	267	28170
13170	151	7431
7431	225	13170
28170	368	22431
22485	410	17362
22485	248	22974
22485	248	28918
7485	41	7974
7485	41	13918
7485	160	5068
7485	123	2362
7485	99	14111
16552	381	25625
1552	48	10625
16552	259	20849
17465	351	26884
10045	226	2465
25045	414	17465
7360	226	2465
22360	414	17465
2465	160	11884
2465	236	5099
10406	226	2142
10406	226	11097
25406	364	19497
25406	414	23206
25406	414	17142
10406	145	4497
25406	414	26097
25406	259	20849
17795	248	29777
17795	342	19060
2795	41	14777
17795	351	17362
2795	115	10341
2795	49	2362
17795	343	25341
2795	49	14111
18445	414	25434
3445	226	3615
18445	364	16418
16912	344	28858
1912	189	13858
1912	20	4976
16912	321	19976
13537	145	2723
29267	364	17723
28537	364	17723
14267	145	2723
21795	364	17723
19843	364	17723
25614	364	17723
16847	364	17723
28878	296	22802
13878	4	7802
22232	296	22802
5724	4	7802
7595	4	7802
23935	296	22802
4929	4	7802
21791	296	22802
9568	156	12037
24568	303	27037
24568	386	16260
18388	414	27702
3388	226	12702
3388	159	6549
18388	330	21549
3388	226	1151
18388	414	16151
24677	364	25267
9677	205	8107
24677	330	25267
9677	145	10267
9677	159	10267
24677	364	21255
24677	284	23107
9677	145	6255
5549	159	2026
5549	48	2026
20549	381	17026
20549	330	17026
20549	414	17026
5549	29	5618
20549	323	28299
20549	386	20618
14517	20	1476
29517	321	16476
13066	20	1476
11549	20	1476
26549	321	16476
4427	20	1476
14457	20	1476
19427	321	16476
22481	296	27498
7481	4	12498
7481	226	1092
22481	414	16092
22481	364	18030
7481	145	3030
7481	205	8251
22481	284	23251
28006	344	17351
25283	344	17351
13006	78	2351
18867	414	17351
13006	61	2351
10283	61	2351
13006	48	2351
16893	414	17351
18045	284	22655
15896	414	22655
5084	205	7655
14562	42	10431
28011	250	25431
13011	53	10431
5599	42	10431
29562	250	25431
13983	53	10431
20599	250	25431
16179	250	25431
25119	296	22506
25119	414	17536
25441	411	27522
25441	414	22814
25441	414	17796
25441	381	26472
10441	48	11472
10441	226	2796
10441	169	12522
10441	205	13271
10161	48	5063
10161	159	5063
25161	411	17076
25161	364	20063
25161	381	20063
19601	296	23318
19601	296	18263
19601	364	27490
4601	48	12889
19601	414	21865
19601	381	27889
29164	410	16051
27808	293	16051
14164	49	1051
1239	187	1051
1239	79	1051
10271	49	1051
12808	79	1051
13549	160	1051
17223	296	27951
2223	4	12951
17223	330	25267
2223	159	10267
27590	330	20848
16972	330	20848
16972	381	20848
12590	159	5848
20848	351	18389
8495	159	5848
5848	160	3389
8495	48	5848
805	16	1687
15805	384	16687
15805	248	15024
15805	366	24167
15805	271	16260
15805	384	17375
73	53	12862
15073	250	27862
15073	303	19157
73	156	4157
18335	410	22463
3335	33	14207
3335	49	7463
18335	290	29207
6043	226	2707
21043	414	20494
21043	296	26393
6043	226	5494
21043	414	17707
6043	205	10988
21043	284	25988
21043	259	20849
18583	352	28819
3583	103	13819
3583	103	2945
18583	379	17945
24516	351	23297
9516	160	8297
24516	410	16532
9516	49	1532
12582	226	5940
29302	414	20940
27582	414	20940
4061	226	5940
26191	414	20940
14302	226	5940
3110	226	5940
18400	414	20940
28594	414	21126
13594	226	6126
2296	226	6126
7271	226	6126
9608	226	6126
8831	226	6126
5934	226	6126
25622	414	21126
167	226	11097
15167	414	23206
167	226	9825
15167	414	16959
15167	259	20849
15167	414	26097
15167	330	23936
15167	414	24825
6013	226	1772
6013	226	9827
21013	296	23184
6013	226	420
21013	414	16772
6013	206	8184
8494	23	5486
6361	23	5486
23494	259	20486
19657	259	20486
16036	259	20486
18935	414	29793
3935	226	2933
3935	145	3736
3935	226	8206
18935	296	28704
3935	226	14793
18935	414	17933
18935	364	18736
10493	125	13797
25493	409	28797
25493	414	24715
10493	226	9715
25493	259	20849
25493	409	28394
23669	414	27267
8669	226	12267
23669	414	18956
8669	4	11728
8669	75	12531
6945	226	719
21945	414	15719
21945	259	20849
29066	351	16263
29066	271	16263
24427	271	16263
7943	49	1263
16263	369	16263
16263	369	16263
15974	271	16263
1263	71	1263
5244	222	13281
28281	249	20244
20244	341	28281
5244	29	10900
13281	233	5244
20244	386	25900
17743	390	20244
8053	4	5702
23053	296	20702
23053	414	22958
8053	226	7958
8053	75	9836
23053	409	18482
23053	259	20849
21252	319	20911
6252	15	11521
6252	98	5911
21252	250	18004
21252	336	26521
6252	29	3320
6252	53	3004
21252	386	18320
4407	145	9002
4407	205	3640
19407	414	15942
19407	284	18640
19407	304	24002
19407	414	24189
24251	296	18263
9251	205	4096
24251	414	22366
24251	330	15362
24251	414	24092
24251	414	21900
9251	159	362
24251	284	19096
18537	410	16717
18537	271	16717
3537	85	1717
3537	160	1717
3537	230	1717
3537	41	6365
18537	248	21365
7002	89	12808
22002	248	27808
29145	381	21009
14145	48	6009
9656	48	6009
6579	48	6009
4623	48	6009
431	48	6009
481	48	6009
7747	48	6009
22115	259	29984
7115	23	14984
20904	364	25445
5904	205	946
5904	159	10628
20904	330	25628
5904	145	10445
20904	284	15946
20904	386	16260
20904	259	20849
4926	156	9001
19926	284	18889
15776	414	28256
15776	414	26618
776	226	13256
776	226	11618
15776	414	21944
776	226	6944
4208	225	13748
19208	267	28748
13748	151	4208
28748	368	19208
4208	20	12650
19208	321	27650
15754	414	27468
754	226	12468
15754	386	20618
754	29	5618
754	48	11568
6410	20	12828
21410	344	18003
21410	321	27828
6410	61	3003
6410	78	3003
6410	48	14226
6410	145	14226
23295	330	27739
23295	381	18895
8295	159	12739
23295	381	23174
8295	48	3895
8295	48	8174
8295	205	7631
8295	81	2695
17811	343	28094
13094	146	2811
17811	384	20099
2811	29	183
11254	196	2811
2811	34	11254
11254	163	2811
29738	251	17811
12550	226	8661
27550	414	23661
5962	226	8661
7229	226	8661
22229	414	23661
23661	410	18432
8661	49	3432
23661	271	16260
23809	296	23662
23809	330	22951
23809	414	15904
8809	205	1065
23809	284	16065
23809	259	20849
8809	226	904
23809	414	24378
16496	304	28300
1496	226	13124
16496	296	23662
16496	414	28124
1496	226	10185
16496	414	25185
1496	75	13300
1496	4	8662
15224	344	19164
7496	226	4164
5105	238	4164
4333	48	4164
7626	145	4164
20105	319	19164
3097	58	4164
22626	414	19164
6863	145	14700
21863	364	29700
21863	414	18097
21863	364	26810
21863	304	23102
15077	330	15191
19240	344	17514
19240	321	15094
4240	189	2514
4240	145	2514
4240	20	94
2531	205	5041
17531	296	23662
2531	226	5547
17531	414	20547
17531	411	22344
2531	4	8662
17531	284	20041
17531	259	20849
3110	205	8279
9224	205	8279
18110	284	23279
6875	205	8279
23279	351	26627
14382	226	827
29849	414	15827
29382	414	15827
14396	226	827
29396	414	15827
6540	226	827
5151	226	827
6458	226	827
20349	312	18671
5349	107	3671
3671	115	5881
3671	115	10341
3533	107	3671
3671	71	10341
9588	107	3671
907	107	3671
27873	411	16168
1777	169	1168
7521	169	1168
2010	169	1168
25793	411	16168
7154	169	1168
17601	330	21780
2601	145	10559
17601	414	19031
17601	414	20628
17601	411	24945
17601	284	19884
17601	259	20849
17601	414	15811
29810	330	25143
29794	330	25143
19896	330	25143
14794	159	10143
24869	414	25143
14794	48	10143
22360	414	25143
679	226	10143
6001	226	13350
6001	75	12531
6001	226	12599
21001	330	25448
21001	381	19350
21001	414	28350
19974	296	27498
19974	414	15829
4974	226	7984
19974	414	22984
19974	414	16092
4974	205	11129
4974	226	1092
4974	4	12498
20689	414	19766
8877	226	4766
5689	226	4766
26869	414	19766
23877	414	19766
19625	414	19766
27230	311	24216
13236	75	9216
12230	75	9216
15421	311	24216
3067	75	9216
14476	75	9216
28236	311	24216
18787	311	24216
9337	103	14274
24337	293	29274
9337	23	5486
24337	259	20486
15885	344	15923
19959	344	15923
29594	344	15923
18985	344	15923
28802	344	15923
14594	61	923
14594	78	923
13469	78	923
23448	296	24301
23448	414	17910
8448	226	2910
23448	414	16729
8448	205	9379
23448	284	24379
23448	259	20849
8448	125	13394
6102	160	7638
21102	351	22638
21102	271	25350
13326	80	7464
29347	392	22464
29005	392	22464
13326	105	7464
22464	374	19704
28326	392	22464
14005	105	7464
6815	105	7464
9536	205	9806
24536	296	26961
9536	226	7599
24536	414	22599
24536	284	24806
24924	368	29813
14813	225	9924
9924	151	14813
29813	267	24924
998	205	14970
15998	284	29970
15998	414	26160
15998	259	20849
5518	195	4677
20518	318	19677
20518	271	16260
541	48	8083
2787	48	8083
17787	381	23083
1958	48	8083
21433	381	23083
23377	290	20240
8377	33	5389
8377	33	5240
23377	290	18757
8377	33	2237
8377	33	2002
23377	290	19362
23377	351	27737
22692	344	29947
22692	368	26188
26188	267	22692
22692	321	15171
7692	48	14947
7692	78	14947
7692	61	14947
7692	20	171
8159	145	8346
23159	364	23346
5178	205	2144
1603	205	2144
25380	284	17144
10380	205	2144
16603	284	17144
20178	284	17144
23689	311	25057
8689	75	10057
23689	414	19183
8689	226	4183
23689	386	18320
17906	381	26568
17906	381	20123
17906	330	20123
2906	48	11568
2906	159	5123
2906	48	5123
17906	386	20618
3094	226	806
18094	296	23077
18094	414	15806
18094	414	25455
3094	4	8077
17776	414	28195
17776	414	17721
17776	414	28256
2776	226	2721
2776	226	13195
2776	226	13256
2776	205	6111
27035	397	17040
12035	139	2040
13140	139	2040
28140	397	17040
4503	139	2040
8230	139	2040
7070	190	2040
10913	139	2040
4661	196	14352
14352	34	4661
29352	394	19661
19661	267	29352
19661	268	29352
29352	368	19661
27150	414	25164
12150	226	10164
2361	226	10164
9256	226	10164
27223	414	25164
29841	414	25164
3056	226	10164
15005	414	25164
12189	226	4137
27189	414	19137
10310	226	4137
1641	226	4137
23929	414	19137
7607	226	4137
6328	226	4137
24628	414	19137
8917	159	8528
8917	48	8528
8917	48	12889
23917	296	21053
23917	381	23528
23917	296	28704
8917	159	362
12325	48	5888
12325	159	5888
27325	381	20888
27325	330	20888
661	159	5888
661	48	5888
15661	381	20888
15661	330	20888
24041	290	22883
9041	33	7883
9041	33	11982
24041	290	26982
29968	297	18781
14968	68	3781
3055	80	3781
18055	297	18781
16072	297	18781
12504	44	296
11031	44	296
21478	357	15296
27504	357	15296
23891	357	15296
8891	44	296
26208	357	15296
6478	44	296
29044	414	24770
14044	226	9770
3284	226	9770
24770	351	19865
18284	414	24770
7977	81	9770
19923	414	24770
9770	160	4865
27517	351	24027
27517	410	24027
27904	410	24027
12517	49	9027
25915	410	24027
5591	49	9027
6201	49	9027
5445	160	9027
17479	296	27906
2479	4	12906
2479	226	10840
17479	414	25840
17479	304	29480
17479	386	16260
12392	20	7602
18920	272	22602
22602	300	18920
13800	20	7602
22602	300	22888
28800	321	22602
26891	321	22602
12745	20	7602
28442	344	22531
15627	344	22531
13442	189	7531
7531	113	7531
7531	181	7531
7531	181	7531
627	145	7531
7531	113	7531
16184	296	17968
1184	4	2968
7612	4	2968
2392	4	2968
24469	296	17968
17392	296	17968
22250	296	17968
9469	4	2968
15468	344	19154
1570	189	4154
18439	374	19154
16570	344	19154
468	189	4154
19154	248	20142
10355	113	4154
10355	181	4154
6300	159	8528
21300	296	18263
21300	330	23528
21300	381	25106
6300	205	4030
6300	48	10106
21300	284	19030
6300	4	3263
29746	296	25154
29836	296	25154
14836	4	10154
14746	4	10154
23587	296	25154
8325	4	10154
10336	4	10154
21644	414	25154
12578	225	3713
18713	368	27578
3713	151	12578
18713	344	25208
27578	267	18713
3713	78	10208
3713	61	10208
3713	8	3432
23514	344	18992
22962	344	18992
16141	402	18992
22225	402	18992
24483	344	18992
22225	344	18992
20100	402	18992
20100	344	18992
22962	402	18992
24483	402	18992
18992	384	23084
9483	78	3992
18992	384	20872
16141	344	18992
54	168	10710
15054	269	25710
54	53	10982
15054	250	25982
13981	219	2631
3433	219	2631
28981	350	17631
28981	358	17631
18433	358	17631
22667	350	17631
18433	350	17631
22667	358	17631
25214	344	18257
25214	402	24960
10214	20	11712
10214	48	9960
25214	267	18007
10214	61	3257
10214	78	3257
10214	225	3007
28685	381	19087
28685	414	19087
13685	226	4087
13685	48	4087
16128	381	19087
16100	414	19087
16646	414	19087
21658	414	19087
18446	290	28954
18446	290	22110
3446	33	7110
3446	33	9589
18446	290	24589
3446	190	4568
18446	290	18757
18446	290	19568
29967	381	23389
29967	364	23389
27566	330	23389
12566	159	8389
11759	48	8389
27566	381	23389
27566	364	23389
11759	145	8389
16080	368	22945
1080	20	14241
22945	267	16080
16080	344	26390
16080	284	29420
7945	225	1080
1080	78	11390
16080	284	26390
14061	226	8430
29061	414	23430
9441	226	8430
3726	226	8430
8636	226	8430
3376	226	8430
14064	226	8430
28203	414	23430
10010	226	7589
21047	414	22589
6047	226	7589
25896	414	22589
15943	414	22589
24853	414	24776
9853	226	9776
24853	414	15382
9853	226	382
24853	386	16260
24853	313	18432
24853	259	20849
18340	414	22097
3340	226	7875
3340	226	1275
18340	330	19824
18340	414	22875
3340	159	4824
18340	259	20849
18340	414	16275
908	205	4096
15908	296	24501
15908	381	19116
15908	414	26666
15908	284	19096
908	48	4116
908	169	3612
271	205	7752
271	226	4221
28211	284	15946
29579	284	15946
14731	205	946
14604	205	946
13860	205	946
12701	205	946
28860	284	15946
25112	373	15946
13351	53	3351
28332	278	18351
12017	53	3351
19513	250	18351
28351	250	18351
205	53	3351
24748	250	18351
27017	250	18351
14731	226	744
29731	414	15744
28592	414	15744
28035	414	15744
23010	414	15744
13592	226	744
19343	414	15744
2937	226	744
4602	159	7923
4602	48	7923
19602	364	22923
19602	381	22923
19602	330	22923
9174	226	2259
5037	226	2259
11603	226	2259
7738	226	2259
24174	414	17259
15906	414	17259
24050	414	17259
22738	414	17259
29132	410	20881
14132	49	5881
20881	252	25341
22613	410	20881
7310	115	5881
4097	115	5881
1303	115	5881
7214	115	5881
4950	160	11586
19950	351	26586
28083	344	23791
27943	364	23791
13618	189	8791
16019	344	23791
25838	344	23791
1019	189	8791
24684	344	23791
26617	344	23791
5771	125	11417
20771	409	26417
20771	296	16411
20771	284	17462
5771	4	1411
22507	344	26579
22507	321	23793
7507	20	8793
22507	344	21017
7507	78	11579
7507	61	11579
7507	6	10525
7507	61	6017
28849	352	23805
13849	24	8805
18136	351	23805
3136	160	8805
8805	71	1260
23805	369	16260
8027	120	8805
21919	311	29920
21919	414	25481
21919	414	16054
6919	48	1054
6919	159	1054
21919	381	16054
21919	330	16054
6919	145	1054
21838	351	21329
8271	145	6838
10722	145	6838
11341	145	6838
23271	364	21838
24626	411	18038
9626	48	1434
9626	48	8533
24626	414	23533
9626	226	730
24626	381	16434
9626	48	3038
24626	330	16434
28778	364	19224
28447	364	19224
13778	145	4224
4224	160	843
2780	145	4224
6717	145	4224
17780	364	19224
13447	145	4224
20892	311	29236
20892	296	27906
5892	4	12906
5892	75	14236
20892	386	16260
21105	311	16946
6105	205	5429
21105	414	21130
21105	414	18277
21105	284	20429
6105	226	3277
6105	226	6130
6105	75	1946
12884	20	1237
27884	321	16237
2269	20	1237
15588	321	16237
17269	321	16237
22866	321	16237
7866	20	1237
16237	369	16260
4539	225	13745
19539	267	28745
28745	368	19539
13745	151	4539
27933	374	24610
27635	374	24610
12933	58	9610
16158	374	24610
9649	119	9610
24610	374	16138
6937	58	9610
9610	58	4954
29576	304	24409
9409	1	5849
24409	285	28914
9409	25	13914
9409	216	13914
25503	304	24409
23272	381	27047
23272	296	16411
8272	159	12047
8272	226	1505
23272	414	27047
23272	411	17036
8272	226	730
21938	414	29337
6938	226	14337
21938	386	20618
6938	75	9232
20787	381	29887
20787	330	29887
5787	48	14887
5787	159	14887
20787	284	25131
5787	145	2191
5787	145	1403
15202	368	27091
202	52	12091
12091	57	202
27091	267	15202
10356	226	12656
25356	414	27656
10356	226	8402
25356	414	23402
25356	414	20253
24329	414	24183
9329	226	7366
24329	414	22366
24329	330	15362
24329	414	25437
9329	226	10437
9329	159	362
9329	205	7655
27054	330	21541
27435	330	21541
27054	381	21541
29865	330	21541
12054	48	6541
10304	159	6541
18471	330	21541
25304	330	21541
13313	154	6662
28313	284	21662
23483	284	21662
9668	154	6662
15501	284	21662
21340	284	21662
8483	154	6662
14597	105	10141
29597	392	25141
28925	392	25141
7304	105	10141
26136	392	25141
720	105	10141
24426	392	25141
15720	392	25141
13097	226	5803
27435	414	20803
27054	414	20803
14684	226	5803
20803	351	25968
28436	414	20803
26108	414	20803
23596	414	20803
12935	48	8121
13668	48	8121
28668	381	23121
18139	381	23121
13944	48	8121
5155	48	8121
26545	381	23121
17679	381	23121
29630	364	25373
14630	145	10373
14770	145	10373
29770	364	25373
10082	145	10373
15699	364	25373
14723	145	10373
1201	145	10373
7587	226	31
22587	414	15031
18174	321	27818
3174	20	12818
3174	145	8741
3174	8	2330
12569	41	2956
27569	248	17956
2956	79	14506
17956	293	29506
17830	248	17956
27326	414	21355
12326	226	6355
14783	226	6355
29772	414	21355
14772	200	6355
4812	226	6355
19595	414	21355
28129	414	21355
7363	103	12036
22363	293	27036
15391	414	27165
391	145	12655
391	226	12165
391	226	7880
15391	296	23833
15391	414	22880
15391	364	27655
391	4	8833
18456	311	22823
3456	226	180
3456	226	7493
18456	414	22493
18456	414	15180
18456	414	22680
3456	75	7823
21738	330	22456
21738	381	22456
6738	159	7456
24062	280	20789
9062	14	5789
12804	205	9379
13238	205	9379
28238	284	24379
12179	205	9379
27529	284	24379
27804	284	24379
24379	407	18432
3588	205	9379
4868	205	3216
19868	284	18216
19868	414	19374
4868	226	4374
7521	145	13172
7521	226	13633
7521	226	2683
7521	226	13621
22521	414	28621
22521	414	17683
22521	411	16168
27099	344	17288
15078	344	17288
26859	344	17288
24578	344	17288
17667	344	17288
12099	61	2288
9578	61	2288
12099	145	2288
228	226	8336
15228	414	23336
15228	414	27870
228	226	12870
24629	402	17807
18715	267	24629
24629	344	17807
3715	225	9629
9629	48	2807
24629	368	18715
9629	78	2807
9629	145	2807
27482	414	16151
12482	226	1151
15319	414	16151
589	226	1151
319	226	1151
106	226	1151
16151	351	18432
15106	414	16151
4830	205	13104
4830	226	11059
19830	414	26059
19830	364	21130
19830	284	28104
19830	313	18432
19830	386	16260
19830	259	20849
28118	343	21788
366	115	6788
8378	115	6788
12931	115	6788
6788	71	6788
11282	115	6788
6788	135	10331
27931	343	21788
18695	381	29425
18695	411	29425
18695	330	29425
3695	169	14425
18695	284	29425
18695	414	29425
18695	364	29425
3695	205	14425
28773	381	24088
13773	48	9088
9088	58	11748
24088	317	22401
9088	58	4954
9088	58	609
9088	58	3197
12604	41	8747
13747	41	8747
27604	248	23747
5603	41	8747
28747	248	23747
25592	317	23747
7390	41	8747
10592	41	8747
3207	226	5775
18207	414	20775
7887	226	719
22887	296	15925
22887	414	17672
22887	414	15719
7887	4	925
22887	259	20849
19929	296	22802
4929	226	11187
19929	330	15067
4929	48	968
19929	381	15968
4929	159	67
4929	4	7802
5591	160	9027
5591	49	9027
20591	410	24027
20591	351	24027
20591	342	24027
20254	296	21114
5254	205	1065
5254	4	6114
20254	284	16065
3265	145	8314
6880	145	8314
6314	145	8314
19676	364	23314
4676	145	8314
18265	364	23314
260	145	8314
3268	38	8314
28739	409	22618
14951	125	7618
29951	409	22618
213	125	7618
6022	125	7618
2053	125	7618
18246	409	22618
21022	409	22618
29053	381	17471
29053	330	17471
14053	159	2471
28265	364	17471
14053	48	2471
25402	330	17471
25402	381	17471
14053	145	2471
7259	205	6556
22259	284	21556
22259	414	17442
22259	414	15031
7259	226	2442
7259	226	31
18037	364	27075
3037	145	12075
18037	414	21389
3037	226	6389
17448	414	17910
2448	226	2910
2448	29	5618
2448	226	5750
12432	151	8966
27432	368	23966
8966	225	12432
23966	321	15406
8966	151	4443
23966	368	19443
19443	267	23966
23966	267	27432
29059	364	18030
14059	145	3030
4059	145	3030
29713	364	18030
14713	145	3030
7481	145	3030
22119	364	18030
22481	364	18030
7927	226	5936
7927	226	6918
22927	414	20936
22927	414	21918
22927	414	29217
5905	145	904
5905	226	904
20905	414	21247
20905	414	15904
20905	330	26012
5905	159	11012
20905	364	15904
20905	306	25883
21331	321	19490
6331	20	4490
28913	414	23871
13913	200	8871
6464	226	8871
7819	226	8871
6871	226	8871
10616	226	8871
17122	414	23871
25616	414	23871
215	226	14172
15215	414	29172
7826	33	9686
7826	33	6947
22826	290	21947
7826	139	340
7826	33	340
7826	33	950
22826	290	24686
22826	290	15340
19698	414	22097
19698	414	18615
4698	226	3615
4698	226	7097
19698	259	20849
19009	351	18389
19009	271	16260
18942	381	23294
18942	330	23294
3942	48	8294
3942	159	8294
3942	205	8294
18942	304	21401
18942	386	20618
23832	294	22709
8832	144	7709
8832	156	7709
23832	303	22709
23832	269	22437
29392	330	21324
28268	414	21324
14392	159	6324
14392	226	6324
21103	414	21324
23267	414	21324
19444	414	21324
21324	248	20884
12999	61	5127
12999	78	5127
29097	402	20127
29097	344	20127
29301	344	20127
27999	402	20127
24655	344	20127
24655	402	20127
29516	330	22279
4311	159	7279
14516	159	7279
19311	330	22279
18802	330	22279
3802	159	7279
7279	16	2777
22279	384	17777
29539	414	16635
14539	226	1635
569	226	1635
15569	414	16635
4676	145	8314
4676	226	9803
19676	364	23314
19676	386	16260
19676	259	20849
19834	303	27015
4834	156	12015
28458	368	24458
9458	225	13458
24458	267	28458
13458	151	9458
9458	42	13204
24458	250	20350
16378	290	28171
16378	290	15822
16378	290	16235
1378	33	13171
16378	290	27515
16378	290	18757
1378	33	1803
1378	33	822
7162	139	11482
22162	290	26482
22162	397	26482
7162	160	11768
22162	351	26768
7162	128	1460
22162	346	16460
28403	364	17449
13403	145	2449
27875	414	17449
8471	145	2449
28403	414	17449
13403	226	2449
16162	364	17449
20710	364	17449
6379	41	13472
21379	248	28472
14976	139	7620
29976	397	22620
2104	139	7620
14417	139	7620
29976	290	22620
7862	139	7620
9725	139	7620
29417	290	22620
29499	319	20911
19117	319	20911
21252	319	20911
14499	98	5911
4117	98	5911
9606	98	5911
20911	384	23084
20911	271	18320
17958	362	24095
2958	46	9095
2958	160	11392
23324	296	28519
8324	4	13519
8324	205	3483
28135	414	17532
28109	414	17532
13109	226	2532
13135	226	2532
16466	414	17532
25739	414	17532
6828	226	2532
10739	226	2532
29866	414	21048
12688	226	6048
14304	226	6048
13306	226	6048
5469	226	6048
4668	226	6048
19297	296	23388
19297	311	28300
4297	75	13300
4297	4	8388
19297	259	20849
27576	267	15872
15872	368	27576
15872	344	24639
15872	321	15899
12576	225	872
872	151	12576
872	78	9639
872	61	9639
18481	369	20646
18481	352	21051
3481	77	10233
3481	71	5646
3481	24	5646
3481	29	5646
3481	24	6051
6398	125	11417
21398	414	25953
21398	330	21154
21398	284	27598
21398	381	21154
6398	205	12598
21398	381	23121
21398	414	23098
16884	414	27396
1884	226	12396
16884	414	15289
16884	414	22545
1884	226	7545
1884	226	289
22440	284	18216
7440	205	3216
7440	226	11215
7440	226	3903
19910	397	21279
19910	290	18551
19910	290	21279
4910	139	6279
4910	33	6279
4910	33	3551
24975	304	24836
9975	75	9836
24975	311	24836
9975	226	9036
9975	226	6629
9975	226	11200
24975	414	24036
24975	414	25315
14659	225	2156
29659	267	17156
2156	151	14659
17156	368	29659
13437	226	8402
28437	414	23402
29853	414	23402
23402	351	21329
13755	226	8402
10722	200	8402
23402	407	21158
8271	145	8402
22517	414	27147
7517	226	12147
22517	296	16412
7517	4	1412
29639	391	22068
14639	170	7068
22068	396	29639
7068	170	14639
19675	269	16856
4675	168	1856
19675	292	29095
884	75	6223
27042	304	21223
6223	25	9980
6223	25	5096
21223	352	28299
6223	11	13299
21740	304	21223
24614	304	21223
20943	296	28059
5943	226	14895
20943	414	29895
5943	4	13059
20943	414	15811
20317	290	21164
5317	190	6164
3356	33	6164
9016	33	6164
14136	190	6164
5805	222	4434
20805	341	19434
21623	296	27628
6623	4	12628
6623	48	6715
21623	414	26702
21623	414	18897
21623	381	21715
6623	226	11702
21623	284	19190
3185	145	3097
18185	364	18097
18185	414	18097
3185	205	3640
18185	414	16840
3185	226	1840
18185	284	18640
18185	259	20849
28132	330	16074
8854	145	1074
23854	364	16074
13132	145	1074
23854	381	16074
8854	48	1074
23854	330	16074
8854	159	1074
19608	321	26350
4608	20	11350
6274	160	14573
9527	154	6274
482	154	6274
21274	351	29573
21274	271	18320
23824	284	21274
15482	284	21274
24527	284	21274
21274	413	24964
6274	20	7689
13811	226	9399
28811	414	24399
29666	414	24399
241	226	9399
14666	226	9399
863	226	9399
12094	226	9399
27094	414	24399
15874	311	19485
17612	311	19485
15890	303	19485
16811	303	19485
25063	311	19485
16537	303	19485
28329	344	18302
13329	189	3302
17488	344	18302
18302	250	28031
2488	189	3302
3302	53	13031
2488	145	3302
18302	386	21501
20000	296	16900
5000	159	8578
5000	169	10070
20000	330	23578
20000	411	25070
20000	414	19611
5000	4	1900
20000	259	20849
14924	20	8152
14957	20	8152
29924	321	23152
29957	321	23152
12066	20	8152
5705	20	8152
25199	321	23152
27066	321	23152
22760	414	29217
22760	414	20253
7760	205	10179
7760	226	14217
7760	226	5253
22760	284	25179
17501	369	20425
2501	29	5425
2501	23	3298
17501	259	18298
6580	159	14249
21580	414	20810
6580	226	5810
21580	330	29249
21580	259	20849
27942	414	17289
12813	226	2289
12942	226	2289
28997	414	17289
13997	226	2289
22413	414	17289
3051	226	2289
9710	226	2289
8403	48	13556
23403	381	28556
23403	416	28178
8403	51	13178
27654	311	16692
14748	144	1692
29748	294	16692
18192	272	16692
17561	311	16692
18192	281	16692
16692	300	18192
5639	75	1692
7108	16	5099
22108	248	22000
7108	41	7000
27908	410	22352
12908	49	7352
10732	160	7352
22352	345	19123
19123	345	22352
25355	351	22352
10355	160	7352
25732	351	22352
28972	414	25204
8329	226	10204
13972	226	10204
856	226	10204
4765	226	10204
23329	414	25204
25204	271	20618
15856	414	25204
6650	226	6569
21650	296	16412
6650	205	6150
6650	159	3042
6650	145	2830
21650	364	17830
21650	330	18042
21650	381	17830
18361	368	19782
18361	267	29224
19782	267	18361
18361	344	15954
29224	368	18361
3361	151	4782
3361	225	14224
3361	78	954
23625	250	18124
8625	53	4753
23625	250	19753
8625	53	3124
23625	292	25149
29332	351	20502
14599	160	5502
25887	351	20502
29599	351	20502
10887	160	5502
29599	342	20502
7173	49	5502
19662	323	20502
2879	48	10965
2879	145	11994
17879	381	19658
17879	330	26994
17879	381	25965
17879	414	25965
17879	364	26994
2879	226	10965
6298	49	3845
6298	160	3845
21298	342	18845
21298	351	18845
21298	410	18845
21298	317	24151
3564	226	4750
3564	226	4510
18564	414	19750
18564	414	19510
18564	364	19510
18564	259	20849
7706	226	13850
22706	414	28850
22706	311	27531
22706	414	21456
22706	414	21130
22706	414	21044
22706	414	21324
7706	226	6044
8476	48	10965
8476	226	3108
23476	414	25965
23476	414	18108
8476	226	2419
23476	414	17419
23476	381	25965
23476	250	20312
27362	284	25113
27280	284	25113
12280	205	10113
9782	205	10113
25113	351	16774
6109	205	10113
3288	205	10113
6870	205	10113
29582	303	15625
27787	303	15625
13071	156	625
27820	303	15625
12820	156	625
12787	156	625
14582	156	625
28071	303	15625
5134	159	898
18337	330	15898
18424	330	15898
20134	330	15898
25337	330	15898
13790	159	898
26889	330	15898
15898	384	17777
17609	343	20053
2609	115	5053
2609	115	3709
17609	343	18709
17609	351	21012
24528	414	26443
29567	414	22364
5570	226	7364
14567	226	7364
6941	226	7364
7364	16	2777
22364	271	20618
21262	414	22364
24040	414	22364
18874	381	20856
3874	226	7599
3874	159	5856
18874	330	20856
18874	414	22599
18874	386	20618
4399	226	4743
19399	381	26992
19399	411	26992
4399	169	11992
19399	330	26992
4399	48	11992
4399	159	11992
19399	414	19743
19314	311	27531
4314	159	14249
19314	296	23650
19314	414	21865
19314	330	29249
4314	75	12531
4314	226	6865
4314	4	8650
10047	125	9161
25047	409	24161
27316	362	20283
12316	46	5283
5283	77	10233
19626	362	20283
17215	362	20283
2215	46	5283
16902	362	20283
1902	46	5283
18436	414	28598
3436	226	13598
18436	330	16853
18436	381	16853
3436	125	5618
18436	414	25505
3436	48	1853
3436	159	1853
23032	258	29015
8032	184	14015
14015	94	8032
27752	414	16772
12752	226	1772
7479	226	1772
676	226	1772
4569	226	1772
21013	414	16772
19569	414	16772
4376	226	1772
18469	414	23659
18469	411	21091
18469	414	18903
3469	226	3903
3469	169	6091
18469	284	17855
3469	226	8659
3469	205	2855
27794	414	24762
12794	226	9762
4406	226	9762
25632	414	24762
10632	226	9762
19406	414	24762
3661	226	9762
18661	414	24762
23869	248	27808
8869	41	12808
8869	160	4060
23869	351	19060
21	159	10473
21	48	10473
21	145	10473
15021	364	25473
15021	381	25473
15021	414	25473
15021	330	25473
21	226	10470
28820	303	17756
28542	303	17756
373	156	2756
13820	156	2756
22910	303	17756
15373	303	17756
5152	156	2756
20152	303	17756
20322	362	20698
5322	46	5698
20322	271	20618
5322	160	5618
5322	230	5618
20322	384	20099
13588	49	8297
13588	160	8297
6077	49	8297
10207	49	8297
9792	49	8297
2197	160	8297
28588	410	23297
25261	351	23297
1477	226	8247
16477	414	23247
1477	226	7262
16477	414	17695
16477	414	22262
16477	386	16260
16477	259	20849
24405	364	29700
24405	296	25251
9405	145	14700
24405	414	21763
9405	226	6763
24405	414	25869
9405	226	10869
9405	4	10251
13940	160	5207
28940	351	20207
7920	49	5207
22920	410	20207
7920	123	5207
19246	410	20207
22216	351	20207
7216	160	5207
20037	414	28757
20037	414	24803
20037	414	17259
20037	414	19960
5037	226	9803
5037	226	13757
5037	226	4960
5037	226	2259
22869	284	22419
22869	414	21874
7869	226	6874
7869	205	7419
26220	344	19259
15724	344	19259
19292	344	19259
28669	344	19259
27320	344	19259
27215	344	19259
15666	344	19259
12320	189	4259
10038	125	11417
25038	296	20299
25038	381	15047
10038	145	12678
25038	284	18053
25038	364	27678
25038	364	15047
25038	414	15047
13133	20	6649
28133	321	21649
3459	20	6649
11797	20	6649
13401	20	6649
10790	20	6649
18459	321	21649
28401	321	21649
23551	416	29026
8551	51	14026
8551	53	6136
23551	250	21136
147	226	12754
15147	414	27754
147	48	3766
15147	381	18766
15147	330	18766
147	159	3766
15147	386	16260
15147	259	20849
10265	226	3439
25265	296	17901
10265	205	3439
25265	414	18439
25265	284	18439
25265	414	15129
25265	330	23578
10265	4	2901
27038	414	21763
21763	265	18688
28854	414	21763
9405	226	6763
2655	226	6763
10867	226	6763
7232	226	6763
10428	226	6763
28354	414	17605
29762	414	17605
12912	226	2605
27681	414	17605
12681	226	2605
23129	414	17605
16891	414	17605
18370	414	17605
21196	311	28300
21196	304	28300
6196	226	6337
6196	205	6150
21196	414	21337
91	34	14608
14608	196	91
15091	368	29608
29608	267	15091
15091	416	19636
91	162	4636
28410	344	17746
13410	145	2746
13410	189	2746
2746	53	3622
7458	181	2746
7458	113	2746
2746	20	5939
2746	113	7212
18216	351	26884
7058	205	3216
10759	205	3216
28688	330	21549
13688	159	6549
881	159	6549
18388	330	21549
15881	330	21549
21549	351	26768
3388	159	6549
6549	160	11768
17898	414	29386
2898	226	14386
15809	381	20893
15809	284	21150
809	205	6150
809	48	5893
809	226	11405
809	226	9317
25830	375	15809
809	75	11919
4199	43	14573
14573	172	4199
4199	29	3320
29573	293	19199
9135	11	4199
29573	287	19199
19199	251	29573
19199	301	29573
14055	226	6648
29055	414	21648
12019	226	5253
27646	414	20253
29013	414	20253
4364	226	5253
7998	226	5253
12043	226	5253
6041	226	5253
2611	226	5253
5772	225	12350
27350	368	20772
20772	267	27350
12350	151	5772
20772	344	22197
5772	145	7197
5772	189	7197
7395	226	8629
7395	226	12480
22395	414	21451
22395	414	27480
22395	414	23629
22395	414	16871
7395	205	3640
22395	330	16185
27832	330	25106
27404	381	25106
12832	159	10106
12404	48	10106
21300	381	25106
5746	48	10106
20746	381	25106
22092	381	25106
21106	364	29961
6106	145	14961
6106	226	2091
6106	226	9197
21106	414	24197
21106	414	17091
21106	304	21176
17527	351	27532
2527	49	12532
2527	160	12532
17527	410	27532
20935	414	21351
3357	226	6351
23340	414	21351
15101	414	21351
24343	414	21351
18357	414	21351
101	226	6351
2270	226	6351
13534	226	6950
11010	226	6950
11620	226	6950
28534	414	21950
9381	226	6950
21950	351	25527
8959	226	6950
26010	414	21950
1508	226	14985
16508	414	29985
1508	226	4914
16508	414	19914
15543	296	18263
15543	364	17021
543	226	10078
15543	414	25078
543	4	3263
543	226	4845
15543	330	25052
543	159	10052
28017	344	24960
27836	344	24960
13017	189	9960
16045	344	24960
12943	189	9960
27943	344	24960
28083	344	24960
24823	344	24960
24109	250	28332
24109	269	29072
9109	53	13332
9109	168	14072
9109	144	7476
24109	294	22476
24109	292	25149
28943	414	24017
28943	330	24017
13943	48	9017
28943	364	24017
13943	145	9017
28943	381	24017
13943	159	9017
24455	414	24017
13051	225	6547
21547	368	28051
6547	151	13051
28051	267	21547
1784	226	10470
16784	414	25470
16784	330	25470
1784	159	10470
8039	53	13332
23039	250	28332
8039	44	2
23039	357	15002
8039	168	14072
9949	159	13952
9949	48	13952
24949	330	28952
24949	381	28952
24949	364	28952
24949	386	20618
14433	156	1819
29433	303	16819
16705	303	16819
1705	156	1819
20398	303	16819
5398	156	1819
1819	66	3254
18925	344	18048
26130	344	18048
27770	344	18048
26130	364	18048
28805	344	18048
20029	344	18048
13805	61	3048
3048	53	3622
12456	226	5527
27456	414	20527
1040	226	5527
11469	226	5527
26469	414	20527
9100	226	5527
8674	226	5527
16050	414	20527
22063	311	28300
22063	414	26655
7063	205	4190
7063	75	13300
22063	284	19190
7063	226	11655
24830	414	25035
9830	226	10035
24830	250	19593
24830	386	16260
21520	414	27335
6520	226	12335
21520	313	18432
9731	75	12531
24731	311	27531
24731	296	23662
24731	414	21355
24731	304	27531
24731	381	22378
9731	205	3098
9731	226	6355
9156	205	4590
24156	284	19590
26537	284	19590
11537	205	4590
27602	296	25418
12602	4	10418
21258	296	25418
10413	4	10418
4632	4	10418
11038	4	10418
5555	4	10418
132	4	10418
19584	414	29054
19584	414	15169
4584	226	732
4584	226	169
19584	414	15732
4584	226	14054
8405	226	919
23405	414	15919
23405	414	18615
23405	414	18277
8405	226	3615
8405	226	3277
23405	386	16260
23405	386	20618
6654	226	13195
21654	414	25506
21654	414	23402
6654	226	8945
21654	414	23945
21654	414	15169
21654	414	27870
2653	226	14800
17653	311	24485
17653	414	29800
2653	205	3910
17653	284	18910
2653	75	9485
2653	75	14652
6383	139	11554
6383	160	4060
21383	351	19060
21383	397	26554
21383	290	25311
21383	290	26554
21862	284	27277
6862	226	6667
6862	205	12277
21862	414	21667
21862	250	20312
21862	259	20849
1040	205	2101
16040	311	27531
16040	414	20527
16040	414	26081
1040	145	3786
16040	414	20491
1040	226	7875
16040	414	16840
6356	53	10982
21356	303	22287
21356	250	25982
6356	156	7287
18838	364	15686
18838	381	15686
3838	145	686
18838	330	15686
3838	159	686
3838	48	686
3838	169	686
18838	411	15686
18766	271	16260
147	48	3766
3377	159	3766
15238	364	18766
238	159	3766
238	48	3766
18766	351	22361
15147	381	18766
25226	381	29243
25226	414	29243
25226	330	29243
10226	159	14243
10226	48	14243
10226	226	14243
25226	414	29367
10226	226	14367
22980	414	26406
7980	226	11406
16577	311	25943
16577	414	28757
1577	226	5443
1577	226	13757
16577	414	20443
1577	75	10943
16577	386	16260
29679	344	15730
28095	364	15730
28095	344	15730
29729	330	15730
19387	402	15730
26189	344	15730
29729	381	15730
21320	344	15730
11304	226	10285
7415	226	10285
273	226	10285
18	48	10285
17491	414	25285
18	145	10285
18	226	10285
6332	226	10285
25285	384	17777
15018	364	25285
22415	414	25285
15018	377	25285
29265	330	19185
23715	330	19185
14265	159	4185
23715	381	19185
19517	330	19185
8715	48	4185
19517	381	19185
4517	48	4185
18400	284	27598
18400	381	19953
18400	330	27678
18400	414	19803
3400	48	12678
3400	205	12598
3400	145	13665
3400	159	12678
8968	205	5069
23968	296	28704
8968	4	13704
8968	159	8546
23968	330	23546
23968	284	20069
21281	330	29016
6281	159	14016
6281	226	6126
6281	226	719
21281	414	15719
21281	414	17142
6281	169	3612
16085	414	15041
1085	226	41
1085	29	5618
1085	75	9232
16085	259	20849
4775	145	3774
2751	48	3774
1751	48	3774
18991	381	18774
4331	159	3774
18991	414	18774
18991	330	18774
2751	159	3774
14479	41	6712
29479	248	21712
4349	41	6712
19349	248	21712
25726	248	21712
10726	41	6712
21712	369	20618
6712	29	5618
4423	125	3482
19423	296	27248
19423	414	29693
19423	284	20858
19423	409	18482
4423	226	14693
4423	205	5858
4423	4	12248
17709	351	17614
8124	226	2709
10832	226	2709
17709	410	23883
2709	160	2614
2709	49	8883
25832	414	17709
28412	414	17709
29116	378	25233
14116	77	10233
3481	77	10233
20040	378	25233
5040	77	10233
13529	77	10233
5283	77	10233
19737	378	25233
19301	381	28608
19301	330	28608
4301	48	13608
19301	381	26992
4301	226	1639
19301	330	26992
4301	159	13608
4301	159	11992
27001	351	22668
27909	351	22668
12909	160	7668
7668	71	7668
7668	71	7668
3637	126	7668
22668	287	26731
12001	160	7668
13540	151	2032
17032	267	28540
28540	368	17032
17032	416	22577
2032	51	7577
2032	225	13540
9676	205	3640
24676	414	24244
24676	296	25154
24676	414	21337
9676	226	6337
24676	284	18640
9676	226	9244
9676	4	10154
4511	75	9485
19511	311	24485
19511	414	15712
19511	414	23687
19511	304	24485
19511	414	21629
4511	226	811
19511	414	19874
4578	103	12788
19578	352	27788
19578	379	27788
28911	296	16593
13911	4	1593
28661	296	16593
13661	4	1593
20876	296	16593
21591	296	16593
3250	4	1593
24891	296	16593
27565	414	18885
14774	200	3885
12565	226	3885
29774	310	18885
29774	414	18885
2474	226	3885
27278	414	18885
18885	271	16260
28710	344	18270
29781	344	18270
14437	189	3270
22133	364	18270
17480	344	18270
22133	344	18270
22953	344	18270
24752	344	18270
20756	381	26472
20756	364	16081
5756	48	11472
5756	145	1081
20756	330	16081
20756	414	16086
5756	226	1086
4919	16	2042
4919	16	7848
19919	384	17042
19919	384	22848
29711	344	18159
17397	344	18159
14711	189	3159
2397	189	3159
3159	20	9902
14680	181	3159
14680	113	3159
3159	20	12652
25494	296	23077
10494	159	2558
10494	145	5659
25494	381	21357
10494	226	2750
25494	414	17750
25494	364	20659
28212	414	15692
13632	140	692
28632	414	15692
13212	226	692
19988	414	15692
16768	414	15692
20673	414	15692
26522	414	15692
21521	414	20902
6521	226	3903
21521	330	17966
6521	226	4374
21521	414	19374
21521	414	18903
6521	159	2966
6784	160	3718
21784	351	18718
21784	271	18718
6784	128	2848
2128	156	3353
17128	294	18353
17128	303	18353
17128	250	18988
2128	144	3353
2128	53	3988
8229	226	13850
8229	226	4807
23229	414	20494
23229	296	19165
23229	414	28850
23229	414	15600
23229	414	19807
8229	205	7902
10102	159	6715
25102	330	21715
25102	414	20559
10102	226	5559
18346	381	25036
18346	364	25036
3346	226	5351
18346	330	25036
3346	226	2026
3346	226	11942
18346	414	17026
3346	205	8488
17995	368	28528
2995	151	13528
13528	225	2995
28528	267	17995
2995	51	7704
17995	416	22704
20095	344	24648
20095	321	27977
5095	20	12977
26	6	5095
5095	189	9648
24356	364	16418
9356	226	5628
24356	414	20628
9356	145	1418
10300	62	3960
25300	336	22083
25300	319	18960
10300	193	7083
25300	377	18960
12364	53	4753
29290	250	19753
13317	53	4753
28317	250	19753
26875	250	19753
7268	53	4753
26559	250	19753
22268	250	19753
17034	369	27306
4194	23	2034
7277	23	2034
8497	23	2034
8359	23	2034
22277	259	17034
19194	259	17034
23359	259	17034
16847	381	24718
22994	381	24718
23860	381	24718
19394	381	24718
19394	330	24718
3935	145	3736
7931	145	3736
19638	364	18736
16416	364	18736
11802	145	3736
4638	145	3736
18935	364	18736
26802	364	18736
19023	296	27803
4023	4	12803
4023	169	12365
8648	225	1389
1389	189	12815
16389	344	27815
1389	20	1269
16389	368	23648
23648	267	16389
16389	321	16269
15135	381	20063
15135	330	20063
15135	364	20063
135	159	5063
15135	284	17855
135	48	5063
135	169	6091
135	145	5063
22204	330	15181
22204	414	18145
22204	414	15181
7204	205	7902
7204	159	181
22204	284	22902
7204	226	3145
7365	33	6846
7365	33	11639
7365	33	4847
22365	290	21846
22365	290	19847
7365	33	13161
22365	290	28161
22365	290	26639
14495	226	5728
29495	414	20728
20728	271	20618
24821	414	20728
5728	160	5618
5728	49	5618
29704	267	16528
16528	402	27016
16528	368	29704
1528	151	14704
14704	225	1528
1528	145	12016
1528	61	12016
1528	6	2336
29814	351	20345
14814	160	5345
5532	160	5345
20532	351	20345
29272	414	24715
29551	414	24715
10493	226	9715
29567	414	24715
14551	226	9715
1568	226	9715
17902	414	24715
22585	414	24715
16915	344	17955
29788	344	17955
15476	344	17955
23729	344	17955
17955	321	29221
14788	189	2955
14788	145	2955
1915	189	2955
1110	226	11405
16110	304	24409
1110	226	4521
16110	296	26961
1110	226	13914
16110	414	28914
16110	414	15712
16110	414	19521
14335	226	3378
13537	226	3378
28537	414	18378
29335	414	18378
728	226	3378
8925	226	3378
3919	226	3378
18378	351	23472
8062	226	12341
23062	330	29720
23062	381	29720
8062	159	14720
23062	364	29720
8062	169	14720
8062	48	14720
23062	411	29720
18552	414	21860
18552	284	20429
3552	205	5429
18552	414	18277
3552	226	6860
3552	226	3277
18552	304	23102
28589	368	21806
21806	267	28589
6806	225	13589
21806	344	20073
6806	78	5073
13589	151	6806
6806	61	5073
2125	168	10074
2125	168	3147
17125	269	18147
17125	269	25074
2125	144	689
17125	303	15689
2125	156	689
17125	294	15689
28224	330	22923
28224	414	22923
28224	381	22923
10375	48	7923
4602	48	7923
8572	159	7923
13224	48	7923
310	159	7923
7586	159	8432
22586	414	24111
22586	330	23432
22586	414	17536
7586	226	2536
7586	226	9111
7586	169	6118
22586	259	20849
14787	226	712
28359	414	15712
13359	226	712
12613	226	712
3664	226	712
29787	414	15712
7103	226	712
5442	226	712
27854	284	18098
12854	205	3098
24976	284	18098
18098	351	19817
15258	284	18098
258	205	3098
9976	205	3098
2515	205	3098
3171	53	13978
18171	250	28978
18171	321	18495
3171	20	3495
16610	414	21998
1610	226	6998
16777	414	21998
1391	226	6998
16391	414	21998
1777	226	6998
21998	279	18482
18948	414	29188
3948	226	14188
18948	414	23649
3948	226	8649
14554	226	5917
29554	414	20917
17515	414	20917
7311	226	5917
23559	414	20917
22311	414	20917
2515	226	5917
8559	226	5917
29395	330	23346
27491	414	23346
25860	330	23346
25860	381	23346
8159	145	8346
10860	159	8346
12491	226	8346
23159	364	23346
27874	290	16803
27239	290	16803
13169	190	1803
14994	190	1803
13861	33	1803
4299	33	1803
29994	290	16803
11821	33	1803
3080	159	4168
18080	330	19168
18080	296	21107
18080	381	19168
18080	304	16594
3080	226	757
3080	48	4168
18080	414	15757
20014	414	29054
20014	414	16850
5014	48	9858
5014	159	9858
5014	226	10588
20014	330	24858
5014	226	14054
20014	414	25588
19285	351	21051
4285	160	6051
19285	271	20646
4285	160	5646
24699	414	28296
9699	226	13296
9699	226	9053
24699	414	24053
9060	225	14415
14415	151	9060
29415	368	24060
24060	267	29415
24060	321	15094
9060	20	94
15541	284	27418
541	200	6250
541	226	6250
15541	414	22589
15541	414	21250
15541	381	23083
15541	414	16275
541	48	8083
22271	414	21126
7271	226	6126
27088	381	15952
27088	414	15952
28907	414	15952
1744	48	952
27841	414	15952
20175	414	15952
6723	226	952
5175	145	952
17140	368	26794
11794	225	2140
26794	267	17140
2140	151	11794
23172	296	20299
23172	414	26687
23172	381	21820
23172	330	21820
8172	48	14057
23172	381	26687
23172	381	29057
8172	145	13665
3595	139	6560
18595	351	28678
3595	160	13678
18595	290	19835
18595	397	21560
20072	364	27703
5072	145	12703
5072	226	4695
20072	414	19695
20072	414	20940
5072	75	12531
19122	364	18752
19122	381	27678
19122	414	27678
4122	145	3752
4122	48	12678
4122	226	12678
4122	48	4953
19782	344	15954
18361	344	15954
29224	344	15954
14224	145	954
3361	78	954
3361	145	954
4782	145	954
4782	78	954
2486	226	3474
17486	284	21711
2486	205	6711
17486	414	18474
17486	414	21816
17486	386	20618
17486	259	20849
4254	226	6048
19254	296	23556
19254	414	20945
19254	414	21048
4254	226	5945
19254	414	24275
19254	259	20849
19254	414	23556
19652	296	27951
19652	414	29229
19652	284	18098
4652	4	12951
4652	205	3098
4652	226	14229
28001	284	17462
28911	284	17462
27626	284	17462
13415	205	2462
28717	284	17462
18694	284	17462
16976	284	17462
22509	284	17462
5614	41	5642
20614	351	22942
5614	160	7942
20614	317	20642
20614	248	20642
20614	317	22223
27311	284	17139
12311	205	2139
3109	205	2139
1160	205	2139
9577	205	2139
16160	284	17139
1436	205	2139
16184	381	17139
28427	250	18835
13427	42	3835
24190	250	18835
9190	42	3835
23818	284	18624
8818	205	3624
19142	414	20936
4142	226	5936
4142	226	4671
29322	414	24108
2499	226	9108
7944	226	9108
4526	226	9108
8519	226	9108
8068	226	9108
14322	226	9108
10421	226	9108
29550	294	24917
23222	294	24917
14550	144	9917
8901	144	9917
8222	144	9917
23901	294	24917
9917	1	8484
24917	334	23484
22135	414	28266
7135	226	13266
7135	226	4408
22135	414	19467
22135	414	19408
22135	250	19593
7135	145	1418
29784	343	15218
14784	115	218
28260	343	15218
13260	115	218
18924	343	15218
19853	343	15218
5363	115	218
19389	306	15218
24749	369	23889
9749	23	174
9749	29	8889
10062	226	12337
25062	414	27337
21598	344	28121
21598	344	28975
6598	20	3129
6598	20	4088
6598	78	13975
6598	78	13121
6598	61	13121
6598	48	13121
6187	159	798
21187	414	19463
21187	330	19824
6187	226	4463
21187	336	19757
21187	330	15798
21187	330	25540
6187	15	4757
23772	321	27472
18666	344	23772
19858	344	23772
18070	344	23772
8772	20	12472
4858	61	8772
3070	61	8772
3070	78	8772
17521	344	27930
2521	61	12930
2521	78	12930
6464	226	8871
21464	304	27531
21464	296	16928
6464	205	8107
21464	414	23871
21464	414	20634
6464	75	12531
21464	259	20849
25245	414	24514
10245	226	3057
25245	364	16576
25245	414	18057
10245	145	1576
17537	267	29548
14548	151	2537
2537	225	14548
29548	368	17537
28467	296	24562
13467	4	9562
9059	4	9562
11006	4	9562
8964	4	9562
3375	4	9562
11544	4	9562
18375	296	24562
29004	284	16305
14004	205	1305
258	205	1305
15258	284	16305
6955	145	13665
21955	411	17779
21955	381	26102
21955	364	28665
21955	381	19585
6955	48	11102
6955	48	4585
21955	414	23098
24346	368	29595
29595	267	24346
24346	344	24648
9346	151	14595
24346	321	27977
9346	20	12977
14595	225	9346
8103	6	9346
12329	41	1459
27329	248	16459
6289	157	1459
29469	248	16459
23392	248	16459
17364	248	16459
14469	41	1459
2364	41	1459
16937	414	28328
1937	226	13328
16937	414	20443
16937	284	18910
1937	205	3910
1937	226	5443
9488	225	11867
24488	368	29108
9488	159	1157
14108	225	9488
24488	267	26867
24488	330	16157
11867	151	9488
29108	267	24488
19789	296	28928
19789	364	28633
4789	145	13633
19789	414	28633
4789	226	13633
4789	4	13928
22962	344	18992
7962	78	3992
22962	321	29842
22962	402	18992
7962	20	14842
7962	48	3992
7962	61	3992
24865	330	20063
24865	364	20063
24865	414	21874
24865	411	21091
9865	205	2855
24865	284	17855
9865	169	6091
9865	226	6874
9239	89	3272
24239	248	18272
19380	319	29157
4380	98	14157
14157	233	4380
29551	414	15041
12907	226	41
27907	414	15041
14551	226	41
5224	226	41
16013	414	15041
4514	226	41
3934	226	41
27509	296	21114
12509	4	6114
27859	296	21114
12859	4	6114
14520	4	6114
21114	351	25274
532	4	6114
4778	48	12889
19778	414	27169
4778	145	2999
4778	226	12169
4778	205	9618
19778	414	21338
19778	381	27889
6453	160	14387
6453	139	10094
21453	351	29387
21453	290	22535
21453	397	25094
605	205	7432
15605	284	22432
17461	303	28123
2461	42	3913
2461	156	13123
2461	222	3300
17461	250	18913
17461	341	18300
17461	250	20350
18297	414	25762
3297	145	5915
18297	364	20915
3297	226	10762
18297	386	20618
18297	386	16260
18297	259	20849
9366	33	14083
9366	33	6947
24366	290	21947
24366	290	29083
24366	290	16803
24366	351	26040
8718	226	2683
14491	226	2683
16723	414	17683
22521	414	17683
23718	414	17683
29346	344	16449
22091	344	16449
21205	344	16449
20055	344	16449
14346	61	1449
25296	344	16449
26380	344	16449
14346	48	1449
2212	42	6076
17212	303	16515
2212	156	1515
17212	250	21076
29754	414	15988
28739	414	15988
7758	226	988
27824	414	15988
10340	226	988
14754	226	988
3357	226	988
12824	226	988
23732	296	27965
8732	4	12965
8732	75	12531
17456	311	29652
2456	226	8649
2456	75	14652
17456	414	23649
17456	313	18432
17456	323	18432
17456	386	16260
9001	1	8484
27381	334	23484
9917	1	8484
7709	1	8484
3192	1	8484
11486	1	8484
1692	1	8484
12537	1	8484
518	226	10298
3425	226	10298
989	226	10298
19833	414	25298
23361	414	25298
4833	226	10298
18425	414	25298
17555	414	25298
22137	296	27628
7137	48	10965
7137	4	12628
7137	145	11994
22137	381	25965
22137	364	26994
22137	414	25965
22137	250	20312
8181	56	6286
23181	391	28301
21286	394	23181
23181	326	21286
28301	396	23181
23181	271	20618
27440	344	18474
17039	344	18474
28971	344	18474
26295	344	18474
16372	344	18474
28336	344	18474
12534	48	3474
19751	344	18474
23952	284	27545
8952	205	12545
8952	4	12951
23952	296	27951
8952	75	13300
24958	344	19135
24958	402	19135
24958	368	17372
17372	267	24958
9958	48	1708
9958	145	1708
9958	48	4135
2372	225	9958
29960	330	23578
26863	381	23578
26863	330	23578
11863	159	8578
14960	159	8578
17199	364	23578
11863	48	8578
1996	145	8578
17682	414	28513
2682	226	13513
2682	226	12580
17682	414	27580
2682	205	1429
17682	284	16429
17682	313	28433
17682	259	20849
27674	293	18641
12674	172	3641
26492	293	18641
11492	172	3641
22203	293	18641
11609	172	3641
7203	172	3641
26609	293	18641
15373	416	20874
15373	303	17756
373	156	2756
373	51	5874
15373	386	16260
11671	43	5706
5706	29	11671
20706	293	26671
5706	71	10883
20706	287	26671
26671	275	20706
17274	351	20706
2274	160	5706
22812	330	23681
8130	159	8681
23130	330	23681
7812	159	8681
9681	159	8681
24681	330	23681
28289	414	23774
13289	226	8774
20273	414	23774
3521	145	8774
25395	414	23774
2726	226	8774
3521	226	8774
18521	364	23774
22932	414	29657
7932	226	14657
22932	414	24839
22932	414	20747
7932	226	9839
7932	226	5747
23421	414	15584
8421	226	584
23421	414	15487
26280	368	23421
8421	116	11280
8421	226	487
23421	259	20849
486	226	12913
15486	414	27913
15486	414	25280
486	145	13564
15486	364	28564
486	226	10280
15486	284	28271
486	205	13271
24984	344	28651
24984	284	28651
9984	48	13651
9984	78	13651
9984	61	13651
20601	414	25559
20601	381	23174
5601	48	8174
20601	414	19100
20601	284	24379
20601	414	26812
5601	226	11812
5601	205	9379
16779	414	28266
1779	226	13266
16779	304	17576
1779	205	13725
1779	75	12531
16779	284	28725
3049	20	13485
18049	321	28485
18049	267	25700
10700	151	3049
3049	225	10700
25700	368	18049
18049	321	26351
3049	20	11351
18990	414	28513
3990	226	13513
18990	330	16241
18990	414	16241
3990	226	1241
3990	159	1241
3990	145	1241
7659	159	5339
20339	351	25527
6908	159	5339
22659	330	20339
22659	381	20339
6548	159	5339
2009	159	5339
17009	330	20339
29949	330	24932
29949	381	24932
27464	381	24932
27464	330	24932
28078	330	24932
26062	330	24932
28078	381	24932
14949	48	9932
7473	145	11994
22473	364	26994
7473	159	2597
22473	330	17597
22473	259	20849
28636	414	22682
12563	226	7682
13428	226	7682
28265	414	22682
9608	226	7682
9089	226	7682
28100	414	22682
13100	226	7682
13670	20	8446
13611	20	8446
13352	20	8446
28611	321	23446
28670	321	23446
25326	321	23446
28352	321	23446
17818	321	23446
1567	226	4453
1567	226	8820
9460	205	5858
2983	205	5858
3264	205	5858
17983	284	20858
25771	284	20858
23582	284	20858
5519	205	5858
24223	284	20858
20519	284	20858
19725	284	20858
19423	284	20858
18264	284	20858
20790	284	20858
8582	205	5858
16721	284	20858
20858	384	19129
3109	145	8839
3109	226	10574
3109	159	4121
18109	364	23839
18109	330	19121
3109	205	2139
14998	205	1365
29998	284	16365
28013	284	16365
13013	205	1365
25304	284	16365
20462	284	16365
15775	284	16365
10304	205	1365
22983	311	29480
7983	75	14480
13493	159	2219
28493	330	17219
13493	48	2219
28493	381	17219
17219	384	17777
17219	351	28502
7399	20	9720
22399	321	24720
18330	250	27862
3330	53	12862
3330	168	14940
18330	294	21660
18330	269	29940
3330	144	6660
3330	83	6660
3330	156	6660
8934	226	11921
23934	414	26921
22280	409	24703
9690	125	9703
16612	409	24703
9936	125	9703
23841	354	24703
10184	125	9703
7844	125	9703
19818	409	24703
16944	311	27238
1944	75	12238
1944	226	9810
16944	414	24810
2084	75	9211
24211	369	16260
5162	75	9211
9211	212	1260
24211	352	18432
9211	11	3432
9211	1	6167
20162	304	24211
985	226	4874
15985	296	28539
985	205	4470
15985	414	19031
15985	411	19727
15985	259	20849
15985	381	19470
15985	414	26977
25492	296	24665
10492	226	8206
25492	414	23206
10492	4	9665
5606	226	7491
6732	226	7491
22491	271	21501
20606	414	22491
20717	414	22491
21732	414	22491
1252	48	12718
16252	381	26102
16252	414	25953
16252	414	19087
16252	330	27718
16252	414	22034
16252	381	23121
16252	414	21368
15779	267	27264
27264	368	15779
15779	344	25581
779	145	10581
779	48	10581
779	61	10581
779	78	10581
779	225	12264
9386	226	1826
24386	296	25251
24386	414	16826
9386	4	10251
24386	414	20067
24386	259	20849
4483	48	10221
4483	159	4168
19483	304	16594
4483	48	4168
19483	381	25221
19483	381	19168
19483	414	26897
17722	414	26200
17722	414	21324
17722	414	21044
2722	226	3277
17722	414	18277
2722	226	6044
17722	259	20849
17722	284	26835
28013	414	20094
13013	226	5094
20462	414	20094
8456	226	5094
5462	226	5094
5094	49	11968
5094	160	11968
19181	311	29221
4181	75	14221
4181	226	5517
19181	414	20517
19181	414	24275
28181	351	15749
28181	410	15749
3916	49	749
3916	160	749
13181	160	749
13181	49	749
11464	71	749
26464	287	15749
14605	151	8009
29605	368	23009
23009	267	29605
8009	225	14605
27224	414	16333
27224	364	16333
12224	145	1333
27813	414	16333
27070	364	16333
12813	226	1333
12070	145	1333
12224	226	1333
19866	330	21928
19866	414	23820
19866	414	20253
19866	414	29217
19866	364	21928
19866	381	21928
4866	226	14217
4866	145	6928
14789	159	790
29789	330	15790
2566	159	790
17566	330	15790
3521	159	790
18521	330	15790
15790	384	17777
20651	414	25711
20651	414	16639
5651	226	10711
20651	414	24127
5651	226	9127
5651	205	13131
20651	284	28131
5651	226	11302
3741	145	12694
18741	414	16601
18741	364	27694
3741	226	1601
7191	33	11982
22191	290	26982
7191	33	7236
22191	290	26639
22191	290	22236
7191	33	11639
2579	145	6217
17579	364	21217
17579	414	20070
12086	4	2996
27086	296	17996
17996	351	16096
11886	4	2996
1659	4	2996
17342	296	17996
5622	4	2996
9614	145	5096
20096	396	24980
6740	145	5096
6165	145	5096
29785	411	25450
29785	381	25450
19255	373	25450
14785	48	10450
29785	330	25450
19255	381	25450
19255	330	25450
19290	411	25450
8939	226	4987
23939	296	15925
23939	364	15968
23939	381	15968
8939	145	968
8939	48	968
23939	414	19987
23939	414	16066
134	43	13917
10900	43	134
15134	368	24383
25900	368	15134
28917	287	15134
10371	71	134
15134	275	28917
28917	369	15134
29514	397	15318
29514	290	15318
12103	33	318
12369	33	318
14514	190	318
27369	290	15318
16619	290	15318
4947	33	318
18410	330	20049
18410	381	20049
3410	48	5049
8204	48	5049
20449	364	20049
23204	381	20049
5049	16	2777
23204	330	20049
6314	145	8314
21314	414	25965
21314	364	25965
21314	381	25965
6314	145	10965
6314	48	10965
21314	414	25682
4726	159	12678
19726	330	27678
19726	381	19953
19726	381	27678
19726	414	27678
4726	226	12678
19726	409	26417
450	226	8687
450	145	1576
15450	414	25603
450	226	10603
15450	414	23687
15450	364	16576
15450	414	22491
15450	284	24645
22298	267	19798
14742	225	7298
22298	344	15062
22298	368	29742
19798	368	22298
7298	48	62
4798	151	7298
29742	267	22298
2114	226	13266
17114	414	28266
2114	200	7227
17114	414	22227
2114	62	7227
17114	377	22227
17114	250	19593
24283	290	15318
24283	290	27514
24283	290	15425
24283	290	15340
24283	290	18674
9283	33	12514
24283	346	18518
9283	33	425
25426	259	16624
17592	259	16624
10426	23	1624
9102	23	1624
2592	23	1624
24102	259	16624
4126	145	6063
676	145	6063
9032	145	6063
2658	145	6063
26412	364	21063
11412	145	6063
24032	364	21063
19126	364	21063
12581	145	4574
14957	145	4574
8160	145	4574
27581	364	19574
23160	364	19574
20487	364	19574
29957	364	19574
15529	364	19574
10387	48	13318
25387	296	28968
10387	226	13350
25387	381	28318
25387	414	28350
10387	205	8107
25387	284	23107
10387	4	13968
27313	311	24836
21266	304	24836
12829	75	9836
2006	75	9836
10260	75	9836
5022	75	9836
16978	311	24836
4384	75	9836
23018	414	24336
23018	414	24758
8018	226	542
23018	296	15718
23018	414	15542
8018	226	9758
8018	226	9336
23018	414	23161
17786	344	20127
17786	344	24412
2786	61	9412
2786	78	9412
2786	61	5127
2786	145	5127
2786	78	5127
12847	4	5702
27847	296	20702
20702	351	28053
20702	271	23529
8053	4	5702
5820	4	5702
11925	4	5702
2057	4	5702
7403	145	13564
22403	364	28564
7403	226	9715
7403	75	12531
28832	344	16143
13832	78	1143
13832	61	1143
13832	48	1143
16143	410	29387
1143	49	14387
26499	344	16143
21794	344	16143
28569	344	21071
23434	344	21071
26214	344	21071
8434	145	6071
11214	61	6071
13569	61	6071
8434	78	6071
13569	145	6071
28999	411	20453
13102	159	5453
26304	330	20453
13999	169	5453
23031	330	20453
21193	330	20453
26304	364	20453
27572	381	17433
27572	330	17433
13731	159	2433
12572	169	2433
12572	159	2433
28731	381	17433
28731	330	17433
9333	159	2433
20456	304	25943
5456	226	10603
5456	159	5845
20456	414	25603
5456	226	7216
5456	75	10943
5456	193	10943
20456	414	22216
20463	321	18214
5463	20	3214
28605	330	25288
27975	330	25288
27353	364	25288
27353	381	25288
28076	330	25288
28364	330	25288
28444	330	25288
25288	384	17777
22386	414	19125
7386	226	10427
22386	381	22923
7386	226	4125
7386	145	8839
22386	414	25427
22386	364	23839
22386	323	15360
27568	321	24711
12568	20	9711
2670	20	9711
6246	20	9711
21246	321	24711
25114	321	24711
17670	321	24711
10114	20	9711
28424	284	16385
13424	205	1385
29539	284	16385
14539	205	1385
2839	205	1385
17839	284	16385
17175	284	16385
1196	205	1385
29484	411	23092
14484	169	8092
27145	411	23092
4411	169	8092
12145	169	8092
16546	411	23092
7994	169	8092
8860	169	8092
17763	330	15320
17763	381	15320
17763	284	15320
17763	296	15320
2763	48	320
2763	226	320
2763	145	320
17763	259	20849
23898	414	28164
8898	226	7493
23898	414	28631
8898	226	7239
8898	226	13631
23898	390	25266
23898	414	22493
8898	226	13164
7628	139	10555
22628	290	17441
22628	397	25555
22628	290	20598
22628	290	21779
22628	290	25311
7628	69	2441
23395	414	21319
6891	226	6319
8395	226	6319
21891	414	21319
14780	140	6319
12166	79	6991
12166	29	6991
7795	29	6991
27166	369	21991
21991	275	21991
21991	369	21991
21991	287	21991
21991	275	21991
21564	351	26884
8101	205	6564
6564	160	11884
29118	250	19790
14118	42	4790
10130	42	4790
25130	250	19790
19790	278	29245
21193	296	21114
6193	4	6114
21193	330	20453
6193	159	5453
21193	414	20426
21193	414	15636
17269	321	16237
2269	20	1237
5521	51	12044
20521	416	27044
5521	81	3057
21975	344	22881
28032	368	21975
6975	20	8524
6975	61	7881
21975	267	28032
6975	48	7881
6975	78	7881
6975	225	13032
21604	414	20835
6604	226	12240
6604	226	5835
21604	414	27240
10886	33	7110
28523	290	22110
8961	33	7110
13523	33	7110
18073	290	22110
25886	290	22110
19572	290	22110
19230	290	22110
9985	48	3895
23664	381	18895
27590	381	18895
12590	48	3895
8664	48	3895
29667	381	18895
14691	48	3895
14667	48	3895
3413	145	13633
18413	311	28300
3413	226	13633
18413	364	28633
18413	414	24197
18413	414	28633
18413	414	19408
3413	226	9197
8313	189	7912
23313	344	22912
7349	41	8892
22349	317	23892
22349	248	23892
22349	317	18592
16494	290	17920
16494	290	19709
16494	290	28577
1494	33	2920
1494	33	4709
1494	139	4709
1494	33	13577
16494	397	19709
24333	330	17433
9333	159	2433
9333	145	10250
24333	296	16900
9333	145	550
24333	364	25250
24333	364	15550
9333	4	1900
17247	414	21214
17247	381	24751
2247	226	14217
2247	48	9751
17247	414	29217
2247	226	6214
2247	226	9751
15046	410	19865
22436	381	15046
20630	381	15046
7436	48	46
3804	48	46
3969	48	46
5630	48	46
46	49	4865
4039	226	3271
19039	381	22702
19039	296	16258
19039	414	19463
4039	205	8251
19039	330	25448
4039	226	4463
4039	159	10448
22749	330	21715
22749	267	25810
25810	368	22749
10810	151	7749
7749	225	10810
7749	159	6715
7749	51	7704
22749	416	22704
19484	330	16397
19484	414	26373
4484	226	11373
4484	159	1397
4484	205	2335
29768	414	21860
14768	226	6860
25382	414	21860
3365	226	6860
3552	226	6860
10382	226	6860
4876	226	6860
18552	414	21860
19913	330	28045
4913	145	13045
4913	48	13045
4913	159	13045
19913	259	20849
29712	284	18889
14712	154	3889
3014	205	3889
9623	154	3889
4926	154	3889
19926	284	18889
3006	154	3889
24623	284	18889
14486	144	3353
14486	156	3353
29486	303	18353
794	144	3353
20971	294	18353
29486	294	18353
15794	294	18353
20971	303	18353
7392	33	13954
22392	290	21198
22392	290	28954
7392	33	318
22392	290	15318
22392	290	23350
7392	33	8350
22392	346	18518
27757	414	23790
28098	414	23790
12757	226	8790
14242	226	8790
10402	226	8790
13098	226	8790
29242	414	23790
10483	226	8790
13117	156	1515
28117	303	16515
25919	368	16515
16515	267	25919
4990	156	1515
3940	156	1515
2212	156	1515
3875	156	1515
23392	248	16459
8392	41	1459
8392	41	7401
23392	248	22401
15872	344	24639
28426	344	24639
27576	344	24639
12576	61	9639
872	78	9639
872	61	9639
12576	78	9639
9639	53	11372
7345	226	14296
22345	311	17535
22345	414	29296
22345	364	19424
22345	296	15718
7345	226	2933
22345	364	18362
7345	159	12694
27322	381	18633
11974	48	3633
7076	48	3633
321	48	3633
3999	145	3633
22076	381	18633
12322	48	3633
3999	48	3633
29470	290	22272
13497	190	7272
28497	290	22272
16380	290	22272
14470	247	7272
3383	33	7272
14470	33	7272
18383	290	22272
19537	284	20886
4537	53	10982
4537	156	9938
4537	154	5886
19537	250	25982
4537	83	11309
4537	144	9938
19537	328	26309
12534	20	117
27440	321	15117
27534	321	15117
17039	321	15117
12440	20	117
26876	321	15117
117	25	3474
2039	20	117
29762	414	23117
14762	226	8117
7998	226	8117
1470	226	8117
8117	195	7968
18606	394	23117
21853	414	23117
23117	318	22968
28831	267	23460
23460	267	21736
21736	368	23460
23460	344	20945
8460	151	13831
13831	225	8460
8460	78	11219
8460	61	11219
15984	414	27157
984	226	12157
984	159	6052
15984	330	21052
21672	330	16185
21672	414	20628
6672	159	1185
8048	49	4233
8048	160	4233
23048	410	19233
23048	271	19903
23048	351	19233
22294	414	15710
7294	226	710
22294	414	15542
7294	226	542
7741	20	11996
22741	344	24960
7741	61	9960
7741	78	9960
22741	402	24960
22741	344	23791
7741	78	8791
26662	267	22741
20806	414	21129
20806	414	17449
20806	330	18038
5806	226	2074
20806	364	23533
20806	381	18038
20806	414	17074
5806	48	3038
5806	169	3038
20806	259	20849
5806	226	6129
22305	296	28704
7305	205	4030
22305	414	22682
7305	4	13704
22305	414	24108
7305	226	7682
7305	226	9108
22305	284	19030
3006	154	5886
3006	154	3889
18006	284	18889
27921	351	17383
12921	160	2383
27879	351	17383
12879	160	2383
22638	345	17383
17383	345	22638
8614	160	2383
11711	204	2383
27459	296	25251
29967	296	25251
12459	4	10251
9405	4	10251
11045	4	10251
14967	4	10251
9386	4	10251
684	4	10251
29760	248	19468
14760	41	4468
18711	248	19468
5228	41	4468
20228	248	19468
2364	41	4468
25846	248	19468
10846	41	4468
19320	330	17753
19320	319	17753
19320	284	16906
2753	68	4320
4320	154	3328
4320	140	7493
4320	193	6269
19320	336	21269
17817	296	21053
17817	411	28609
2817	226	10617
17817	414	25617
2817	169	13609
2817	4	6053
17817	259	20849
15435	311	17401
15435	330	18765
435	75	2401
435	159	3765
15435	386	16260
27564	414	17520
12564	226	2520
2283	226	2520
5721	226	2520
11255	226	2520
22635	414	17520
10474	226	2520
8052	226	2520
14590	226	6874
14555	226	6874
29696	414	21874
29555	414	21874
7869	226	6874
27384	414	21874
21679	414	21874
454	226	6874
16695	364	28172
1695	145	13172
1695	75	2923
16695	377	20915
16695	386	20618
3707	226	5747
18707	414	22850
18707	414	20747
3707	205	11969
3707	226	3450
18707	414	22010
18707	414	18450
18707	284	26969
28841	330	16397
28897	330	16397
10777	226	1397
25777	414	16397
25777	364	16397
4484	159	1397
13897	159	1397
19484	330	16397
8658	205	7275
23658	414	16709
23658	414	16675
8658	226	1675
23658	414	21448
23658	414	16871
8658	226	1871
8658	226	6448
21901	284	25113
6901	205	10113
7659	226	13736
22659	414	29367
22659	364	28736
7659	226	8522
22659	414	28736
7659	159	5339
22659	381	20339
4781	48	8174
19781	381	23174
19781	296	15517
19781	284	19004
4781	205	4004
4781	4	517
19781	250	20312
21406	296	25154
6406	226	10176
21406	414	25176
6406	4	10154
21406	259	20849
24891	330	29560
24891	284	27206
9891	159	4821
24891	381	29560
9891	48	4821
24891	330	15994
24891	364	15994
24891	414	15079
10349	20	8793
13033	20	8793
2712	20	8793
14067	20	8793
29067	321	23793
22507	321	23793
26363	321	23793
25349	321	23793
3831	145	9002
3831	226	9317
18831	414	24317
18831	259	20849
18831	364	24002
18831	414	15712
18831	414	25434
18831	414	24547
179	226	6944
15179	414	23820
15179	414	21944
15179	414	19019
179	226	4019
179	226	8820
405	46	12664
15405	362	27664
15405	384	20099
21278	362	28007
6278	41	13355
6278	46	13007
21278	248	28355
21278	271	16260
21278	342	18432
21278	384	20099
20431	284	27418
5431	205	12418
20431	414	15382
5431	226	382
20431	386	16260
21280	330	27254
6280	48	12254
6280	159	12254
6280	4	8667
21280	296	23667
21280	386	16260
21280	259	20849
19949	284	17788
4949	226	1186
4949	205	2788
19949	414	16186
620	33	4568
15620	290	22110
620	33	1803
620	33	7110
15620	290	16803
620	33	8254
15620	290	19568
15620	271	15843
18029	311	28300
18029	414	17256
3029	226	2256
3029	205	6150
3029	75	13300
18029	284	21150
18029	250	20312
18029	259	20849
1373	226	14697
16373	414	29697
16373	414	17536
1373	226	2536
16373	386	16260
3591	168	14256
3591	168	10710
18591	269	29256
3591	53	13347
18591	269	25710
18591	250	28347
21633	351	28909
6633	160	13909
14345	205	3182
29345	284	18182
23304	284	18182
22499	284	18182
17989	284	18182
21163	284	18182
5264	205	3182
9312	205	3182
15860	248	17762
860	41	2762
860	41	2871
28635	344	17390
16475	344	17390
1475	189	2390
13635	189	2390
13635	145	2390
1475	145	2390
2390	53	2865
1388	159	5915
1388	145	5915
1388	48	5915
16388	364	20915
16388	330	20915
16388	267	23565
16388	381	20915
23565	368	16388
9816	89	13756
24816	248	28756
24816	271	16260
15645	414	28970
645	226	13970
15645	414	20253
15645	414	17605
15645	414	23402
645	226	2605
645	226	8402
645	226	5253
14818	145	611
27649	364	15611
28506	364	15611
29818	364	15611
16845	364	15611
4582	145	611
9474	145	611
14366	145	611
24507	311	27340
24507	414	27606
24507	414	18589
9507	226	12606
9507	226	3589
9507	29	3320
9507	75	12340
24507	386	18320
15246	296	18038
15246	414	20517
15246	330	18038
15246	364	18038
15246	414	15929
15246	259	20849
15246	381	18038
15246	411	18038
8982	226	12978
23982	414	27978
8982	29	3320
8982	29	5618
23982	250	20312
454	226	6874
454	226	14587
15454	414	29587
15454	414	21874
15454	414	23902
15454	414	25236
5176	89	13355
20176	248	28355
20176	410	21885
5176	49	6885
21507	414	21025
6507	205	8251
21507	411	22344
6507	226	6025
21507	284	23251
6507	169	7344
29690	284	24123
27796	284	24123
12247	205	9123
27247	284	24123
18235	284	24123
14690	205	9123
20739	284	24123
12796	205	9123
28724	284	21440
27831	284	21440
27727	284	21440
13724	205	6440
1607	205	6440
16607	284	21440
3562	205	6440
19334	284	21440
8768	145	11385
23768	364	26385
8768	226	8098
23768	414	25953
8768	226	10953
23768	414	23098
23768	330	21154
8768	159	6154
14254	160	511
29254	351	15511
6533	132	511
5081	160	511
15511	293	21533
511	172	6533
6533	70	511
21533	275	15511
3412	226	7682
3412	226	13124
18412	414	26443
3412	226	4987
18412	414	23206
18412	414	28124
3412	145	10267
8842	159	14305
23842	296	26961
8842	169	8131
23842	330	29305
23842	411	23131
8842	4	11961
8842	75	12531
187	139	6560
187	160	2330
15187	351	17330
15187	397	21560
15187	290	21560
15187	290	16943
15187	290	20085
29576	414	16368
28026	414	16368
14576	200	1368
8296	226	1368
10928	226	1368
7384	226	1368
1225	226	1368
16368	271	16260
25407	296	27973
10407	4	12973
25407	250	20312
16838	387	18429
1838	5	3429
1838	157	3429
9493	226	5804
24493	414	20804
24493	414	20750
24493	414	15762
9493	226	5750
9493	226	762
24493	267	20541
20541	368	24493
