3851	18851
9637	24637
8861	23861
9619	24619
4601	19601
8164	23164
6976	21976
3801	18801
3521	18521
8099	23099
462	15462
3146	18146
9661	24661
2809	17809
8274	23274
499	15499
435	15435
3537	18537
7927	22927
6815	21815
3081	18081
1867	16867
2572	17572
6421	21421
2588	17588
5952	20952
6598	21598
994	15994
1818	16818
8410	23410
4335	19335
4790	19790
3591	18591
8306	23306
6704	21704
10038	25038
7500	22500
1964	16964
3293	18293
3243	18243
5781	20781
1624	16624
3410	18410
8121	23121
10461	25461
9822	24822
9616	24616
5517	20517
2059	17059
7447	22447
976	15976
2112	17112
1168	16168
2553	17553
890	15890
6341	21341
10043	25043
1601	16601
735	15735
7716	22716
2032	17032
4277	19277
9552	24552
3900	18900
5121	20121
9234	24234
8478	23478
474	15474
3237	18237
4484	19484
2142	17142
1368	16368
8272	23272
235	15235
10178	25178
2879	17879
5709	20709
209	15209
558	15558
7519	22519
4259	19259
2214	17214
9436	24436
5453	20453
436	15436
4394	19394
7846	22846
6551	21551
6058	21058
5116	20116
10121	25121
2671	17671
7749	22749
3863	18863
662	15662
6447	21447
1272	16272
10417	25417
5987	20987
6828	21828
6194	21194
1387	16387
7137	22137
8809	23809
5490	20490
8215	23215
5238	20238
1065	16065
7545	22545
3129	18129
5965	20965
3790	18790
8752	23752
3388	18388
7595	22595
9647	24647
676	15676
7589	22589
4988	19988
181	15181
9212	24212
3257	18257
450	15450
7912	22912
795	15795
3346	18346
10338	25338
2407	17407
2334	17334
3595	18595
7355	22355
8070	23070
8689	23689
4842	19842
182	15182
9459	24459
695	15695
3541	18541
8181	23181
7832	22832
1906	16906
3182	18182
2771	17771
4981	19981
3482	18482
134	15134
125	15125
3195	18195
4884	19884
3133	18133
8692	23692
140	15140
7068	22068
9313	24313
8875	23875
3059	18059
3874	18874
6980	21980
9156	24156
3745	18745
3037	18037
500	15500
1284	16284
4406	19406
484	15484
5672	20672
6941	21941
4664	19664
1738	16738
7816	22816
7819	22819
131	15131
1320	16320
794	15794
2521	17521
6335	21335
1705	16705
4103	19103
5895	20895
4687	19687
6938	21938
9369	24369
8349	23349
6068	21068
8262	23262
7472	22472
1904	16904
177	15177
4824	19824
6648	21648
8049	23049
1497	16497
4297	19297
6623	21623
7666	22666
8584	23584
3123	18123
8271	23271
9760	24760
215	15215
1471	16471
6383	21383
9889	24889
1915	16915
1115	16115
5127	20127
1946	16946
5413	20413
6358	21358
7105	22105
8276	23276
7618	22618
9723	24723
8877	23877
5494	20494
10300	25300
2495	17495
10431	25431
2152	17152
755	15755
3812	18812
1348	16348
6088	21088
7303	22303
860	15860
3718	18718
44	15044
9270	24270
8668	23668
9508	24508
5601	20601
1553	16553
718	15718
9111	24111
5447	20447
4574	19574
4449	19449
10135	25135
3885	18885
9704	24704
3760	18760
4322	19322
946	15946
9457	24457
7072	22072
4368	19368
2028	17028
6651	21651
3353	18353
1455	16455
4018	19018
4649	19649
79	15079
4001	19001
9925	24925
7092	22092
2095	17095
9668	24668
888	15888
529	15529
4712	19712
6582	21582
10426	25426
8443	23443
4392	19392
3380	18380
9768	24768
475	15475
904	15904
6178	21178
1275	16275
1651	16651
110	15110
2170	17170
3119	18119
6872	21872
7660	22660
6091	21091
8898	23898
3810	18810
6920	21920
3935	18935
6689	21689
4142	19142
2021	17021
2247	17247
3548	18548
8194	23194
6677	21677
3392	18392
8447	23447
7339	22339
7681	22681
7101	22101
3603	18603
4213	19213
3147	18147
4121	19121
6300	21300
3438	18438
1322	16322
729	15729
7825	22825
2681	17681
3717	18717
9446	24446
5549	20549
9931	24931
7842	22842
9976	24976
988	15988
4778	19778
7577	22577
3169	18169
6880	21880
8622	23622
1508	16508
7473	22473
6957	21957
7482	22482
9770	24770
10226	25226
299	15299
4935	19935
8625	23625
1783	16783
1711	16711
7310	22310
1241	16241
5788	20788
5258	20258
2444	17444
8160	23160
9005	24005
10328	25328
2431	17431
6528	21528
808	15808
7567	22567
7201	22201
4600	19600
1639	16639
9848	24848
3033	18033
6361	21361
4894	19894
1847	16847
4946	19946
8098	23098
8503	23503
1380	16380
6013	21013
5422	20422
4863	19863
5382	20382
3216	18216
9187	24187
7655	22655
427	15427
7547	22547
9053	24053
10408	25408
2443	17443
5596	20596
101	15101
1345	16345
4936	19936
2704	17704
1365	16365
2189	17189
9825	24825
1461	16461
7010	22010
2799	17799
5405	20405
9943	24943
2536	17536
8501	23501
1593	16593
6931	21931
5654	20654
5123	20123
5728	20728
1545	16545
4854	19854
5892	20892
185	15185
4960	19960
2183	17183
2041	17041
4133	19133
7364	22364
9193	24193
5039	20039
8891	23891
8577	23577
2567	17567
1089	16089
10149	25149
5468	20468
5923	20923
4875	19875
2259	17259
6448	21448
6241	21241
2683	17683
606	15606
882	15882
9634	24634
5578	20578
1561	16561
4925	19925
2038	17038
7255	22255
3351	18351
3252	18252
9437	24437
1963	16963
9277	24277
4949	19949
6567	21567
7901	22901
5947	20947
6712	21712
754	15754
8659	23659
1385	16385
5703	20703
1094	16094
372	15372
868	15868
1483	16483
3174	18174
8892	23892
2373	17373
5886	20886
8923	23923
4991	19991
1408	16408
1166	16166
681	15681
978	15978
555	15555
2050	17050
9027	24027
844	15844
2098	17098
8385	23385
9068	24068
1024	16024
2361	17361
4363	19363
2323	17323
9912	24912
7859	22859
1100	16100
9562	24562
6107	21107
7266	22266
9120	24120
3335	18335
952	15952
692	15692
1359	16359
3267	18267
2956	17956
6216	21216
6086	21086
192	15192
6061	21061
5257	20257
5760	20760
790	15790
7178	22178
7363	22363
1080	16080
6714	21714
8801	23801
814	15814
1672	16672
2074	17074
7050	22050
2548	17548
324	15324
1431	16431
6388	21388
2015	17015
4495	19495
4299	19299
3895	18895
8559	23559
3592	18592
10031	25031
6863	21863
9442	24442
3903	18903
6356	21356
9816	24816
7806	22806
6763	21763
1878	16878
9074	24074
9419	24419
321	15321
9201	24201
4106	19106
8017	23017
3661	18661
6741	21741
8523	23523
8077	23077
6120	21120
979	15979
3722	18722
477	15477
5171	20171
289	15289
2045	17045
2701	17701
8467	23467
7342	22342
7191	22191
9686	24686
9153	24153
9542	24542
7020	22020
3588	18588
10373	25373
9037	24037
10140	25140
9840	24840
1499	16499
3780	18780
7555	22555
8825	23825
4741	19741
415	15415
6860	21860
6962	21962
3302	18302
9322	24322
5223	20223
6755	21755
9385	24385
848	15848
4950	19950
6321	21321
6019	21019
7847	22847
46	15046
3056	18056
2865	17865
6682	21682
4002	19002
4028	19028
7908	22908
717	15717
4584	19584
5972	20972
8315	23315
7496	22496
8695	23695
10067	25067
7867	22867
5927	20927
1957	16957
2451	17451
7319	22319
6048	21048
8910	23910
9213	24213
2896	17896
2710	17710
1534	16534
3959	18959
8402	23402
6135	21135
3412	18412
1372	16372
3867	18867
8365	23365
3263	18263
9865	24865
3767	18767
6229	21229
2891	17891
7271	22271
6140	21140
9787	24787
4041	19041
1097	16097
8107	23107
7875	22875
3514	18514
8530	23530
5002	20002
10326	25326
7440	22440
5203	20203
1449	16449
1467	16467
971	15971
3489	18489
10445	25445
3799	18799
9289	24289
719	15719
1252	16252
6138	21138
3835	18835
8297	23297
3512	18512
8445	23445
1328	16328
6618	21618
8545	23545
85	15085
3641	18641
5632	20632
10060	25060
2844	17844
4713	19713
9792	24792
9158	24158
6143	21143
8687	23687
8255	23255
1621	16621
8818	23818
8992	23992
6822	21822
8159	23159
5775	20775
8823	23823
5718	20718
1242	16242
2691	17691
5000	20000
5996	20996
1074	16074
3957	18957
10164	25164
6256	21256
1369	16369
8239	23239
391	15391
733	15733
8223	23223
6784	21784
9571	24571
3458	18458
10472	25472
9320	24320
8664	23664
9830	24830
2220	17220
8677	23677
3118	18118
9650	24650
4560	19560
613	15613
4497	19497
5951	20951
3209	18209
10398	25398
2144	17144
6397	21397
4395	19395
3340	18340
8449	23449
153	15153
6159	21159
4080	19080
1546	16546
6082	21082
5358	20358
6871	21871
7696	22696
3077	18077
6996	21996
8493	23493
1406	16406
4578	19578
3150	18150
3279	18279
8331	23331
9415	24415
8661	23661
6355	21355
1054	16054
9121	24121
7119	22119
9333	24333
10498	25498
2864	17864
8720	23720
8828	23828
4862	19862
4030	19030
8531	23531
1659	16659
6606	21606
10185	25185
10490	25490
1549	16549
6614	21614
6756	21756
7406	22406
3755	18755
5777	20777
895	15895
4122	19122
2580	17580
3309	18309
7130	22130
6136	21136
8240	23240
3238	18238
6440	21440
7958	22958
4676	19676
4288	19288
7793	22793
561	15561
5579	20579
7951	22951
8618	23618
2566	17566
6654	21654
8264	23264
2653	17653
262	15262
5694	20694
9493	24493
5925	20925
750	15750
6389	21389
3713	18713
6506	21506
6632	21632
285	15285
5041	20041
3433	18433
6943	21943
9099	24099
10061	25061
4092	19092
1826	16826
3781	18781
8982	23982
7997	22997
9129	24129
8470	23470
9837	24837
8883	23883
7880	22880
2686	17686
4268	19268
609	15609
5569	20569
736	15736
6821	21821
2825	17825
5647	20647
4618	19618
1558	16558
2010	17010
5522	20522
1064	16064
2504	17504
9151	24151
7403	22403
2005	17005
3098	18098
10097	25097
8805	23805
1096	16096
762	15762
301	15301
84	15084
4756	19756
4595	19595
3469	18469
8004	23004
6152	21152
1083	16083
7283	22283
8693	23693
6337	21337
4046	19046
2786	17786
5037	20037
622	15622
6692	21692
7133	22133
5446	20446
9216	24216
9311	24311
9405	24405
908	15908
2389	17389
1405	16405
2605	17605
7223	22223
9960	24960
973	15973
2644	17644
4493	19493
8052	23052
5128	20128
3776	18776
4152	19152
9105	24105
3770	18770
2326	17326
7802	22802
3281	18281
6647	21647
4537	19537
6334	21334
7780	22780
4547	19547
7236	22236
8021	23021
9613	24613
283	15283
1017	16017
3872	18872
7182	22182
5319	20319
4916	19916
2860	17860
7721	22721
4206	19206
8081	23081
7213	22213
7837	22837
928	15928
1576	16576
7704	22704
5814	20814
6477	21477
9516	24516
1081	16081
2772	17772
3265	18265
8873	23873
7998	22998
4874	19874
6071	21071
7641	22641
9492	24492
1830	16830
5134	20134
9779	24779
5005	20005
10299	25299
5345	20345
6549	21549
8458	23458
1868	16868
117	15117
3212	18212
8838	23838
1822	16822
4154	19154
6276	21276
9236	24236
7899	22899
8962	23962
6631	21631
1086	16086
9942	24942
3491	18491
6672	21672
825	15825
8281	23281
7341	22341
6412	21412
7399	22399
4158	19158
9293	24293
4743	19743
8139	23139
1269	16269
9000	24000
3208	18208
10151	25151
6033	21033
367	15367
3538	18538
2482	17482
1444	16444
8482	23482
2910	17910
6862	21862
4365	19365
4393	19393
949	15949
3157	18157
7407	22407
486	15486
8379	23379
2527	17527
4540	19540
7298	22298
6842	21842
7366	22366
8085	23085
2385	17385
10322	25322
830	15830
8768	23768
1537	16537
7976	22976
4694	19694
2125	17125
8617	23617
9081	24081
8328	23328
10260	25260
8355	23355
126	15126
507	15507
4077	19077
454	15454
2040	17040
1900	16900
10012	25012
10332	25332
1978	16978
3019	18019
2905	17905
495	15495
4233	19233
2720	17720
1336	16336
7710	22710
9488	24488
2579	17579
2478	17478
1692	16692
3615	18615
5104	20104
7586	22586
10214	25214
5331	20331
6650	21650
10400	25400
1804	16804
6749	21749
5383	20383
9936	24936
6488	21488
8963	23963
4281	19281
7479	22479
10217	25217
9302	24302
827	15827
320	15320
3763	18763
6093	21093
71	15071
2614	17614
4661	19661
7828	22828
8103	23103
9145	24145
10136	25136
5936	20936
6591	21591
2528	17528
5888	20888
4561	19561
4723	19723
3105	18105
7149	22149
2728	17728
4675	19675
4686	19686
6945	21945
8678	23678
9230	24230
5282	20282
10406	25406
2525	17525
1794	16794
4689	19689
3053	18053
7967	22967
1095	16095
7136	22136
2863	17863
1117	16117
6983	21983
2030	17030
6915	21915
3235	18235
6323	21323
7012	22012
5901	20901
3774	18774
2723	17723
8037	23037
368	15368
5691	20691
3632	18632
4157	19157
9367	24367
9190	24190
9589	24589
5860	20860
6385	21385
4285	19285
4426	19426
9971	24971
7886	22886
5079	20079
2325	17325
1057	16057
6118	21118
7758	22758
5244	20244
5518	20518
9224	24224
6128	21128
4796	19796
1720	16720
7883	22883
6838	21838
2563	17563
8361	23361
2391	17391
5945	20945
2149	17149
875	15875
5546	20546
8089	23089
9116	24116
3199	18199
8113	23113
9797	24797
4125	19125
5622	20622
3643	18643
782	15782
9507	24507
7941	22941
8039	23039
1582	16582
2237	17237
5830	20830
9461	24461
4386	19386
10236	25236
3819	18819
1388	16388
4135	19135
9108	24108
7789	22789
7524	22524
2421	17421
4220	19220
8912	23912
4651	19651
10251	25251
4892	19892
8854	23854
1489	16489
8732	23732
4234	19234
9642	24642
1765	16765
1127	16127
8978	23978
7878	22878
1886	16886
2418	17418
9259	24259
9046	24046
318	15318
1552	16552
9003	24003
7863	22863
5864	20864
383	15383
4311	19311
2029	17029
4569	19569
2916	17916
2958	17958
4856	19856
689	15689
413	15413
531	15531
1877	16877
5503	20503
6882	21882
5261	20261
6480	21480
2890	17890
4438	19438
6473	21473
8611	23611
5548	20548
7930	22930
9109	24109
540	15540
1928	16928
6660	21660
4389	19389
10245	25245
7356	22356
5425	20425
6277	21277
6124	21124
5114	20114
5606	20606
1389	16389
6126	21126
7596	22596
9432	24432
10483	25483
6817	21817
8983	23983
4375	19375
3765	18765
10497	25497
9757	24757
3357	18357
1622	16622
6009	21009
3211	18211
7421	22421
1403	16403
2901	17901
8821	23821
3159	18159
4169	19169
6572	21572
3276	18276
3948	18948
7222	22222
7464	22464
3976	18976
6017	21017
3239	18239
3381	18381
4000	19000
4051	19051
9593	24593
5247	20247
5673	20673
1265	16265
4100	19100
2379	17379
5457	20457
3006	18006
6914	21914
747	15747
8140	23140
7460	22460
2804	17804
6094	21094
6114	21114
2449	17449
6329	21329
6893	21893
7083	22083
9452	24452
786	15786
4866	19866
9106	24106
3376	18376
6417	21417
3908	18908
774	15774
7932	22932
4847	19847
7947	22947
9317	24317
3988	18988
2928	17928
3897	18897
4536	19536
2724	17724
5452	20452
1142	16142
8346	23346
9932	24932
7790	22790
8269	23269
2705	17705
4362	19362
2486	17486
3508	18508
1911	16911
944	15944
9195	24195
9522	24522
7826	22826
6069	21069
1967	16967
8432	23432
8438	23438
1835	16835
1683	16683
5246	20246
8831	23831
1841	16841
608	15608
8802	23802
677	15677
4616	19616
5848	20848
10211	25211
10315	25315
1538	16538
4751	19751
5019	20019
10198	25198
995	15995
7329	22329
1207	16207
8073	23073
2396	17396
8965	23965
6226	21226
4349	19349
3922	18922
6298	21298
6586	21586
9618	24618
7018	22018
821	15821
2584	17584
1787	16787
632	15632
4019	19019
7161	22161
6720	21720
2140	17140
998	15998
2955	17955
7521	22521
4602	19602
6502	21502
8856	23856
2934	17934
4498	19498
2827	17827
406	15406
9849	24849
2479	17479
5138	20138
3920	18920
5299	20299
10476	25476
4896	19896
9477	24477
7436	22436
1243	16243
521	15521
6015	21015
674	15674
7262	22262
8053	23053
5841	20841
4714	19714
9283	24283
8546	23546
1393	16393
2524	17524
6063	21063
1451	16451
364	15364
2694	17694
8421	23421
4671	19671
7983	22983
7391	22391
4910	19910
4159	19159
8771	23771
9677	24677
9095	24095
3296	18296
2194	17194
8390	23390
1286	16286
9547	24547
6131	21131
350	15350
656	15656
1390	16390
1479	16479
4904	19904
7128	22128
6869	21869
7103	22103
5347	20347
10391	25391
2520	17520
6398	21398
4390	19390
4174	19174
9713	24713
6002	21002
3393	18393
4679	19679
3394	18394
2120	17120
1133	16133
3162	18162
6982	21982
1430	16430
4765	19765
8313	23313
5706	20706
3228	18228
6429	21429
3176	18176
9774	24774
6536	21536
4060	19060
10191	25191
2026	17026
3877	18877
3425	18425
10002	25002
5810	20810
100	15100
8045	23045
62	15062
5576	20576
1607	16607
7230	22230
2283	17283
5758	20758
6534	21534
605	15605
1373	16373
4373	19373
7517	22517
1912	16912
1726	16726
4115	19115
7078	22078
157	15157
1492	16492
4323	19323
6885	21885
9356	24356
5441	20441
4461	19461
6233	21233
5202	20202
1640	16640
210	15210
9762	24762
8018	23018
4190	19190
10110	25110
8032	23032
724	15724
744	15744
5625	20625
7063	22063
4008	19008
8968	23968
7388	22388
3138	18138
7812	22812
1185	16185
9980	24980
9957	24957
5651	20651
4377	19377
2147	17147
8048	23048
9532	24532
2278	17278
1418	16418
1500	16500
3406	18406
7520	22520
7990	22990
7095	22095
10148	25148
3956	18956
4781	19781
10452	25452
4050	19050
4608	19608
269	15269
559	15559
9233	24233
7225	22225
4575	19575
5286	20286
8340	23340
5943	20943
339	15339
6795	21795
6137	21137
9786	24786
1819	16819
9288	24288
6693	21693
2335	17335
6433	21433
6640	21640
2791	17791
1477	16477
7706	22706
80	15080
3436	18436
5232	20232
6520	21520
7966	22966
3494	18494
6074	21074
9512	24512
6099	21099
9163	24163
2034	17034
3103	18103
2467	17467
4961	19961
8629	23629
8479	23479
9675	24675
3152	18152
3660	18660
5408	20408
2750	17750
6456	21456
7216	22216
4301	19301
4399	19399
9062	24062
1515	16515
8991	23991
5780	20780
3317	18317
6053	21053
2330	17330
9494	24494
1347	16347
1237	16237
8650	23650
1752	16752
10154	25154
6695	21695
5776	20776
10358	25358
8453	23453
3838	18838
1321	16321
6288	21288
6738	21738
5078	20078
278	15278
8939	23939
727	15727
410	15410
4985	19985
7528	22528
6492	21492
3624	18624
8118	23118
8676	23676
426	15426
7275	22275
3418	18418
1998	16998
8033	23033
5061	20061
8246	23246
2721	17721
2629	17629
4177	19177
2378	17378
5746	20746
2390	17390
4211	19211
463	15463
5770	20770
7830	22830
2722	17722
8871	23871
3344	18344
8222	23222
3816	18816
588	15588
9435	24435
5637	20637
536	15536
771	15771
4168	19168
168	15168
2102	17102
8329	23329
873	15873
4221	19221
1162	16162
6657	21657
7023	22023
9629	24629
487	15487
3268	18268
9604	24604
9422	24422
1547	16547
9991	24991
238	15238
5397	20397
2438	17438
8317	23317
1606	16606
2612	17612
3990	18990
5986	20986
2972	17972
8133	23133
5863	20863
547	15547
2682	17682
2456	17456
7279	22279
4468	19468
3089	18089
9665	24665
5671	20671
6162	21162
3843	18843
4858	19858
9736	24736
7412	22412
2648	17648
5245	20245
6441	21441
9691	24691
937	15937
4385	19385
5825	20825
9315	24315
3960	18960
9559	24559
2274	17274
6418	21418
2277	17277
901	15901
3481	18481
6797	21797
541	15541
1641	16641
8596	23596
1151	16151
2288	17288
1810	16810
6715	21715
2345	17345
1675	16675
4490	19490
2459	17459
9791	24791
3487	18487
10220	25220
5846	20846
8913	23913
10346	25346
3583	18583
7315	22315
3808	18808
5809	20809
4943	19943
8462	23462
3766	18766
10256	25256
8745	23745
5680	20680
3605	18605
190	15190
10070	25070
5027	20027
5834	20834
1635	16635
9215	24215
3992	18992
8020	23020
7911	22911
2818	17818
4150	19150
760	15760
4505	19505
853	15853
4809	19809
1913	16913
7064	22064
6665	21665
7042	22042
2900	17900
6637	21637
4184	19184
3716	18716
9662	24662
10259	25259
919	15919
1019	16019
2281	17281
7218	22218
2508	17508
8642	23642
2514	17514
8115	23115
7938	22938
924	15924
3140	18140
9307	24307
1521	16521
9683	24683
6619	21619
1211	16211
9648	24648
1092	16092
7387	22387
6156	21156
3124	18124
1792	16792
9329	24329
7484	22484
3723	18723
10477	25477
4550	19550
4087	19087
2544	17544
3842	18842
8977	23977
611	15611
3727	18727
10466	25466
8312	23312
1016	16016
9951	24951
5551	20551
918	15918
8574	23574
2017	17017
3471	18471
3633	18633
9938	24938
7944	22944
9688	24688
10219	25219
2198	17198
2790	17790
2383	17383
5418	20418
5254	20254
2532	17532
5433	20433
7531	22531
155	15155
1898	16898
3589	18589
1485	16485
2959	17959
4795	19795
2862	17862
2302	17302
4251	19251
3474	18474
7587	22587
10051	25051
1382	16382
9836	24836
3553	18553
3618	18618
246	15246
2783	17783
1584	16584
6620	21620
319	15319
7259	22259
5829	20829
6064	21064
5290	20290
47	15047
2309	17309
5646	20646
6043	21043
5547	20547
3080	18080
5587	20587
8869	23869
2660	17660
3420	18420
380	15380
4433	19433
9868	24868
7760	22760
10480	25480
4879	19879
2428	17428
10369	25369
7538	22538
8414	23414
2712	17712
4585	19585
5443	20443
1780	16780
3656	18656
6113	21113
8191	23191
4530	19530
3881	18881
10277	25277
7628	22628
1731	16731
5833	20833
7426	22426
573	15573
4929	19929
10492	25492
5591	20591
1746	16746
2397	17397
1823	16823
3262	18262
1424	16424
5010	20010
3968	18968
8656	23656
3910	18910
10007	25007
6410	21410
594	15594
7345	22345
5725	20725
6898	21898
8575	23575
8388	23388
8403	23403
2156	17156
6951	21951
1762	16762
6698	21698
9250	24250
2795	17795
6291	21291
7585	22585
8341	23341
3185	18185
10008	25008
5702	20702
89	15089
2382	17382
2950	17950
271	15271
7844	22844
8180	23180
5533	20533
2496	17496
7392	22392
8934	23934
1256	16256
720	15720
2465	17465
1392	16392
9399	24399
2658	17658
9679	24679
3280	18280
3841	18841
10161	25161
6028	21028
2967	17967
8229	23229
10450	25450
281	15281
5316	20316
544	15544
9855	24855
4726	19726
10195	25195
1977	16977
421	15421
9597	24597
9445	24445
910	15910
7115	22115
2921	17921
6252	21252
4166	19166
6274	21274
4920	19920
4181	19181
2208	17208
5323	20323
5014	20014
7024	22024
5049	20049
2414	17414
4913	19913
6899	21899
5931	20931
722	15722
7323	22323
7745	22745
1684	16684
7750	22750
2420	17420
2842	17842
2146	17146
7362	22362
9511	24511
4881	19881
2787	17787
4183	19183
2069	17069
5600	20600
3181	18181
347	15347
7870	22870
3671	18671
5721	20721
4926	19926
8814	23814
9519	24519
9456	24456
3557	18557
581	15581
6779	21779
6994	21994
7689	22689
8772	23772
1255	16255
9169	24169
7751	22751
439	15439
5096	20096
3455	18455
1996	16996
8161	23161
5607	20607
3792	18792
4807	19807
5666	20666
8446	23446
4450	19450
1999	16999
6044	21044
10128	25128
4021	19021
1630	16630
8072	23072
10188	25188
2607	17607
1331	16331
9337	24337
1885	16885
7243	22243
4202	19202
2801	17801
4528	19528
7481	22481
7361	22361
7871	22871
2401	17401
470	15470
959	15959
3248	18248
5806	20806
7885	22885
2998	17998
4048	19048
6371	21371
9136	24136
4919	19919
6986	21986
6217	21217
296	15296
2264	17264
3079	18079
5017	20017
9097	24097
9641	24641
10131	25131
5615	20615
9749	24749
10028	25028
6012	21012
3707	18707
2047	17047
4116	19116
572	15572
850	15850
8698	23698
8884	23884
9475	24475
9711	24711
9013	24013
9089	24089
1181	16181
8284	23284
2598	17598
757	15757
4296	19296
2357	17357
565	15565
710	15710
3254	18254
6271	21271
7011	22011
3963	18963
5048	20048
8400	23400
9122	24122
3445	18445
661	15661
8691	23691
7451	22451
4598	19598
640	15640
9485	24485
4015	19015
5555	20555
10272	25272
532	15532
4208	19208
1809	16809
6390	21390
8146	23146
6379	21379
8555	23555
4274	19274
483	15483
9239	24239
5554	20554
5787	20787
7593	22593
5507	20507
312	15312
3599	18599
5650	20650
4754	19754
3446	18446
9555	24555
5256	20256
617	15617
3343	18343
1717	16717
4665	19665
5173	20173
9077	24077
3638	18638
10470	25470
9448	24448
6932	21932
9503	24503
5527	20527
4155	19155
3371	18371
10166	25166
5133	20133
4934	19934
6643	21643
61	15061
1333	16333
5842	20842
9676	24676
1084	16084
7008	22008
5050	20050
517	15517
7423	22423
2289	17289
4440	19440
894	15894
7708	22708
4719	19719
2562	17562
9975	24975
9776	24776
9626	24626
9745	24745
9386	24386
3973	18973
8092	23092
8699	23699
4328	19328
1853	16853
3719	18719
3171	18171
6133	21133
7386	22386
3173	18173
10093	25093
6541	21541
2931	17931
569	15569
4320	19320
5928	20928
1013	16013
10048	25048
775	15775
8669	23669
3831	18831
7294	22294
217	15217
664	15664
4185	19185
6223	21223
1216	16216
3855	18855
1069	16069
1976	16976
9221	24221
3049	18049
1811	16811
3567	18567
8839	23839
6193	21193
2466	17466
3099	18099
4766	19766
4596	19596
3255	18255
4232	19232
3227	18227
3370	18370
2939	17939
3564	18564
3207	18207
4003	19003
31	15031
654	15654
5250	20250
6713	21713
3902	18902
8230	23230
1557	16557
10250	25250
7755	22755
950	15950
4556	19556
8476	23476
10078	25078
9374	24374
9702	24702
2933	17933
3055	18055
193	15193
5387	20387
2839	17839
2954	17954
10152	25152
6702	21702
10352	25352
1280	16280
5835	20835
5338	20338
3018	18018
6663	21663
3194	18194
4507	19507
813	15813
5030	20030
1577	16577
2139	17139
2002	17002
2996	17996
5520	20520
9267	24267
6928	21928
6072	21072
1656	16656
8488	23488
564	15564
4700	19700
6760	21760
3307	18307
8865	23865
340	15340
8425	23425
10285	25285
7475	22475
2684	17684
7372	22372
8322	23322
4834	19834
2509	17509
7876	22876
6314	21314
8468	23468
7939	22939
1655	16655
2558	17558
1003	16003
9910	24910
1578	16578
1361	16361
9295	24295
3786	18786
730	15730
8079	23079
7805	22805
3847	18847
1173	16173
7772	22772
7414	22414
5428	20428
8945	23945
5670	20670
9306	24306
2593	17593
3160	18160
10141	25141
9591	24591
6278	21278
8130	23130
2476	17476
7688	22688
3640	18640
6978	21978
9001	24001
5832	20832
6470	21470
2268	17268
343	15343
7735	22735
5689	20689
8872	23872
171	15171
198	15198
9177	24177
4873	19873
9847	24847
7560	22560
9455	24455
4503	19503
4453	19453
254	15254
4705	19705
4257	19257
5038	20038
6649	21649
8318	23318
2371	17371
4554	19554
2829	17829
1646	16646
9808	24808
10208	25208
6664	21664
4223	19223
3439	18439
4314	19314
9025	24025
4682	19682
5419	20419
1433	16433
179	15179
9681	24681
10143	25143
9891	24891
6144	21144
10469	25469
6935	21935
8633	23633
3621	18621
5523	20523
4524	19524
2849	17849
5253	20253
6102	21102
4111	19111
9873	24873
6363	21363
6875	21875
8301	23301
1788	16788
8999	23999
3752	18752
9551	24551
94	15094
9841	24841
8128	23128
1309	16309
4496	19496
1032	16032
10087	25087
3520	18520
3699	18699
3924	18924
257	15257
8609	23609
9061	24061
8803	23803
4655	19655
7150	22150
9853	24853
6820	21820
8710	23710
3540	18540
7459	22459
3270	18270
4915	19915
5217	20217
5003	20003
1235	16235
10039	25039
2219	17219
54	15054
8654	23654
3271	18271
6324	21324
6750	21750
92	15092
8064	23064
2851	17851
5272	20272
6266	21266
3701	18701
1378	16378
7668	22668
2969	17969
1126	16126
5734	20734
6811	21811
7902	22902
9924	24924
4635	19635
5897	20897
3297	18297
2464	17464
6767	21767
6516	21516
218	15218
1625	16625
1164	16164
5858	20858
3404	18404
8220	23220
9297	24297
10147	25147
501	15501
9318	24318
341	15341
4586	19586
5112	20112
4128	19128
1838	16838
3283	18283
6374	21374
1816	16816
10232	25232
728	15728
5069	20069
176	15176
4794	19794
1494	16494
417	15417
4942	19942
7229	22229
5103	20103
7709	22709
3069	18069
7809	22809
2076	17076
9458	24458
10467	25467
5684	20684
8367	23367
8043	23043
5237	20237
1119	16119
3153	18153
363	15363
7228	22228
1680	16680
8851	23851
1453	16453
2828	17828
10442	25442
6207	21207
10481	25481
6267	21267
9117	24117
7682	22682
7110	22110
10474	25474
9718	24718
5349	20349
7000	22000
4837	19837
5424	20424
10433	25433
983	15983
6268	21268
9246	24246
6246	21246
9909	24909
4722	19722
4352	19352
5463	20463
2565	17565
4932	19932
10382	25382
4200	19200
4656	19656
8755	23755
1148	16148
1298	16298
9719	24719
5614	20614
2709	17709
7493	22493
6744	21744
7542	22542
2416	17416
1589	16589
9921	24921
5764	20764
9610	24610
3400	18400
687	15687
2698	17698
9147	24147
8667	23667
32	15032
2540	17540
627	15627
1643	16643
2036	17036
9222	24222
1821	16821
5585	20585
4428	19428
8273	23273
1146	16146
6557	21557
534	15534
4803	19803
7969	22969
10356	25356
3456	18456
4355	19355
6187	21187
7193	22193
2813	17813
6197	21197
7839	22839
2595	17595
3998	18998
9581	24581
8911	23911
2461	17461
1480	16480
191	15191
5837	20837
3622	18622
4229	19229
9568	24568
8316	23316
5875	20875
8904	23904
1840	16840
8389	23389
326	15326
3214	18214
7694	22694
7305	22305
5819	20819
878	15878
1443	16443
4853	19853
2164	17164
9737	24737
73	15073
2841	17841
151	15151
4380	19380
10233	25233
6070	21070
5667	20667
1864	16864
1764	16764
8409	23409
10435	25435
10066	25066
10117	25117
2342	17342
4844	19844
3953	18953
441	15441
349	15349
7316	22316
496	15496
9142	24142
1571	16571
8407	23407
1706	16706
1842	16842
9366	24366
621	15621
8243	23243
7164	22164
1371	16371
2364	17364
6257	21257
6424	21424
3629	18629
5917	20917
3845	18845
8528	23528
8820	23820
1850	16850
7971	22971
8682	23682
2447	17447
7291	22291
400	15400
7973	22973
8703	23703
1397	16397
6472	21472
10375	25375
6923	21923
1305	16305
3949	18949
6740	21740
9214	24214
4014	19014
3674	18674
5361	20361
1384	16384
1440	16440
8430	23430
8535	23535
8616	23616
7676	22676
2422	17422
6559	21559
2609	17609
5543	20543
5840	20840
6275	21275
8832	23832
3729	18729
4237	19237
2817	17817
3516	18516
9572	24572
2676	17676
5295	20295
9765	24765
3029	18029
7961	22961
7307	22307
10324	25324
10174	25174
8833	23833
6902	21902
3612	18612
9128	24128
7491	22491
7692	22692
5360	20360
1358	16358
373	15373
6450	21450
6540	21540
925	15925
6889	21889
9298	24298
4987	19987
1529	16529
4768	19768
4592	19592
4724	19724
6052	21052
5918	20918
7485	22485
7662	22662
9928	24928
7401	22401
74	15074
5491	20491
2165	17165
10418	25418
290	15290
7071	22071
7968	22968
3797	18797
6253	21253
10402	25402
8648	23648
4670	19670
1150	16150
8988	23988
8558	23558
4486	19486
3319	18319
7314	22314
9720	24720
5589	20589
2944	17944
871	15871
2726	17726
9844	24844
6940	21940
8715	23715
6105	21105
5749	20749
8484	23484
5200	20200
2445	17445
2473	17473
1935	16935
6975	21975
3041	18041
3552	18552
4325	19325
9669	24669
9100	24100
8544	23544
5120	20120
2632	17632
4521	19521
7980	22980
5956	20956
4139	19139
6439	21439
6953	21953
8791	23791
3869	18869
3530	18530
5198	20198
2505	17505
3757	18757
9002	24002
7823	22823
7925	22925
5642	20642
8051	23051
251	15251
9092	24092
7169	22169
4728	19728
7850	22850
4071	19071
665	15665
9806	24806
2807	17807
8195	23195
5456	20456
2945	17945
9363	24363
2798	17798
10159	25159
6662	21662
6172	21172
1803	16803
5881	20881
8350	23350
2938	17938
2073	17073
5482	20482
7290	22290
9658	24658
9730	24730
2006	17006
3495	18495
9334	24334
4849	19849
2833	17833
8958	23958
8152	23152
776	15776
3967	18967
7408	22408
5462	20462
4112	19112
8959	23959
3827	18827
5152	20152
4557	19557
6198	21198
993	15993
3448	18448
10434	25434
5429	20429
7226	22226
682	15682
912	15912
798	15798
8251	23251
468	15468
5739	20739
2411	17411
4407	19407
5521	20521
8940	23940
10177	25177
5215	20215
8364	23364
7678	22678
7173	22173
9994	24994
2212	17212
2673	17673
6279	21279
1793	16793
9733	24733
4004	19004
216	15216
7800	22800
195	15195
2763	17763
628	15628
460	15460
7377	22377
653	15653
10144	25144
3734	18734
7282	22282
731	15731
2908	17908
10362	25362
2254	17254
6443	21443
8448	23448
5032	20032
5617	20617
88	15088
4632	19632
6843	21843
147	15147
7624	22624
8593	23593
5189	20189
3733	18733
2533	17533
9640	24640
4164	19164
3620	18620
985	15985
9935	24935
10015	25015
1040	16040
603	15603
6930	21930
169	15169
4224	19224
6486	21486
5916	20916
9654	24654
3004	18004
2101	17101
5665	20665
8860	23860
6905	21905
1929	16929
4057	19057
5674	20674
4750	19750
9359	24359
1381	16381
10423	25423
8502	23502
2935	17935
8334	23334
7395	22395
5669	20669
9186	24186
5224	20224
964	15964
2677	17677
3001	18001
2582	17582
6158	21158
1395	16395
3326	18326
6254	21254
2507	17507
2109	17109
2537	17537
10265	25265
5940	20940
5388	20388
7978	22978
6283	21283
5354	20354
5756	20756
3186	18186
5850	20850
2483	17483
7985	22985
7186	22186
4590	19590
6947	21947
425	15425
4677	19677
4615	19615
5486	20486
2134	17134
4567	19567
4143	19143
6362	21362
5856	20856
8199	23199
3375	18375
2064	17064
9920	24920
8411	23411
1960	16960
1570	16570
6493	21493
8787	23787
2123	17123
8952	23952
76	15076
53	15053
6601	21601
1411	16411
9228	24228
8102	23102
8254	23254
407	15407
9482	24482
4650	19650
3109	18109
3251	18251
9063	24063
3143	18143
1893	16893
7463	22463
3724	18724
7272	22272
9189	24189
8337	23337
5919	20919
5072	20072
9133	24133
3636	18636
5695	20695
3367	18367
2211	17211
9123	24123
1687	16687
2448	17448
10130	25130
5320	20320
9017	24017
9341	24341
6304	21304
4611	19611
8172	23172
6918	21918
266	15266
6507	21507
4038	19038
1339	16339
5377	20377
8483	23483
9778	24778
6694	21694
9536	24536
4017	19017
864	15864
6542	21542
6735	21735
7499	22499
3409	18409
6134	21134
2307	17307
3532	18532
3994	18994
8023	23023
9617	24617
8279	23279
9154	24154
1795	16795
723	15723
7097	22097
1340	16340
7773	22773
2773	17773
4951	19951
10374	25374
9995	24995
317	15317
8174	23174
2877	17877
77	15077
4464	19464
7187	22187
1574	16574
5029	20029
2662	17662
7183	22183
4023	19023
5167	20167
9353	24353
2623	17623
240	15240
8418	23418
7598	22598
8774	23774
244	15244
9811	24811
3413	18413
4709	19709
5800	20800
4452	19452
6878	21878
4370	19370
6547	21547
21	15021
6681	21681
1201	16201
10428	25428
923	15923
5932	20932
8247	23247
597	15597
8902	23902
7602	22602
10437	25437
7146	22146
9533	24533
1696	16696
5300	20300
3200	18200
2	15002
1626	16626
4805	19805
8330	23330
3048	18048
1526	16526
2620	17620
1955	16955
1459	16459
9549	24549
3747	18747
8681	23681
2689	17689
5053	20053
5821	20821
488	15488
205	15205
8815	23815
3634	18634
779	15779
9257	24257
6604	21604
4924	19924
6628	21628
3882	18882
6319	21319
4953	19953
2114	17114
5031	20031
207	15207
2738	17738
9340	24340
1982	16982
10441	25441
625	15625
1501	16501
1690	16690
8381	23381
6960	21960
5431	20431
136	15136
8741	23741
9859	24859
6202	21202
10047	25047
2243	17243
2441	17441
3241	18241
4470	19470
2845	17845
7506	22506
2111	17111
6602	21602
5876	20876
1869	16869
9280	24280
4767	19767
859	15859
5594	20594
95	15095
7453	22453
8756	23756
3476	18476
2502	17502
9183	24183
4747	19747
4850	19850
4940	19940
1258	16258
4680	19680
6281	21281
8216	23216
3616	18616
10036	25036
523	15523
1884	16884
5094	20094
1943	16943
4821	19821
5364	20364
9299	24299
3290	18290
9247	24247
587	15587
7935	22935
9197	24197
1888	16888
422	15422
1011	16011
5805	20805
9370	24370
2995	17995
4231	19231
2188	17188
4324	19324
4039	19039
7575	22575
6245	21245
3417	18417
7693	22693
4451	19451
1702	16702
4855	19855
9258	24258
3177	18177
2776	17776
8826	23826
4137	19137
9052	24052
803	15803
8319	23319
2157	17157
202	15202
7891	22891
3917	18917
3313	18313
2669	17669
8551	23551
8920	23920
545	15545
5537	20537
4253	19253
7045	22045
3328	18328
8481	23481
7874	22874
9917	24917
9652	24652
3995	18995
2615	17615
5513	20513
9339	24339
4134	19134
5273	20273
2661	17661
3800	18800
2501	17501
1777	16777
2601	17601
5284	20284
887	15887
6325	21325
8578	23578
3017	18017
3602	18602
10410	25410
9639	24639
9902	24902
7685	22685
7427	22427
1856	16856
2515	17515
3461	18461
6130	21130
7051	22051
2940	17940
805	15805
7204	22204
9093	24093
449	15449
7868	22868
6375	21375
861	15861
5366	20366
2331	17331
6626	21626
700	15700
7915	22915
5021	20021
604	15604
9407	24407
10294	25294
7962	22962
10025	25025
1961	16961
2581	17581
5750	20750
9321	24321
1834	16834
6806	21806
6239	21239
3015	18015
10065	25065
7903	22903
3126	18126
10489	25489
9810	24810
6331	21331
5180	20180
5350	20350
4865	19865
9079	24079
7197	22197
1249	16249
180	15180
480	15480
7928	22928
4833	19833
2545	17545
3524	18524
5343	20343
164	15164
9449	24449
8969	23969
432	15432
787	15787
2913	17913
10459	25459
921	15921
4587	19587
8552	23552
8036	23036
2404	17404
5915	20915
3486	18486
1282	16282
8836	23836
10364	25364
8417	23417
1154	16154
4753	19753
6772	21772
8141	23141
419	15419
4539	19539
688	15688
7446	22446
2216	17216
8386	23386
3027	18027
9611	24611
9958	24958
3457	18457
3014	18014
1189	16189
8392	23392
5911	20911
10327	25327
5502	20502
9894	24894
10099	25099
3565	18565
7456	22456
199	15199
9255	24255
1203	16203
9336	24336
765	15765
7824	22824
10203	25203
6103	21103
7378	22378
535	15535
6150	21150
3057	18057
9919	24919
9358	24358
4053	19053
9949	24949
8662	23662
1143	16143
4254	19254
816	15816
387	15387
4042	19042
8333	23333
7904	22904
4444	19444
1118	16118
1723	16723
1791	16791
9567	24567
3083	18083
7432	22432
1157	16157
135	15135
1262	16262
9264	24264
3250	18250
2707	17707
5732	20732
5747	20747
3365	18365
8123	23123
7232	22232
9800	24800
187	15187
6752	21752
7002	22002
3889	18889
5930	20930
9211	24211
10098	25098
9761	24761
2079	17079
5772	20772
4455	19455
8477	23477
1226	16226
7739	22739
3021	18021
4424	19424
4836	19836
568	15568
6719	21719
1186	16186
5437	20437
4806	19806
1839	16839
7147	22147
1608	16608
5660	20660
7497	22497
4483	19483
5371	20371
3887	18887
8840	23840
1031	16031
8887	23887
1937	16937
6333	21333
7188	22188
2968	17968
3167	18167
1667	16667
160	15160
1528	16528
10304	25304
6727	21727
2552	17552
4511	19511
6723	21723
2061	17061
10179	25179
7309	22309
6711	21711
7553	22553
7988	22988
2779	17779
1015	16015
5481	20481
3825	18825
6259	21259
10395	25395
8299	23299
5266	20266
6154	21154
385	15385
6774	21774
9984	24984
4882	19882
8370	23370
8439	23439
10499	25499
1603	16603
4982	19982
4059	19059
3653	18653
9372	24372
5692	20692
579	15579
6396	21396
9497	24497
3789	18789
8972	23972
1136	16136
4526	19526
8571	23571
6708	21708
7476	22476
9803	24803
822	15822
584	15584
2084	17084
3762	18762
3750	18750
1466	16466
4344	19344
1750	16750
1599	16599
3389	18389
1990	16990
6032	21032
10284	25284
10363	25363
5303	20303
2190	17190
7134	22134
9380	24380
405	15405
2427	17427
6270	21270
1927	16927
6111	21111
899	15899
8202	23202
926	15926
9948	24948
7260	22260
7321	22321
669	15669
6646	21646
2471	17471
8727	23727
1319	16319
3008	18008
2269	17269
5011	20011
10464	25464
255	15255
1425	16425
8806	23806
8512	23512
9043	24043
18	15018
9573	24573
5454	20454
5584	20584
9434	24434
2224	17224
10254	25254
9861	24861
2410	17410
7352	22352
1120	16120
6163	21163
9857	24857
3551	18551
9292	24292
9979	24979
5738	20738
796	15796
5904	20904
3061	18061
7752	22752
3955	18955
9755	24755
8377	23377
9462	24462
3264	18264
8553	23553
8764	23764
9256	24256
3795	18795
3275	18275
10281	25281
9179	24179
1346	16346
9596	24596
428	15428
4628	19628
6521	21521
3490	18490
4831	19831
6958	21958
7076	22076
10357	25357
3141	18141
1565	16565
9382	24382
2155	17155
8266	23266
3401	18401
4976	19976
6224	21224
4264	19264
2442	17442
1938	16938
6566	21566
10200	25200
6998	21998
7817	22817
9137	24137
9501	24501
1994	16994
1616	16616
4738	19738
2314	17314
9004	24004
3697	18697
4978	19978
8842	23842
1231	16231
5603	20603
601	15601
2266	17266
2557	17557
8711	23711
8580	23580
10076	25076
3558	18558
7635	22635
1890	16890
8743	23743
732	15732
5090	20090
8874	23874
3387	18387
5240	20240
6196	21196
9608	24608
6565	21565
7984	22984
3761	18761
2733	17733
7893	22893
4977	19977
6965	21965
2089	17089
5177	20177
3431	18431
4359	19359
5602	20602
9090	24090
3864	18864
3478	18478
5636	20636
2664	17664
4800	19800
1968	16968
9632	24632
1772	16772
6897	21897
3347	18347
2376	17376
8342	23342
641	15641
7488	22488
7468	22468
6326	21326
9166	24166
7320	22320
1289	16289
1213	16213
8925	23925
9506	24506
4968	19968
9378	24378
6395	21395
9693	24693
5683	20683
9687	24687
230	15230
4652	19652
3805	18805
9624	24624
929	15929
4868	19868
7623	22623
5907	20907
8783	23783
9900	24900
2087	17087
2060	17060
3362	18362
9036	24036
9284	24284
2604	17604
4832	19832
6629	21629
9476	24476
8605	23605
9945	24945
6955	21955
2313	17313
10176	25176
10207	25207
8354	23354
1028	16028
9033	24033
8280	23280
9260	24260
4132	19132
2137	17137
9110	24110
2433	17433
6543	21543
8362	23362
2974	17974
6537	21537
6109	21109
4994	19994
7720	22720
9401	24401
3677	18677
4448	19448
8428	23428
5339	20339
5148	20148
9417	24417
6001	21001
2168	17168
511	15511
253	15253
6399	21399
5868	20868
3981	18981
811	15811
1992	16992
8524	23524
2363	17363
1745	16745
4199	19199
2819	17819
10010	25010
645	15645
2687	17687
6051	21051
7312	22312
4762	19762
3038	18038
9319	24319
5820	20820
5981	20981
6338	21338
7175	22175
1774	16774
3614	18614
5023	20023
6513	21513
10349	25349
3356	18356
2811	17811
10473	25473
7579	22579
801	15801
8948	23948
3646	18646
5774	20774
5698	20698
7512	22512
7657	22657
7034	22034
6080	21080
6280	21280
9575	24575
7327	22327
1088	16088
6250	21250
6548	21548
6728	21728
8886	23886
9330	24330
9905	24905
3523	18523
7360	22360
8649	23649
10049	25049
3503	18503
10119	25119
2855	17855
8094	23094
3868	18868
5390	20390
6508	21508
5333	20333
1718	16718
2349	17349
6592	21592
752	15752
7797	22797
5935	20935
6306	21306
3078	18078
3915	18915
3454	18454
4117	19117
6301	21301
4510	19510
43	15043
5222	20222
1085	16085
6673	21673
7157	22157
3708	18708
7108	22108
5047	20047
3736	18736
4593	19593
8790	23790
5659	20659
10283	25283
4031	19031
583	15583
1476	16476
7659	22659
9726	24726
3397	18397
7502	22502
7112	22112
7240	22240
9576	24576
4044	19044
8167	23167
2248	17248
1087	16087
2203	17203
3011	18011
2344	17344
8957	23957
7712	22712
5107	20107
10307	25307
3921	18921
6991	21991
8109	23109
1734	16734
3272	18272
4727	19727
4944	19944
5582	20582
1240	16240
8083	23083
2670	17670
4786	19786
10407	25407
5403	20403
10288	25288
2999	17999
1832	16832
9700	24700
8057	23057
1541	16541
9409	24409
1644	16644
2000	17000
8587	23587
4107	19107
1304	16304
338	15338
543	15543
3695	18695
6876	21876
7636	22636
2162	17162
1695	16695
4703	19703
2887	17887
4485	19485
8062	23062
7974	22974
2354	17354
2085	17085
8793	23793
5210	20210
8308	23308
3330	18330
502	15502
2699	17699
4055	19055
9346	24346
279	15279
8841	23841
6950	21950
5033	20033
7884	22884
7702	22702
5260	20260
9350	24350
1567	16567
3198	18198
1149	16149
2756	17756
2489	17489
9032	24032
8731	23731
968	15968
9703	24703
2775	17775
6523	21523
3338	18338
7415	22415
2351	17351
4708	19708
2920	17920
10113	25113
6203	21203
2906	17906
4009	19009
8586	23586
4295	19295
1993	16993
6248	21248
186	15186
4956	19956
1610	16610
8777	23777
659	15659
3728	18728
4887	19887
9271	24271
9888	24888
1160	16160
353	15353
5874	20874
7807	22807
3421	18421
6108	21108
1846	16846
7373	22373
1078	16078
6049	21049
7270	22270
362	15362
9731	24731
6944	21944
9903	24903
10057	25057
4294	19294
4965	19965
4914	19914
7803	22803
550	15550
7728	22728
4852	19852
9200	24200
5526	20526
7529	22529
6667	21667
7380	22380
3050	18050
8797	23797
8967	23967
7638	22638
9086	24086
8304	23304
10367	25367
2610	17610
3942	18942
4489	19489
1412	16412
9839	24839
8338	23338
206	15206
6478	21478
914	15914
863	15863
1402	16402
4681	19681
5859	20859
9225	24225
4928	19928
2020	17020
3783	18783
7022	22022
5091	20091
8549	23549
600	15600
346	15346
7942	22942
1039	16039
10486	25486
3751	18751
8371	23371
2338	17338
1234	16234
6577	21577
7445	22445
348	15348
8044	23044
5389	20389
9715	24715
6929	21929
1042	16042
5887	20887
8929	23929
333	15333
6169	21169
3883	18883
4513	19513
7923	22923
4789	19789
2962	17962
2187	17187
3359	18359
4645	19645
7734	22734
431	15431
10409	25409
746	15746
1733	16733
712	15712
1614	16614
954	15954
4801	19801
3459	18459
7177	22177
429	15429
2753	17753
5705	20705
858	15858
6512	21512
9038	24038
10448	25448
8548	23548
2075	17075
3094	18094
8922	23922
4266	19266
2007	17007
2711	17711
9509	24509
3361	18361
9758	24758
7233	22233
1939	16939
8845	23845
5207	20207
8303	23303
4218	19218
9281	24281
9088	24088
8009	23009
4090	19090
8433	23433
6157	21157
10341	25341
4430	19430
234	15234
8219	23219
10106	25106
4387	19387
9678	24678
5322	20322
9528	24528
9238	24238
3952	18952
7267	22267
6580	21580
4061	19061
8005	23005
2035	17035
4669	19669
1824	16824
5969	20969
6990	21990
69	15069
6299	21299
7125	22125
6517	21517
149	15149
3336	18336
5159	20159
358	15358
268	15268
6633	21633
2516	17516
7945	22945
9595	24595
2223	17223
6370	21370
6351	21351
148	15148
4214	19214
1246	16246
2672	17672
2192	17192
697	15697
1296	16296
489	15489
1652	16652
5640	20640
2256	17256
10298	25298
1053	16053
6848	21848
9802	24802
3854	18854
533	15533
2613	17613
1228	16228
1522	16522
3378	18378
228	15228
2474	17474
7249	22249
6214	21214
9410	24410
941	15941
7515	22515
10279	25279
5796	20796
8647	23647
2294	17294
1784	16784
2870	17870
4869	19869
3115	18115
10267	25267
9287	24287
5287	20287
6345	21345
4047	19047
1972	16972
1009	16009
5530	20530
3940	18940
5212	20212
2975	17975
2911	17911
8137	23137
872	15872
5095	20095
5639	20639
7424	22424
3108	18108
620	15620
5799	20799
10162	25162
7151	22151
3045	18045
3102	18102
6583	21583
9251	24251
542	15542
1218	16218
5645	20645
10052	25052
4255	19255
6141	21141
7287	22287
1944	16944
1510	16510
4074	19074
3217	18217
6164	21164
1144	16144
10493	25493
8131	23131
5730	20730
8460	23460
6788	21788
4313	19313
3190	18190
9118	24118
8744	23744
8917	23917
357	15357
1379	16379
8993	23993
8336	23336
749	15749
2966	17966
399	15399
6912	21912
10475	25475
3277	18277
809	15809
8770	23770
458	15458
6839	21839
10062	25062
1969	16969
5905	20905
4203	19203
1263	16263
6560	21560
2796	17796
6047	21047
7292	22292
8295	23295
3970	18970
9845	24845
2531	17531
4698	19698
8603	23603
5283	20283
10032	25032
4457	19457
4317	19317
8660	23660
4056	19056
1504	16504
10210	25210
5853	20853
4974	19974
829	15829
8747	23747
6564	21564
6458	21458
10204	25204
5771	20771
4971	19971
4748	19748
7437	22437
10305	25305
7299	22299
10491	25491
1447	16447
3964	18964
275	15275
5317	20317
4330	19330
8452	23452
10082	25082
5803	20803
2761	17761
2666	17666
8211	23211
1498	16498
2380	17380
8060	23060
1469	16469
1152	16152
10045	25045
1594	16594
8405	23405
5604	20604
52	15052
1110	16110
9047	24047
686	15686
6901	21901
3772	18772
3273	18273
6258	21258
4625	19625
9952	24952
2626	17626
10184	25184
7727	22727
6083	21083
5063	20063
4830	19830
4240	19240
7431	22431
7548	22548
5900	20900
2124	17124
5326	20326
5540	20540
4338	19338
3846	18846
2898	17898
138	15138
8666	23666
2788	17788
7576	22576
212	15212
7349	22349
4658	19658
2659	17659
10494	25494
10484	25484
9161	24161
6240	21240
10387	25387
1290	16290
2317	17317
3888	18888
649	15649
3088	18088
2859	17859
6617	21617
7313	22313
684	15684
3161	18161
9574	24574
1685	16685
5058	20058
10422	25422
3913	18913
1155	16155
4096	19096
113	15113
2960	17960
10056	25056
10108	25108
7731	22731
9113	24113
8608	23608
7994	22994
7235	22235
3694	18694
5372	20372
646	15646
5484	20484
5871	20871
167	15167
4931	19931
6607	21607
9060	24060
961	15961
6995	21995
6255	21255
3030	18030
1761	16761
806	15806
715	15715
7507	22507
3659	18659
8973	23973
9498	24498
9379	24379
1959	16959
3132	18132
5628	20628
4136	19136
418	15418
4267	19267
437	15437
5973	20973
4552	19552
6985	21985
9041	24041
7422	22422
4817	19817
6742	21742
91	15091
4423	19423
626	15626
1704	16704
6316	21316
8117	23117
8686	23686
1855	16855
8332	23332
1362	16362
1025	16025
6891	21891
3741	18741
395	15395
1779	16779
170	15170
9645	24645
4022	19022
5348	20348
1450	16450
6464	21464
9699	24699
1023	16023
10266	25266
3442	18442
5489	20489
2287	17287
7003	22003
1204	16204
8516	23516
599	15599
5036	20036
10156	25156
5269	20269
8612	23612
342	15342
4463	19463
7869	22869
2762	17762
8282	23282
5668	20668
2856	17856
3647	18647
3610	18610
5512	20512
3022	18022
5804	20804
716	15716
1307	16307
10292	25292
4066	19066
2542	17542
7785	22785
1174	16174
8097	23097
5998	20998
6483	21483
1941	16941
9864	24864
1071	16071
4364	19364
5934	20934
7814	22814
9862	24862
5838	20838
5889	20889
7162	22162
4270	19270
6748	21748
7419	22419
5902	20902
5753	20753
2128	17128
5411	20411
1933	16933
4196	19196
2625	17625
3779	18779
41	15041
7135	22135
303	15303
5211	20211
8674	23674
8374	23374
6021	21021
1979	16979
9701	24701
1686	16686
9009	24009
10189	25189
4558	19558
1532	16532
2569	17569
24	15024
791	15791
7365	22365
10311	25311
1709	16709
3345	18345
258	15258
1506	16506
2631	17631
5013	20013
8324	23324
2535	17535
5843	20843
6003	21003
8935	23935
6106	21106
7394	22394
9918	24918
4911	19911
6556	21556
5176	20176
2716	17716
6846	21846
2115	17115
3987	18987
7620	22620
8936	23936
4374	19374
2207	17207
420	15420
9708	24708
5545	20545
8257	23257
2929	17929
10183	25183
8786	23786
8513	23513
10102	25102
984	15984
2861	17861
2193	17193
4417	19417
8499	23499
1051	16051
4434	19434
8294	23294
8966	23966
6919	21919
4812	19812
1660	16660
2348	17348
3026	18026
4331	19331
6865	21865
8314	23314
6406	21406
8709	23709
10321	25321
3051	18051
2926	17926
2163	17163
8762	23762
6218	21218
7741	22741
7189	22189
4474	19474
6776	21776
1496	16496
6127	21127
1631	16631
671	15671
6874	21874
2746	17746
3288	18288
5179	20179
6780	21780
7206	22206
10035	25035
6453	21453
6305	21305
10339	25339
3871	18871
5144	20144
3145	18145
7887	22887
5312	20312
6621	21621
9513	24513
8657	23657
10343	25343
2413	17413
7770	22770
898	15898
4729	19729
1768	16768
2462	17462
8658	23658
934	15934
9218	24218
1931	16931
4140	19140
8455	23455
7833	22833
4445	19445
4897	19897
5893	20893
8129	23129
