10305	226	583
10305	205	7267
25305	414	15583
25305	284	22267
5820	226	14534
5820	75	13300
5820	4	5702
20820	414	29534
20820	311	28300
20820	296	20702
7175	200	4540
7175	226	649
22175	414	19540
22175	414	15649
2030	61	13634
2030	225	12034
12034	151	2030
17030	344	28634
17030	267	27034
27034	368	17030
17030	321	24902
5189	75	5411
5189	226	12303
20189	311	20411
20189	284	27303
1162	226	2449
16162	414	17449
5061	226	12157
5061	205	5069
5061	4	7373
20061	414	27157
20061	284	20069
20061	296	22373
20061	414	21822
12521	75	244
7656	75	244
13904	75	244
27521	311	15244
22946	304	15244
28904	311	15244
28880	304	15244
9462	226	199
12311	226	199
1218	226	199
24462	414	15199
27311	414	15199
16218	414	15199
4066	169	3612
12080	169	3612
8925	169	3612
19066	411	18612
27080	411	18612
23925	411	18612
28213	411	18612
3713	61	10208
12578	61	10208
18713	344	25208
27578	344	25208
14209	189	3200
29209	344	18200
14140	48	3638
7781	48	3638
4338	48	3638
29140	381	18638
21970	381	18638
19338	381	18638
2771	4	13968
2771	48	4116
2771	75	12531
17771	296	28968
17771	381	19116
17771	304	27531
17771	414	29229
5770	225	13583
13583	151	5770
5770	20	850
20770	267	28583
28583	368	20770
20770	321	15850
1822	160	1877
3475	160	1877
3278	49	1877
16822	351	16877
16822	351	16877
16822	351	16877
2175	169	2036
8272	169	2036
9691	169	2036
24691	411	17036
23272	411	17036
24691	411	17036
24691	411	17036
7307	205	4190
8139	205	4190
13773	205	4190
22307	284	19190
23139	284	19190
28773	284	19190
18959	284	19190
12428	169	4928
6772	48	4928
27428	411	19928
21772	330	19928
2890	160	13312
2890	160	14201
17890	351	28312
17890	271	29201
6109	226	12121
6109	205	10113
21109	414	27121
21109	284	25113
6647	61	7255
21647	402	22255
9844	75	12531
24844	311	27531
14060	226	8803
6573	226	8803
8803	160	14674
29060	414	23803
20210	414	23803
23803	351	29674
20210	414	23803
6156	41	7000
6156	46	2733
6156	160	3217
21156	248	22000
21156	362	17733
21156	351	18217
9340	226	4611
9340	205	1286
24340	414	19611
24340	284	16286
501	62	2075
501	193	7083
501	154	6662
15501	377	17075
15501	336	22083
15501	284	21662
5290	48	3643
5290	205	10008
5290	159	1284
20290	381	18643
20290	284	25008
20290	381	16284
20290	296	17632
1394	61	8988
3720	61	8988
4296	61	8988
19296	402	23988
19296	402	23988
19296	402	23988
29496	284	23988
32	226	14534
32	169	3176
32	226	4611
15032	414	29534
15032	411	18176
15032	414	19611
15032	414	29386
6412	226	13328
21412	414	28328
9492	75	2401
148	75	2401
13193	75	2401
24492	304	17401
15148	311	17401
28193	311	17401
24492	304	17401
8666	41	8571
23666	248	23571
890	154	4884
890	156	4485
890	168	14256
15890	284	19884
15890	303	19485
15890	269	29256
15890	269	28664
4344	226	2442
7259	226	2442
2442	160	6158
19344	414	17442
22259	414	17442
17442	351	21158
22598	414	17442
2681	226	9158
17681	414	24158
7828	159	9979
9553	159	9979
6256	159	9979
22828	330	24979
16390	330	24979
21256	330	24979
29445	330	24979
12800	159	1993
7289	48	1993
1993	41	6299
27800	381	16993
22662	330	16993
16993	248	21299
22662	330	16993
5144	61	14193
13054	225	5144
5144	151	13054
20144	344	29193
28054	267	20144
20144	368	28054
14473	226	5747
780	226	5747
6728	226	5747
29473	414	20747
21728	414	20747
21728	414	20747
23123	414	20747
14124	169	4727
985	169	4727
4769	169	4727
29124	411	19727
15985	411	19727
15985	411	19727
29898	411	19727
7731	151	14149
14149	225	7731
22731	368	29149
29149	267	22731
8845	160	816
23845	351	15816
1328	115	6253
16328	343	21253
5876	226	4221
7303	226	4221
271	226	4221
20876	414	19221
22303	414	19221
15271	414	19221
3940	156	1515
3940	42	4593
18940	303	16515
18940	250	19593
14964	160	7942
3639	160	7942
8244	160	7942
29964	351	22942
22079	410	22942
22079	410	22942
24792	351	22942
2060	172	13187
17060	293	28187
3697	226	8649
18697	414	23649
4316	189	3162
7512	48	3162
447	61	3162
22512	344	18162
22512	344	18162
22512	344	18162
22512	344	18162
14640	226	8910
9755	226	8910
13926	226	8910
29640	414	23910
24755	414	23910
28926	414	23910
27742	414	23910
356	61	7847
6584	61	7847
2825	61	7847
18653	344	22847
18653	344	22847
17825	344	22847
28989	344	22847
8633	144	9003
8633	144	12519
8633	168	2974
23633	294	24003
23633	294	27519
23633	269	17974
216	226	9287
9271	226	9287
15216	414	24287
24271	414	24287
1915	151	14788
14788	225	1915
1915	189	2955
16915	368	29788
29788	267	16915
16915	344	17955
16915	321	29221
5023	33	2844
20023	290	17844
216	226	827
216	226	9287
216	226	10315
15216	414	15827
15216	414	24287
15216	414	25315
15216	364	21902
4474	169	8131
4474	226	1826
19474	411	23131
19474	414	16826
1207	226	12769
1207	226	5830
16207	414	27769
16207	414	20830
1791	226	9092
1791	4	3864
1791	48	14010
16791	414	24092
16791	296	18864
16791	381	29010
5365	20	1269
7325	20	1269
9143	20	1269
24143	321	16269
23858	321	16269
25367	321	16269
28643	321	16269
4231	159	3766
4231	205	7902
19231	330	18766
19231	284	22902
9057	125	7797
8059	125	7797
249	125	7797
24973	409	22797
20210	409	22797
24973	409	22797
20210	409	22797
13908	226	4911
153	226	4911
8682	226	4911
28908	414	19911
15153	414	19911
23682	414	19911
19911	351	21158
9060	20	94
4240	20	94
5038	20	94
24060	321	15094
19240	321	15094
20038	321	15094
20038	321	15094
2123	61	13566
17123	344	28566
8502	226	6918
8502	226	8902
23502	414	21918
23502	414	23902
7229	226	13803
7229	75	2401
7229	4	12906
22229	414	28803
22229	311	17401
22229	296	27906
22229	414	23661
14216	205	7226
3540	205	7226
8312	205	7226
29216	284	22226
18540	284	22226
23312	284	22226
1071	205	4096
1071	169	2569
1071	4	8318
16071	284	19096
16071	411	17569
16071	296	23318
1393	48	14011
1393	4	2349
1393	48	5969
16393	381	29011
16393	296	17349
16393	381	20969
700	48	968
700	226	9111
700	75	5261
15700	330	15968
15700	414	24111
15700	364	20261
15700	414	27678
5805	222	4434
444	48	4434
12591	222	4434
20805	341	19434
20373	341	19434
27591	341	19434
20805	341	19434
6719	168	14940
6719	53	6136
21719	269	29940
21719	250	21136
9460	226	47
14475	226	47
10038	48	47
18264	414	15047
29475	414	15047
25038	414	15047
22206	414	15047
2967	4	12312
2967	75	13300
17967	296	27312
17967	304	28300
6103	226	6324
6103	226	6456
6103	226	5547
21103	414	21324
21103	414	21456
21103	414	20547
21103	414	27678
8246	49	5503
23246	410	20503
4756	168	7072
13396	168	7072
7755	168	7072
19756	269	22072
28396	269	22072
22755	269	22072
29571	269	22072
1087	226	12240
1087	226	13164
1087	226	7239
16087	414	27240
16087	414	28164
16087	414	15762
16087	414	15762
299	226	12087
299	159	3765
15299	414	27087
15299	330	18765
3797	159	6472
3797	226	9410
18797	330	21472
18797	414	24410
782	169	4936
782	226	5907
782	205	4190
15782	411	19936
15782	414	20907
15782	284	19190
10166	160	3718
25166	271	18718
1623	4	1258
7193	4	1258
12833	4	1258
25151	296	16258
22193	296	16258
27833	296	16258
25032	296	16258
12159	205	8741
1406	205	8741
13383	205	8741
27159	284	23741
16406	284	23741
28383	284	23741
17010	284	23741
5758	42	14245
5758	156	4451
20758	250	29245
20758	303	19451
2512	20	206
761	20	206
920	20	206
15269	321	15206
15269	321	15206
15269	321	15206
15269	321	15206
2029	226	9317
2029	205	12631
2029	226	4807
17029	414	24317
17029	284	27631
17029	414	19807
2751	51	4832
4832	193	7083
4832	226	5709
22693	416	19832
19832	336	22083
19832	414	20709
19331	416	19832
2382	145	4323
2382	4	8667
17382	364	19323
17382	296	23667
2069	194	1608
17069	274	16608
10338	4	13704
10338	226	798
25338	296	28704
25338	414	15798
9640	33	340
9640	139	3551
24640	290	15340
24640	397	18551
4738	75	12531
4738	4	1928
4738	145	7548
19738	311	27531
19738	296	16928
19738	364	22548
1824	159	12050
12561	225	1824
1824	151	12561
16824	330	27050
27561	267	16824
16824	368	27561
16824	416	15914
1213	4	13704
1213	226	7984
1213	226	5547
16213	296	28704
16213	414	22984
16213	414	20547
10260	75	9836
10260	226	6370
25260	311	24836
25260	414	21370
