need:	[10305, 159, 583]	[10305, 205, 7267]	[25305, 330, 15583]	[25305, 414, 25953]	[25305, 284, 22267]	[25305, 414, 15583],delete:
need:,delete:	[20820, 259, 20849]
need:,delete:	[7175, 145, 649]	[7175, 226, 649]	[22175, 259, 20849]
need:	[17030, 344, 28634],delete:
need:	[5189, 75, 5411]	[5189, 226, 13616]	[5189, 154, 12815]	[20189, 284, 27303]	[20189, 311, 20411],delete:
need:,delete:	[16162, 259, 20849]
need:,delete:	[20061, 259, 20849]
need:	[7946, 75, 244]	[7656, 75, 244]	[28998, 311, 15244],delete:
need:	[12311, 226, 199]	[24462, 414, 15199],delete:
need:	[12080, 169, 3612]	[4066, 169, 3612]	[13213, 169, 3612]	[28213, 411, 18612]	[19066, 411, 18612],delete:
need:	[27578, 344, 25208]	[18713, 344, 25208],delete:
need:	[19402, 344, 18200],delete:
need:	[29140, 381, 18638]	[19899, 381, 18638]	[6970, 48, 3638],delete:
need:,delete:	[17771, 259, 20849]	[2771, 75, 12531]	[2771, 226, 14229]	[17771, 304, 27531]
need:	[13583, 151, 5770]	[20770, 267, 28583],delete:
need:,delete:	[18475, 351, 16877]	[18278, 351, 16877]
need:	[27989, 411, 17036]	[9691, 169, 2036]	[14786, 169, 2036]	[12989, 169, 2036],delete:
need:,delete:
need:	[27428, 411, 19928],delete:
need:	[17890, 351, 28312]	[17890, 271, 29201],delete:
need:,delete:	[21109, 259, 20849]
need:	[6647, 61, 7255]	[21647, 344, 22255],delete:
need:	[9844, 75, 12531]	[9844, 226, 11500]	[24844, 414, 26500],delete:
need:	[29060, 414, 23803]	[14060, 226, 8803],delete:
need:	[6156, 46, 2733]	[21156, 362, 17733]	[21156, 351, 18217],delete:
need:,delete:	[9340, 226, 4611]	[24340, 259, 20849]
need:,delete:	[501, 53, 8573]
need:,delete:	[20290, 259, 20849]
need:,delete:
need:,delete:	[5766, 194, 7911]	[22620, 274, 22911]	[22535, 274, 22911]
need:,delete:	[15032, 259, 20849]
need:,delete:	[21412, 259, 20849]
need:,delete:
need:	[8666, 41, 8571]	[23666, 248, 23571],delete:
need:	[15890, 269, 25710]	[890, 168, 10710]	[15890, 269, 29256],delete:
need:	[12998, 226, 2442]	[27998, 414, 17442]	[24118, 414, 17442],delete:
need:,delete:	[17681, 259, 20849]
need:	[29445, 330, 24979]	[14445, 159, 9979],delete:
need:	[27800, 330, 16993]	[12800, 159, 1993],delete:
need:	[13054, 225, 5144]	[28054, 267, 20144],delete:
need:	[29473, 414, 20747]	[13547, 226, 5747],delete:
need:	[29898, 411, 19727]	[29124, 411, 19727]	[14898, 169, 4727],delete:
need:	[7731, 151, 14149]	[14149, 225, 7731]	[22731, 368, 29149],delete:
need:	[8845, 160, 816]	[23845, 271, 16260]	[23845, 351, 15816],delete:
need:	[1328, 115, 6253]	[16328, 343, 21253],delete:
need:	[271, 226, 4221]	[11869, 226, 4221]	[20876, 414, 19221],delete:
need:	[3940, 42, 4593]	[18940, 250, 19593],delete:
need:	[12474, 160, 7942],delete:
need:	[2060, 172, 13187]	[17060, 293, 28187],delete:
need:	[3697, 226, 8649]	[3697, 226, 8464]	[18697, 414, 23649]	[18697, 414, 23464],delete:
need:,delete:
need:	[14191, 226, 8910]	[13926, 226, 8910],delete:
need:,delete:
need:	[8633, 156, 12519]	[23633, 269, 17974],delete:
need:	[216, 226, 9287]	[2555, 226, 9287]	[9271, 226, 9287],delete:
need:,delete:
need:	[5023, 33, 2844]	[20023, 290, 17844],delete:
need:,delete:	[216, 226, 827]	[15216, 259, 20849]
need:,delete:	[19474, 259, 20849]
need:,delete:	[16207, 386, 20618]	[16207, 259, 20849]
need:,delete:	[1791, 226, 9092]	[1791, 4, 3864]	[1791, 48, 14010]	[16791, 259, 20849]
need:,delete:
need:,delete:	[19231, 259, 20849]	[4231, 4, 8556]	[19231, 313, 18389]	[19231, 386, 16260]
need:	[10115, 125, 7797]	[14060, 125, 7797]	[29060, 409, 22797],delete:
need:	[14446, 226, 4911]	[29446, 414, 19911],delete:
need:	[16192, 321, 15094]	[14415, 20, 94]	[29415, 321, 15094]	[19064, 321, 15094],delete:
need:	[2123, 78, 13566]	[17123, 344, 28566],delete:
need:,delete:	[23502, 259, 20849]
need:,delete:	[22229, 259, 20849]
need:,delete:	[14216, 205, 7226]	[3540, 205, 7226]	[29216, 284, 22226]	[18540, 284, 22226]	[20715, 284, 22226]
need:	[1071, 169, 2569]	[1071, 205, 4096]	[16071, 411, 17569]	[16071, 296, 23318],delete:
need:,delete:	[1393, 226, 13328]	[1393, 48, 14011]	[16393, 250, 20312]	[16393, 259, 20849]	[16393, 381, 29011]
need:	[15700, 414, 24111]	[15700, 330, 15968]	[15700, 364, 20261],delete:
need:	[27591, 341, 19434],delete:
need:	[6719, 168, 14940]	[21719, 269, 29940],delete:
need:,delete:
need:,delete:	[17967, 259, 20849]
need:,delete:	[21103, 259, 20849]
need:,delete:
need:	[14571, 168, 7072]	[23191, 269, 22072]	[13396, 168, 7072]	[19756, 269, 22072],delete:
need:,delete:	[16087, 259, 20849]	[1087, 226, 13164]	[16087, 414, 15762]
need:	[18416, 330, 19184]	[21721, 411, 19184]	[19184, 384, 17777]	[19184, 271, 21501],delete:
need:,delete:	[15299, 259, 20849]
need:,delete:	[18797, 259, 20849]
need:	[782, 169, 4936]	[782, 226, 5907]	[782, 205, 4190]	[15782, 414, 20907]	[15782, 259, 20849]	[15782, 284, 19190]	[15782, 411, 19936],delete:
need:	[10166, 160, 3718]	[25166, 351, 18718],delete:
need:	[12833, 4, 1258]	[27716, 296, 16258]	[12716, 4, 1258]	[27833, 296, 16258],delete:
need:,delete:	[8741, 114, 9964]	[8741, 114, 9538]	[8741, 114, 11945]	[9631, 145, 8741]	[13383, 205, 8741]	[28383, 284, 23741]
need:	[5758, 156, 4451]	[20758, 303, 19451],delete:
need:	[15269, 321, 15206]	[14563, 20, 206],delete:
need:,delete:	[17029, 259, 20849]
need:	[19832, 336, 22083]	[4832, 226, 5709]	[19832, 250, 17875],delete:
need:,delete:	[17382, 259, 20849]
need:	[2069, 194, 1608]	[17069, 274, 16608],delete:
need:,delete:	[25338, 259, 20849]
need:	[9640, 139, 3551]	[24640, 397, 18551],delete:
need:,delete:	[19738, 259, 20849]
need:	[1824, 151, 12561]	[16824, 368, 27561],delete:
need:,delete:	[16213, 306, 20386]
need:,delete:	[25260, 259, 20849]
need:	[27028, 414, 23945]	[12028, 226, 8945],delete:
need:	[13983, 168, 2974]	[20700, 269, 17974]	[28983, 269, 17974]	[28477, 269, 17974],delete:
need:	[9802, 53, 6976]	[24802, 250, 21136],delete:
need:,delete:	[23195, 271, 18320]
need:,delete:	[19057, 259, 20849]
need:	[2900, 33, 7236]	[17900, 290, 28386],delete:
need:,delete:	[17278, 250, 19593]	[17278, 414, 23316]
need:,delete:	[6797, 226, 7984]	[6797, 145, 10617]	[21797, 259, 20849]	[21797, 414, 22984]	[21797, 364, 25617]
need:	[20314, 284, 20173],delete:
need:	[14577, 127, 9151]	[9151, 79, 3845]	[29577, 317, 24151]	[24151, 293, 18845]	[28012, 317, 24151],delete:
need:,delete:	[21953, 259, 20849]
need:	[2073, 151, 14380]	[17073, 321, 19976],delete:
need:	[10226, 145, 5838]	[20838, 384, 17777]	[18067, 364, 20838]	[25226, 304, 20838]	[28306, 364, 20838],delete:
need:,delete:	[16702, 259, 20849]
need:	[14581, 210, 2268]	[1025, 41, 2268],delete:
need:,delete:
need:	[3456, 226, 180]	[18132, 414, 15180]	[15678, 414, 15180]	[22876, 414, 15180],delete:
need:	[27673, 248, 21299]	[6015, 41, 6299]	[12673, 41, 6299],delete:
need:	[28392, 414, 23991]	[3696, 226, 8991]	[13392, 226, 8991],delete:
need:,delete:	[534, 0, 7242]
need:	[12962, 49, 8331]	[28599, 410, 23331]	[27931, 410, 23331]	[29421, 410, 23331]	[27962, 410, 23331],delete:
need:	[10117, 156, 689]	[25117, 303, 15689],delete:
need:	[3209, 172, 12643]	[27643, 301, 18209],delete:
need:	[2420, 159, 8389]	[17420, 259, 20849]	[2420, 145, 7051]	[17420, 330, 23389],delete:
need:	[6256, 226, 1086]	[6256, 226, 5907]	[21256, 414, 16086]	[21256, 414, 15636]	[21256, 414, 20907],delete:
need:	[14388, 160, 9889]	[29388, 351, 24889],delete:
need:,delete:	[1832, 205, 2183]	[28062, 284, 17183]	[13186, 189, 2183]	[17183, 384, 19129]	[16832, 284, 17183]	[16780, 344, 17183]
need:,delete:	[17960, 259, 20849]	[1170, 225, 2960]
need:,delete:	[18799, 259, 20849]
need:	[7542, 159, 14732]	[7542, 48, 14732],delete:
need:,delete:	[22426, 259, 20849]
need:	[2625, 226, 8902]	[12878, 226, 8902]	[20379, 414, 23902],delete:
need:	[27904, 366, 18017]	[18017, 345, 17238],delete:
need:	[12761, 226, 6566]	[27761, 414, 21566],delete:
need:	[3553, 226, 12548]	[18553, 414, 27548],delete:
need:,delete:	[19951, 346, 17848]
need:,delete:
need:,delete:
need:,delete:	[18917, 259, 20849]
need:	[27467, 364, 16092]	[12467, 145, 1092]	[27467, 414, 16092]	[29484, 414, 16092],delete:
need:	[4395, 20, 926]	[19395, 321, 15926],delete:
need:	[4998, 225, 5647]	[19998, 267, 20647]	[20647, 368, 19998],delete:
need:	[8367, 33, 11982]	[23367, 290, 26639],delete:
need:	[2130, 228, 10140]	[17130, 403, 25140],delete:
need:,delete:	[15540, 409, 26417]	[15540, 259, 20849]
need:	[27359, 284, 17666]	[12359, 205, 2666]	[27563, 284, 17666],delete:
need:	[14736, 144, 5932]	[5932, 1, 8484]	[29736, 303, 20932],delete:
need:	[5871, 226, 963]	[5871, 48, 8856]	[20871, 330, 23856],delete:
need:	[413, 53, 12862]	[15413, 250, 27862],delete:
need:,delete:	[22623, 259, 20849]
need:,delete:	[25278, 362, 23851]	[16438, 362, 23851]	[25425, 362, 23851]
need:,delete:	[19061, 409, 26417]
need:	[3677, 105, 12321]	[18677, 392, 27321],delete:
need:	[7939, 190, 12571]	[22939, 290, 27571],delete:
need:,delete:	[21127, 259, 20849]
need:	[29686, 269, 22437]	[28760, 269, 22437]	[13760, 168, 7437],delete:
need:,delete:	[21740, 259, 20849]	[21740, 409, 18482]
need:	[24581, 344, 28325],delete:
need:	[23462, 414, 21780]	[8462, 159, 6780]	[14304, 159, 6780]	[28592, 414, 21780],delete:
need:,delete:	[22904, 409, 26417]	[22904, 386, 16260]
need:,delete:	[19406, 259, 20849]
need:	[14971, 53, 3124]	[22268, 250, 18124],delete:
need:,delete:
need:	[8926, 151, 7388]	[13687, 225, 7388]	[28687, 267, 22388],delete:
need:	[5632, 225, 12076]	[20632, 267, 27076],delete:
need:,delete:	[23272, 414, 25315]	[4092, 226, 10315]
need:	[29978, 267, 24687],delete:
need:	[11242, 226, 8161]	[12852, 226, 8161]	[27852, 414, 23161],delete:
need:	[28392, 414, 17142]	[28934, 414, 17142]	[13392, 226, 2142]	[21424, 414, 17142],delete:
need:,delete:	[4041, 15, 7083]	[4041, 142, 3640]	[4041, 159, 5138]	[4041, 154, 3640]	[19041, 336, 22083]	[19041, 330, 20138]
need:	[27137, 267, 20695]	[20695, 368, 27137],delete:
need:	[9111, 38, 4510]	[6675, 226, 4510]	[28348, 344, 19510]	[13348, 189, 4510],delete:
need:	[12623, 20, 926]	[27623, 321, 15926],delete:
need:,delete:	[20776, 384, 17777]	[16743, 330, 20776]
need:,delete:	[22299, 259, 20849]
need:	[9000, 151, 13050]	[28050, 267, 24000],delete:
need:	[190, 151, 12546]	[15190, 368, 27546],delete:
need:	[5721, 226, 2520]	[20721, 414, 28381]	[20721, 414, 29235]	[20721, 414, 29757],delete:
need:	[20348, 368, 28647]	[20348, 344, 29434],delete:
need:	[25409, 290, 17237]	[10409, 33, 3757]	[25409, 290, 29671],delete:
need:,delete:	[7103, 226, 487]	[22103, 259, 20849]
need:	[15628, 414, 29793]	[15628, 414, 19510]	[15628, 364, 18296]	[15628, 259, 20849]	[15628, 330, 18296],delete:
need:,delete:	[9289, 53, 5350]	[9289, 53, 5268]
need:	[18653, 321, 18133]	[18653, 344, 22847],delete:
need:,delete:	[5956, 97, 949]	[20956, 369, 18320]	[20956, 293, 15949]
need:	[12298, 78, 9369]	[12298, 61, 9369]	[9369, 114, 9538]	[24369, 321, 17222]	[27298, 344, 24369],delete:
need:	[29205, 344, 22878]	[14205, 145, 7878]	[14205, 189, 7878],delete:
need:,delete:	[6163, 4, 14325]	[21163, 259, 20849]	[21163, 284, 18182]
need:	[6767, 123, 13681]	[21767, 366, 28681],delete:
need:	[8479, 71, 8479]	[8479, 71, 8479]	[14927, 36, 8479]	[22727, 260, 23479]	[23479, 278, 29622],delete:
need:	[2266, 48, 14227]	[17266, 381, 29227],delete:
need:	[9372, 139, 3674]	[24372, 290, 18674],delete:
need:	[4650, 20, 11712]	[19650, 321, 26712],delete:
need:,delete:	[23129, 259, 20849]
need:	[13626, 124, 312]	[28626, 293, 15312],delete:
need:,delete:	[20842, 259, 20849]
need:,delete:
need:	[5840, 226, 4592]	[5840, 159, 4592]	[5840, 48, 4592]	[20840, 259, 20849]	[20840, 330, 19592]	[20840, 414, 19592],delete:
need:,delete:	[20343, 259, 20849]
need:	[3538, 168, 14940]	[18538, 269, 29940],delete:
need:	[4596, 154, 5886]	[4596, 156, 9938]	[19596, 284, 20886],delete:
need:	[27867, 296, 22576]	[14105, 4, 7576]	[29105, 296, 22576],delete:
need:,delete:	[2412, 160, 7361]	[16193, 351, 22361]	[22361, 289, 17651]
need:	[28092, 344, 24315]	[25156, 344, 24315]	[27004, 344, 24315],delete:
need:	[1201, 145, 10373]	[16201, 364, 25373]	[16201, 296, 26393],delete:
need:,delete:	[9259, 226, 13630]	[9259, 159, 1081]	[24259, 259, 20849]
need:,delete:	[21417, 259, 20849]	[21417, 414, 19408]
need:	[6172, 226, 12722]	[21172, 414, 27722]	[21172, 296, 17349],delete:
need:,delete:	[8828, 156, 2849]	[8828, 29, 6039]	[8828, 125, 11417]	[23828, 303, 17849]
need:	[24299, 290, 16553]	[9299, 33, 13386]	[9299, 33, 13161],delete:
need:,delete:	[25051, 259, 20849]
need:,delete:
need:	[28167, 414, 23414]	[13167, 226, 8414],delete:
need:	[4008, 190, 950]	[4008, 160, 11586]	[19008, 351, 26586]	[19008, 290, 15950],delete:
need:,delete:	[7863, 75, 13300]	[22863, 414, 19611]	[22863, 259, 20849]
need:,delete:	[3279, 160, 3380]	[18279, 342, 20503]
need:,delete:	[19313, 259, 20849]
need:	[14493, 20, 9720]	[14541, 20, 9720],delete:
need:,delete:	[5818, 145, 2313]	[2313, 16, 6708]	[17313, 413, 26945]
need:	[27896, 414, 18143]	[27896, 381, 18143]	[27896, 330, 18143],delete:
need:	[14670, 20, 7329]	[15185, 321, 22329],delete:
need:	[12465, 226, 4682]	[27465, 414, 19682],delete:
need:	[10184, 53, 12324]	[25184, 414, 27310]	[25184, 250, 27324],delete:
need:	[1204, 190, 11421]	[16204, 290, 26421],delete:
need:	[10108, 151, 13781]	[25108, 416, 27901],delete:
need:	[18083, 411, 17102],delete:
need:	[15809, 381, 20893]	[5893, 16, 2777]	[21251, 381, 20893]	[26067, 414, 20893],delete:
need:	[28216, 368, 16016]	[13216, 151, 1016]	[1016, 225, 13216]	[16016, 344, 24293],delete:
need:	[16382, 296, 27520]	[1382, 4, 12520],delete:
need:,delete:	[16529, 259, 20849]
need:	[22973, 414, 15427]	[13209, 226, 427]	[29839, 414, 15427],delete:
need:,delete:
need:	[7948, 226, 814]	[17005, 414, 15814]	[29986, 414, 15814]	[14986, 226, 814],delete:
need:	[13817, 160, 7985]	[28817, 351, 22985],delete:
need:	[15858, 267, 24319]	[24319, 344, 21354]	[29625, 307, 24319],delete:
need:,delete:	[15153, 259, 20849]
need:	[16053, 414, 24158]	[16053, 310, 18885]	[16053, 414, 18885]	[1053, 226, 9158],delete:
need:	[6876, 49, 8331]	[21876, 410, 23331],delete:
need:	[4365, 226, 14012]	[19365, 330, 27720]	[19365, 381, 27720]	[19365, 414, 29012]	[19365, 414, 21250]	[19365, 296, 28704],delete:
need:,delete:	[19994, 259, 20849]
need:,delete:
need:,delete:
need:	[9862, 145, 13131]	[24862, 364, 28131],delete:
need:,delete:	[24003, 334, 23484]
need:,delete:	[19712, 259, 20849]
need:,delete:	[18521, 259, 20849]
need:,delete:	[19896, 259, 20849]
need:	[4331, 51, 4832]	[4331, 81, 712]	[19331, 416, 19832]	[19331, 330, 18774],delete:
need:,delete:	[17168, 259, 20849]
need:	[13933, 195, 4677]	[29909, 318, 19677]	[28933, 318, 19677]	[11678, 195, 4677],delete:
need:	[13544, 225, 9074]	[28544, 267, 24074],delete:
need:,delete:
need:,delete:	[410, 156, 6033]	[3236, 156, 6033]	[1301, 156, 6033]	[13486, 156, 6033]	[6033, 29, 1260]	[9901, 156, 6033]	[2116, 156, 6033]	[20542, 303, 21033]	[24901, 303, 21033]	[21033, 352, 18432]	[28486, 303, 21033]	[17485, 303, 21033]	[29319, 303, 21033]	[29433, 303, 21033]	[18236, 303, 21033]
need:	[21301, 364, 26552]	[21301, 311, 27531],delete:
need:	[978, 20, 14221]	[15978, 321, 29221],delete:
need:	[7847, 20, 2371]	[6584, 20, 2371]	[11148, 20, 2371],delete:
need:	[29869, 351, 24619]	[24619, 369, 16260]	[29451, 410, 24619],delete:
need:	[9133, 160, 12182]	[9133, 115, 10341]	[24133, 343, 25341]	[24133, 351, 27182]	[24133, 410, 19211],delete:
need:	[20670, 267, 20633],delete:
need:	[22112, 368, 22844],delete:
need:	[6651, 16, 2777]	[29364, 296, 21651]	[29360, 296, 21651],delete:
need:,delete:
need:	[6395, 48, 11994]	[21395, 414, 16822]	[21395, 330, 26994],delete:
need:,delete:
need:	[8128, 226, 13125]	[23128, 414, 28125],delete:
need:	[4978, 16, 6167]	[29699, 330, 19978],delete:
need:,delete:	[17705, 259, 20849]
need:,delete:	[21628, 259, 20849]
need:	[732, 46, 4943],delete:
need:	[12699, 160, 8786]	[27699, 351, 23786],delete:
need:	[7240, 247, 13532]	[22240, 290, 28532],delete:
need:	[3875, 225, 2516]	[2516, 42, 5973]	[17516, 250, 20973]	[17516, 368, 18875]	[17516, 303, 16515],delete:
need:,delete:	[15527, 414, 24810]	[24810, 248, 17674]
need:	[8802, 226, 9189]	[23802, 414, 22958]	[23802, 414, 24189]	[23802, 284, 28271],delete:
need:	[682, 98, 9212]	[15682, 336, 19757],delete:
need:,delete:	[21982, 296, 21226]	[21982, 259, 20849]	[6982, 226, 8608]
need:	[21515, 296, 22339]	[11630, 4, 7339]	[3316, 4, 7339],delete:
need:	[13055, 20, 4976],delete:
need:	[3921, 205, 5069]	[18921, 414, 20121]	[18921, 296, 28704]	[18921, 414, 23161],delete:
need:	[8130, 51, 1296]	[23130, 416, 16296],delete:
need:,delete:	[22095, 386, 20618]	[22095, 259, 20849]
need:	[6557, 172, 12781]	[27523, 345, 21557],delete:
need:,delete:
need:	[27057, 351, 21602],delete:
need:,delete:	[20274, 344, 21017]	[11565, 78, 6017]	[21017, 413, 26945]
need:	[28150, 351, 15380]	[23017, 281, 15380],delete:
need:	[23940, 414, 24177]	[13209, 226, 9177]	[24177, 318, 22968]	[29865, 414, 24177],delete:
need:,delete:	[13841, 4, 502]	[502, 223, 6565]	[6565, 170, 502]	[15502, 384, 17777]	[18184, 330, 15502]	[21059, 296, 15502]	[18363, 296, 15502]
need:	[14944, 194, 1608]	[29944, 274, 16608],delete:
need:	[13435, 4, 8077]	[27150, 296, 23077]	[28435, 296, 23077],delete:
need:	[14471, 75, 4722]	[29906, 311, 19722],delete:
need:,delete:	[17842, 414, 25506]	[17842, 259, 20849]
need:	[23187, 414, 24758]	[13955, 226, 9758]	[28955, 414, 24758],delete:
need:,delete:	[18376, 284, 26030]	[18376, 259, 20849]	[3376, 226, 8430]
need:,delete:	[15349, 259, 20849]
need:,delete:	[10063, 156, 2428]	[13317, 156, 2428]	[10063, 144, 2428]	[25063, 303, 17428]	[23122, 294, 17428]	[17428, 334, 23484]	[28317, 303, 17428]
need:,delete:	[17671, 259, 20849]	[17671, 414, 28353]	[17671, 364, 23936]	[2671, 226, 13353]
need:	[9077, 115, 4169]	[24077, 343, 19169],delete:
need:,delete:	[20730, 259, 20849]
need:	[13572, 38, 7342]	[28572, 340, 22342],delete:
need:	[7800, 145, 12927]	[22800, 304, 16946]	[22800, 364, 27927],delete:
need:,delete:	[20587, 259, 20849]
need:	[735, 41, 8571]	[15735, 351, 19211]	[15735, 248, 23571],delete:
need:	[17939, 368, 26699]	[17939, 344, 23791]	[17939, 344, 28549],delete:
need:,delete:	[18827, 259, 20849]
need:,delete:	[23118, 259, 20849]
need:,delete:	[23455, 259, 20849]
need:	[5718, 33, 11980]	[5718, 190, 5240],delete:
need:	[11694, 226, 4363]	[29127, 414, 19363],delete:
need:,delete:	[16761, 414, 22216]	[16761, 259, 20849]
need:	[3001, 48, 12678]	[3001, 159, 12678]	[18001, 330, 27678]	[18001, 296, 22520]	[18001, 381, 27678]	[18001, 259, 20849],delete:
need:	[29165, 340, 18079]	[18079, 340, 29165],delete:
need:	[18787, 414, 19521]	[19521, 356, 24152]	[27613, 414, 19521]	[12613, 226, 4521],delete:
need:	[12458, 225, 1565]	[1565, 151, 12458]	[27458, 267, 16565],delete:
need:,delete:	[13353, 160, 5269]	[5269, 0, 7242]	[5269, 150, 7242]	[28353, 351, 20269]
need:	[3228, 156, 6980]	[19028, 303, 21980],delete:
need:,delete:
need:	[8060, 20, 13653]	[23060, 321, 28653],delete:
need:,delete:	[20128, 259, 20849]	[20128, 409, 26417]
need:	[28717, 381, 18512]	[14475, 48, 3512]	[26545, 381, 18512]	[29475, 381, 18512],delete:
need:,delete:	[579, 141, 14844]
need:,delete:	[19850, 259, 20849]
need:,delete:	[25321, 259, 20849]
need:,delete:	[15613, 259, 20849]
need:,delete:	[19925, 259, 20849]	[19925, 284, 22157]
need:	[13814, 145, 6233]	[28814, 364, 21233],delete:
need:,delete:
need:	[28142, 344, 18763]	[13142, 145, 3763],delete:
need:	[8194, 226, 3108]	[29952, 414, 18108],delete:
need:	[7431, 225, 13170]	[28170, 368, 22431],delete:
need:	[22485, 410, 17362]	[7485, 41, 13918],delete:
need:,delete:	[16552, 386, 16260]
need:	[10045, 226, 2465]	[17465, 351, 26884],delete:
need:	[10406, 226, 2142]	[10406, 226, 11097]	[25406, 414, 17142]	[25406, 414, 26097]	[25406, 364, 19497]	[25406, 259, 20849]	[25406, 414, 23206],delete:
need:,delete:	[17795, 384, 17752]	[17795, 384, 20099]
need:,delete:	[3445, 205, 6117]	[3445, 226, 12156]	[3445, 226, 10434]	[18445, 259, 20849]	[18445, 414, 18615]	[18445, 414, 27156]
need:	[1912, 20, 4976]	[16912, 321, 19976]	[16912, 344, 28858],delete:
need:	[29267, 364, 17723]	[14267, 145, 2723]	[28537, 364, 17723],delete:
need:,delete:
need:	[9568, 156, 12037]	[24568, 303, 27037],delete:
need:,delete:	[18388, 259, 20849]
need:,delete:
need:,delete:	[20549, 259, 20849]
need:	[13066, 20, 1476],delete:
need:,delete:	[22481, 259, 20849]
need:	[13006, 61, 2351]	[18867, 414, 17351]	[28006, 344, 17351],delete:
need:,delete:	[2697, 205, 7655]	[9329, 205, 7655]	[14320, 205, 7655]	[11990, 205, 7655]	[3045, 205, 7655]	[11375, 205, 7655]	[22655, 384, 19129]	[29320, 284, 22655]
need:	[14562, 42, 10431]	[28011, 250, 25431]	[29562, 250, 25431],delete:
need:,delete:	[10119, 4, 7506]	[10119, 226, 2536]	[25119, 259, 20849]	[25119, 386, 16260]
need:,delete:	[25441, 259, 20849]	[25441, 284, 28271]
need:,delete:	[10161, 226, 7136]	[25161, 259, 20849]	[25161, 330, 20063]	[10161, 205, 2855]
need:,delete:	[4601, 145, 12490]	[4601, 4, 8318]	[19601, 259, 20849]	[19601, 330, 15362]
need:,delete:	[29043, 342, 16051]	[27920, 342, 16051]
need:,delete:	[17223, 259, 20849]
need:	[16972, 330, 20848]	[12590, 159, 5848]	[27590, 330, 20848]	[16972, 381, 20848],delete:
need:	[805, 16, 1687],delete:
need:	[73, 53, 12862]	[15073, 250, 27862],delete:
need:	[3335, 49, 7463]	[18335, 410, 22463]	[18335, 290, 29207],delete:
need:	[6043, 226, 2707]	[21043, 414, 17707]	[21043, 414, 20494]	[21043, 296, 26393]	[21043, 284, 25988]	[21043, 259, 20849],delete:
need:	[3583, 103, 2945]	[18583, 379, 17945],delete:
need:,delete:	[24516, 318, 15572]
need:	[29302, 414, 20940]	[12582, 226, 5940]	[27582, 414, 20940],delete:
need:	[13594, 226, 6126]	[25622, 414, 21126]	[28594, 414, 21126],delete:
need:	[167, 226, 11097]	[15167, 414, 26097]	[15167, 414, 16959]	[15167, 330, 23936]	[15167, 414, 23206]	[15167, 259, 20849]	[15167, 414, 24825],delete:
need:,delete:	[6013, 45, 10943]	[6013, 226, 2289]	[6013, 75, 10943]	[6013, 15, 10943]	[21013, 414, 24827]	[21013, 414, 15420]	[21013, 414, 17289]	[21013, 336, 25943]
need:,delete:	[7971, 23, 5486]	[11767, 23, 5486]	[14233, 23, 5486]	[2552, 23, 5486]	[29233, 259, 20486]	[22363, 259, 20486]	[17552, 259, 20486]
need:,delete:	[18935, 330, 21052]	[18935, 259, 20849]
need:	[10493, 125, 13797]	[25493, 409, 28797],delete:
need:,delete:	[23669, 259, 20849]
need:	[6945, 226, 719]	[21945, 414, 15719],delete:
need:,delete:
need:	[5244, 29, 10900]	[20244, 341, 28281],delete:
need:	[8053, 4, 5702]	[23053, 414, 22958]	[23053, 296, 20702]	[23053, 409, 18482],delete:
need:	[6252, 98, 5911]	[21252, 336, 26521]	[21252, 250, 18004],delete:
need:,delete:	[19407, 414, 15924]	[4407, 226, 9189]	[19407, 259, 20849]
need:,delete:	[24251, 259, 20849]
need:	[3537, 160, 1717]	[3537, 230, 1717]	[18537, 410, 16717],delete:
need:	[7002, 89, 12808]	[22002, 248, 27808],delete:
need:	[29145, 381, 21009]	[14145, 48, 6009],delete:
need:	[7115, 23, 14984]	[22115, 259, 29984],delete:
need:	[5904, 159, 10628]	[20904, 330, 25628]	[20904, 364, 25445]	[20904, 284, 15946],delete:
need:,delete:	[4926, 154, 3889]	[19926, 303, 24001]
need:,delete:	[15776, 259, 20849]
need:	[4208, 225, 13748]	[13748, 151, 4208]	[28748, 368, 19208],delete:
need:,delete:	[15754, 259, 20849]
need:	[6410, 20, 12828]	[21410, 344, 18003],delete:
need:	[8295, 159, 12739]	[23295, 381, 18895],delete:
need:	[17811, 343, 28094]	[13094, 146, 2811],delete:
need:	[12550, 226, 8661]	[27550, 414, 23661],delete:
need:	[8809, 226, 904]	[23809, 330, 22951]	[23809, 296, 23662]	[23809, 414, 15904]	[23809, 284, 16065]	[23809, 259, 20849]	[23809, 414, 24378],delete:
need:,delete:	[16496, 259, 20849]
need:	[7496, 226, 4164]	[7626, 145, 4164]	[3097, 58, 4164]	[20105, 319, 19164]	[15224, 344, 19164]	[22626, 414, 19164],delete:
need:,delete:	[21863, 259, 20849]
need:,delete:	[77, 159, 191]	[15077, 259, 20849]	[15077, 386, 16260]
need:	[4240, 20, 94]	[19240, 321, 15094]	[19240, 344, 17514],delete:
need:	[2531, 205, 5041]	[17531, 259, 20849]	[17531, 296, 23662]	[17531, 284, 20041]	[17531, 411, 22344]	[17531, 414, 20547],delete:
need:,delete:	[14821, 205, 8279]	[573, 205, 8279]	[3689, 205, 8279]	[29821, 284, 23279]	[18001, 284, 23279]	[24224, 284, 23279]	[15573, 284, 23279]
need:	[29396, 414, 15827]	[14382, 226, 827]	[29382, 414, 15827],delete:
need:	[20349, 312, 18671]	[5349, 107, 3671],delete:
need:,delete:	[22521, 411, 16168]	[13155, 169, 1168]	[12873, 169, 1168]
need:	[17601, 414, 15811]	[17601, 411, 24945]	[17601, 330, 21780]	[17601, 414, 19031]	[17601, 259, 20849]	[17601, 414, 20628],delete:
need:	[679, 226, 10143]	[14794, 159, 10143]	[29810, 330, 25143]	[22360, 414, 25143]	[29794, 330, 25143],delete:
need:,delete:	[6001, 226, 12342]	[6001, 48, 4350]	[21001, 311, 27531]	[21001, 414, 27599]	[21001, 414, 27342]	[21001, 259, 20849]
need:,delete:	[4974, 75, 12531]	[19974, 284, 26129]	[4974, 169, 11710]
need:,delete:	[4625, 226, 4766]	[14647, 159, 4766]	[5821, 159, 4766]	[29647, 330, 19766]	[19766, 384, 17777]
need:	[13236, 75, 9216]	[27230, 311, 24216]	[28236, 311, 24216]	[18787, 311, 24216],delete:
need:	[9337, 103, 14274]	[24337, 293, 29274],delete:
need:	[29594, 344, 15923],delete:
need:	[8448, 226, 2910]	[8448, 125, 13394]	[23448, 259, 20849]	[23448, 414, 16729]	[23448, 414, 17910]	[23448, 296, 24301],delete:
need:	[6102, 160, 7638]	[21102, 351, 22638],delete:
need:	[14005, 105, 7464]	[13326, 105, 7464]	[13326, 80, 7464]	[22464, 374, 19704]	[29005, 392, 22464]	[29347, 392, 22464],delete:
need:,delete:	[9536, 4, 11961]	[24536, 259, 20849]
need:	[14813, 225, 9924]	[29813, 267, 24924],delete:
need:	[998, 205, 14970]	[15998, 284, 29970]	[15998, 414, 26160],delete:
need:	[5518, 195, 4677]	[20518, 318, 19677],delete:
need:,delete:	[13573, 48, 8083]	[15541, 381, 23083]	[16832, 381, 23083]	[28573, 381, 23083]	[22471, 381, 23083]
need:	[23377, 351, 27737]	[8377, 33, 2237]	[8377, 33, 5389],delete:
need:	[22692, 321, 15171],delete:
need:,delete:	[23159, 259, 20849]
need:	[5178, 205, 2144]	[1603, 205, 2144],delete:
need:,delete:	[23689, 259, 20849]
need:,delete:	[17906, 259, 20849]
need:,delete:	[18094, 259, 20849]
need:,delete:	[17776, 250, 20312]	[17776, 259, 20849]
need:	[27035, 397, 17040],delete:
need:	[14352, 34, 4661]	[4661, 196, 14352],delete:
need:	[15005, 414, 25164]	[12150, 226, 10164]	[27150, 414, 25164]	[29841, 414, 25164],delete:
need:,delete:
need:,delete:	[23917, 284, 24618]	[8917, 205, 9618]	[23917, 259, 20849]
need:	[27325, 330, 20888]	[12325, 48, 5888]	[12325, 159, 5888]	[27325, 381, 20888],delete:
need:	[9041, 33, 7883]	[24041, 290, 26982],delete:
need:	[3055, 80, 3781]	[29968, 297, 18781],delete:
need:	[6478, 44, 296]	[23891, 357, 15296]	[11031, 44, 296],delete:
need:	[14044, 226, 9770]	[29044, 414, 24770],delete:
need:,delete:
need:,delete:	[17479, 259, 20849]
need:,delete:
need:	[28442, 344, 22531],delete:
need:	[9469, 4, 2968]	[17392, 296, 17968],delete:
need:	[15468, 344, 19154]	[19154, 248, 20142]	[468, 189, 4154],delete:
need:,delete:	[21300, 259, 20849]
need:,delete:	[25154, 384, 17777]	[10154, 16, 2777]
need:	[3713, 78, 10208]	[3713, 151, 12578]	[18713, 344, 25208],delete:
need:	[24483, 402, 18992]	[18992, 384, 20872]	[9483, 78, 3992]	[22962, 402, 18992]	[16141, 344, 18992]	[22225, 344, 18992]	[20100, 344, 18992]	[22962, 344, 18992]	[18992, 384, 23084],delete:
need:	[54, 168, 10710]	[54, 53, 10982]	[15054, 269, 25710],delete:
need:	[3433, 219, 2631]	[13981, 219, 2631],delete:
need:	[25214, 344, 18257]	[10214, 61, 3257]	[10214, 20, 11712]	[25214, 402, 24960],delete:
need:,delete:	[4087, 160, 12788]	[19087, 384, 20099]
need:,delete:
need:,delete:
need:,delete:
need:,delete:
need:,delete:	[9281, 226, 7589]	[541, 226, 7589]	[943, 226, 7589]	[9575, 226, 7589]	[14041, 226, 7589]	[1060, 226, 7589]	[29773, 414, 22589]	[22589, 265, 16439]	[29041, 414, 22589]
need:	[9853, 226, 9776]	[24853, 414, 24776],delete:
need:	[3340, 226, 7875]	[18340, 414, 16275]	[18340, 414, 22097]	[18340, 259, 20849]	[18340, 414, 22875],delete:
need:,delete:	[908, 226, 11666]	[15908, 411, 18612]
need:,delete:	[271, 226, 13334]	[15271, 414, 19221]	[15271, 414, 28334]	[15271, 284, 22752]	[15271, 259, 20849]
need:,delete:
need:	[12017, 53, 3351]	[28332, 278, 18351],delete:
need:	[19343, 414, 15744],delete:
need:,delete:	[19602, 259, 20849]
need:	[9174, 226, 2259]	[5037, 226, 2259],delete:
need:	[29132, 410, 20881]	[14132, 49, 5881],delete:
need:	[4950, 160, 11586]	[19950, 351, 26586],delete:
need:,delete:
need:,delete:	[5771, 205, 2462]	[20771, 259, 20849]
need:	[22507, 321, 23793]	[22507, 344, 26579],delete:
need:	[13849, 24, 8805]	[28849, 352, 23805],delete:
need:,delete:	[21919, 259, 20849]
need:,delete:	[13755, 145, 6838]	[6838, 38, 8402]	[6838, 160, 6329]	[6838, 99, 6158]	[28755, 364, 21838]	[26341, 364, 21838]	[25722, 364, 21838]
need:	[24626, 330, 16434]	[24626, 381, 16434]	[24626, 414, 23533]	[9626, 48, 3038],delete:
need:	[2780, 145, 4224]	[4224, 160, 843]	[6717, 145, 4224]	[13447, 145, 4224]	[17780, 364, 19224]	[28447, 364, 19224]	[28778, 364, 19224],delete:
need:,delete:	[20892, 259, 20849]
need:,delete:	[21105, 259, 20849]
need:	[27884, 321, 16237]	[12884, 20, 1237],delete:
need:	[4539, 225, 13745]	[19539, 267, 28745],delete:
need:	[27933, 374, 24610]	[27635, 374, 24610]	[9649, 119, 9610],delete:
need:,delete:	[9409, 23, 5849]	[23064, 304, 24409]	[9409, 11, 10565]	[17200, 304, 24409]
need:,delete:	[8272, 169, 2036]	[23272, 330, 27047]	[23272, 259, 20849]
need:,delete:	[21938, 259, 20849]
need:,delete:	[5787, 205, 10131]	[20787, 259, 20849]
need:	[202, 52, 12091]	[12091, 57, 202]	[27091, 267, 15202],delete:
need:,delete:	[25356, 259, 20849]
need:	[9329, 226, 10437]	[24329, 414, 25437]	[24329, 330, 15362]	[24329, 414, 22366]	[24329, 414, 24183],delete:
need:	[25304, 330, 21541]	[27435, 330, 21541]	[27054, 330, 21541],delete:
need:,delete:	[9362, 154, 6662]	[14394, 154, 6662]	[22791, 284, 21662]
need:,delete:	[11306, 105, 10141]	[26306, 392, 25141]
need:,delete:
need:,delete:
need:	[14770, 145, 10373]	[29630, 364, 25373],delete:
need:,delete:	[7587, 159, 3317]	[7587, 226, 6878]	[22587, 414, 21878]	[22587, 330, 18317]	[22587, 259, 20849]
need:	[3174, 20, 12818]	[18174, 321, 27818],delete:
need:	[2956, 79, 14506]	[27569, 248, 17956],delete:
need:	[4812, 226, 6355]	[12326, 226, 6355]	[29772, 414, 21355]	[28129, 414, 21355]	[27326, 414, 21355],delete:
need:,delete:	[22363, 259, 20486]
need:	[391, 226, 12165]	[391, 4, 8833]	[391, 145, 12655],delete:
need:,delete:	[18456, 259, 20849]
need:,delete:	[21738, 409, 26417]	[21738, 259, 20849]
need:	[9062, 14, 5789]	[24062, 280, 20789],delete:
need:	[3588, 205, 9379]	[13238, 205, 9379]	[28238, 284, 24379],delete:
need:,delete:	[19868, 259, 20849]
need:,delete:	[22521, 414, 25559]	[22521, 259, 20849]	[22521, 364, 28172]
need:	[15078, 344, 17288]	[26859, 344, 17288],delete:
need:,delete:	[15228, 259, 20849]
need:	[9629, 145, 2807]	[24629, 402, 17807],delete:
need:	[15106, 414, 16151]	[27482, 414, 16151]	[15319, 414, 16151],delete:
need:	[4830, 205, 13104]	[19830, 364, 21130]	[19830, 414, 26059]	[19830, 284, 28104],delete:
need:	[6788, 71, 6788]	[6788, 71, 6788]	[366, 115, 6788]	[6788, 135, 10331]	[11282, 115, 6788]	[12931, 115, 6788]	[8378, 115, 6788]	[27931, 343, 21788]	[28118, 343, 21788],delete:
need:	[18695, 364, 29425],delete:
need:	[13773, 48, 9088]	[28773, 381, 24088],delete:
need:	[12604, 41, 8747]	[28747, 248, 23747]	[13747, 41, 8747]	[27604, 248, 23747],delete:
need:,delete:	[18207, 259, 20849]
need:	[7887, 226, 719]	[22887, 414, 17672]	[22887, 296, 15925]	[22887, 414, 15719],delete:
need:,delete:	[19929, 414, 26187]	[19929, 259, 20849]
need:	[5591, 160, 9027]	[20591, 410, 24027],delete:
need:,delete:	[20254, 259, 20849]
need:	[6880, 145, 8314]	[3268, 38, 8314]	[3265, 145, 8314],delete:
need:	[14951, 125, 7618]	[29951, 409, 22618]	[28739, 409, 22618],delete:
need:	[29053, 381, 17471]	[28265, 364, 17471],delete:
need:,delete:	[22259, 259, 20849]
need:,delete:	[18037, 259, 20849]
need:,delete:	[17448, 386, 20618]
need:	[23966, 267, 27432],delete:
need:	[22119, 364, 18030]	[14059, 145, 3030]	[29059, 364, 18030]	[22481, 364, 18030],delete:
need:,delete:	[22927, 259, 20849]
need:,delete:	[20905, 259, 20849]
need:	[6331, 20, 4490]	[21331, 321, 19490],delete:
need:	[13913, 200, 8871]	[28913, 414, 23871]	[25616, 414, 23871],delete:
need:	[215, 226, 14172]	[15215, 414, 29172],delete:
need:,delete:	[7826, 128, 3518]	[22826, 397, 15340]
need:	[4698, 226, 3615]	[19698, 414, 18615]	[19698, 414, 22097],delete:
need:,delete:	[4009, 160, 3389]	[4009, 128, 2848]	[19009, 346, 17848]
need:,delete:	[18942, 259, 20849]
need:	[8832, 144, 7709]	[23832, 303, 22709]	[23832, 294, 22709],delete:
need:	[29392, 330, 21324]	[21324, 248, 20884]	[21103, 414, 21324]	[28268, 414, 21324],delete:
need:,delete:
need:	[14516, 159, 7279]	[19311, 330, 22279]	[29516, 330, 22279],delete:
need:,delete:	[16635, 384, 17777]
need:,delete:	[4676, 145, 12075]	[19676, 364, 27075]	[19676, 414, 24803]
need:	[4834, 156, 12015]	[19834, 303, 27015],delete:
need:	[13458, 151, 9458]	[24458, 267, 28458],delete:
need:,delete:
need:	[7162, 139, 11482]	[7162, 160, 11768]	[22162, 290, 26482]	[22162, 351, 26768]	[22162, 397, 26482],delete:
need:	[13403, 145, 2449]	[28403, 414, 17449],delete:
need:,delete:	[21379, 384, 20099]
need:,delete:	[10610, 139, 7620]	[18114, 290, 22620]
need:	[14499, 98, 5911]	[4117, 98, 5911]	[20911, 384, 23084]	[19117, 319, 20911]	[20911, 271, 18320]	[21252, 319, 20911]	[29499, 319, 20911],delete:
need:,delete:	[17958, 384, 20099]
need:,delete:	[23324, 259, 20849]
need:	[13109, 226, 2532]	[28109, 414, 17532],delete:
need:,delete:	[13935, 226, 6048]	[13850, 170, 6048]	[6048, 170, 13850]	[27688, 414, 21048]	[21048, 248, 15024]	[16755, 414, 21048]
need:	[4297, 75, 13300]	[19297, 311, 28300]	[19297, 296, 23388],delete:
need:	[15872, 344, 24639]	[27576, 267, 15872],delete:
need:,delete:	[18481, 378, 25233]	[3481, 77, 5646]
need:	[21398, 381, 23121]	[6398, 125, 11417],delete:
need:,delete:	[16884, 259, 20849]
need:,delete:	[22440, 259, 20849]
need:,delete:	[19910, 346, 18518]
need:	[9975, 75, 9836]	[24975, 304, 24836]	[24975, 414, 25315]	[24975, 311, 24836],delete:
need:	[2156, 151, 14659]	[29659, 267, 17156],delete:
need:,delete:
need:,delete:	[22517, 259, 20849]
need:	[14639, 170, 7068]	[22068, 396, 29639],delete:
need:,delete:	[4675, 156, 6414]	[19675, 250, 18351]
need:	[27042, 304, 21223]	[884, 75, 6223],delete:
need:,delete:	[20943, 259, 20849]
need:	[20317, 290, 21164],delete:
need:,delete:	[20805, 386, 20618]
need:,delete:	[21623, 259, 20849]
need:	[3185, 145, 3097]	[18185, 259, 20849]	[18185, 284, 18640]	[18185, 414, 16840]	[18185, 414, 18097]	[18185, 364, 18097],delete:
need:,delete:	[16074, 384, 17777]
need:	[4608, 20, 11350]	[19608, 321, 26350],delete:
need:	[482, 154, 6274]	[6274, 160, 14573]	[6274, 20, 7689]	[9527, 154, 6274]	[21274, 413, 24964]	[23824, 284, 21274]	[21274, 271, 18320]	[21274, 351, 29573]	[24527, 284, 21274],delete:
need:	[13811, 226, 9399]	[28811, 414, 24399]	[12094, 226, 9399]	[27094, 414, 24399],delete:
need:,delete:	[6594, 75, 4485]	[4485, 1, 8484]	[2612, 75, 4485]	[874, 75, 4485]	[19485, 334, 23484]	[28021, 272, 19485]
need:	[2488, 145, 3302]	[28329, 344, 18302]	[18302, 250, 28031],delete:
need:	[5000, 159, 8578]	[20000, 296, 16900]	[20000, 414, 19611]	[20000, 259, 20849]	[20000, 330, 23578],delete:
need:	[14924, 20, 8152]	[14957, 20, 8152]	[29957, 321, 23152],delete:
need:,delete:	[22760, 259, 20849]
need:	[2501, 23, 3298]	[17501, 369, 20425],delete:
need:,delete:	[21580, 284, 26065]
need:	[27942, 414, 17289]	[12942, 226, 2289]	[12813, 226, 2289],delete:
need:	[8403, 48, 13556]	[23403, 416, 28178],delete:
need:	[27654, 311, 16692]	[29748, 294, 16692],delete:
need:,delete:	[7108, 46, 2733]	[22108, 362, 17733]	[22108, 384, 20099]	[22108, 384, 17752]	[22108, 279, 18482]
need:	[10355, 160, 7352]	[12908, 49, 7352]	[27908, 410, 22352],delete:
need:	[28972, 414, 25204]	[13972, 226, 10204],delete:
need:,delete:	[21650, 306, 21167]
need:	[3361, 78, 954],delete:
need:	[8625, 53, 3124]	[8625, 53, 4753]	[23625, 250, 18124],delete:
need:	[29332, 351, 20502]	[19662, 323, 20502]	[29599, 351, 20502]	[14599, 160, 5502],delete:
need:	[17879, 414, 25965]	[17879, 330, 26994]	[17879, 381, 19658]	[17879, 364, 26994],delete:
need:,delete:
need:	[3564, 226, 4750]	[18564, 414, 19750]	[18564, 414, 19510]	[18564, 364, 19510],delete:
need:	[22706, 311, 27531]	[7706, 226, 6044]	[22706, 414, 21130]	[22706, 414, 21044],delete:
need:,delete:	[23476, 259, 20849]
need:,delete:
need:	[27787, 303, 15625]	[29582, 303, 15625]	[13071, 156, 625]	[12787, 156, 625],delete:
need:	[13790, 159, 898]	[18424, 330, 15898]	[15898, 384, 17777]	[26889, 330, 15898]	[18337, 330, 15898],delete:
need:	[2609, 115, 3709]	[17609, 343, 20053],delete:
need:,delete:	[9528, 226, 11443]	[24528, 259, 20849]	[24528, 409, 26417]
need:,delete:	[22364, 384, 17777]	[27742, 414, 22364]
need:,delete:	[18874, 259, 20849]
need:,delete:	[19399, 259, 20849]
need:,delete:	[19314, 259, 20849]
need:,delete:	[25047, 259, 20849]
need:	[27316, 362, 20283]	[1902, 46, 5283]	[12316, 46, 5283],delete:
need:,delete:	[3436, 75, 9232]	[18436, 259, 20849]
need:	[8032, 184, 14015]	[23032, 258, 29015],delete:
need:	[676, 226, 1772]	[12752, 226, 1772]	[27752, 414, 16772]	[4376, 226, 1772],delete:
need:,delete:	[18469, 259, 20849]
need:	[12794, 226, 9762]	[27794, 414, 24762],delete:
need:	[8869, 41, 12808]	[23869, 248, 27808],delete:
need:	[21, 145, 10473]	[21, 48, 10473],delete:
need:	[28542, 303, 17756]	[28820, 303, 17756]	[20152, 303, 17756],delete:
need:	[5322, 46, 5698]	[20322, 362, 20698],delete:
need:,delete:
need:	[1477, 226, 8247]	[16477, 259, 20849]	[16477, 414, 22262]	[16477, 414, 23247],delete:
need:,delete:	[24405, 250, 20312]	[24405, 259, 20849]
need:,delete:	[5207, 0, 7242]
need:,delete:	[5037, 75, 13300]
need:,delete:	[22869, 259, 20849]
need:,delete:
need:,delete:	[25038, 409, 26417]
need:	[28133, 321, 21649],delete:
need:	[8551, 51, 14026]	[23551, 416, 29026],delete:
need:,delete:
need:,delete:	[25265, 259, 20849]
need:	[21763, 265, 18688],delete:
need:	[16891, 414, 17605]	[29762, 414, 17605]	[28354, 414, 17605]	[18370, 414, 17605],delete:
need:,delete:	[21196, 250, 19593]	[21196, 284, 21150]	[6196, 75, 13300]	[21196, 296, 17595]
need:	[14608, 196, 91]	[91, 34, 14608]	[15091, 416, 19636],delete:
need:	[28410, 344, 17746]	[13410, 189, 2746]	[13410, 145, 2746],delete:
need:,delete:	[14954, 205, 3216]	[3216, 160, 11884]	[11358, 205, 3216]	[1307, 205, 3216]	[12986, 205, 3216]	[27986, 284, 18216]	[25638, 284, 18216]	[25759, 284, 18216]	[22058, 284, 18216]	[26358, 284, 18216]	[29954, 284, 18216]
need:	[881, 159, 6549]	[15881, 330, 21549]	[28688, 330, 21549],delete:
need:,delete:	[17898, 259, 20849]
need:,delete:	[809, 169, 1168]	[15809, 259, 20849]
need:	[4199, 43, 14573]	[4199, 29, 3320]	[14573, 172, 4199],delete:
need:	[14055, 226, 6648]	[29055, 414, 21648],delete:
need:,delete:
need:	[20772, 267, 27350]	[20772, 344, 22197],delete:
need:,delete:	[7395, 226, 1871]	[22395, 259, 20849]
need:	[12832, 159, 10106]	[27832, 330, 25106]	[12404, 48, 10106]	[27404, 381, 25106],delete:
need:,delete:	[21106, 259, 20849]
need:	[2527, 160, 12532]	[17527, 410, 27532],delete:
need:	[18357, 414, 21351]	[15101, 414, 21351],delete:
need:	[11620, 226, 6950]	[13534, 226, 6950]	[28534, 414, 21950],delete:
need:,delete:	[16508, 259, 20849]
need:,delete:	[543, 75, 12531]
need:,delete:
need:	[9109, 53, 13332]	[9109, 168, 14072]	[24109, 269, 29072]	[24109, 250, 28332],delete:
need:	[28943, 364, 24017]	[28943, 414, 24017]	[28943, 381, 24017],delete:
need:	[13051, 225, 6547]	[28051, 267, 21547],delete:
need:	[1784, 226, 10470]	[16784, 330, 25470],delete:
need:	[8039, 44, 2]	[8039, 53, 13332]	[23039, 357, 15002]	[23039, 250, 28332],delete:
need:	[9949, 48, 13952],delete:
need:	[14433, 156, 1819]	[1705, 156, 1819]	[29433, 303, 16819],delete:
need:	[3048, 53, 3622],delete:
need:	[16050, 414, 20527]	[11469, 226, 5527]	[12456, 226, 5527]	[27456, 414, 20527],delete:
need:,delete:	[22063, 259, 20849]
need:,delete:	[24830, 259, 20849]
need:,delete:	[21520, 259, 20849]	[21520, 386, 16260]
need:,delete:	[24731, 259, 20849]
need:	[11537, 205, 4590]	[24156, 284, 19590],delete:
need:	[21258, 296, 25418]	[27602, 296, 25418],delete:
need:,delete:	[19584, 259, 20849]
need:	[23405, 414, 15919],delete:
need:,delete:	[21654, 414, 20253]	[21654, 259, 20849]	[21654, 414, 28195]
need:,delete:	[17653, 259, 20849]
need:	[6383, 139, 11554]	[21383, 351, 19060],delete:
need:	[6862, 226, 6667]	[21862, 284, 27277],delete:
need:,delete:	[16040, 259, 20849]	[16040, 323, 25527]
need:	[6356, 53, 10982]	[21356, 250, 25982]	[21356, 303, 22287],delete:
need:,delete:	[18838, 259, 20849]
need:	[15147, 381, 18766]	[238, 48, 3766]	[18766, 271, 16260]	[18766, 351, 22361],delete:
need:	[10226, 48, 14243]	[25226, 330, 29243]	[25226, 381, 29243]	[25226, 414, 29243],delete:
need:,delete:	[22980, 259, 20849]
need:	[1577, 226, 5443]	[1577, 226, 13757]	[1577, 75, 10943]	[16577, 311, 25943]	[16577, 414, 28757],delete:
need:,delete:
need:	[6332, 226, 10285]	[7415, 226, 10285]	[18, 226, 10285]	[18, 48, 10285]	[15018, 377, 25285]	[15018, 364, 25285]	[25285, 384, 17777]	[22415, 414, 25285],delete:
need:	[29265, 330, 19185]	[23715, 381, 19185],delete:
need:,delete:	[18400, 259, 20849]
need:,delete:	[23968, 259, 20849]
need:,delete:	[21281, 259, 20849]	[21281, 414, 21126]
need:,delete:	[16085, 386, 20618]
need:	[18991, 414, 18774]	[2751, 159, 3774]	[2751, 48, 3774]	[4775, 145, 3774],delete:
need:	[14479, 41, 6712]	[4349, 41, 6712]	[29479, 248, 21712],delete:
need:,delete:	[19423, 259, 20849]
need:	[17709, 410, 23883]	[2709, 160, 2614]	[17709, 351, 17614],delete:
need:	[29116, 378, 25233]	[3481, 77, 10233],delete:
need:,delete:	[19301, 259, 20849]
need:	[12909, 160, 7668]	[27001, 351, 22668]	[27909, 351, 22668],delete:
need:	[13540, 151, 2032]	[17032, 267, 28540],delete:
need:,delete:	[24676, 259, 20849]
need:,delete:	[19511, 259, 20849]
need:	[4578, 103, 12788]	[19578, 379, 27788],delete:
need:	[13911, 4, 1593]	[28911, 296, 16593]	[28661, 296, 16593],delete:
need:	[14774, 200, 3885]	[27565, 414, 18885]	[18885, 271, 16260],delete:
need:	[22133, 364, 18270]	[29781, 344, 18270],delete:
need:,delete:	[20756, 296, 16504]	[20756, 323, 15360]	[20756, 259, 20849]
need:	[4919, 16, 7848]	[19919, 384, 17042],delete:
need:	[2397, 189, 3159]	[17397, 344, 18159],delete:
need:,delete:	[25494, 330, 17558]
need:,delete:
need:,delete:	[21521, 259, 20849]	[21521, 414, 19557]
need:,delete:	[21784, 346, 17848]
need:	[2128, 53, 3988]	[17128, 250, 18988]	[17128, 303, 18353],delete:
need:,delete:	[23229, 259, 20849]	[23229, 386, 16260]
need:,delete:	[25102, 259, 20849]
need:,delete:	[18346, 414, 27769]	[18346, 386, 20618]
need:	[13528, 225, 2995]	[28528, 267, 17995],delete:
need:	[20095, 344, 24648],delete:
need:,delete:	[24356, 259, 20849]
need:,delete:	[10300, 98, 3960]
need:,delete:	[18161, 250, 19753]	[4753, 71, 6976]	[10572, 53, 4753]
need:	[8359, 23, 2034]	[4194, 23, 2034],delete:
need:,delete:	[27039, 381, 24718]	[4394, 159, 9718]	[4394, 145, 9718]	[8860, 48, 9718]	[5579, 48, 9718]	[12104, 48, 9718]	[12039, 48, 9718]	[1847, 48, 9718]	[8860, 145, 9718]	[4394, 48, 9718]	[24718, 384, 17777]	[23860, 330, 24718]	[27104, 381, 24718]	[24718, 366, 24328]	[23860, 364, 24718]
need:	[3935, 145, 3736]	[7931, 145, 3736]	[4638, 145, 3736]	[19638, 364, 18736]	[16416, 364, 18736],delete:
need:,delete:	[19023, 259, 20849]
need:	[1389, 20, 1269]	[23648, 267, 16389]	[16389, 321, 16269],delete:
need:,delete:	[15135, 259, 20849]
need:,delete:	[7204, 226, 181]	[22204, 259, 20849]
need:	[7365, 33, 11639]	[22365, 290, 19847],delete:
need:	[14495, 226, 5728]	[29495, 414, 20728],delete:
need:	[1528, 151, 14704]	[16528, 402, 27016],delete:
need:	[14814, 160, 5345]	[29814, 351, 20345],delete:
need:	[29551, 414, 24715]	[17902, 414, 24715]	[29272, 414, 24715]	[22585, 414, 24715]	[29567, 414, 24715],delete:
need:	[29788, 344, 17955]	[23729, 344, 17955],delete:
need:,delete:	[16110, 259, 20849]
need:,delete:	[21871, 414, 18378]	[3378, 160, 8472]
need:	[23062, 381, 29720]	[8062, 226, 12341]	[23062, 330, 29720],delete:
need:,delete:	[18552, 250, 19593]
need:	[13589, 151, 6806]	[21806, 267, 28589],delete:
need:	[2125, 168, 3147]	[2125, 168, 10074]	[17125, 269, 25074],delete:
need:	[28224, 381, 22923]	[28224, 330, 22923]	[28224, 414, 22923],delete:
need:	[7586, 159, 8432]	[22586, 330, 23432]	[22586, 414, 24111]	[22586, 414, 17536],delete:
need:,delete:	[28840, 414, 15712]	[15712, 384, 20872]
need:,delete:	[20627, 284, 18098]	[17012, 284, 18098]
need:	[3171, 20, 3495]	[18171, 321, 18495],delete:
need:	[16610, 414, 21998]	[16777, 414, 21998]	[16391, 414, 21998],delete:
need:,delete:	[18948, 259, 20849]
need:	[7311, 226, 5917],delete:
need:	[27491, 414, 23346]	[29395, 330, 23346],delete:
need:,delete:
need:,delete:	[18080, 259, 20849]
need:,delete:	[20014, 259, 20849]
need:	[4285, 160, 5646]	[19285, 271, 20646],delete:
need:,delete:	[24699, 259, 20849]
need:	[14415, 151, 9060]	[9060, 20, 94]	[29415, 368, 24060],delete:
need:	[541, 226, 6250]	[15541, 414, 21250]	[15541, 284, 27418],delete:
need:,delete:	[7271, 205, 7276]	[22271, 259, 20849]
need:,delete:
need:	[2140, 151, 11794]	[11794, 225, 2140]	[26794, 267, 17140],delete:
need:,delete:	[8642, 193, 4757]	[8642, 75, 4757]	[8642, 154, 2666]	[8642, 226, 10481]	[23642, 414, 25481]
need:,delete:	[23172, 259, 20849]
need:	[3595, 139, 6560]	[3595, 160, 13678]	[18595, 351, 28678],delete:
need:,delete:	[20072, 259, 20849]
need:,delete:	[19122, 409, 26417]
need:	[29224, 344, 15954]	[18361, 344, 15954],delete:
need:	[2486, 226, 3474]	[17486, 284, 21711]	[17486, 414, 18474]	[17486, 414, 21816],delete:
need:	[4254, 226, 5945]	[4254, 226, 6048]	[19254, 414, 23556]	[19254, 259, 20849]	[19254, 414, 24275]	[19254, 414, 21048]	[19254, 414, 20945]	[19254, 296, 23556],delete:
need:,delete:	[19652, 259, 20849]
need:,delete:
need:,delete:	[5614, 49, 8781]	[5614, 49, 9306]
need:,delete:
need:,delete:	[13458, 42, 3835]
need:,delete:	[23818, 259, 20849]
need:,delete:	[19142, 259, 20849]
need:,delete:	[19526, 414, 24108]	[25421, 414, 24108]	[23068, 414, 24108]
need:	[14550, 144, 9917]	[29550, 294, 24917]	[23222, 294, 24917],delete:
need:,delete:	[22135, 259, 20849]
need:	[14784, 115, 218]	[19389, 306, 15218]	[13260, 115, 218]	[29784, 343, 15218],delete:
need:,delete:	[24749, 259, 15174]
need:,delete:	[25062, 259, 20849]
need:	[21598, 344, 28121]	[6598, 20, 4088],delete:
need:	[21187, 336, 19757]	[6187, 226, 4463]	[6187, 159, 798]	[6187, 15, 4757],delete:
need:	[23772, 321, 27472],delete:
need:	[2521, 78, 12930]	[17521, 344, 27930],delete:
need:	[6464, 226, 8871]	[21464, 259, 20849]	[21464, 414, 23871]	[21464, 304, 27531]	[21464, 296, 16928],delete:
need:,delete:	[10245, 205, 14226]	[25245, 259, 20849]	[10245, 226, 9514]	[25245, 284, 29226]
need:	[14548, 151, 2537]	[17537, 267, 29548],delete:
need:	[28467, 296, 24562]	[3375, 4, 9562],delete:
need:	[258, 205, 1305]	[29004, 284, 16305],delete:
need:	[6955, 145, 13665]	[21955, 364, 28665]	[21955, 381, 26102]	[21955, 411, 17779],delete:
need:	[29595, 267, 24346]	[24346, 344, 24648],delete:
need:	[17364, 248, 16459]	[6289, 157, 1459]	[29469, 248, 16459],delete:
need:,delete:	[16937, 259, 20849]
need:	[9488, 159, 1157]	[29108, 267, 24488]	[24488, 330, 16157],delete:
need:,delete:	[19789, 259, 20849]
need:	[7962, 78, 3992]	[7962, 61, 3992]	[22962, 402, 18992],delete:
need:,delete:	[9865, 159, 5063]	[24865, 259, 20849]
need:,delete:	[24239, 384, 22301]
need:	[14157, 233, 4380]	[19380, 319, 29157],delete:
need:	[12907, 226, 41]	[27907, 414, 15041]	[29551, 414, 15041],delete:
need:,delete:	[20254, 296, 21114]	[6193, 4, 6114]	[5254, 4, 6114]
need:,delete:	[19778, 364, 17999]	[19778, 259, 20849]	[4778, 226, 6338]	[19778, 414, 16959]
need:	[6453, 160, 14387]	[21453, 351, 29387],delete:
need:,delete:	[15605, 259, 20849]
need:	[2461, 156, 13123]	[2461, 42, 3913]	[17461, 303, 28123],delete:
need:	[3297, 145, 5915]	[18297, 414, 25762]	[18297, 364, 20915],delete:
need:,delete:	[9366, 160, 11040]
need:,delete:	[7521, 226, 2683]	[13663, 226, 2683]	[1723, 226, 2683]	[28868, 414, 17683]	[28663, 414, 17683]	[29987, 414, 17683]
need:	[22091, 344, 16449]	[29346, 344, 16449],delete:
need:	[2212, 42, 6076]	[17212, 250, 21076],delete:
need:	[29754, 414, 15988]	[10340, 226, 988]	[12824, 226, 988]	[28739, 414, 15988],delete:
need:,delete:	[23732, 259, 20849]
need:,delete:	[17456, 259, 20849]
need:,delete:
need:	[23361, 414, 25298]	[3425, 226, 10298],delete:
need:,delete:	[22137, 259, 20849]
need:	[8181, 56, 6286],delete:
need:,delete:
need:,delete:	[23952, 259, 20849]
need:	[24958, 344, 19135]	[24958, 402, 19135],delete:
need:,delete:	[23578, 384, 17777]	[2199, 159, 8578]
need:	[2682, 226, 13513]	[17682, 414, 27580]	[17682, 313, 28433]	[17682, 414, 28513],delete:
need:	[11492, 172, 3641]	[26492, 293, 18641],delete:
need:	[373, 51, 5874]	[15373, 303, 17756]	[15373, 416, 20874],delete:
need:,delete:	[5706, 0, 7242]	[7341, 8, 5706]
need:	[9681, 159, 8681]	[8130, 159, 8681]	[22812, 330, 23681],delete:
need:	[28289, 414, 23774]	[18521, 364, 23774]	[13289, 226, 8774]	[3521, 226, 8774],delete:
need:,delete:	[22932, 259, 20849]
need:	[8421, 226, 584]	[23421, 414, 15487]	[23421, 414, 15584],delete:
need:	[486, 145, 13564]	[486, 226, 12913]	[15486, 364, 28564]	[15486, 414, 27913],delete:
need:	[9984, 78, 13651]	[24984, 284, 28651]	[24984, 344, 28651],delete:
need:,delete:	[20601, 259, 20849]	[20601, 386, 16260]
need:,delete:	[16779, 259, 20849]
need:	[3049, 225, 10700]	[3049, 20, 13485]	[18049, 321, 28485],delete:
need:,delete:	[18990, 259, 20849]
need:	[6548, 159, 5339]	[22659, 330, 20339]	[22659, 381, 20339]	[20339, 351, 25527]	[17009, 330, 20339],delete:
need:	[26062, 330, 24932]	[27464, 381, 24932]	[29949, 330, 24932],delete:
need:	[7473, 159, 2597]	[7473, 145, 11994]	[22473, 364, 26994],delete:
need:	[13100, 226, 7682]	[28265, 414, 22682],delete:
need:,delete:	[8600, 20, 8446]	[8446, 245, 6499]
need:,delete:	[1567, 159, 5774]	[1567, 4, 10067]	[1567, 226, 11952]	[16567, 390, 23929]	[16567, 296, 25067]	[16567, 330, 20774]	[16567, 414, 23820]	[16567, 414, 26952]	[16567, 259, 20849]	[16567, 414, 19453]
need:	[8582, 205, 5858]	[19725, 284, 20858]	[20519, 284, 20858]	[20790, 284, 20858]	[20858, 384, 19129]	[18264, 284, 20858]	[16721, 284, 20858]	[19423, 284, 20858],delete:
need:,delete:	[18109, 414, 28402]	[3109, 226, 13402]	[18109, 259, 20849]	[18109, 284, 17139]
need:	[14998, 205, 1365]	[13013, 205, 1365]	[15775, 284, 16365],delete:
need:,delete:	[7983, 145, 11336]	[22983, 364, 26336]	[22983, 259, 20849]	[22983, 386, 16260]
need:	[13493, 48, 2219]	[28493, 381, 17219],delete:
need:	[7399, 20, 9720]	[22399, 321, 24720],delete:
need:	[3330, 53, 12862]	[3330, 168, 14940]	[18330, 250, 27862],delete:
need:,delete:	[23934, 259, 20849]
need:	[7844, 125, 9703]	[16612, 409, 24703]	[9690, 125, 9703]	[10184, 125, 9703]	[9936, 125, 9703]	[19818, 409, 24703]	[23841, 354, 24703]	[22280, 409, 24703],delete:
need:,delete:	[16944, 259, 20849]
need:	[24211, 369, 16260]	[2084, 75, 9211]	[5162, 75, 9211],delete:
need:	[985, 226, 4874]	[985, 205, 4470]	[15985, 296, 28539]	[15985, 259, 20849]	[15985, 414, 19031]	[15985, 381, 19470]	[15985, 414, 26977],delete:
need:,delete:	[25492, 259, 20849]
need:,delete:	[5717, 226, 7491]	[15450, 414, 22491]
need:	[16252, 414, 22034]	[16252, 414, 19087]	[16252, 414, 25953]	[16252, 330, 27718],delete:
need:	[15779, 344, 25581],delete:
need:	[9386, 226, 1826]	[24386, 414, 16826]	[24386, 296, 25251],delete:
need:,delete:	[19483, 330, 19168]	[4483, 226, 11897]	[19483, 259, 20849]
need:	[2722, 226, 6044]	[17722, 284, 26835]	[17722, 414, 21044]	[17722, 414, 21324]	[17722, 414, 26200]	[17722, 414, 18277]	[17722, 259, 20849],delete:
need:	[5462, 226, 5094]	[28013, 414, 20094],delete:
need:,delete:	[19181, 259, 20849]
need:	[28181, 351, 15749],delete:
need:	[8009, 225, 14605]	[29605, 368, 23009],delete:
need:	[27224, 364, 16333]	[12224, 145, 1333]	[12070, 145, 1333]	[27224, 414, 16333]	[27070, 364, 16333],delete:
need:,delete:	[19866, 259, 20849]
need:	[14789, 159, 790]	[29789, 330, 15790],delete:
need:,delete:	[20651, 259, 20849]
need:	[3741, 145, 12694]	[18741, 364, 27694]	[18741, 414, 16601],delete:
need:	[7191, 33, 11982]	[22191, 290, 22236],delete:
need:,delete:	[17579, 259, 20849]
need:,delete:	[3365, 4, 2996]	[18365, 296, 17996]
need:,delete:	[6223, 25, 5096]	[12042, 145, 5096]	[24614, 414, 20096]	[27042, 364, 20096]	[24980, 396, 20096]	[27042, 414, 20096]	[15430, 414, 20096]	[15884, 364, 20096]	[18858, 364, 20096]	[21740, 414, 20096]	[20096, 279, 18482]	[24614, 364, 20096]
need:,delete:
need:,delete:	[23939, 259, 20849]
need:	[134, 43, 13917],delete:
need:	[29514, 290, 15318]	[12103, 33, 318]	[29514, 397, 15318],delete:
need:	[23204, 330, 20049]	[18410, 381, 20049]	[18410, 330, 20049]	[5049, 16, 2777],delete:
need:,delete:	[21314, 259, 20849]	[21314, 364, 23314]
need:,delete:	[19726, 259, 20849]
need:	[15450, 414, 23687]	[450, 226, 10603]	[15450, 414, 22491]	[15450, 284, 24645],delete:
need:	[22298, 368, 29742],delete:
need:	[2114, 226, 13266]	[17114, 414, 28266],delete:
need:	[9283, 33, 425]	[24283, 290, 15340]	[24283, 290, 27514]	[24283, 346, 18518]	[24283, 290, 18674]	[24283, 290, 15318],delete:
need:	[25426, 259, 16624]	[17592, 259, 16624],delete:
need:	[2658, 145, 6063]	[676, 145, 6063]	[9032, 145, 6063],delete:
need:	[8160, 145, 4574]	[23160, 364, 19574]	[12581, 145, 4574]	[14957, 145, 4574],delete:
need:,delete:	[25387, 259, 20849]
need:,delete:
need:,delete:	[23018, 259, 20849]
need:	[2786, 78, 9412]	[17786, 344, 20127],delete:
need:	[27847, 296, 20702]	[12847, 4, 5702]	[20702, 351, 28053],delete:
need:,delete:	[7403, 226, 12156]	[22403, 259, 20849]	[22403, 414, 24715]	[22403, 414, 27156]
need:,delete:
need:	[23434, 344, 21071],delete:
need:,delete:	[6986, 159, 5453]	[28102, 330, 20453]	[20453, 384, 17777]	[8031, 159, 5453]
need:	[27572, 381, 17433]	[13731, 159, 2433],delete:
need:	[20456, 304, 25943]	[5456, 226, 10603]	[5456, 159, 5845],delete:
need:	[5463, 20, 3214]	[20463, 321, 18214],delete:
need:	[28076, 330, 25288]	[27353, 364, 25288]	[28605, 330, 25288]	[25288, 384, 17777],delete:
need:	[7386, 145, 8839]	[7386, 226, 10427]	[22386, 414, 19125]	[22386, 364, 23839]	[22386, 381, 22923],delete:
need:	[2670, 20, 9711]	[27568, 321, 24711],delete:
need:,delete:	[27176, 284, 16385]
need:	[29484, 411, 23092]	[14484, 169, 8092],delete:
need:	[17763, 381, 15320]	[17763, 259, 20849]	[17763, 284, 15320]	[17763, 330, 15320]	[17763, 296, 15320],delete:
need:,delete:	[23898, 259, 20849]
need:	[7628, 139, 10555],delete:
need:,delete:	[14155, 226, 6319]	[18410, 414, 21319]	[12570, 81, 6319]	[29155, 414, 21319]
need:	[12166, 29, 6991]	[12166, 79, 6991],delete:
need:,delete:	[2855, 64, 6564]	[23101, 284, 21564]
need:	[29118, 250, 19790],delete:
need:,delete:	[21193, 313, 29738]	[21193, 259, 20849]
need:	[2269, 20, 1237]	[17269, 321, 16237],delete:
need:	[5521, 51, 12044]	[20521, 416, 27044],delete:
need:	[6975, 78, 7881]	[21975, 344, 22881],delete:
need:	[6604, 226, 5835]	[21604, 414, 20835],delete:
need:,delete:
need:	[29667, 381, 18895]	[14667, 48, 3895],delete:
need:,delete:	[18413, 259, 20849]
need:	[8313, 189, 7912]	[23313, 344, 22912],delete:
need:	[7349, 41, 8892]	[22349, 248, 23892],delete:
need:,delete:	[1494, 128, 3518]	[16494, 346, 18518]
need:,delete:	[24333, 259, 20849]
need:,delete:	[2247, 125, 2426]
need:,delete:	[15046, 384, 17777]
need:,delete:	[19039, 259, 20849]
need:	[22749, 330, 21715]	[10810, 151, 7749]	[7749, 51, 7704],delete:
need:,delete:	[19484, 259, 20849]
need:	[29768, 414, 21860]	[14768, 226, 6860],delete:
need:	[4913, 159, 13045]	[19913, 330, 28045],delete:
need:	[29712, 284, 18889]	[14712, 154, 3889],delete:
need:,delete:	[5851, 144, 3353]	[12738, 156, 3353]	[5971, 156, 3353]	[9475, 156, 3353]
need:	[7392, 33, 318]	[7392, 33, 13954]	[22392, 290, 15318]	[22392, 346, 18518]	[22392, 290, 28954]	[22392, 290, 23350],delete:
need:	[27757, 414, 23790]	[12757, 226, 8790]	[14242, 226, 8790],delete:
need:	[3940, 156, 1515]	[13117, 156, 1515]	[28117, 303, 16515]	[16515, 267, 25919],delete:
need:	[8392, 41, 1459]	[23392, 248, 16459],delete:
need:	[27576, 344, 24639]	[15872, 344, 24639]	[28426, 344, 24639],delete:
need:	[22345, 414, 29296]	[22345, 311, 17535]	[22345, 364, 18362]	[7345, 226, 14296],delete:
need:,delete:	[27833, 381, 18633]
need:	[29470, 290, 22272],delete:
need:,delete:	[4537, 168, 10710]	[4537, 168, 13664]
need:	[27534, 321, 15117]	[12534, 20, 117],delete:
need:	[23117, 318, 22968]	[29762, 414, 23117]	[21853, 414, 23117],delete:
need:	[28831, 267, 23460],delete:
need:,delete:	[15984, 259, 20849]
need:,delete:	[6672, 205, 14154]	[6672, 200, 5628]	[21672, 323, 25527]	[21672, 284, 29154]	[21672, 259, 20849]
need:	[8048, 49, 4233]	[8048, 160, 4233],delete:
need:,delete:	[22294, 259, 20849]	[22294, 284, 27441]
need:	[7741, 20, 11996],delete:
need:	[5806, 226, 6129]	[5806, 226, 2074]	[5806, 169, 3038]	[20806, 381, 18038]	[20806, 414, 17449]	[20806, 330, 18038]	[20806, 414, 21129]	[20806, 414, 17074]	[20806, 259, 20849]	[20806, 364, 23533],delete:
need:,delete:	[22305, 259, 20849]
need:,delete:	[3006, 156, 9938]	[3006, 53, 4753]	[3006, 144, 9938]	[3006, 156, 7689]	[18006, 284, 20886]	[18006, 294, 24938]	[18006, 303, 24938]	[18006, 250, 19753]
need:	[27921, 351, 17383]	[12879, 160, 2383]	[11711, 204, 2383]	[12921, 160, 2383],delete:
need:	[14967, 4, 10251]	[27459, 296, 25251],delete:
need:	[29760, 248, 19468],delete:
need:	[4320, 154, 3328]	[4320, 193, 6269]	[4320, 140, 7493]	[19320, 319, 17753]	[19320, 336, 21269]	[19320, 330, 17753],delete:
need:	[2817, 226, 10617]	[2817, 169, 13609]	[17817, 414, 25617]	[17817, 259, 20849]	[17817, 411, 28609],delete:
need:,delete:	[15435, 259, 20849]
need:	[2283, 226, 2520]	[8052, 226, 2520]	[27564, 414, 17520]	[12564, 226, 2520],delete:
need:,delete:	[21874, 384, 20099]
need:,delete:	[16695, 259, 20849]
need:	[3707, 226, 3450]	[18707, 414, 22850]	[18707, 414, 18450],delete:
need:	[28897, 330, 16397]	[19484, 330, 16397]	[28841, 330, 16397],delete:
need:,delete:	[23658, 259, 20849]
need:,delete:	[21901, 259, 20849]
need:,delete:	[22659, 259, 20849]	[22659, 330, 20339]
need:,delete:	[19781, 259, 20849]
need:,delete:	[6406, 75, 9216]
need:,delete:	[24891, 259, 20849]	[24891, 409, 26417]
need:	[14067, 20, 8793]	[10349, 20, 8793]	[13033, 20, 8793]	[25349, 321, 23793]	[26363, 321, 23793]	[22507, 321, 23793],delete:
need:	[18831, 259, 20849]	[18831, 364, 24002]	[18831, 414, 25434]	[18831, 414, 24317]	[18831, 414, 15712]	[18831, 414, 24547],delete:
need:,delete:	[15179, 259, 20849]
need:	[405, 46, 12664]	[15405, 362, 27664],delete:
need:	[6278, 46, 13007]	[21278, 248, 28355]	[21278, 362, 28007],delete:
need:,delete:	[20431, 259, 20849]
need:	[6280, 159, 12254]	[21280, 330, 27254],delete:
need:,delete:	[19949, 313, 21158]	[19949, 250, 20312]	[19949, 259, 20849]
need:	[15620, 271, 15843]	[620, 33, 7110],delete:
need:	[3029, 75, 13300]	[18029, 414, 17256]	[18029, 311, 28300],delete:
need:,delete:	[16373, 259, 20849]
need:	[3591, 168, 14256]	[18591, 269, 25710]	[18591, 269, 29256],delete:
need:	[6633, 160, 13909]	[21633, 351, 28909],delete:
need:,delete:	[4128, 205, 3182]	[25875, 284, 18182]	[14370, 205, 3182]	[11256, 205, 3182]
need:	[860, 41, 2762]	[15860, 248, 17762],delete:
need:	[28635, 344, 17390]	[16475, 344, 17390],delete:
need:	[1388, 48, 5915]	[1388, 159, 5915]	[16388, 364, 20915]	[16388, 330, 20915]	[16388, 267, 23565],delete:
need:	[9816, 89, 13756]	[24816, 248, 28756],delete:
need:,delete:	[15645, 259, 20849]
need:	[14818, 145, 611]	[27649, 364, 15611],delete:
need:,delete:	[24507, 259, 20849]
need:	[15246, 381, 18038]	[15246, 414, 15929]	[15246, 364, 18038]	[15246, 414, 20517]	[15246, 259, 20849]	[15246, 330, 18038]	[15246, 411, 18038],delete:
need:,delete:	[23982, 259, 20849]
need:,delete:	[15454, 259, 20849]
need:	[5176, 49, 6885]	[5176, 89, 13355]	[20176, 410, 21885],delete:
need:,delete:	[21507, 259, 20849]
need:,delete:	[24123, 384, 19129]	[18437, 284, 24123]
need:	[19334, 284, 21440]	[27831, 284, 21440]	[28724, 284, 21440],delete:
need:	[8768, 226, 8098]	[8768, 145, 11385]	[23768, 364, 26385]	[23768, 330, 21154],delete:
need:	[14254, 160, 511],delete:
need:,delete:	[18412, 259, 20849]	[18412, 330, 25267]	[3412, 226, 5125]
need:,delete:	[23842, 386, 16260]	[23842, 259, 20849]
need:	[187, 139, 6560]	[187, 160, 2330]	[15187, 351, 17330],delete:
need:	[28026, 414, 16368]	[14576, 200, 1368]	[29576, 414, 16368],delete:
need:,delete:	[25407, 259, 20849]
need:	[1838, 5, 3429]	[16838, 387, 18429],delete:
need:,delete:	[24493, 259, 20849]
