358	15358
7101	22101
8797	23797
1032	16032
9665	24665
79	15079
318	15318
6728	21728
2788	17788
2198	17198
3098	18098
5200	20200
62	15062
1723	16723
5245	20245
3757	18757
2354	17354
1993	16993
8999	23999
6304	21304
1840	16840
2443	17443
8064	23064
8316	23316
4399	19399
2317	17317
7567	22567
1888	16888
10148	25148
6492	21492
9774	24774
10322	25322
5680	20680
8247	23247
1913	16913
3960	18960
5645	20645
8332	23332
6880	21880
2787	17787
4438	19438
7678	22678
1610	16610
4255	19255
1479	16479
1794	16794
2629	17629
4426	19426
4317	19317
5171	20171
4390	19390
10484	25484
9334	24334
368	15368
170	15170
6897	21897
1265	16265
1552	16552
5013	20013
9038	24038
4601	19601
4021	19021
2102	17102
8425	23425
5900	20900
2326	17326
5079	20079
278	15278
7598	22598
7042	22042
9938	24938
1185	16185
6412	21412
8745	23745
6788	21788
4483	19483
609	15609
6548	21548
9197	24197
9840	24840
5256	20256
3707	18707
8681	23681
3871	18871
5840	20840
4196	19196
5260	20260
463	15463
2348	17348
6169	21169
7391	22391
7880	22880
31	15031
8860	23860
6277	21277
3378	18378
431	15431
3843	18843
2588	17588
1631	16631
4557	19557
5253	20253
895	15895
6720	21720
1652	16652
9123	24123
7463	22463
7352	22352
7659	22659
7493	22493
7422	22422
4470	19470
10298	25298
3445	18445
7901	22901
8676	23676
6842	21842
2035	17035
2351	17351
10147	25147
8528	23528
9779	24779
6070	21070
829	15829
5728	20728
597	15597
5659	20659
3615	18615
1031	16031
2283	17283
8251	23251
8172	23172
4854	19854
8551	23551
9837	24837
8255	23255
2509	17509
1929	16929
4407	19407
6756	21756
4004	19004
517	15517
9687	24687
3887	18887
4234	19234
7676	22676
1804	16804
6869	21869
2676	17676
5441	20441
6053	21053
7453	22453
7134	22134
425	15425
2531	17531
8502	23502
3789	18789
10459	25459
853	15853
1994	16994
5112	20112
1152	16152
5749	20749
7941	22941
8266	23266
8925	23925
8338	23338
5905	20905
6337	21337
4349	19349
9339	24339
4521	19521
2334	17334
10039	25039
1818	16818
470	15470
1211	16211
2542	17542
8230	23230
1567	16567
5257	20257
700	15700
4116	19116
6068	21068
5103	20103
511	15511
3264	18264
1173	16173
7867	22867
3141	18141
5835	20835
9445	24445
7187	22187
8388	23388
7356	22356
3885	18885
2338	17338
5210	20210
9318	24318
4894	19894
6517	21517
2537	17537
9298	24298
209	15209
2607	17607
2841	17841
7951	22951
5936	20936
9256	24256
7327	22327
10140	25140
8902	23902
9271	24271
4254	19254
6774	21774
7372	22372
5868	20868
2183	17183
6556	21556
4190	19190
3699	18699
10002	25002
3540	18540
4832	19832
4430	19430
2698	17698
9803	24803
4800	19800
6440	21440
9792	24792
3454	18454
9888	24888
6512	21512
349	15349
6629	21629
4738	19738
4753	19753
8052	23052
7962	22962
8121	23121
3490	18490
6109	21109
3335	18335
669	15669
1500	16500
6329	21329
7403	22403
185	15185
10220	25220
9251	24251
3783	18783
4590	19590
4801	19801
1941	16941
2771	17771
656	15656
6735	21735
6187	21187
1309	16309
4925	19925
7884	22884
8313	23313
6945	21945
6712	21712
4490	19490
9169	24169
2074	17074
10475	25475
2783	17783
6088	21088
2451	17451
7878	22878
692	15692
9255	24255
9299	24299
7446	22446
4598	19598
697	15697
8967	23967
6811	21811
4669	19669
7899	22899
1893	16893
8499	23499
10341	25341
7721	22721
2968	17968
8839	23839
1390	16390
8137	23137
3456	18456
6136	21136
9306	24306
8131	23131
2120	17120
2694	17694
9662	24662
10426	25426
9436	24436
871	15871