3851	18851
9637	24637
8861	23861
9619	24619
4601	19601
8164	23164
6976	21976
3801	18801
3521	18521
8099	23099
462	15462
3146	18146
9661	24661
2809	17809
8274	23274
499	15499
435	15435
3537	18537
7927	22927
6815	21815
3081	18081
1867	16867
2572	17572
6421	21421
2588	17588
5952	20952
6598	21598
994	15994
1818	16818
8410	23410
4335	19335
4790	19790
3591	18591
8306	23306
6704	21704
10038	25038
7500	22500
1964	16964
3293	18293
3243	18243
5781	20781
1624	16624
3410	18410
8121	23121
10461	25461
9822	24822
9616	24616
5517	20517
2059	17059
7447	22447
976	15976
2112	17112
1168	16168
2553	17553
890	15890
6341	21341
10043	25043
1601	16601
735	15735
7716	22716
2032	17032
4277	19277
9552	24552
3900	18900
5121	20121
9234	24234
8478	23478
474	15474
3237	18237
4484	19484
2142	17142
1368	16368
8272	23272
235	15235
10178	25178
2879	17879
5709	20709
209	15209
558	15558
7519	22519
4259	19259
2214	17214
9436	24436
5453	20453
436	15436
4394	19394
7846	22846
6551	21551
6058	21058
5116	20116
10121	25121
2671	17671
7749	22749
3863	18863
662	15662
6447	21447
1272	16272
10417	25417
5987	20987
6828	21828
6194	21194
1387	16387
7137	22137
8809	23809
5490	20490
8215	23215
5238	20238
1065	16065
7545	22545
3129	18129
5965	20965
3790	18790
8752	23752
3388	18388
7595	22595
9647	24647
676	15676
7589	22589
4988	19988
181	15181
9212	24212
3257	18257
450	15450
7912	22912
795	15795
3346	18346
10338	25338
2407	17407
2334	17334
3595	18595
7355	22355
8070	23070
8689	23689
4842	19842
182	15182
9459	24459
695	15695
3541	18541
8181	23181
7832	22832
1906	16906
3182	18182
2771	17771
4981	19981
3482	18482
134	15134
125	15125
3195	18195
4884	19884
3133	18133
8692	23692
140	15140
7068	22068
9313	24313
8875	23875
3059	18059
3874	18874
6980	21980
9156	24156
3745	18745
3037	18037
500	15500
1284	16284
4406	19406
484	15484
5672	20672
6941	21941
4664	19664
1738	16738
7816	22816
7819	22819
131	15131
1320	16320
794	15794
2521	17521
6335	21335
1705	16705
4103	19103
5895	20895
4687	19687
6938	21938
9369	24369
8349	23349
6068	21068
8262	23262
7472	22472
1904	16904
177	15177
4824	19824
6648	21648
8049	23049
1497	16497
4297	19297
6623	21623
7666	22666
8584	23584
3123	18123
8271	23271
9760	24760
215	15215
1471	16471
6383	21383
9889	24889
1915	16915
1115	16115
5127	20127
1946	16946
5413	20413
6358	21358
7105	22105
8276	23276
7618	22618
9723	24723
8877	23877
5494	20494
10300	25300
2495	17495
10431	25431
2152	17152
755	15755
3812	18812
1348	16348
6088	21088
7303	22303
860	15860
3718	18718
44	15044
9270	24270
8668	23668
9508	24508
5601	20601
1553	16553
718	15718
9111	24111
5447	20447
4574	19574
4449	19449
10135	25135
3885	18885
9704	24704
3760	18760
4322	19322
946	15946
9457	24457
7072	22072
4368	19368
2028	17028
6651	21651
3353	18353
1455	16455
4018	19018
4649	19649
79	15079
4001	19001
9925	24925
7092	22092
2095	17095
9668	24668
888	15888
529	15529
4712	19712
6582	21582
10426	25426
8443	23443
4392	19392
3380	18380
9768	24768
475	15475
904	15904
6178	21178
1275	16275
1651	16651
110	15110
2170	17170
3119	18119
6872	21872
7660	22660
6091	21091
8898	23898
3810	18810
6920	21920
3935	18935
6689	21689
4142	19142
2021	17021
2247	17247
3548	18548
8194	23194
6677	21677
3392	18392
8447	23447
7339	22339
7681	22681
7101	22101
3603	18603
4213	19213
3147	18147
4121	19121
6300	21300
3438	18438
1322	16322
729	15729
7825	22825
2681	17681
3717	18717
9446	24446
5549	20549
9931	24931
7842	22842
9976	24976
988	15988
4778	19778
7577	22577
3169	18169
6880	21880
8622	23622
1508	16508
7473	22473
6957	21957
7482	22482
9770	24770
10226	25226
299	15299
4935	19935
8625	23625
1783	16783
1711	16711
7310	22310
1241	16241
5788	20788
5258	20258
2444	17444
8160	23160
9005	24005
10328	25328
2431	17431
6528	21528
808	15808
7567	22567
7201	22201
4600	19600
1639	16639
9848	24848
3033	18033
6361	21361
4894	19894
1847	16847
4946	19946
8098	23098
8503	23503
1380	16380
6013	21013
5422	20422
4863	19863
5382	20382
3216	18216
9187	24187
7655	22655
427	15427
7547	22547
9053	24053
10408	25408
2443	17443
5596	20596
101	15101
1345	16345
4936	19936
2704	17704
1365	16365
2189	17189
9825	24825
1461	16461
7010	22010
2799	17799
5405	20405
9943	24943
2536	17536
8501	23501
1593	16593
6931	21931
5654	20654
5123	20123
5728	20728
1545	16545
4854	19854
5892	20892
185	15185
4960	19960
2183	17183
2041	17041
4133	19133
7364	22364
9193	24193
5039	20039
8891	23891
8577	23577
2567	17567
1089	16089
10149	25149
5468	20468
5923	20923
4875	19875
2259	17259
6448	21448
6241	21241
2683	17683
606	15606
882	15882
9634	24634
5578	20578
1561	16561
4925	19925
2038	17038
7255	22255
3351	18351
3252	18252
9437	24437
1963	16963
9277	24277
4949	19949
6567	21567
7901	22901
5947	20947
6712	21712
754	15754
8659	23659
1385	16385
5703	20703
1094	16094
372	15372
868	15868
1483	16483
3174	18174
8892	23892
2373	17373
5886	20886
8923	23923
4991	19991
1408	16408
1166	16166
681	15681
978	15978
555	15555
2050	17050
9027	24027
844	15844
2098	17098
8385	23385
9068	24068
1024	16024
2361	17361
4363	19363
2323	17323
9912	24912
7859	22859
1100	16100
9562	24562
6107	21107
7266	22266
9120	24120
3335	18335
952	15952
692	15692
1359	16359
3267	18267
2956	17956
6216	21216
6086	21086
192	15192
6061	21061
5257	20257
5760	20760
790	15790
7178	22178
7363	22363
1080	16080
6714	21714
8801	23801
814	15814
1672	16672
2074	17074
7050	22050
2548	17548
324	15324
1431	16431
6388	21388
2015	17015
4495	19495
4299	19299
3895	18895
8559	23559
3592	18592
10031	25031
6863	21863
9442	24442
3903	18903
6356	21356
9816	24816
7806	22806
6763	21763
322	18971
7462	24949
10090	25287
2033	18976
3441	19438
5451	24619
3712	22839
6353	19817
6310	24721
1367	18643
5535	24020
7244	21665
9244	21629
5274	21017
8510	21080
1257	19209
4693	16005
7067	18653
3294	19396
1355	25467
8178	15198
6290	22915
3526	20348
6260	17211
701	16114
6518	21218
9763	23083
10405	20338
7089	23043
83	22880
7877	22260
2706	17931
2951	24024
6635	24005
4412	16582
4441	20788
3879	22121
5196	19137
3905	15362
3768	20738
6132	23940
4835	25132
5818	22112
6921	17893
6020	17934
9732	20148
1790	23327
685	15727
936	17511
9104	19128
10485	22282
2665	16246
9666	15230
7132	22662
7332	24446
3623	15434
90	20874
8879	24610
38	19688
4210	20144
2048	16094
5035	21418
1650	16246
6344	23446
9470	24003
2184	25062
4685	18019
9734	20639
3637	20150
2166	20694
1221	18547
8352	25288
4827	25124
122	22607
4543	20540
7145	20354
10273	23824
5815	25138
6658	16100
35	25481
5954	18039
2167	16769
8398	20419
5234	21849
4172	22876
553	24641
6531	20116
6188	19136
377	18942
2062	16397
5093	17915
10318	18701
9697	22602
10170	17761
3886	16467
3215	17203
3492	22475
1620	16051
9727	20272
1743	17305
943	16264
9172	25176
9357	20859
7369	20594
9210	21318
570	18636
7611	19890
9753	24808
3703	22320
7726	21893
1870	23269
3870	19173
7653	15656
7862	15687
5492	21595
7405	17972
4784	21542
9880	16699
239	24109
4494	24948
2985	15091
3979	24722
2280	19196
3043	18194
1287	21318
7025	21504
2329	24152
6097	23787
4811	17383
6989	21451
7601	21761
1165	22842
9759	20594
9164	25452
105	19464
4822	16933
9490	21674
9427	21985
5296	23338
7490	19141
8907	15279
6624	16987
5318	15914
3447	21723
6055	21396
7557	22011
3730	22749
1484	25480
8522	20339
2154	17898
8718	24607
6639	24185
10249	18494
9729	20232
2493	20617
8520	21610
2729	19310
1458	20846
5957	24984
6887	25151
5550	15873
8933	23481
3563	21218
8557	24547
6680	18102
7124	21134
619	22459
4622	16558
3218	23501
1295	23689
4326	20253
466	17738
3424	24120
8500	23234
8562	22016
3961	15405
4640	18695
1326	23850
1688	19906
1882	20695
10180	18568
3312	24787
8474	22547
416	16516
4588	23916
3993	19632
1699	21955
10074	18147
9628	15102
1123	15887
5184	24380
6495	17198
7632	16526
412	15859
3539	21134
5768	21133
311	15579
7940	24797
5342	25485
503	15812
7040	23497
2977	15092
707	16246
3721	16970
792	16020
5786	21298
4129	23938
10335	19680
8495	16972
4684	22455
2068	19000
10182	17850
2393	22756
2936	24797
7535	25311
3828	25421
9605	18669
9155	19482
2176	19548
9325	20038
8784	15357
3601	20005
3608	23855
6622	18195
9261	20052
7562	23633
7677	24018
4110	25245
2213	20050
8000	25205
3202	19602
9569	25357
10342	21238
3372	20846
1973	15714
1301	16521
8245	21618
3823	23764
7450	25384
5997	17938
5744	22178
6408	21995
4447	25178
5075	15735
7179	19644
4571	24533
1038	17877
3427	15901
7411	24822
3675	17198
4604	23764
680	23647
9425	20919
9010	20814
1828	15646
9181	21338
4035	15071
10429	23587
7027	22033
651	21784
7129	24336
128	16686
7686	21378
3559	21723
7454	17953
6360	19817
2925	20772
3554	25481
4245	25357
1250	19912
9342	22014
7397	23486
1645	15978
758	19213
781	17669
6816	25299
5745	15054
8976	15353
5854	17389
4917	23276
6420	20057
5707	18476
5869	22151
4205	24642
9911	16356
6706	15002
6525	20667
1708	19135
4591	17362
799	18153
8278	16388
1135	16088
5353	23257
9174	23626
8187	24758
8679	19959
33	25254
8601	24018
2810	16683
9484	19229
2585	22186
10270	21580
3999	23416
4609	23447
5374	18911
8946	16020
10142	23973
8846	21995
3112	18400
8368	25149
8142	22977
5229	17783
7642	21375
1871	21448
6309	20777
1689	20277
4147	18660
5656	19594
8465	22332
9884	23880
6442	20833
3700	22538
5380	23698
10187	24224
374	23202
8401	16114
6745	22694
8671	15474
6724	18537
2107	17798
2078	18329
2088	16088
2306	22421
22	17827
3000	24152
5577	18908
5132	17686
1147	17518
8382	22888
1858	23332
4347	19199
2290	21450
3919	20725
6524	24032
6407	18706
10091	20537
2745	15735
25	15984
8550	22556
6491	15271
2570	16379
10444	15431
2012	17329
1910	23133
5534	22279
7026	16793
7250	18264
896	19218
1560	17805
7118	25407
10247	16652
491	16172
2008	22459
6836	15160
5878	20140
1956	17747
7795	21991
9344	16952
4958	22157
5914	23102
402	20160
2296	16791
1229	15278
6496	15176
4555	15170
7566	15521
7829	23317
7452	20672
6498	24768
9631	23115
7631	23174
9714	21668
4036	18432
6151	16150
9583	19273
6881	17293
5782	16296
7754	17350
6117	20858
3651	20903
2767	24295
3725	21386
5145	15601
8305	16924
8086	25273
2814	15610
3219	23362
9138	16071
8630	24862
2374	19608
4582	17037
935	25268
10006	17411
7239	15762
9428	16558
10455	19874
7227	20527
10069	20030
8924	23423
5231	23832
539	24047
7049	25047
8899	24645
629	20530
2450	18921
4912	21981
5538	16080
1093	25324
7722	18486
7247	22260
1736	15271
6685	20031
5330	24110
10020	16926
7237	15890
10268	17405
4580	16085
1612	24936
3796	15612
8897	24431
9194	16897
6465	24018
6810	16114
7276	24618
119	24822
4711	15330
3130	15404
9520	25286
3954	20530
6859	15471
5195	24489
6038	18747
2914	23428
7787	17689
2368	22399
3858	21740
837	15705
1259	21823
2992	20753
2621	18132
10231	23029
9986	18250
8475	20225
4893	21552
9226	22104
1012	23491
1535	24556
3122	16246
1587	24613
7467	19251
6404	22014
9846	17527
1837	19026
8610	22413
3916	15749
8061	24936
8265	15787
5870	24106
4413	22868
3031	18973
1507	21621
5087	21488
1121	17921
3596	22928
7441	17704
8726	22161
5465	19200
10030	21218
309	15786
3975	22078
7508	19608
5118	16052
294	22193
5836	20588
9756	24736
1807	24018
6656	22162
7989	19135
3506	16853
8163	16558
8238	23612
1010	23410
5304	15901
7200	23367
846	18041
158	23814
9269	15141
10479	17998
1879	15092
6979	20569