358	15358
7101	22101
8797	23797
1032	16032
9665	24665
79	15079
318	15318
6728	21728
2788	17788
2198	17198
3098	18098
5200	20200
62	15062
1723	16723
5245	20245
3757	18757
2354	17354
1993	16993
8999	23999
6304	21304
1840	16840
2443	17443
8064	23064
8316	23316
4399	19399
2317	17317
7567	22567
1888	16888
10148	25148
6492	21492
9774	24774
10322	25322
5680	20680
8247	23247
1913	16913
3960	18960
5645	20645
8332	23332
6880	21880
2787	17787
4438	19438
7678	22678
1610	16610
4255	19255
1479	16479
1794	16794
2629	17629
4426	19426
4317	19317
5171	20171
4390	19390
10484	25484
9334	24334
368	15368
170	15170
6897	21897
1265	16265
1552	16552
5013	20013
9038	24038
4601	19601
4021	19021
2102	17102
8425	23425
5900	20900
2326	17326
5079	20079
278	15278
7598	22598
7042	22042
9938	24938
1185	16185
6412	21412
8745	23745
6788	21788
4483	19483
609	15609
6548	21548
9197	24197
9840	24840
5256	20256
3707	18707
8681	23681
3871	18871
5840	20840
4196	19196
5260	20260
463	15463
2348	17348
6169	21169
7391	22391
7880	22880
31	15031
8860	23860
6277	21277
3378	18378
431	15431
3843	18843
2588	17588
1631	16631
4557	19557
5253	20253
895	15895
6720	21720
1652	16652
9123	24123
7463	22463
7352	22352
7659	22659
7493	22493
7422	22422
4470	19470
10298	25298
3445	18445
7901	22901
8676	23676
6842	21842
2035	17035
2351	17351
10147	25147
8528	23528
9779	24779
6070	21070
829	15829
5728	20728
597	15597
5659	20659
3615	18615
1031	16031
2283	17283
8251	23251
8172	23172
4854	19854
8551	23551
9837	24837
8255	23255
2509	17509
1929	16929
4407	19407
6756	21756
4004	19004
517	15517
9687	24687
3887	18887
4234	19234
7676	22676
1804	16804
6869	21869
2676	17676
5441	20441
6053	21053
7453	22453
7134	22134
425	15425
2531	17531
8502	23502
3789	18789
10459	25459
853	15853
1994	16994
5112	20112
1152	16152
5749	20749
7941	22941
8266	23266
8925	23925
8338	23338
5905	20905
6337	21337
4349	19349
9339	24339
4521	19521
2334	17334
10039	25039
1818	16818
470	15470
1211	16211
2542	17542
8230	23230
1567	16567
5257	20257
700	15700
4116	19116
6068	21068
5103	20103
511	15511
3264	18264
1173	16173
7867	22867
3141	18141
5835	20835
9445	24445
7187	22187
8388	23388
7356	22356
3885	18885
2338	17338
5210	20210
9318	24318
4894	19894
6517	21517
2537	17537
9298	24298
209	15209
2607	17607
2841	17841
7951	22951
5936	20936
9256	24256
7327	22327
10140	25140
8902	23902
9271	24271
4254	19254
6774	21774
7372	22372
5868	20868
2183	17183
6556	21556
4190	19190
3699	18699
10002	25002
3540	18540
4832	19832
4430	19430
2698	17698
9803	24803
4800	19800
6440	21440
9792	24792
3454	18454
9888	24888
6512	21512
349	15349
6629	21629
4738	19738
4753	19753
8052	23052
7962	22962
8121	23121
3490	18490
6109	21109
3335	18335
669	15669
1500	16500
6329	21329
7403	22403
185	15185
10220	25220
9251	24251
3783	18783
4590	19590
4801	19801
1941	16941
2771	17771
656	15656
6735	21735
6187	21187
1309	16309
4925	19925
7884	22884
8313	23313
6945	21945
6712	21712
4490	19490
9169	24169
2074	17074
10475	25475
2783	17783
6088	21088
2451	17451
7878	22878
692	15692
9255	24255
9299	24299
7446	22446
4598	19598
697	15697
8967	23967
6811	21811
4669	19669
7899	22899
1893	16893
8499	23499
10341	25341
7721	22721
2968	17968
8839	23839
1390	16390
8137	23137
3456	18456
6136	21136
9306	24306
8131	23131
2120	17120
2694	17694
9662	24662
10426	25426
9436	24436
871	15871
1322	16322
729	15729
7825	22825
2681	17681
3717	18717
9446	24446
5549	20549
9931	24931
7842	22842
9976	24976
988	15988
4778	19778
7577	22577
3169	18169
6880	21880
8622	23622
1508	16508
7473	22473
6957	21957
7482	22482
9770	24770
10226	25226
299	15299
4935	19935
8625	23625
1783	16783
1711	16711
7310	22310
1241	16241
5788	20788
5258	20258
2444	17444
8160	23160
9005	24005
10328	25328
2431	17431
6528	21528
808	15808
7567	22567
7201	22201
4600	19600
1639	16639
9848	24848
3033	18033
6361	21361
4894	19894
1847	16847
4946	19946
8098	23098
8503	23503
1380	16380
6013	21013
5422	20422
4863	19863
5382	20382
3216	18216
9187	24187
7655	22655
427	15427
7547	22547
9053	24053
10408	25408
2443	17443
5596	20596
101	15101
1345	16345
4936	19936
2704	17704
1365	16365
2189	17189
9825	24825
1461	16461
7010	22010
2799	17799
5405	20405
9943	24943
2536	17536
8501	23501
1593	16593
6931	21931
5654	20654
5123	20123
5728	20728
1545	16545
4854	19854
5892	20892
185	15185
4960	19960
2183	17183
2041	17041
4133	19133
7364	22364
9193	24193
5039	20039
8891	23891
8577	23577
2567	17567
1089	16089
10149	25149
5468	20468
5923	20923
4875	19875
2259	17259
6448	21448
6241	21241
2683	17683
606	15606
882	15882
9634	24634
5578	20578
1561	16561
4925	19925
2038	17038
7255	22255
3351	18351
3252	18252
9437	24437
1963	16963
9277	24277
4949	19949
6567	21567
7901	22901
5947	20947
6712	21712
754	15754
8659	23659
1385	16385
5703	20703
1094	16094
372	15372
868	15868
1483	16483
3174	18174
8892	23892
2373	17373
5886	20886
8923	23923
4991	19991
1408	16408
1166	16166
681	15681
978	15978
555	15555
2050	17050
9027	24027
844	15844
2098	17098
8385	23385
9068	24068
1024	16024
2361	17361
4363	19363
2323	17323
9912	24912
7859	22859
1100	16100
9562	24562
6107	21107
7266	22266
9120	24120
3335	18335
952	15952
692	15692
1359	16359
3267	18267
2956	17956
6216	21216
6086	21086
192	15192
6061	21061
5257	20257
5760	20760
790	15790
7178	22178
7363	22363
1080	16080
6714	21714
8801	23801
814	15814
1672	16672
2074	17074
7050	22050
2548	17548
324	15324
1431	16431
6388	21388
2015	17015
4495	19495
4299	19299
3895	18895
8559	23559
3592	18592
10031	25031
6863	21863
9442	24442
3903	18903
6356	21356
9816	24816
7806	22806
6763	21763
322	18971
7462	24949
10090	25287
2033	18976
3441	19438
5451	24619
3712	22839
6353	19817
6310	24721
1367	18643
5535	24020
7244	21665
9244	21629
5274	21017
8510	21080
1257	19209
4693	16005
7067	18653
3294	19396
1355	25467
8178	15198
6290	22915
3526	20348
6260	17211
701	16114
6518	21218
9763	23083
10405	20338
7089	23043
83	22880
7877	22260
2706	17931
2951	24024
6635	24005
4412	16582
4441	20788
3879	22121
5196	19137
3905	15362
3768	20738
6132	23940
4835	25132
5818	22112
6921	17893
6020	17934
9732	20148
1790	23327
685	15727
936	17511
9104	19128
10485	22282
2665	16246
9666	15230
7132	22662
7332	24446
3623	15434
90	20874
8879	24610
38	19688
4210	20144
2048	16094
5035	21418
1650	16246
6344	23446
9470	24003
2184	25062
4685	18019
9734	20639
3637	20150
2166	20694
1221	18547
8352	25288
4827	25124
122	22607
4543	20540
7145	20354
10273	23824
5815	25138
6658	16100
35	25481
5954	18039
2167	16769
8398	20419
5234	21849
4172	22876
553	24641
6531	20116
6188	19136
377	18942
2062	16397
5093	17915
10318	18701
9697	22602
10170	17761
3886	16467
3215	17203
3492	22475
1620	16051
9727	20272
1743	17305
943	16264
9172	25176
9357	20859
7369	20594
9210	21318
570	18636
7611	19890
9753	24808
3703	22320
7726	21893
1870	23269
3870	19173
7653	15656
7862	15687
5492	21595
7405	17972
4784	21542
9880	16699
239	24109
4494	24948
2985	15091
3979	24722
2280	19196
3043	18194
1287	21318
7025	21504
2329	24152
6097	23787
4811	17383
6989	21451
7601	21761
1165	22842
9759	20594
9164	25452
105	19464
4822	16933
9490	21674
9427	21985
5296	23338
7490	19141
8907	15279
6624	16987
5318	15914
3447	21723
6055	21396
7557	22011
3730	22749
1484	25480
8522	20339
2154	17898
8718	24607
6639	24185
10249	18494
9729	20232
2493	20617
8520	21610
2729	19310
1458	20846
5957	24984
6887	25151
5550	15873
8933	23481
3563	21218
8557	24547
6680	18102
7124	21134
619	22459
4622	16558
3218	23501
1295	23689
4326	20253
466	17738
3424	24120
8500	23234
8562	22016
3961	15405
4640	18695
1326	23850
1688	19906
1882	20695
10180	18568
3312	24787
8474	22547
416	16516
4588	23916
3993	19632
1699	21955
10074	18147
9628	15102
1123	15887
5184	24380
6495	17198
7632	16526
412	15859
3539	21134
5768	21133
311	15579
7940	24797
5342	25485
503	15812
7040	23497
2977	15092
707	16246
3721	16970
792	16020
5786	21298
4129	23938
10335	19680
8495	16972
4684	22455
2068	19000
10182	17850
2393	22756
2936	24797
7535	25311
3828	25421
9605	18669
9155	19482
2176	19548
9325	20038
8784	15357
3601	20005
3608	23855
6622	18195
9261	20052
7562	23633
7677	24018
4110	25245
2213	20050
8000	25205
3202	19602
9569	25357
10342	21238
3372	20846
1973	15714
1301	16521
8245	21618
3823	23764
7450	25384
5997	17938
5744	22178
6408	21995
4447	25178
5075	15735
7179	19644
4571	24533
1038	17877
3427	15901
7411	24822
3675	17198
4604	23764
680	23647
9425	20919
9010	20814
1828	15646
9181	21338
4035	15071
10429	23587
7027	22033
651	21784
7129	24336
128	16686
7686	21378
3559	21723
7454	17953
6360	19817
2925	20772
3554	25481
4245	25357
1250	19912
9342	22014
7397	23486
1645	15978
758	19213
781	17669
6816	25299
5745	15054
8976	15353
5854	17389
4917	23276
6420	20057
5707	18476
5869	22151
4205	24642
9911	16356
6706	15002
6525	20667
1708	19135
4591	17362
799	18153
8278	16388
1135	16088
5353	23257
9174	23626
8187	24758
8679	19959
33	25254
8601	24018
2810	16683
9484	19229
2585	22186
10270	21580
3999	23416
4609	23447
5374	18911
8946	16020
10142	23973
8846	21995
3112	18400
8368	25149
8142	22977
5229	17783
7642	21375
1871	21448
6309	20777
1689	20277
4147	18660
5656	19594
8465	22332
9884	23880
6442	20833
3700	22538
5380	23698
10187	24224
374	23202
8401	16114
6745	22694
8671	15474
6724	18537
2107	17798
2078	18329
2088	16088
2306	22421
22	17827
3000	24152
5577	18908
5132	17686
1147	17518
8382	22888
1858	23332
4347	19199
2290	21450
3919	20725
6524	24032
6407	18706
10091	20537
2745	15735
25	15984
8550	22556
6491	15271
2570	16379
10444	15431
2012	17329
1910	23133
5534	22279
7026	16793
7250	18264
896	19218
1560	17805
7118	25407
10247	16652
491	16172
2008	22459
6836	15160
5878	20140
1956	17747
7795	21991
9344	16952
4958	22157
5914	23102
402	20160
2296	16791
1229	15278
6496	15176
4555	15170
7566	15521
7829	23317
7452	20672
6498	24768
9631	23115
7631	23174
9714	21668
4036	18432
6151	16150
9583	19273
6881	17293
5782	16296
7754	17350
6117	20858
3651	20903
2767	24295
3725	21386
5145	15601
8305	16924
8086	25273
2814	15610
3219	23362
9138	16071
8630	24862
2374	19608
4582	17037
935	25268
10006	17411
7239	15762
9428	16558
10455	19874
7227	20527
10069	20030
8924	23423
5231	23832
539	24047
7049	25047
8899	24645
629	20530
2450	18921
4912	21981
5538	16080
1093	25324
7722	18486
7247	22260
1736	15271
6685	20031
5330	24110
10020	16926
7237	15890
10268	17405
4580	16085
1612	24936
3796	15612
8897	24431
9194	16897
6465	24018
6810	16114
7276	24618
119	24822
4711	15330
3130	15404
9520	25286
3954	20530
6859	15471
5195	24489
6038	18747
2914	23428
7787	17689
2368	22399
3858	21740
837	15705
1259	21823
2992	20753
2621	18132
10231	23029
9986	18250
8475	20225
4893	21552
9226	22104
1012	23491
1535	24556
3122	16246
1587	24613
7467	19251
6404	22014
9846	17527
1837	19026
8610	22413
3916	15749
8061	24936
8265	15787
5870	24106
4413	22868
3031	18973
1507	21621
5087	21488
1121	17921
3596	22928
7441	17704
8726	22161
5465	19200
10030	21218
309	15786
3975	22078
7508	19608
5118	16052
294	22193
5836	20588
9756	24736
1807	24018
6656	22162
7989	19135
3506	16853
8163	16558
8238	23612
1010	23410
5304	15901
7200	23367
846	18041
158	23814
9269	15141
10479	17998
1879	15092
6979	20569