322	18971
7462	24949
10090	25287
2033	18976
3441	19438
5451	24619
3712	22839
6353	19817
6310	24721
1367	18643
5535	24020
7244	21665
9244	21629
5274	21017
8510	21080
1257	19209
4693	16005
7067	18653
3294	19396
1355	25467
8178	15198
6290	22915
3526	20348
6260	17211
701	16114
6518	21218
9763	23083
10405	20338
7089	23043
83	22880
7877	22260
2706	17931
2951	24024
6635	24005
4412	16582
4441	20788
3879	22121
5196	19137
3905	15362
3768	20738
6132	23940
4835	25132
5818	22112
6921	17893
6020	17934
9732	20148
1790	23327
685	15727
936	17511
9104	19128
10485	22282
2665	16246
9666	15230
7132	22662
7332	24446
3623	15434
90	20874
8879	24610
38	19688
4210	20144
2048	16094
5035	21418
1650	16246
6344	23446
9470	24003
2184	25062
4685	18019
9734	20639
3637	20150
2166	20694
1221	18547
8352	25288
4827	25124
122	22607
4543	20540
7145	20354
10273	23824
5815	25138
6658	16100
35	25481
5954	18039
2167	16769
8398	20419
5234	21849
4172	22876
553	24641
6531	20116
6188	19136
377	18942
2062	16397
5093	17915
10318	18701
9697	22602
10170	17761
3886	16467
3215	17203
3492	22475
1620	16051
9727	20272
1743	17305
943	16264
9172	25176
9357	20859
7369	20594
9210	21318
570	18636
7611	19890
9753	24808
3703	22320
7726	21893
1870	23269
3870	19173
7653	15656
7862	15687
5492	21595
7405	17972
4784	21542
9880	16699
239	24109
4494	24948
2985	15091
3979	24722
2280	19196
3043	18194
1287	21318
7025	21504
2329	24152
6097	23787
4811	17383
6989	21451
7601	21761
1165	22842
9759	20594
9164	25452
105	19464
4822	16933
9490	21674
9427	21985
5296	23338
7490	19141
8907	15279
6624	16987
5318	15914
3447	21723
6055	21396
7557	22011
3730	22749
1484	25480
8522	20339
2154	17898
8718	24607
6639	24185
10249	18494
9729	20232
2493	20617
8520	21610
2729	19310
1458	20846
5957	24984
6887	25151
5550	15873
8933	23481
3563	21218
8557	24547
6680	18102
7124	21134
619	22459
4622	16558
3218	23501
1295	23689
4326	20253
466	17738
3424	24120
8500	23234
8562	22016
3961	15405
4640	18695
1326	23850
1688	19906
1882	20695
10180	18568
3312	24787
8474	22547
416	16516
4588	23916
3993	19632
1699	21955
10074	18147
9628	15102
1123	15887
5184	24380
6495	17198
7632	16526
412	15859
3539	21134
5768	21133
311	15579
7940	24797
5342	25485
503	15812
7040	23497
2977	15092
707	16246
3721	16970
792	16020
5786	21298
4129	23938
10335	19680
8495	16972
4684	22455
2068	19000
10182	17850
2393	22756
2936	24797
7535	25311
3828	25421
9605	18669
9155	19482
2176	19548
9325	20038
8784	15357
3601	20005
3608	23855
6622	18195
9261	20052
7562	23633
7677	24018
4110	25245
2213	20050
8000	25205
3202	19602
9569	25357
10342	21238
3372	20846
1973	15714
1301	16521
8245	21618
3823	23764
7450	25384
5997	17938
5744	22178
6408	21995
4447	25178
5075	15735
7179	19644
4571	24533
1038	17877
3427	15901
7411	24822
3675	17198
4604	23764
680	23647
9425	20919
9010	20814
1828	15646
9181	21338
4035	15071
10429	23587
7027	22033
651	21784
7129	24336
128	16686
7686	21378
3559	21723
7454	17953
6360	19817
2925	20772
3554	25481
4245	25357
1250	19912
9342	22014
7397	23486
1645	15978
758	19213
781	17669
6816	25299
5745	15054
8976	15353
5854	17389
4917	23276
6420	20057
5707	18476
5869	22151
4205	24642
9911	16356
6706	15002
6525	20667
1708	19135
4591	17362
799	18153
8278	16388
1135	16088
5353	23257
9174	23626
8187	24758
8679	19959
33	25254
8601	24018
2810	16683
9484	19229
2585	22186
10270	21580
3999	23416
4609	23447
5374	18911
8946	16020
10142	23973
8846	21995
3112	18400
8368	25149
8142	22977
5229	17783
7642	21375
1871	21448
6309	20777
1689	20277
4147	18660
5656	19594
8465	22332
9884	23880
6442	20833
3700	22538
5380	23698
10187	24224
374	23202
8401	16114
6745	22694
8671	15474
6724	18537
2107	17798
2078	18329
2088	16088
2306	22421
22	17827
3000	24152
5577	18908
5132	17686
1147	17518
8382	22888
1858	23332
4347	19199
2290	21450
3919	20725
6524	24032
6407	18706
10091	20537
2745	15735
25	15984
8550	22556
6491	15271
2570	16379
10444	15431
2012	17329
1910	23133
5534	22279
7026	16793
7250	18264
896	19218
1560	17805
7118	25407
10247	16652
491	16172
2008	22459
6836	15160
5878	20140
1956	17747
7795	21991
9344	16952
4958	22157
5914	23102
402	20160
2296	16791
1229	15278
6496	15176
4555	15170
7566	15521
7829	23317
7452	20672
6498	24768
9631	23115
7631	23174
9714	21668
4036	18432
6151	16150
9583	19273
6881	17293
5782	16296
7754	17350
6117	20858
3651	20903
2767	24295
3725	21386
5145	15601
8305	16924
8086	25273
2814	15610
3219	23362
9138	16071
8630	24862
2374	19608
4582	17037
935	25268
10006	17411
7239	15762
9428	16558
10455	19874
7227	20527
10069	20030
8924	23423
5231	23832
539	24047
7049	25047
8899	24645
629	20530
2450	18921
4912	21981
5538	16080
1093	25324
7722	18486
7247	22260
1736	15271
6685	20031
5330	24110
10020	16926
7237	15890
10268	17405
4580	16085
1612	24936
3796	15612
8897	24431
9194	16897
6465	24018
6810	16114
7276	24618
119	24822
4711	15330
3130	15404
9520	25286
3954	20530
6859	15471
5195	24489
6038	18747
2914	23428
7787	17689
2368	22399
3858	21740
837	15705
1259	21823
2992	20753
2621	18132
10231	23029
9986	18250
8475	20225
4893	21552
9226	22104
1012	23491
1535	24556
3122	16246
1587	24613
7467	19251
6404	22014
9846	17527
1837	19026
8610	22413
3916	15749
8061	24936
8265	15787
5870	24106
4413	22868
3031	18973
1507	21621
5087	21488
1121	17921
3596	22928
7441	17704
8726	22161
5465	19200
10030	21218
309	15786
3975	22078
7508	19608
5118	16052
294	22193
5836	20588
9756	24736
1807	24018
6656	22162
7989	19135
3506	16853
8163	16558
8238	23612
1010	23410
5304	15901
7200	23367
846	18041
158	23814
9269	15141
10479	17998
1879	15092
6979	20569
1936	17087
7483	23611
298	15720
3937	23417
6249	24488
4431	19318
7219	22441
6466	15254
1172	16325
4173	16020
5034	25358
6289	16459
1934	17684
6035	22602
10218	17511
8563	22988
2866	15385
4906	20843
7920	20461
10456	19191
9752	22679
1919	15380
8504	20792
2388	21159
1460	22911
335	23587
9798	16126
3682	22457
6354	15858
1267	17445
3068	18481
3285	19464
6686	18669
2175	24691
3462	23211
2511	20420
219	23323
8442	19726
5265	21698
5046	21806
133	17049
1682	19932
1448	24752
2506	16395
7597	15682
652	23182
4252	20591
2737	16631
7038	18843
1351	17477
5480	25490
1463	18237
4248	22057
7300	18138
6340	23483
2526	17100
10001	22063
8600	23978
513	19135
3070	19858
1197	25489
6939	16788
5356	23367
3477	21417
2339	19587
9590	18998
3644	18843
3315	17648
5500	17112
9870	16686
5497	15715
3542	18494
5909	24662
9182	17798
8267	15587
8937	17361
3933	23913
6519	22251
6775	24694
7004	17424
6206	15561
10009	22014
8454	16201
5880	15170
913	25481
9771	17123
4948	21849
7054	24695
7691	20419
5340	22151
1435	24511
2766	21643
810	22365
5022	18738
381	15135
1344	20730
1206	17610
6039	24152
7325	23858
7616	18973
6461	18255
274	19751
1619	24283
1209	20597
1214	18589
2897	18118
264	20945
6073	15620
9044	20013
7085	16976
10077	24152
10024	20543
4551	16105
9939	19318
6701	21218
8602	24018
9352	23115
8175	18482
2611	20032
2571	25025
9191	15984
2617	18272
9076	18636
6625	25156
2241	22720
5611	21709
9440	25457
10308	16791
3804	15723
6312	19526
7654	21418
4870	22197
3936	16789
7701	19564
909	21700
10253	17015
2654	25182
8231	16847
3683	22749
10379	15437
6726	23920
5620	19255
3545	15901
5262	19707
10244	17231
8461	19141
2333	20801
10439	21697
5922	17998
5386	17811
8572	19602
10370	20039
4860	16492
2231	24816
1732	17162
3460	22512
5401	20708
6359	18018
9430	19961
8015	20578
3231	21051
447	22512
2800	18438
1006	21621
459	25025
4425	15155
6212	22567
6861	20039
9807	18211
4187	24025
8373	21238
6350	18370
1917	19335
3586	24935
3802	19311
7214	22310
793	17132
4114	17087
3556	25070
9818	24756
7582	15636
7619	22455
1227	18273
9240	21616
7957	19199
4744	16136
6571	25402
8792	24719
9635	19045
5573	15213
6716	24942
7680	22850
115	23711
7404	18153
1678	15620
4033	23860
2092	18504
5277	20539
4333	25290
4802	18898
802	24862
975	15364
5166	19712
8149	22271
2949	17013
3213	17659
9937	17305
8206	25039
7498	25245
5460	16357
6527	22928
10050	23316
3	20588
4472	25286
5993	15640
1861	18432
5259	21375
4740	19134
96	18177
2171	15559
286	18186
2131	18114
9285	18019
208	23171
3749	15120
9633	21521
768	23798
9565	19482
1422	21700
2377	15148
6265	19847
304	25070
6487	20916
4770	20312
4013	21309
6522	23379
3849	24946
8810	23641
3571	21218
5024	22451
5536	15281
10416	23037
6642	23940
8047	19199
8275	16990
1090	19321
4941	24349
7568	15807
7719	16058
10080	24909
4995	20842
4563	24644
9338	16370
9781	20718
843	15787
5076	17375
5125	19540
6827	20895
1983	18348
5736	24462
9764	21072
7695	16661
957	19677
4193	15969
9045	16913
3488	18200
40	21995
6339	19765
9790	20846
1170	15682
7081	22455
9550	22400
5062	20363
8041	22538
9464	22862
2161	21071
9127	24287
4151	19299
5172	16139
5092	20422
7080	24347
5566	18922
6262	20371
389	24216
8250	24106
6610	17427
327	22844
9235	23081
3052	16467
5445	20591
7697	23587
1965	25374
9570	18908
5471	20144
5124	20872
4508	18366
3778	17493
7326	20591
2714	19644
2415	21324
6452	20072
8003	24224
4402	18200
5879	23313
1175	20516
1722	16011
1007	17233
614	24086
7131	24702
602	21706
4477	15057
5798	23542
9029	19003
1047	21321
3609	18161
5802	20895
7381	15086
11	22197
3927	18146
4654	20916
8291	24018
4970	18896
1179	20862
8026	21630
8135	22911
5898	21728
880	17494
6888	23140
2263	20338
6823	15620
5872	23938
10004	20705
4073	18777
800	17954
1636	15363
3901	18755
2740	15873
8145	17931
9789	20312
6942	25245
8954	24237
4222	24081
3197	24774
1918	19100
5505	19840
560	20788
5681	17040
8375	15049
1987	15795
7358	19285
3368	22641
6984	20071
8013	24802
4356	24778
3773	21806
4707	20262
2477	18536
8326	16254
4343	21385
6578	16310
444	20373
1737	22891
9291	15756
8090	15721
4647	17000
9084	23612
6366	24928
5101	22980
6436	23390
8651	23328
1808	25030
3072	19500
2082	16680
5963	22862
2424	16789
3962	25286
2127	22387
10229	25290
3840	15254
1539	22079
1924	21220
8459	16944
2755	19676
9594	23907
7836	25357
4081	20976
7288	20572
5324	21665
5142	18792
7779	24005
7280	23061
1436	22482
7032	22839
7743	17167
10255	23438
2362	19060
10377	23817
5470	16388
3039	22871
8746	16654
3547	15436
7184	23089
3758	16296
4244	20805
761	15269
3666	19858
9219	22082
2597	17131
3435	23172
8186	20450
9856	16952
7212	20695
2858	24254
3104	18164
3667	20239
3517	15665
648	17574
7767	23898
3333	21068
9799	24235
8363	17747
8955	16683
9144	21943
8938	17741
4371	21631
6269	15080
1649	20546
6444	24008
7783	17938
8486	21102
5487	16080
3914	19854
7614	24626
4191	16791
6286	23181
2094	15868
2455	15858
2989	23304
1079	15993
6771	23287
6062	22749
9474	17037
3201	23769
5894	17048
3139	21735
5568	20945
1029	21990
8989	23813
9015	15091
9028	25327
2641	21952
3573	23850
10385	21629
8765	17335
3665	15640
2834	16792
6016	24159
3668	22694
7865	15868
8498	23821
2282	17931
5197	22846
4086	20413
585	20257
596	19002
9517	20695
3260	21670
8205	15872
4980	22255
3188	22542
6247	16505
6824	24803
2298	21154
838	16437
7354	18862
5676	16113
3178	20978
3884	17931
5412	22894
2749	21218
9411	20307
6185	22137
1067	17969
4336	21806
3226	17521
9441	25116
7617	24958
616	23766
8725	20901
1615	15063
3084	22175
1260	16669
5475	25017
10436	23616
1377	19230
3930	16897
2406	24306
1595	25178
6964	15710
4194	19377
6459	18471
3581	19707
7664	16492
1366	15053
2083	24491
137	19513
2717	17521
7140	19755
2221	17344
10443	19931
1875	23661
1905	24848
2518	23039
9696	16336
4037	25128
3680	16959
1066	20426
3483	23251
8890	23814
4576	24213
1210	20113
696	15213
10094	25396
4043	22602
4876	18552
7852	17307
10023	24748
3906	19510
2097	22348
1338	25035
2655	19343
102	15135
8027	23805
8059	20210
3860	24936
4242	17035
1187	15049
8395	22745
9899	23211
7737	18922
3329	24152
2963	19136
8114	20889
10193	22862
7503	21665
1299	20835
2591	21067
1581	19603
826	24018
655	24130
5561	21616
6160	23423
9627	22860
6808	19881
19	21223
6554	24862
4813	17030
960	20275
7389	22911
2347	21336
3355	22678
4179	17266
10261	25207
5964	24457
3284	24770
467	21061
4909	20666
3856	16064
663	19802
7167	20551
10425	15254
8830	16924
2690	17896
1648	24868
3570	23483
4401	15821
7661	19451
8599	23115
4889	17461
9387	17362
7591	17629
1572	22168
1490	21128
6785	20686
2225	22893
10293	17362
173	25417
1138	24610
4668	22780
1294	15521
58	20487
331	25010
6431	16394
1145	24498
9096	16402
7799	21486
8080	20550
334	15934
2195	20695
10222	19989
9377	19039
6200	18602
7370	19873
9500	15380
7435	25466
3513	15186
8444	17931
3180	16627
7171	16625
1217	19707
6054	20312
3155	22915
4165	24301
8071	22524
2556	18536
227	25210
9620	18813
1045	15756
1909	25245
10016	17659
883	22514
9423	24797
2463	18241
7448	19174
256	20364
8218	15185
7302	24313
3095	25246
8888	16182
5214	15787
4520	17427
1491	19786
4986	24701
2353	20411
2370	17836
4351	17972
1427	19053
6977	22602
328	17359
2236	20431
9741	19548
1374	24018
7044	19003
7096	21665
10275	25182
1167	22108
7434	21514
2392	24224
9204	25008
8716	21572
8905	25457
5941	19009
5209	21383
751	15316
817	21719
7185	20179
958	15495
1169	18303
2311	20492
1350	16380
4749	20104
5293	19224
7165	24297
5084	18045
10022	20264
10085	25370
9274	21218
152	22454
5631	24848
5827	15198
8893	15113
1785	16206
742	19303
369	15140
4272	21996
3989	15363
3850	22428
8694	25038
8949	17888
3971	22349
9852	23211
1985	25357
6593	24756
8076	19840
8200	15449
6641	17931
10095	22511
4717	22457
6460	24147
9085	15620
10309	16720
6563	21665
7338	18459
8261	20071
6894	21481
6883	25367
1446	18878
4161	23616
9406	24302
4697	18341
1055	19985
5978	23251
2343	24156
8509	22316
7194	24395
5221	17967
5845	21780
2494	17552
2577	22853
1627	21557
10420	22878
3594	16743
7894	17360
10403	22186
5163	20830
3242	20208
740	18763
2206	17089
5154	20809
10000	15100
9202	24249
8565	16388
756	24560
8136	25494
845	24513
1719	18951
4959	15923
6372	16591
10089	23744
1475	17390
2875	20312
241	15863
1192	24060
5321	23839
6546	24067
4458	15765
849	23028
9039	21601
5865	17716
4029	23817
337	20095
4006	23209
5541	24493
5597	19931
891	18960
3097	23316
360	24532
593	24004
2769	25446
4864	22826
6688	18079
4517	23715
8404	22908
1077	20146
8440	18025
1129	23952
4491	18636
5913	15084
1703	23425
479	15468
3470	15721
9965	17089
3576	15176
8204	18410
10068	16952
232	23973
1116	24145
5280	18963
4238	16688
2725	15873
6575	18076
10271	16051
3480	23695
9178	18021
10092	18432
4305	24297
2205	22904
6545	17931
3403	19484
4657	22852
8144	18434
203	23633
948	21093
8393	21369
867	15113
618	19917
8894	20978
2153	15826
8166	23274
8359	19377
1986	25135
8259	22452
8614	24415
2056	22735
1566	23257
4701	20254
1531	21030
9783	18658
9335	18996
5948	22803
2086	20832
7881	21975
8190	24958
9809	17087
9391	22148
668	17048
104	21889
8214	23967
4627	21218
220	17705
8217	18516
6405	22133
7975	24492
5816	23053
139	18114
10206	21760
5741	21320
5797	16437
5942	16089
5308	23042
7142	18008
7335	15705
6419	17095
4553	18344
6857	21665
2703	21400
2823	16686
1111	21716
591	18795
5440	24350
1741	24691
5623	17273
8408	22058
3784	18237
5866	22928
2922	18200
6832	16713
3754	20792
4607	24868
1629	19299
8880	16057
10366	18153
3114	22862
72	20738
2778	20148
1061	22763
6800	16769
10263	17461
4025	15559
10014	17211
4282	19950
5230	18165
8844	15715
3938	17087
4769	15985
2234	15279
2792	24966
6438	18344
4163	17545
5187	15865
1903	16890
7156	25341
4848	23057
10157	21062
3669	22260
5677	18681
3135	18588
9443	23433
1063	15217
3116	16853
7753	23209
3299	25226
8372	24429
9854	21376
9227	20697
9078	18664
2519	18536
9316	24160
841	18986
2530	22602
252	22249
7907	22862
9347	25181
4544	17362
6786	20718
9294	18863
7350	20440
9296	16811
5701	20569
8252	17019
8722	20388
10368	21598
5436	16933
4492	17476
9143	25367
5251	24093
9908	20316
965	16750
4353	21844
3093	24889
2215	19626
8494	19616
5379	18504
8670	23934
6467	15088
8525	21603
9529	24797
9566	21616
10103	23438
6829	22976
59	25287
636	18131
8527	20348
1813	16810
3091	16246
7854	18162
4079	20576
10037	19464
3502	22907
5708	23855
3826	21957
10317	24263
8540	23964
6916	22698
5311	24344
6024	20842
9140	21591
10137	15682
6076	19593
4816	24639
2011	21148
9471	21022
2784	24914
8652	17912
4404	17430
763	20569
10133	20874
574	20425
2016	21819
8485	23044
5071	18036
3654	19510
8150	24646
5020	20670
2099	23714
9579	16347
4397	21127
8807	24471
7099	17045
9673	16630
10319	19524
721	23257
9860	23043
1966	19199
1356	23213
7536	21102
356	18653
9331	23553
5828	24754
6676	20023
4341	15620
4410	19956
6877	16388
451	19856
8766	22207
1671	23762
4814	21302
5147	19452
5966	18119
708	20513
6746	24146
5089	23276
469	21330
7977	23142
2488	18302
10291	20419
6535	15529
1292	20945
6031	22354
1106	19238
7098	23159
8006	15046
5619	25217
9954	25490
9538	17415
3136	23805
1947	24661
2229	18560
2889	21995
7639	19335
10112	19309
9858	23774
678	18456
4075	25489
7993	15156
8717	19003
7625	21700
5504	17193
2639	25481
3525	19707
2104	15687
2303	18968
9649	24610
1670	15414
9504	22162
7461	24137
2559	15433
4966	19593
4479	20835
10345	19856
4998	20647
9171	21648
8249	18330
6330	19869
1134	16655
6165	21740
5117	15601
933	17016
3240	15678
6833	24797
2599	22793
7334	19230
1634	17089
8456	20462
4138	18793
9672	24537
9914	21551
1303	22310
3969	21538
8066	21924
394	16280
4148	17329
5727	15636
2678	20424
3815	23669
660	25307
1849	18414
4734	17146
6971	17548
1332	20913
2244	19218
5404	18486
10329	24489
1714	22225
8290	24621
5723	16096
9252	19303
6364	16885
7580	18268
1312	17038
4180	25021
6000	21241
8235	25402
576	24694
2398	20723
2564	25321
866	22968
8010	19486
8228	15901
642	21941
3261	17193
8327	23612
2481	19747
7856	16246
1988	16025
8244	22079
658	21674
726	20572
6988	24778
2590	22698
359	16993
2031	21415
4564	17379
8134	17617
582	25189
2937	19022
3931	24786
1176	22579
3064	16964
5570	17111
1748	22457
6768	18261
3896	20975
1314	22186
379	17048
2816	17032
189	19060
8183	22170
8184	22817
1202	17050
1279	22121
6896	15858
5742	18114
9170	22649
6831	23832
5327	22934
6228	22046
9175	22224
5767	23883
401	20217
63	22362
7203	18641
9670	25156
2279	21017
2400	24749
3833	20540
5012	21472
1820	18341
9775	22069
8197	16891
188	19451
9621	17850
265	15756
4321	22421
87	16700
967	16527
10005	21473
1997	18871
1457	16480
4329	22356
5137	20978
1544	25471
3875	17516
5985	15149
6176	22234
6186	24025
8473	17410
7841	22520
9599	17864
8399	23969
4302	18707
3715	24629
9923	15914
8780	25134
2436	17419
7001	17792
6075	20705
4742	15858
6926	15599
3991	24760
2732	25341
50	15285
7492	15894
9141	24018
2352	17038
3350	17167
7804	24641
1901	19849
3364	23330
562	15253
9327	25499
6392	24958
8855	22201
6809	25017
1925	18011
8182	20972
8491	23732
8001	24377
9586	18534
3613	20889
1658	18838
1586	21157
3639	22079
4478	18237
6234	24971
1974	20945
225	21128
5335	15231
8627	17600
2318	17551
4792	20614
8835	17301
1060	19618
1254	23664
783	20208
8165	22496
2885	17038
9518	23817
9397	17939
8705	16838
4788	24142
3862	23415
6814	20615
9934	20860
9922	17752
590	15569
6722	24350
7086	25463
10399	25149
8302	17900
9682	19218
5544	17461
174	23889
5477	18728
1848	25377
6674	22913
3013	22903
106	20290
3164	18346
5583	17931
3753	18494
5867	20979
8122	21099
1605	24533
7798	17896
7100	24431
2399	17211
4058	16327
8106	24150
563	20378
9023	24204
5042	20975
1701	24593
5891	24900
3522	24247
4621	21996
828	20312
1512	19851
5242	21298
2680	20946
3746	15855
2575	18080
4718	24633
6225	15751
6030	19594
7127	19849
7954	18270
3578	24909
2014	15124
4962	24184
9131	15682
5369	17896
4606	25025
4990	18940
6825	23973
7667	15091
6328	20837
4204	16685
3923	18418
8298	21390
7532	25435
6595	17439
3732	15348
7672	23633
5006	16840
9607	18123
6293	23410
5510	24748
8581	20892
9162	23423
1001	19608
9680	15934
6155	15319
9418	15204
5157	15401
5852	21633
3224	24010
1776	22076
5325	16280
8760	17211
1945	20895
5616	21636
9087	24009
7540	18968
3278	16822
3342	17211
7192	24725
8019	20786
2734	16359
6122	22349
7683	16323
5467	17760
8397	21723
7533	20217
5991	20792
2202	15579
27	18567
4637	17975
7457	15051
2646	23860
9707	25431
7851	21306
4045	20196
9982	23571
5903	17005
630	23852
9656	21009
132	25413
1592	16171
200	23131
305	16799
4641	20916
2815	18384
4420	21960
8773	18080
1657	18978
8723	25398
2403	22969
6907	19702
8309	23959
5478	25364
10124	21102
3168	20895
7573	20148
4877	23177
2633	15873
4777	20596
8289	23276
3650	22454
8323	16957
2179	15972
3292	17938
2812	17443
1598	22930
2386	16699
2871	17385
7707	17953
10027	24943
4369	19602
8419	23714
7079	19426
3635	15023
6313	19510
6813	17954
10109	23604
7398	20507
4964	19858
453	21506
4780	15787
6046	17752
9355	20846
1740	15699
6220	15405
7714	19503
3269	17493
506	23363
3561	19947
8885	15627
5111	17969
9019	16627
1677	15735
3149	19449
807	21692
5474	22770
6966	24224
9130	20945
7306	19708
5310	20371
3101	21665
8690	17415
9495	16699
10290	16064
2503	19541
300	24125
738	15787
2915	25188
2169	21072
9978	16631
6182	18567
6209	22913
3391	16720
6347	23323
7172	18777
9066	21002
3893	25431
4260	20277
8757	17940
8763	21889
9101	18471
2594	15724
955	22928
9561	17037
307	22316
3945	21615
3857	18715
2249	16706
9396	24127
10186	23821
7931	18816
7646	21108
3698	21616
6409	24823
3510	24900
3074	20949
3154	23898
4903	19233
7190	16133
1525	25043
10145	19003
6718	21298
1394	19296
3509	17054
8829	19320
9876	21869
785	23274
397	19982
667	15076
3023	23698
3743	21397
2133	22663
5169	24408
375	15680
2886	15376
2350	21616
1073	21194
5119	25292
6841	20892
7744	16957
8441	24417
2986	20003
9717	16992
10190	19567
7474	16500
5688	17545
403	23074
2230	17137
7848	17379
1159	15147
376	18188
1101	16015
4648	21960
1335	21080
2106	18797
6993	15382
3100	20290
2273	25274
4908	24477
4898	25025
2143	22225
10312	15735
3402	25018
4167	15372
3904	16480
538	16171
9813	20090
6879	20513
12	15720
7220	18099
6796	25076
5294	15873
8058	20625
1920	22677
6954	15251
7546	21394
323	21677
812	18114
9184	22913
6867	20348
1180	20354
2043	22317
10173	17950
6208	18623
987	17614
2135	23593
5208	17686
9300	15968
5729	25162
1727	22945
8567	25162
7650	17187
9206	17619
9152	25446
9784	23271
107	15559
862	15350
6213	17533
7699	22121
7933	17060
7333	18846
8748	21677
392	18156
1327	17857
9646	19335
2072	20591
9653	17977
1442	16686
3791	20695
10146	22990
3814	18200
7551	20548
9743	18080
5990	21092
4189	15656
7348	15786
6455	20419
4871	18739
5525	18810
6981	19002
10351	24271
478	25262
5629	23417
8742	21157
8143	23871
5085	20598
7241	17214
10042	24005
8069	21697
4659	15632
2600	20801
5624	21047
7827	18485
1782	22160
2990	17116
8827	23189
4731	15812
3327	20322
8506	18019
7009	19191
2116	16521
4089	20133
1239	16051
7768	21654
5301	25358
4354	23323
9119	25027
1806	24130
9638	16334
6318	23060
5278	16383
3016	18677
2782	17032
2367	20058
3390	16211
2747	24816
6457	19018
5026	25282
1590	16246
4757	23102
3416	21307
36	23417
5028	16858
6959	25156
10383	15743
8497	19377
2240	20254
5109	24585
6179	24893
7028	23689
7205	17427
8541	25349
2071	21698
490	20543
3183	19317
2394	19862
2574	24828
6311	19644
10340	22758
6416	17406
8585	24533
9977	23933
10468	19257
6232	19714
2702	16391
5052	19769
5960	15120
1281	20799
4201	23732
7522	21560
2365	15934
10306	24778
4068	24147
5885	20053
2265	17553
7738	22391
325	20586
3972	18347
7148	16013
7246	22014
5399	25211
5073	21806
354	21514
9499	17620
7541	23993
6307	24319
1766	16693
197	22542
10160	24971
9721	21310
6526	25245
6600	20639
1754	19355
6497	21307
9314	24797
8706	25233
5999	24719
5679	22794
6705	25076
7281	22512
8357	22579
3529	21398
284	22455
4782	18361
473	25446
6242	18185
4127	21954
2485	16521
247	15949
3012	25341
10238	23715
5065	15193
6201	20591
1949	16627
8084	23938
8311	19608
1600	22842
3693	16105
6933	18145
7106	21239
2882	18487
7999	19484
2217	18827
9742	19650
7711	21632
2843	20588
6426	18910
2130	21093
2053	24471
5279	23271
8343	22648
4216	17162
6121	18777
8042	16259
8532	21982
4182	21396
7301	24427
759	16028
295	19249
1018	21218
1302	23140
2731	23102
4660	18017
4638	20193
947	16472
482	22755
9877	25446
1742	18546
3323	25463
4804	25134
8789	18047
1478	17151
8526	22944
6589	17109
7730	24377
4070	16094
4527	22058
5421	18968
10134	24411
3060	23300
2652	17281
9006	16319
6045	20680
3170	18968
9173	24991
9879	15071
6579	21009
3982	24857
2872	23553
10347	19396
9450	18805
121	24339
5950	23308
6890	18048
577	22413
1452	19988
5849	17752
9237	21189
7948	17005
8857	22930
430	21740
2942	17747
9168	19751
3386	17131
2794	23108
5102	21552
9245	18471
3787	20692
10071	16912
9580	25362
66	17427
5097	19389
7518	22870
9278	15934
623	18536
8590	21665
2663	21218
5740	22349
1896	20672
3063	25184
1391	23192
3341	17790
6743	16114
2429	22842
6222	15887
4902	24499
1971	20576
8162	17291
2096	21715
9176	21513
3619	17900
6352	21071
8248	21607
2539	18077
8253	23423
7626	25290
1481	24145
4499	19310
3395	20846
3320	15949
1843	17811
5175	21723
8233	20057
3192	16692
7111	19898
5373	20805
8859	25047
770	24728
9067	20232
8025	17134
10073	18111
1872	17931
2667	18414
5697	25134
4276	23913
10487	16999
4763	16358
8422	22762
9950	23423
3951	22515
2948	17206
9091	17609
2257	16357
10201	24507
3253	22538
5658	19296
5307	15934
637	16128
4737	23887
8564	20307
4704	15571
3627	18806
7286	15281
5302	22323
1400	16155
6199	17548
8700	23327
5743	20440
5921	15091
9332	22770
1410	23352
2500	19989
5564	18863
5448	16521
7986	19994
2538	15610
6034	20013
5151	21540
3305	18674
1789	16750
3676	21720
9451	16545
9392	15751
6596	20853
5839	15809
7248	20413
2121	16541
1464	20728
10289	15873
4120	17609
5851	25344
8817	17357
4603	25196
3303	24822
7263	22279
10454	22861
4997	17584
4466	16654
5693	20636
1386	21331
4160	16105
9135	22476
261	20733
5731	17163
6287	24666
8621	19921
5713	17968
1756	19352
6148	17792
9368	24942
5190	24193
5365	24143
5557	23446
6561	25166
7060	21740
3324	24848
183	17811
5227	24065
6783	16890
472	24445
5716	22309
5106	17111
2346	23037
445	21276
10013	21062
2608	17211
9904	19932
699	25082
4442	15363
7953	22133
6847	23711
2857	22428
2586	19768
6014	16686
10075	19748
4382	15786
8862	23817
3485	22758
903	17607
7896	19003
2979	16652
6367	25043
2239	15441
3534	24220
2619	18041
4922	23478
3574	20834
2752	17415
610	24018
6006	21844
7756	19368
6485	24783
67	16262
4283	20957
6490	21697
1730	25286
7379	24130
694	18288
249	24973
10463	24808
7109	23060
6799	18103
4568	19362
7571	15795
9360	25286
5291	21801
505	16496
86	16745
204	15464
8984	22681
885	15923
1812	15795
940	19735
39	20509
1530	18367
1163	22341
4688	17684
8638	15873
4265	20518
9286	16987
3830	21662
8514	22225
9906	24641
1283	22512
7523	25480
7544	16208
130	16686
6004	19612
7763	22913
1482	20522
5201	23818
8227	19427
5141	24816
3247	16080
3837	21310
2797	17061
1647	22200
725	20685
10280	22230
8171	16286
6261	17348
4886	21003
2366	21552
804	22428
8360	22624
8511	16715
2301	21849
4156	15319
1759	20835
9973	20210
4027	24018
4422	15999
3221	17262
5060	22276
7556	22283
7494	22756
9722	19779
7563	17624
5496	21847
9279	20530
6973	24787
8496	18673
2200	22839
7093	25366
8683	15007
4188	21321
3090	15091
4617	22748
4327	22190
7058	22356
3484	18679
3373	16885
578	15579
1617	15592
6174	22749
5367	22517
2042	18011
7152	25491
6900	15362
10158	18035
6110	19251
4318	20799
3829	17685
1274	16627
1817	23115
7253	16885
9384	20868
3690	25452
3475	16822
5252	17211
6515	16816
7371	19671
5686	15378
5204	17842
3515	16607
6683	17163
4570	19266
7858	23417
9371	15622
1052	22858
9956	21903
714	22031
1082	17290
5678	18105
9390	25117
7724	23362
6911	21777
2119	21495
9048	22240
10125	25472
4346	22455
7747	21579
2468	17206
7630	16057
6854	15934
8582	15432
7612	24224
3965	18021
5313	16256
5696	19111
7116	15928
2748	15389
7005	15052
1880	20226
161	22945
6348	16537
4702	17169
2751	22693
3788	24991
3042	17830
7277	19377
7163	17921
3737	19985
1268	17329
1070	24429
433	17659
6085	24086
4642	18986
1895	19707
4078	20258
3035	17203
2228	21605
6469	22611
3533	20349
3645	19689
2808	15251
7375	21693
8896	23995
9531	21508
4099	15715
5717	19850
93	20358
7343	22738
8489	22485
8427	18273
7592	21191
2806	17591
6500	24875
1573	19023
7120	24193
6042	15050
8942	15343
1026	22912
1930	20842
3366	17795
5391	16590
1128	16100
9059	23287
9276	17483
4054	25286
1124	22151
7160	15086
4984	15113
9930	20753
4012	15806
4010	22917
1354	25363
7781	21970
8870	22517
1801	23191
5080	15018
6167	20489
818	17962
2832	16686
5025	21996
7670	21321
4506	25349
9927	22891
1188	23067
10111	23939
7992	17665
9160	19567
1049	25356
51	15999
8241	19111
8864	23834
8560	24848
4624	16080
7439	18718
4379	17763
10424	16281
7525	22225
10314	21626
7652	23983
7180	15420
4219	21218
6145	21615
2113	17087
3946	21459
6425	19849
242	25286
3744	23593
6263	21679
5161	18530
10228	17684
1325	24568
5556	18146
7822	16211
7934	22121
1836	17069
6895	21689
1542	19472
6666	21719
8796	25178
8672	19482
7154	16115
1851	21421
4170	20079
5126	21071
1518	21051
1513	18694
4921	22496
2634	25388
8108	25018
7995	16898
2697	18045
5040	20150
7066	17521
8378	21665
5423	22738
1273	20851
4533	24203
5381	23938
522	21509
2019	25143
10230	21672
6382	22231
3764	20695
10361	16952
2576	24836
1519	18169
1413	15278
4771	21207
8	24224
8344	21477
2904	20503
3374	16574
10116	18026
1329	21777
4643	20445
10411	20418
10438	18447
2025	17986
4376	22479
2739	23222
9124	24629
6925	16390
4124	20576
10440	21314
2997	16467
3082	18868
6627	21199
4938	22003
4634	24771
3131	25226
2645	17725
8707	17818
2718	16929
7211	21700
6189	24556
5051	18516
1654	23172
4798	22298
8300	19094
8307	24752
8645	15113
9556	16651
8685	18602
7820	21320
1713	17720
734	24357
9657	22261
6146	19612
4653	24900
5165	16589
3058	21218
9782	25136
9149	19116
7210	23689
8782	15088
4955	16516
1205	15795
9080	17206
5110	20836
5735	15692
2426	18482
243	15076
5873	22193
10353	19331
6451	16368
2132	23942
1153	19603
1125	19541
3648	20616
7530	21586
4482	20832
2947	18171
3444	23125
7039	22797
8203	17710
3301	21218
2222	22602
9964	17415
1398	23710
7353	17266
8785	22535
8850	18573
7663	23295
4366	24331
7062	20179
3876	21572
2643	15362
3549	17132
1075	16639
23	25262
6999	15749
4005	24882
1865	23618
6675	18564
6765	16897
1516	16267
4779	17013
5661	19266
997	22910
2657	24018
10447	21489
9773	24816
9974	17588
175	21276
2484	25084
8822	20733
8779	15687
7910	15373
869	15499
1130	16924
396	15620
6471	23983
8775	19211
7234	22846
650	22602
5605	15858
3398	21375
10	23673
8852	24025
3519	23689
9515	19003
5720	16574
4639	18659
4093	24738
5442	22585
9897	17610
8713	17727
3092	15873
3873	16768
3205	17950
1109	25012
7777	15478
5944	15110
2360	22735
2964	20788
9689	18537
823	20680
10105	24585
5759	21093
3422	15009
1349	17030
2568	17085
292	24224
7905	22283
3440	19611
6967	19871
5626	25240
7840	18369
1543	15735
7788	17211
6005	22939
8263	20614
3687	23281
9820	20348
5430	21669
4725	18513
6910	21740
3709	20053
1223	24439
3010	24086
5393	21390
103	22197
8038	17422
3464	17087
5982	15948
365	17685
7979	25245
4760	23786
4716	16453
4529	20850
9112	17728
8209	19387
922	23630
8356	22813
7256	21321
1845	15611
5241	24033
3034	20348
8148	18536
9981	25466
156	25021
7665	15873
2384	21632
2902	23175
5396	24787
3562	16607
3598	24395
9933	16873
1755	19849
5542	16521
1527	23491
6659	21514
9024	23892
5400	24728
9132	17507
6332	15018
3379	18235
7584	20029
5984	22534
4572	23338
9998	15765
10325	21268
2409	15795
6463	15673
3300	17461
6687	22712
5633	20670
7209	17508
9070	15579
7102	19859
10086	15640
3225	17610
1517	15611
8799	19175
1874	21514
2141	17114
9480	16084
352	21869
277	23842
3377	22018
2126	24350
7428	20499
8539	23888
9814	22396
10378	15579
3853	19214
5811	16726
4271	17849
9139	20578
7181	16395
2743	15432
1940	17507
1429	24053
3298	20425
1310	22385
10081	19850
753	18369
5415	18153
5004	18677
7293	21114
6381	19003
4840	16840
4739	22855
6969	18844
4826	18810
5826	25182
10388	21239
4979	16231
1524	20079
7074	19452
9217	21194
9890	19951
8604	16550
9012	20343
3740	18018
8423	17511
9527	22755
2550	22102
10478	24857
598	20662
1773	20576
3711	20228
9940	24266
551	17761
6100	24491
4899	18638
1555	17461
2965	20425
7252	21065
1668	25134
4398	23618
8029	22793
6807	20636
7114	17030
10107	17307
6098	20875
6494	23875
6449	24005
7015	24914
6555	16656
8156	21251
7564	17614
4381	17305
4901	18177
9303	24463
3040	17763
9523	25281
5970	17997
7297	19593
1921	21708
9481	24255
8985	16259
4383	23660
5314	18722
6476	24018
4269	24275
5967	17665
166	22915
8537	21957
546	20718
2589	24791
7351	19759
9829	16952
4636	15091
10003	22770
10101	16296
7261	22201
1182	23888
9365	20733
4476	24701
8606	23338
1679	24018
9926	24594
1502	19200
2638	21949
778	23565
8490	16144
9867	17411
10237	20446
4502	18638
4820	18536
8736	17870
9248	19738
855	21267
10240	23143
5690	23612
4691	25144
9042	18471
6413	22335
9747	23530
9885	24802
6717	20338
7174	23262
313	23512
4192	17087
7900	16684
5066	18883
6454	23048
1048	24215
10194	20417
6616	17548
3821	17220
7199	17931
2642	17826
5336	15403
4733	16631
969	20545
7374	22547
9469	21006
8424	17290
820	18981
1190	19645
5018	18389
8201	22119
1954	22092
902	23743
9454	19881
1691	22225
8932	23698
10223	21003
4644	21610
6868	22415
5590	19585
6530	16944
7813	17521
4007	17283
8643	17686
3003	25245
8347	15901
4706	19135
3664	23809
2688	21979
8457	24372
9064	23604
6376	24533
8569	19503
9431	24146
7465	22454
7402	18788
1438	15254
10376	15474
1288	20419
4109	20672
8170	18474
7385	21849
272	24025
2957	15470
6570	22335
9644	19916
2695	22631
9769	17648
2982	24462
9962	22833
9968	19196
3759	17956
7609	20052
6057	18494
8435	16328
3282	22416
1105	18733
10282	15858
4126	23428
3817	15217
20	15474
6562	16246
5135	23914
1098	23324
9988	17061
592	24882
6731	16669
9577	22446
6129	20578
7526	16768
2628	17792
2627	17939
9413	17028
6652	24152
6956	24213
1370	23732
9275	21048
3256	23983
1970	21077
9007	23311
5044	18543
9851	16510
2719	22379
3443	23617
7643	19252
2262	24881
7073	25245
97	24719
2907	20545
4945	18923
8598	15502
213	18246
1318	19053
9167	17609
4776	23412
7273	21869
5961	21218
10126	17817
1102	17681
2182	21881
3434	17929
3891	24725
2470	17620
8623	24567
7	21185
9869	20217
4610	22299
65	24372
3865	23264
68	24822
3318	18728
1763	20148
2754	20257
162	19942
2475	20718
3411	16808
9146	20030
4646	19587
3820	21968
6284	21897
7861	16105
471	24791
4411	22994
3028	24647
452	20881
150	19185
900	17641
1948	15934
2895	18796
9728	25395
6835	20614
6060	24778
2758	20608
2635	25117
8519	19526
4300	16080
10348	24607
2883	23849
1215	24749
7285	20674
7420	18021
7433	19128
4746	20343
2838	23458
3688	25056
4999	17783
10011	18018
8078	23180
7289	22662
4307	23804
5067	23143
10302	24574
4562	18567
9537	17032
2555	16115
1198	25418
3997	24220
839	22935
1881	18513
1311	17817
7061	19386
3452	17362
6552	22846
7588	21450
1139	20148
5341	20057
1219	24498
5420	16314
4890	17644
6730	21579
1076	16999
4989	15110
3691	15858
7610	25129
1520	18041
8673	16840
9872	24838
8221	21763
5016	19881
3259	15873
4469	20348
3925	18048
7123	21605
589	19191
6514	25349
214	23777
5140	20179
2994	24018
9404	24738
8816	15200
657	18921
4104	20503
8800	21537
7117	21903
5186	17262
8212	23246
4745	16703
4846	22317
1099	21309
109	24277
223	19303
4367	21305
7581	16484
2023	19600
9805	21080
2051	24159
2803	16847
8615	18951
3358	18414
5384	21238
6661	25481
9564	20739
9546	19844
288	21700
9990	17746
10021	22735
6790	24220
4178	17705
7924	16074
10276	16094
2209	15253
5043	21996
8120	23043
3794	24673
5346	20127
5558	24152
9465	24571
7016	23926
9266	23878
259	24691
5586	23338
8903	16057
4225	18454
10432	20031
8866	15356
999	15420
6849	21735
5054	23410
10381	15074
9866	23616
9777	15110
9198	20348
7658	23332
8909	20634
7340	16480
3179	19445
9051	22160
4083	21278
2523	17931
7964	24055
1778	23438
7723	15821
3655	23772
8626	22738
1505	21439
7570	18902
310	19602
6707	16581
6936	15497
112	21996
7554	18461
7890	19259
6462	24571
8882	23043
6317	21450
7031	17038
4673	17137
4195	18844
1609	24025
9946	24230
8391	25435
4810	15858
1697	23411
315	17975
57	16215
8011	25186
9478	19112
1183	21665
2869	16246
9826	21587
6378	17157
1468	25374
2970	17711
6866	18606
2578	19686
9772	23712
7796	19407
10139	22400
1474	19318
4312	21218
2055	20788
4972	23939
5188	23081
2108	18986
7480	17441
2541	20597
5562	16567
9874	21311
9020	24769
10397	17157
9993	16484
6766	23925
2197	24792
2700	25233
1887	15687
5410	19440
4360	23639
1995	22875
1195	22547
1415	22546
6794	22945
10482	16126
6342	19335
8101	17801
3472	22803
5531	25422
165	16275
9963	25060
528	21508
3859	15976
3222	20839
5933	24537
8974	24025
10026	16578
6482	17362
1693	22893
938	18629
5955	22611
4597	19003
8843	24883
8543	22512
6067	17591
1208	15620
3836	22789
4880	15231
5368	21735
82	23825
10212	17165
2081	24349
2067	16272
3880	20895
7605	17931
4613	20052
8960	16545
9892	23627
764	15715
6153	21128
8353	19233
6855	24033
9614	21740
6503	19686
4736	25060
8480	18833
2522	20095
1907	17496
2543	18186
6343	15751
905	21497
2340	24139
4933	22908
9510	20695
6183	24885
9843	23689
10419	18181
7104	24226
1923	17350
6729	16895
3947	15350
4247	16003
9997	23618
3450	24275
6147	16990
2923	24836
4923	17422
3419	22356
2295	15873
8155	23270
7600	23208
8987	15564
8508	19931
10331	20282
5398	23246
2831	17203
3191	18264
1238	20174
8012	24004
5191	15944
1044	20836
2065	24386
6789	19038
8224	15873
693	19931
2118	21616
769	16388
3289	17307
3670	25245
5784	15583
713	15404
3498	21916
2437	18871
3890	22497
834	23362
9526	17741
9126	16770
9273	21084
4891	23698
556	19268
10199	20705
201	16379
5808	20584
8529	20947
4851	20584
6437	17790
5563	18728
2387	24018
4052	23315
6937	23246
476	16915
2204	19646
10384	18895
3739	15934
5714	15640
7810	22896
7926	19554
5682	22232
7052	21654
4310	17817
1550	22871
4872	23826
7651	15750
3249	18335
5406	24639
1728	24101
6917	24247
5315	20970
2805	16791
2917	17032
2218	16952
6029	17007
8878	21876
8811	19910
9582	20674
8283	21616
911	15934
8751	18115
9103	15620
9207	25353
851	17741
4787	24249
2927	17155
2899	21504
6608	20865
4246	21665
1563	25132
9421	21321
2430	25358
2510	24320
355	25021
5395	15620
1623	25151
6690	18972
8848	22676
8646	22517
9695	22184
2245	16750
114	23123
1876	19302
9992	24234
9972	19871
6736	16750
7718	25322
1360	19971
1892	19211
5182	19811
2328	19468
8628	21675
7888	22602
3236	16521
3785	18994
9429	21777
2987	23483
9685	18389
9107	22928
8016	22287
10396	25311
1276	20708
5599	22412
8583	17557
465	20302
5884	18536
4250	22307
9795	18923
3706	21310
3731	24093
9185	20738
5822	15607
5077	16467
8597	17975
9463	18442
1883	20083
2708	19325
3245	25456
552	23887
10114	21246
2358	16281
1232	16246
5971	25344
3504	19584
5455	17162
7336	22683
6235	19552
1222	20791
2759	23969
8781	21801
10175	15262
8634	16683
772	23114
2375	20786
2837	24492
8335	25415
233	15807
1637	21598
9232	21401
9788	18080
4465	18605
4113	24138
2460	25245
1245	18080
6373	21719
991	17965
7037	24395
440	22455
2408	19202
9426	16911
1158	24610
4631	17362
1036	21361
9414	21080
6764	16362
8050	22602
2881	18448
4388	22512
9220	22984
5113	21762
3978	17813
9058	15091
5855	16480
2764	15573
7843	25374
10404	21513
996	21740
5920	19285
2310	18636
9381	23458
2713	25205
6837	24283
951	15357
9	15384
1863	16087
8570	25495
580	21218
3405	19681
1676	21218
8761	21465
4279	24018
4409	16891
8394	16912
5385	24905
70	22255
8712	16631
8591	18701
7088	24338
9725	22862
3287	25307
4883	20792
512	25047
3844	19645
5362	24457
3878	20738
9282	15593
4839	23904
9402	22252
3466	20850
703	21298
9453	21888
4538	17020
6787	15336
9901	16062
1771	17619
1247	15727
10313	19196
5170	24102
9684	22741
6180	18153
1059	24499
5553	24719
4878	23069
7761	24222
10334	17817
4130	23280
5524	19559
7936	15758
4217	21708
6166	24644
6922	24629
1564	24147
2878	21268
7036	21889
10138	21097
9125	23868
4819	21698
2932	21587
5766	18114
4396	21669
2547	20257
4069	15714
2741	18536
3137	20945
7608	22011
1487	23832
5228	18711
9444	20078
833	23913
7629	16858
3980	15883
3926	18018
4710	18976
945	20796
1673	20057
4456	18706
10202	20417
1991	20537
6804	22292
2337	19335
1889	24757
7159	15071
5655	16568
6285	15090
5773	18490
2070	20666
8095	20572
3572	17223
10496	22002
2180	16578
4319	25182
2836	24105
2534	24910
2554	15919
9785	19259
3593	18923
6678	17163
7055	16049
5664	21248
9496	15611
2549	21708
6302	23791
5994	24224
1712	16807
4098	17206
2780	20338
6010	24507
6393	18261
4573	16104
9361	19603
2080	21839
8819	18951
3196	18859
6778	23993
4785	19707
10310	25463
7087	17027
915	21998
1037	25490
6211	21276
7715	17728
6215	16711
8277	15687
10165	19862
1407	21488
6997	15735
8640	21586
1266	18755
9915	15594
4720	16732
9268	17109
7946	18307
5359	25422
510	18111
4774	15089
3465	17410
6445	21396
7254	24797
8431	20875
8196	16808
4261	25481
777	19869
3499	23974
5248	18119
7929	18820
3649	16706
7950	25433
4088	17773
194	22727
4429	22934
6168	17694
5710	24801
378	25402
7963	23177
2453	20348
6734	18860
3232	17032
7853	17760
5129	21691
8728	25048
847	16904
10320	24620
1306	23047
1141	22225
2004	19094
5355	24086
497	19854
10181	25162
4672	21134
7007	24652
8124	21934
3076	21575
127	25400
704	22913
8619	21691
4975	19224
3663	16552
2452	15858
34	18400
1980	18293
6853	21750
3704	17163
8096	24592
4334	16607
5560	22845
7013	18921
8931	16011
2267	15603
4695	25240
4930	23764
211	18491
7996	15747
9114	25166
6801	18479
124	21102
7748	18923
9072	20639
3518	21746
2272	23311
2091	19467
8256	21605
6777	15230
4473	19856
1800	16069
6481	18849
7231	18536
10079	17502
7046	16501
1171	23926
9525	15620
9304	17191
7736	25151
788	24508
7396	25374
3429	16838
1277	19406
6027	16296
7168	20545
1	18196
390	20703
739	16800
7143	17305
5763	22541
2675	19218
2285	18209
5193	20875
1724	24508
5068	22974
2840	17769
2757	18018
2454	19602
98	21238
10063	21099
1248	17112
7559	17019
6574	24882
6585	21175
434	19464
5329	24429
9751	23902
9082	17843
1596	19077
5450	23640
6377	17198
5009	16999
9188	15558
3148	16501
9054	15832
4337	20833
9967	21767
3096	16348
2320	15074
2356	15610
4888	21396
1184	23904
9875	18991
9389	19580
1313	17869
2980	22602
6972	16687
7409	17711
3463	21982
8068	19747
4416	15357
5057	17525
4432	23338
9309	18503
2622	22149
1113	16049
8151	15939
4097	22310
7713	25382
3142	19229
3383	16380
7384	22127
6104	24185
2251	24478
6025	16284
236	23115
7873	21640
1814	21329
9793	16770
7449	17896
7057	19136
3742	19003
6175	22648
6295	17412
4752	16840
977	17607
4480	25344
2252	16051
4475	20322
1103	24121
8154	25286
4403	25489
4983	15357
1769	21800
146	16081
8653	21071
595	18414
5571	18039
10262	22930
7417	20521
7671	17015
9345	24691
2867	24966
2336	16528
8918	16784
6101	15715
5559	19611
14	19889
9231	23405
8808	25263
5529	20071
5988	18309
5722	20587
6184	16094
1194	16683
856	25204
9328	21418
7700	23979
8849	19638
10029	15175
672	15901
8082	15873
8007	17818
2316	18471
4436	18026
7594	22853
2136	22748
386	15993
942	23629
8024	20145
2853	18863
1132	24629
10380	19882
897	19218
575	16541
2300	23774
6949	17629
10123	21955
2943	15571
3507	24363
7084	20671
6782	20843
6195	16866
6119	18039
10150	16630
8759	21889
4516	15135
2457	24914
5792	19916
2322	15735
7393	21869
554	18734
4197	15291
1488	15715
7855	21238
5719	20524
3555	19331
494	22151
7215	19849
2009	17655
906	18001
280	21715
889	23808
2174	22046
5924	24462
3617	17362
745	16347
698	15916
5711	22847
9308	17686
3067	22780
8708	15296
9416	23312
1293	22749
456	25178
1225	22127
9578	17288
3348	18213
5098	18148
3493	22421
8641	24249
2122	25387
9827	24127
4345	21218
7041	18679
8915	17965
5757	21112
10488	15785
6903	15755
9671	25490
3806	22365
5532	20345
1579	24935
4678	19002
7703	22981
8413	25391
10393	25417
10221	19168
5131	18992
8406	21099
1122	22225
8210	22496
953	25307
2785	23698
1953	18766
4034	19211
9290	15498
8680	17686
1445	19594
7346	23115
6272	15101
291	23060
2177	18205
4212	25367
6428	22506
1131	20113
927	23952
10053	16581
30	22974
2341	19761
3007	25214
1897	16683
8568	24086
2880	24341
5977	16962
6946	15521
7972	16996
7056	21738
8293	24446
3861	25162
9539	20788
4102	23175
6803	21157
1536	22585
1862	23308
4123	15787
3175	20343
10465	17220
7732	20413
1357	16402
3689	21133
2150	15101
2308	25327
3943	24862
2727	18237
5469	22956
9505	17267
3332	15858
7443	23612
9674	18602
9630	23743
4514	16085
5890	17655
3295	17686
9916	23491
1140	24748
10287	15579
3628	19047
6357	23608
2656	19982
1781	20738
4721	25076
7784	19297
3892	15096
4594	22738
6402	24592
6553	21076
8415	18843
3577	15272
7892	17362
1633	15357
2145	17427
526	22103
9664	23777
920	15269
7006	19529
4963	18593
4275	18263
9623	18889
9601	25144
7224	24895
1753	24093
5761	17310
4630	21340
8767	25090
2186	24844
877	16627
6294	16818
10451	22014
4358	24417
143	16296
42	17016
1760	17067
5409	17274
2573	21175
3834	25457
8753	23246
2822	16031
3944	18778
5276	19491
2419	20517
7914	16480
3907	23048
7513	18689
5807	19854
2988	24958
8758	23330
3024	24363
607	17821
705	24218
2425	17769
6819	23709
10252	17346
10330	17584
6924	23066
7537	22919
9312	17989
10033	17546
6243	20354
2821	22797
6697	17413
9716	22010
6550	22145
10127	24415
9460	18264
8950	16211
1551	25245
8384	20858
6007	15217
7208	19134
5980	19866
1797	20334
5817	16501
4309	20248
9383	15134
2066	17211
5979	19981
7782	21934
3331	16357
8387	21889
1324	19866
4867	19014
6096	17104
3899	21378
3528	15871
5297	19912
8594	20738
2592	18887
7640	22161
2271	18120
1278	15610
2640	23773
4690	22133
7070	19503
4467	21448
784	22899
6669	25352
16	19805
7390	20603
10392	16296
4415	20513
7604	24184
10394	18080
1441	17163
10041	21698
10453	15728
4859	23455
2868	20323
7684	18638
5995	17548
4419	15157
9750	20146
773	16896
3928	18562
5516	20987
7413	22891
3748	22511
9354	19887
7757	25245
8126	17609
5861	20947
8998	15750
4825	19831
8376	17089
6092	15894
1914	19323
6588	17087
8812	16554
5635	18878
4992	17020
9659	25422
3165	20887
5458	18237
1568	19046
6934	18021
6181	22361
8795	16473
527	18078
4996	25446
366	21665
3958	20413
5574	15812
2103	18250
5081	23660
8533	18038
1035	15251
3396	17362
6365	18536
9071	18959
3658	20343
485	18218
2196	17931
5565	16083
4589	20587
10355	19916
4418	22225
5572	25457
8868	15533
1409	22368
3501	17371
1315	16699
2674	18536
9502	20364
2551	21102
3453	17256
6792	15271
9157	19732
6721	25292
8008	24719
1330	24629
2848	22911
3535	24728
7059	23524
7740	23575
1922	17792
1300	17864
9999	16447
7207	25364
9424	24698
4067	19755
6927	22095
3274	24302
6380	24292
2293	15868
4308	16418
3451	20431
6753	24018
8056	21113
2226	22844
6655	17689
9035	19025
1401	15503
2983	25182
5575	18200
2517	20874
3291	22583
624	18643
3110	18400
5883	23743
9209	16094
9913	15694
5115	23417
2744	24477
5435	24052
5162	19869
9651	24067
384	22459
8153	17992
7733	15234
3702	20446
4549	20303
3432	17792
4304	15233
6791	22232
2369	18960
634	24958
5812	23191
5801	22539
10303	15209
1465	24281
8735	24033
702	16847
631	16599
1493	24110
3426	17931
9959	20178
4973	24017
8729	16915
4612	16558
3777	20148
10412	25136
414	24220
6948	24313
48	20425
142	16501
2894	17731
3911	20631
7035	16631
8035	21586
1775	15786
4	22683
4443	23966
2835	23043
3120	16395
4315	21071
2561	20639
5220	22022
876	17089
1661	22695
8030	16686
9375	15281
10386	22855
5946	22455
448	18849
6603	19931
6391	25398
2446	21003
1511	23677
4799	15894
1107	19570
7425	15583
10430	16996
5687	21062
7811	24372
1852	23417
9834	18538
13	18047
3423	20392
10269	17122
5528	19754
8926	22388
10295	19325
2039	15207
2685	22859
8889	24749
2201	22858
10446	23479
10215	18972
8147	24052
159	16683
1926	24093
6605	16224
3580	20872
5790	18028
9694	22260
1757	22172
10209	23838
2260	24086
8054	15246
5485	20192
1602	19299
7337	16838
2191	16403
4535	16963
9655	25357
5627	15258
2253	21385
5306	21560
2173	17085
3086	16357
8127	17511
5939	22602
5751	17476
9265	21846
7705	21398
4291	19297
442	22544
2679	21735
6090	15363
5444	20521
508	17099
10372	23314
4228	21002
3111	24797
9557	20286
9040	19017
8542	25084
10337	22842
1716	20232
3244	17855
2847	22928
4065	23959
4841	15795
1694	19882
8688	22871
7077	22638
1334	23710
5235	16361
2854	17647
7987	16962
9748	23039
5130	23821
7889	15204
2730	24528
5427	22002
7469	15565
5715	21601
345	23352
3166	24459
7258	15814
4730	17037
2583	17548
404	16285
1020	22517
2846	20422
8286	23841
7864	25413
9263	20371
5236	25010
5514	20268
1432	16145
2434	15750
4857	24424
7075	16391
6041	24435
4273	18039
398	24463
1942	17609
4993	15053
9746	16804
7304	15720
1556	18442
2768	15357
3363	22934
7527	22092
3304	15800
6590	15800
8260	23246
9447	19251
5160	21481
6468	17898
64	20518
3631	20079
4732	17087
4614	24385
4663	23222
10389	19012
2618	21738
8769	20672
8193	17273
8469	23171
4696	25422
6403	17665
9955	15934
6236	20430
6210	24224
123	23362
4471	23722
4072	16105
1473	25457
1735	24285
7202	23491
5233	24492
8655	24395
9801	16148
10155	17267
263	18981
4532	21712
8358	21943
1681	25169
8088	16104
178	19589
1585	18017
5194	23362
6691	24958
3062	17133
7107	18343
7516	25490
5552	21628
4357	16158
9473	19003
4579	15175
1233	24429
6844	19812
2381	25163
7775	24271
2238	17834
8028	24971
10129	24841
2560	15170
9987	17248
8396	20071
5649	16455
4175	22280
5912	24900
8207	19060
6320	19387
7835	24802
3824	18843
7970	17777
2692	15727
5459	19310
10242	19812
7791	15501
8463	16971
8990	15749
3511	24691
1899	19514
8947	21735
9548	20523
6116	21232
4462	19184
3550	24875
2512	15269
4278	18516
3626	21613
7383	21821
2027	25065
4105	18111
5108	22193
5862	16179
4481	22542
6710	18977
8237	24169
2052	17544
4446	19352
4861	15521
8566	17800
8663	18951
8916	22497
4828	19262
118	15636
5281	23417
6645	25039
3974	20886
9560	24823
1323	18718
3497	21218
8138	23952
3769	15787
4186	24339
2458	17968
1419	21488
836	23115
7561	20892
5417	21740
7331	24938
116	16604
129	21199
3408	15101
9544	23254
571	23983
8226	21751
1827	24629
4141	19285
8919	23043
5357	22217
6501	23604
7615	21214
4427	19931
5831	24875
5644	24749
7048	19867
5289	20446
9970	19251
6336	21509
9199	19221
7486	22127
10371	20148
4082	20835
9180	23920
8639	23798
5724	19090
6161	22162
9706	17790
3630	16660
5309	21316
2276	21375
4230	15620
893	21080
306	21230
4391	15049
3696	15068
8426	20540
6170	22928
5789	24062
3184	22396
10458	15920
2327	21723
10274	20335
3468	15251
6793	17362
7466	15617
4024	22912
2077	22844
6177	23308
2435	15471
9034	17508
7317	23973
9850	16840
7808	19329
1665	25362
9941	24025
4666	24093
10239	22985
6297	23618
7698	15217
3399	19311
4119	23438
8296	22127
3073	24857
6050	16094
5192	15695
5434	23722
7906	16241
8740	15896
6762	21430
9403	24623
4546	15795
1950	19202
4435	21863
6066	23993
10058	19320
7558	20587
8234	17376
2765	25233
8607	16281
8383	17792
9587	15814
1799	22485
1104	19461
9491	23410
5394	16904
1033	22178
3266	24895
530	16105
6573	20210
10235	15607
9540	22849
1916	20178
9709	20419
330	23759
4460	15521
3898	17500
7094	22217
443	25327
6751	16246
8471	16162
6904	23486
7442	22602
4293	19470
7495	20052
7647	20576
7981	16838
4885	23836
8067	22547
3246	21022
7849	21668
2001	16345
5752	20110
9073	21199
6435	21863
10365	24133
2513	15861
7065	21513
3220	21396
5712	24875
8631	19541
7170	24033
981	16704
748	17203
7649	23612
5791	17928
8232	25090
9021	24941
492	19805
5153	23973
3339	23959
9554	23688
1420	25219
3983	20945
9165	23821
7590	17448
3642	17691
5225	18156
6758	15890
8034	20029
7021	16473
8547	16962
273	15432
1902	19626
8125	23622
2852	20738
5899	18816
6422	24093
6036	23926
8321	18865
141	24691
8778	16182
5305	24900
1805	17846
8644	24507
3046	22127
3306	17752
10344	21931
7794	21876
329	15919
7943	24427
7514	15883
7471	25010
7196	21298
3934	16085
5213	24152
5704	21119
6387	22969
7155	19713
7534	25025
6963	20569
3809	23403
8733	21046
6759	20312
1618	24417
5992	16507
8730	17211
3771	24958
1014	16652
8063	25188
229	18039
9602	20364
515	15714
6818	15551
4542	20287
446	23244
1951	21665
8031	22965
884	21740
8091	18777
6251	22218
2440	24062
1108	18432
5938	19806
287	24359
2057	19352
1873	21943
4280	20354
4258	16980
8588	17931
3407	20537
3600	15812
4063	16114
8320	16094
9349	16885
6539	16933
5328	19978
7030	21665
8636	25116
3866	20697
3349	22368
10264	21893
7574	23483
10034	21760
6037	23888
7265	25129
2439	21483
2781	24909
9744	18728
2058	23129
10064	17662
10449	25166
9018	15727
3321	22900
8556	17968
1034	17000
3560	17513
3543	20275
5511	18777
4235	23979
1193	17809
1200	18871
8719	23188
5641	24093
4239	18384
5174	20058
7583	23129
8518	24247
7550	20297
7834	23773
4577	20216
9467	21708
5183	25117
5509	18413
9412	24719
10197	18280
9832	15237
2151	20569
6952	15901
5929	21252
7917	17686
8351	17220
1027	22365
8721	24018
7766	15281
5150	19541
633	18436
5593	19558
7648	21175
3258	19781
4629	19912
2546	16660
6190	17008
3334	21849
6805	16010
9625	16510
1831	16488
4241	19593
8696	17511
4918	15858
9241	16228
8675	17900
1984	16078
6634	16115
6504	22025
9609	20287
7510	25467
8521	25051
2487	24629
6644	16944
6544	19335
7792	15779
7771	16618
2696	21341
1030	21444
5737	18530
8310	20038
5937	15120
5205	16211
3672	19003
6400	17473
3354	20079
8750	15993
9794	19849
3811	19251
2090	16089
3986	19567
8119	15095
2172	21772
2529	23213
1414	23969
6599	15340
854	20005
6327	23219
1043	19669
7633	16873
6292	19482
6510	15995
4523	16481
4783	24395
1161	24493
2178	21934
5539	16655
6850	15261
980	18330
7937	22103
4531	16094
2235	21723
842	21869
6906	24401
8964	25467
6700	22212
1353	22002
3738	15928
5407	15135
6830	17034
78	17288
4146	25485
9433	20895
9545	19491
9878	24585
5158	25196
7895	20828
10118	21829
6191	20828
9622	15281
145	24533
2255	25134
6415	23417
3590	18923
1503	16686
8517	25286
10257	18916
7578	17972
7669	15636
9483	22225
2735	15230
3726	18080
831	19598
4316	22512
5748	21931
8701	18753
3054	24018
5657	19595
9842	15979
4566	17085
8002	24395
5168	25134
9953	16643
3065	25281
7141	20738
5292	24822
3587	21665
6696	17356
6884	23410
1177	20596
3500	18951
267	21704
4408	21448
9487	24395
7606	15281
5088	24857
5685	19497
6296	23913
5501	19751
1426	19493
370	16774
6475	19010
2647	21396
1437	20523
3005	17211
9882	22230
8075	18211
6709	24914
5857	17087
7330	22162
1421	16643
7644	20419
4298	15088
2185	21310
6474	24262
7569	22894
10415	17991
516	23805
3134	15217
6532	24589
7866	15588
316	15751
8824	24403
519	16384
4815	18490
8714	22023
10167	22808
2158	22046
1523	19012
7759	15377
4775	18991
184	18384
1569	25490
2874	22014
1894	19584
4085	20242
1022	24978
8901	24917
4699	15735
4541	20814
9022	21093
10171	17897
2826	15441
1653	22225
1230	18273
5653	21398
2037	15611
5249	19482
1751	23835
5059	19211
8270	21919
6434	20733
5953	20868
9838	22830
8837	16885
5785	15800
6961	22928
2873	19917
691	19135
1674	16211
8325	25336
2022	20110
6587	19018
4215	25226
8104	15049
5652	15483
9947	21513
2305	21905
1662	21616
9907	19046
5823	22459
1297	24213
6886	25326
8928	25240
766	21704
5143	23479
8046	21629
4504	21101
6008	17106
9031	19840
5402	15812
6430	24846
3569	25445
3852	22790
1859	17553
1341	19751
7238	25358
5122	15561
332	24163
5149	15281
518	15133
9323	23037
6845	21572
10413	19632
10163	16256
2412	22806
1854	17087
10333	22675
7690	17302
3203	20312
7831	19259
5285	17081
7284	15483
464	16545
4101	17361
8858	25307
2892	19003
9049	24589
9524	16719
5663	23673
9895	20058
8847	22628
4094	20338
1700	24152
8737	15665
711	23633
6770	16507
5464	20287
852	17551
9767	17600
5592	18290
9898	17451
7952	24699
457	24613
9394	17923
2395	18371
8944	18162
10258	15640
8100	25422
2770	25162
675	20303
10278	15254
6974	19846
8179	16395
10172	22421
6244	16447
6597	20540
1337	18486
4286	20718
6221	24941
9514	18902
10360	15581
4131	20000
9710	24542
2286	25012
5375	19644
7043	21938
3337	21043
4332	16111
4522	22105
1866	19486
2491	23128
4405	15298
4626	22648
9969	18237
741	23219
9393	19001
308	19856
3172	21821
111	24224
7470	19350
7347	21051
2160	16891
8515	20430
2242	22323
7679	15535
5498	20104
1796	20148
3705	23824
7245	22200
3156	16616
6908	23797
6569	22880
0	17415
10301	20791
5082	18080
2978	19310
9823	22741
1021	15355
5099	23863
3314	22289
7242	20707
1002	24152
3604	24439
4838	16321
2850	25182
4040	20792
4619	22650
5968	22944
1908	17211
8895	15914
3311	24363
3206	17267
10088	23834
874	19881
10018	23308
4339	15949
6538	18282
2952	20695
1472	23103
4969	23306
670	16796
7765	25012
1815	17087
5974	24497
9558	15071
8436	20660
2498	23560
3467	18218
9796	19510
1514	15787
2291	15246
1285	16521
2044	21218
8472	19865
537	16339
2359	21331
1857	22928
5473	22117
4534	15432
8132	21931
6087	19484
7295	24005
4764	16088
1575	16516
815	17558
3325	22172
1308	15723
8208	23069
10122	20354
10054	18494
8258	23271
666	15724
7033	22602
5466	16476
28	24363
4937	19060
7776	24446
819	21390
9893	15617
409	23698
7949	17664
2793	15707
3223	21238
5877	16087
438	19154
250	15805
683	20533
231	24868
5275	21379
6349	18001
10243	21218
1548	16347
5472	15521
6769	23264
4095	16216
6173	15993
2650	15988
9243	15597
647	19003
1000	21663
5976	16706
3230	15858
75	19611
4605	25374
6264	15858
3505	21218
5906	24331
6505	25490
8697	17796
2941	19567
8739	24285
709	25178
1597	19408
6369	22728
1562	18001
1114	20832
163	20225
879	24297
8112	22855
3996	20392
4662	20107
5499	25290
4108	20730
7069	18536
10205	23308
4454	18536
9563	23565
7764	24909
3125	25219
3121	20733
1462	22365
6192	24857
7017	17362
4236	15278
15	16895
4518	21017
7382	20823
4512	20738
8576	20383
970	21708
8930	19055
615	16688
9400	17233
7478	20832
4583	15659
6856	17923
1091	25373
3818	20273
7913	16370
3579	22105
196	23280
789	17817
9438	22727
6670	23552
3009	15079
9364	21708
5621	23654
7455	23823
5989	16464
4284	21721
1404	20312
6011	25268
2138	15788
6315	21218
9815	24238
8111	18177
4829	21640
1989	24492
2930	15151
3385	19303
644	15555
8665	21450
870	19310
8268	22116
3832	20056
7344	22951
7627	18636
4623	21579
8287	15279
282	15302
1399	21723
5779	15364
4292	15724
8804	17851
7717	18018
2636	19768
4501	23322
5962	24267
520	24093
4289	20057
9324	23563
5178	19882
6432	18653
8961	23377
1363	17123
7991	20409
5416	21062
10286	15552
9603	15279
8637	22341
5136	25307
9192	15302
956	21080
6023	24033
7318	23328
2993	21202
916	25490
4011	19047
2324	19556
8225	20446
9612	16480
4198	22928
8055	15914
2876	20039
7565	21102
4488	15998
2024	21893
9362	15501
6237	19233
7357	17288
498	24339
6761	19576
2603	21621
2497	22928
5765	19335
5392	19320
7599	20856
1825	19247
1220	25220
3582	23596
9310	24548
6509	19209
8189	25183
7014	21094
2105	23239
6065	15003
6149	17267
7621	16683
3714	19111
5662	20513
3912	15786
1253	15793
6079	25311
9479	20792
1264	22913
2624	21682
8022	23855
4340	20054
2637	23315
1962	21889
302	20039
7815	16211
2332	24900
5414	22891
2630	20524
2227	25391
6873	25093
1613	21916
3839	21665
5216	22440
5630	23418
10316	18659
7166	19934
1383	18160
5488	23946
5610	21700
221	20860
99	16588
4378	23764
8620	18871
1352	21379
5008	23483
7607	21267
4692	23068
1642	17420
1396	17371
7121	20446
8624	23479
3798	18153
9754	16627
144	18115
9348	23898
7818	17406
1112	21640
4350	24179
5268	20312
1533	23886
5337	15368
2961	19502
9253	23129
6533	15511
9305	18810
37	17685
5643	20148
10246	15088
382	20431
4290	19255
7376	24524
7918	17939
4091	15787
3775	21637
6581	19325
1628	25076
2830	18821
10427	24332
8776	20569
4939	23481
10213	15535
2054	25469
6851	20616
5185	19593
10414	23362
6386	24057
1952	25478
9929	18777
9395	20858
6613	16929
6834	19003
6084	22133
7769	18846
7916	24862
10044	15846
81	20354
6909	16246
9249	23535
5675	15620
4759	20739
3352	17431
3414	18156
7416	18282
6273	18677
3966	16541
6747	18343
7477	15111
8157	24063
8242	20672
3047	16630
1632	23983
2315	19168
5074	22832
7922	16897
237	17085
5155	21398
2953	19593
393	21185
4793	20107
1554	21137
9075	20835
344	18122
3151	20411
6987	22928
8906	18527
10227	21065
7126	21665
297	23449
9343	18357
5363	18953
865	25435
6840	16080
10390	23818
1698	23983
9961	15552
8979	22846
5983	20350
8900	22928
6089	15217
2148	18568
2210	20725
7322	18021
8573	20312
2049	24241
1454	18414
3044	25491
6773	20832
108	24247
5239	24117
8941	23850
9643	16804
2587	23926
3233	16394
767	23328
3071	21601
5595	25490
7082	15483
4581	22539
4525	15096
3584	21821
7882	25205
6826	23417
1271	24297
6414	24003
566	17220
4256	18021
7176	22524
6077	25207
4818	24936
5733	22302
6737	19003
2258	17665
2693	20578
7122	18171
2492	15350
4162	17211
1495	20364
8505	17123
9196	16357
638	15890
2046	19768
7359	15873
2918	16660
8292	23571
3437	18235
5926	18536
4207	22317
1050	25492
1798	22749
7687	20927
9254	15727
6653	21860
6725	17087
9553	16390
2991	25415
4952	21915
5618	16686
351	19917
8198	19268
3950	20413
4755	16534
2355	20031
8380	17896
9824	15873
9203	17162
4967	16713
6081	16990
10046	19706
4303	20112
10471	16374
9663	17211
8702	15731
9026	17686
9886	15113
293	16558
1747	20540
4384	24975
4509	23115
1376	16322
2668	22908
3575	16526
4773	19768
8749	15914
7675	17067
881	21549
7746	18115
9606	21252
6568	22858
5271	15433
9985	23295
9966	22146
2402	15665
8466	25205
8487	15949
1178	19093
1715	16552
5793	18439
9134	22459
6230	16328
10350	17610
4243	25466
6059	22934
7622	18018
6781	15716
7090	25484
5580	22287
2651	16955
9242	15261
673	24644
2820	15873
10083	15727
3932	19500
1786	24350
3316	16816
3360	17362
9863	18308
5334	23686
10216	20843
5298	25151
8997	20275
6204	24702
4900	23862
6609	25069
4761	18810
9740	24589
3020	19204
1416	22305
493	18273
6576	17329
1004	25084
3144	17624
8970	22178
4062	16643
5755	23125
7198	20446
5351	19874
1758	18578
5588	15003
10457	24350
6611	22468
4667	19778
6529	19252
8734	21298
55	15873
2490	17525
7029	17349
26	20095
371	22654
5007	17646
7872	16228
8434	21071
9148	21189
3625	17266
1770	24385
9094	22573
10100	18111
7257	19003
10234	21249
5608	20842
10296	16449
3128	17931
1739	23352
2984	18080
6798	15432
4437	15535
1975	22868
7251	21340
4049	21605
9223	16646
6612	18722
3187	24018
4487	19475
6411	15291
7144	16780
2909	22988
892	17092
5762	23128
8876	15128
388	15356
9871	17412
4263	18182
3692	23553
990	19185
6671	23417
6	23367
4895	25111
222	15508
270	20031
2003	17943
7368	25357
1588	17087
8995	20615
10241	21387
3848	22593
962	16798
5519	18264
2981	15400
6970	18638
7269	23821
9050	21239
9996	23251
3234	24845
6115	18078
10225	22535
2013	24152
6322	20253
8185	23313
5638	16246
8592	22912
7511	18218
2499	23068
7324	18961
9585	25353
9229	24363
6732	19730
4171	20053
6703	15715
276	24514
1721	23312
5508	21306
8188	15934
3369	17762
8684	24935
6026	22162
461	20363
6401	22364
6812	15209
5	15682
4145	24797
7645	24143
4400	24875
3607	16521
4287	21893
1844	15192
7138	22911
4226	19897
8971	24431
1486	16591
932	19464
1244	18277
1591	18153
9373	18145
45	21224
5844	20721
9102	25426
3652	25260
4421	15120
6668	20799
245	24012
8492	24086
1417	21450
2736	16838
1008	15787
9055	20422
3684	18119
7860	24331
2903	18849
7047	15251
7505	22928
60	17656
3158	17262
8345	20665
8704	18018
5813	17415
6630	24928
224	21975
5769	18603
2715	24278
1058	23141
3310	16473
4153	23713
8981	16330
6282	17087
1434	18038
9065	16976
1981	19595
6615	20835
7838	22597
2246	16069
5882	16726
8366	16453
1005	17584
5958	15559
2472	15071
7552	15976
5056	23946
2946	24377
3566	16246
9698	24424
5045	17574
7909	21238
9408	15601
10055	20079
1364	21760
5634	24479
7786	21781
1270	21090
9804	20569
1744	21723
5332	23355
3113	23390
2117	21806
5370	18196
6205	16449
9208	22749
10169	20576
6968	17473
9738	18733
8087	22692
5105	25290
3286	24297
8065	18998
10495	22162
3546	15890
8813	21329
1423	19140
7959	15873
10421	22305
10017	19482
9766	16087
2924	17511
5975	15774
6308	16094
10096	21071
1062	25162
3430	24749
514	19879
10072	18513
7410	20095
9301	17968
10354	24362
6852	20411
743	21965
1375	24377
9598	15483
2423	18843
5432	21080
10104	15049
4306	17654
3585	22858
557	15928
963	23856
1729	25385
1663	23062
2297	21258
886	17783
4907	24797
7509	20413
2233	21598
6125	18802
2973	25469
6684	15362
6484	16578
9944	23367
4519	21708
7897	17747
7919	21693
524	23351
10115	20210
5754	15889
3909	15610
7637	24808
172	20695
5795	25484
2321	23141
6739	20518
1439	25056
7898	24408
1072	20518
8116	19934
4064	25398
8285	17533
3756	20140
8914	20498
8951	20256
361	21572
5959	15298
9262	24567
7725	23905
7274	22455
8867	17359
4084	18623
4372	23516
6040	19836
8213	19464
7139	24749
9056	15285
3673	16089
4342	15269
2312	22603
6171	15727
7960	22151
4797	20422
4565	23276
5083	25052
6864	23876
5064	21329
4559	19856
5439	15678
10359	18909
5648	19924
1559	16804
7634	23710
3678	16574
4262	16182
2292	24230
5910	15588
9989	18527
1891	20671
7742	16406
3428	24719
3479	23074
8921	17157
3032	18902
9535	23824
5609	19112
504	23172
3193	23246
49	19112
6231	15597
5139	20978
10132	17273
6368	17431
9530	18733
4633	18994
7879	17266
6394	24292
8110	19558
8738	23969
9541	15095
3606	24222
8554	24673
3929	21658
9883	23246
6892	19144
1251	19518
9817	19320
8635	21965
1767	20584
6427	24350
3066	19260
1509	19101
1056	25338
5181	24408
8953	17494
481	21579
8798	17528
7956	22780
6511	15535
8437	24498
226	17211
6078	19947
5476	19564
56	25499
989	16254
10120	23645
780	21728
4791	21647
1669	15677
3527	18049
5199	17344
6858	18389
3536	24246
3681	21677
2742	16992
5449	18410
7729	25170
10153	23209
5493	18270
7458	24459
8236	22077
2129	16990
8536	23662
7019	17975
7430	17324
974	21985
4249	15787
567	16958
9098	16704
4026	21133
7113	22185
4947	18280
4439	21604
9376	20807
7053	19003
1664	21669
2824	19796
5263	18200
2232	19708
2417	20785
3308	24349
7158	15551
643	23955
1428	16114
5255	25286
6238	21677
29	18140
408	22452
2270	17611
6022	24471
7217	16558
5267	18871
9780	21189
10040	20591
3473	23695
4599	24532
2774	24533
314	19824
9667	20947
7656	22946
3204	15787
7674	19135
4227	19462
9468	18981
8980	19892
8451	23015
9983	23645
5219	21187
3686	17165
7778	16143
5612	17015
6479	21432
7603	24213
3025	20446
8158	22928
4020	25474
5156	21523
2469	18810
1046	22044
7278	17030
7418	15096
8416	21066
7549	16558
9819	23102
9272	23215
3803	17870
6123	15731
9472	17162
2480	22133
5515	16500
7965	17479
3793	19277
9712	25178
8561	25416
6679	18177
8339	22837
5700	18516
525	19136
3544	23814
8176	16798
5226	23172
2063	15063
9739	17293
9600	22149
4545	25076
8040	24331
9159	24797
4674	16808
4348	21028
6992	25061
4500	17087
3822	18161
3735	18019
10059	16704
1470	19277
3107	22534
9896	15579
5344	21334
7821	20850
9326	20364
7091	16449
7438	19817
3894	17151
336	17647
4016	15826
2199	20000
10196	16581
17	21396
3229	18850
6423	15049
8014	21134
2971	19776
2777	21046
5206	22610
1317	16162
423	23629
2284	20148
4144	16772
3679	22041
9351	18336
9835	17457
7539	18161
9083	19906
4149	17203
4715	20591
10224	21978
3449	16094
9534	20546
9615	19320
248	15176
9205	18432
549	15076
9543	18458
260	17617
4683	18871
1802	19781
8788	24457
6384	15081
8169	24942
455	20655
6584	18653
2888	15134
411	22822
1583	21540
3087	15514
2319	21449
8507	22082
9588	22310
5847	21114
3189	21514
10168	22514
5352	17248
8369	15170
1638	21013
9439	23257
10192	18084
8994	17540
612	16853
2802	24329
7501	19296
7955	20322
7489	22511
8927	19335
986	21665
10084	20440
6558	22969
6219	16323
840	21681
2405	23686
9660	19222
4032	19277
8986	16990
9690	23061
9881	15622
9398	17262
6489	16089
2884	16719
8724	20288
9735	24778
982	18677
972	24527
5783	16196
3941	17518
1137	24756
4414	17895
2372	24958
7367	24162
9821	23935
1316	21368
154	15752
2250	18553
1224	15254
8613	17763
5243	15317
5438	21166
3382	18486
5908	20537
8168	23849
3662	24018
2919	19297
5495	22969
2893	18871
4076	17605
939	20446
5778	24508
8538	16858
6754	17165
9466	16857
2261	16114
5824	23504
3985	15923
5164	22287
7400	23223
1156	19831
4823	18336
7774	18080
8754	22214
509	23497
4927	19497
6499	22983
2110	18177
6594	16537
832	15076
9420	17420
10323	23689
9692	24942
8074	18479
6139	23553
9489	18636
2606	20597
7572	22455
1580	25117
857	23228
4772	15095
3977	18111
5264	17989
6870	17898
9030	16726
4735	23814
5426	15420
2912	24815
5949	19048
7487	19755
5479	20031
2100	24749
1343	22507
7801	20392
7444	24193
5086	18115
2093	16358
8956	18573
1666	24363
4361	25144
7328	15363
4954	24610
5567	20513
3036	21990
1199	21481
5506	20753
424	21335
9828	17574
931	23363
7543	15579
3322	15100
3117	17376
907	22310
8464	15924
3611	20667
8288	23593
9008	24339
10401	25245
3210	18865
7613	20881
7982	22538
737	15584
1041	23501
1611	19890
1212	18660
8579	23946
5015	15007
6757	17344
7153	22541
8412	16058
1833	18996
8450	23171
2789	24220
3685	24139
5598	21198
635	23982
7311	20917
824	23254
5461	23143
6446	25480
2602	18179
4905	19128
2432	19529
4845	21439
9887	25301
8348	22225
3657	23202
2304	21310
8595	22611
3597	19310
9521	18584
5218	23969
2760	22412
5794	18476
4548	21508
6142	20534
7857	21722
3807	19707
7221	24463
5699	17890
2181	24338
3163	15561
4176	16336
1749	19003
3127	17763
4758	20146
7264	17659
8794	16937
6733	24432
930	24919
797	17350
8908	20895
5896	24247
5378	17449
1725	16660
4209	23915
1860	22861
5483	15920
8589	19268
10297	17843
3085	23728
6802	21598
9592	24359
1540	19627
6303	16732
7268	23625
6699	21869
10460	24620
917	23817
3918	17211
5001	16114
8192	25499
5070	21897
5376	19310
7504	21777
3813	20225
639	15821
7845	21721
7921	16228
1342	16399
4957	21238
1261	20354
9011	21238
2275	18883
8863	17997
4843	15104
120	23698
5726	25483
6227	18653
3710	17686
8420	20323
9016	17509
5613	22428
6056	20348
8429	25245
8943	24462
5100	22225
679	20217
2976	15554
7308	15620
9636	20591
5288	21321
6913	18520
10336	21406
3496	18746
4459	20680
6018	20243
7762	19608
8173	17329
3415	23362
6095	21218
4808	23512
10019	17685
3384	19896
1932	15561
8853	24133
5270	15367
5146	22945
3939	22969
9833	18414
548	16686
1707	20707
1456	22611
8881	18910
2159	19824
9584	19318
9812	23633
8632	16272
7296	15046
9705	24816
9388	15061
6638	16316
1958	22681
8105	22891
2018	19301
9014	16570
8996	17611
1291	21045
1196	15641
4118	23820
8093	18001
10462	24264
2596	21552
8834	15532
690	17357
6112	21316
7673	25156
3984	19598
992	18259
9057	24973
7429	23219
3002	20431
8975	23786
1191	21672
835	22641
1068	16570
9150	16626
2649	15579
5581	17720
5055	16449
4620	20418
8177	20914
9486	23820
7195	15091
3106	17087
586	22728
9115	21721
6636	17518
1236	17427
3531	25489
4515	22063
3782	23850
1604	23926
1829	22181
8534	24719
2299	18047
3075	23478
10248	15703
966	21514
6346	17711
9069	16732
706	20112
3568	24151
2616	16080
1710	25012
3720	19296
9831	17761
9724	22785
