13880	1515	27444
13880	1404	27444
11125	868	13880
27444	868	13880
14347	1515	13880
9830	611	13880
13880	1973	2560
112440	6397	98876
14347	520	13880
112440	4662	98876
98876	6746	110616
98876	6746	112440
149685	5997	98876
96121	6397	98876
98876	5315	112440
98876	6746	90227
13880	1253	9830
98876	4658	94826
98876	4027	149685
98876	5315	96121
89991	6746	98876
98876	6397	106094
98876	6397	99343
99343	5315	98876
15669	868	13880
149685	6746	98876
98876	4715	100495
87556	6746	98876
98876	4272	94826
94826	3733	98876
13880	2408	15499
98876	6397	149685
106094	5315	98876
98876	5315	100665
98876	4027	87556
98876	6270	99152
90046	4369	98876
98876	4027	89991
21098	520	13880
100665	6397	98876
98876	4290	113612
0	0	0
3430	476	31902
88426	6397	116898
3430	830	4762
116898	5315	88426
3430	830	13912
3430	1515	8699
4853	3694	3430
88426	4290	89758
93695	6397	88426
86301	4662	88426
8699	2742	3430
88426	5315	93695
88426	5997	86301
88426	4662	156895
88426	4715	143377
4853	2694	3430
88426	4272	104451
88426	4715	100079
89849	6223	88426
0	0	0
11103	1954	20481
20481	1515	11103
11103	32	20481
32646	32	11103
96099	5133	170690
190589	3940	96099
96099	3940	117642
173175	3940	96099
96099	6132	92207
96099	4819	105477
20481	1130	11103
11103	1515	32646
32646	1954	11103
105477	5315	96099
11103	3354	7211
117642	6397	96099
190589	5997	96099
32646	433	11103
96099	6625	195136
11103	1130	32646
0	0	0
7993	2529	14809
92989	3762	99805
107727	4715	99805
99805	4748	99028
0	0	0
3110	1551	26132
26132	1929	3110
116173	5176	88106
47795	1394	3110
111128	5764	88106
88106	6577	111128
111128	7079	88106
96727	5764	88106
106435	4869	88106
88106	4658	117445
59608	1592	3110
96727	5288	88106
74613	3050	3110
88106	5997	111601
31177	1157	3110
88106	5997	96320
88106	4662	96320
96320	5997	88106
111601	4662	88106
102417	5997	88106
106435	7079	88106
59608	1277	3110
96320	4662	88106
88106	5163	115614
15769	1277	3110
111434	5176	88106
88106	4662	102417
10881	1277	3110
31177	1277	3110
26438	1277	3110
55097	3050	3110
150268	4340	88106
172366	4340	88106
104354	4340	88106
116799	4340	88106
104297	4340	88106
89430	6191	88106
102167	4340	88106
116202	4340	88106
88106	4337	90567
17171	2745	3110
88106	6798	105946
26605	868	3110
5797	2745	3110
201126	5176	88106
3110	226	32449
90567	5176	88106
160853	5176	88106
154937	6472	88106
100765	5176	88106
95877	5176	88106
90567	4296	88106
176950	5176	88106
165222	5176	88106
119095	6711	88106
100765	4296	88106
165222	6472	88106
154937	4296	88106
88106	4337	100765
88106	4337	154937
105245	6711	88106
137669	5176	88106
3110	520	26605
154937	5176	88106
3110	868	11324
169995	5176	88106
3110	868	17421
3110	520	11324
0	0	0
6960	1146	5142
23338	3030	5142
24839	846	5142
109835	4658	90138
5524	1146	5142
25013	1146	5142
109835	5502	90138
6929	1146	5142
110009	5502	90138
108334	5349	90138
91784	5502	90138
86733	5349	90138
90138	5420	90520
90520	5502	90138
190415	5502	90138
98955	5349	90138
126974	5502	90138
90138	4658	86733
91956	5502	90138
90520	5000	90138
96741	5502	90138
124333	5502	90138
94183	5502	90138
90138	4485	136454
95810	5502	90138
91925	5502	90138
90138	5082	89970
92507	5502	90138
90138	4658	117934
90138	5082	162130
89200	5502	90138
184515	5502	90138
191305	5502	90138
117933	5502	90138
0	0	0
26867	1515	3865
3865	1404	10405
111863	5997	88861
111863	5315	88861
3865	226	8866
88861	4662	111863
95401	4027	88861
88861	5997	201292
88861	4658	117888
88861	4658	111328
0	0	0
15932	2167	31879
100928	7060	116875
98368	4086	100928
13372	3315	15932
100928	4196	98368
100928	4315	108903
15932	2124	13372
15932	3315	20020
100928	7060	117078
100928	7060	105932
100928	5481	104050
15932	2167	20280
15932	2167	20936
100928	7060	108320
15932	2096	7276
100928	7060	106744
15932	2096	23324
15932	2167	23324
15932	2167	21748
100928	7060	92272
15932	2167	7276
100928	7060	105276
100928	7060	89319
15932	2167	32082
15932	2167	4323
100928	5682	109326
15932	1165	26994
0	0	0
98387	6198	108471
13391	2317	23475
13575	2420	13391
18536	2420	13391
56841	2420	13391
103532	6365	98387
98387	4623	113656
102349	6365	98387
166681	6365	98387
175869	6365	98387
97791	6365	98387
111025	6365	98387
88420	6365	98387
98387	4340	114499
98387	6776	133402
98387	5163	115614
98387	4340	111058
98387	3953	133402
98387	7008	94679
98387	6776	107453
98387	7008	200230
98387	4340	120414
98387	4340	120873
98387	7008	107453
98387	4340	106252
98387	7008	99164
98387	7008	170134
98387	4340	190734
98387	4340	95742
98387	4340	100472
98387	4340	95900
98387	4340	99405
98387	7023	87926
98387	4340	92382
98387	4340	95552
98387	4340	94565
98387	7008	102732
98387	4340	116501
98387	4340	137159
98387	4340	132081
98387	4340	91583
98387	7008	120969
98387	4340	113361
98387	4340	123732
98387	4340	134464
111655	4673	98387
98387	7008	114105
98387	6776	114105
0	0	0
94450	4000	111629
94450	6165	109397
9454	189	28005
9454	189	24571
9454	189	24401
94450	6165	109567
94450	6165	113001
9454	2072	17080
94450	5959	139673
94450	6165	89737
94450	6134	102076
69897	549	9454
9454	108	17694
9454	189	4741
9454	1143	26633
9454	2036	17689
94450	6539	102690
9454	890	28684
9454	2172	15818
94450	4410	100814
94450	4748	102685
94450	4748	88593
94450	4748	200289
94450	4748	108243
0	0	0
10909	226	19899
10909	1404	1617
1617	1973	10909
2321	1973	10909
2321	1515	10909
10909	1515	29907
95905	4027	114903
10909	32	2321
95905	6746	86613
29907	32	10909
95905	5315	114903
86613	4027	95905
114903	6397	95905
87317	4027	95905
87317	5315	95905
95905	4715	97878
95905	4798	104895
95905	4658	104895
95905	6397	87317
95905	4272	111489
86058	4735	95905
111489	4735	95905
10909	108	20669
0	0	0
97738	5669	131816
97738	5184	118603
12742	973	27218
97738	5652	112214
50196	2904	12742
12742	3081	50196
12742	3168	53824
97738	6359	112214
12742	1919	27218
97738	7060	140908
0	0	0
