162	135
7	3
152	8
47	152
73	193
82	236
206	147
20	162
116	158
43	3
7	25
58	41
17	131
221	215
42	20
116	51
235	181
147	33
43	25
48	172
11	48
20	109
147	7
104	63
221	235
235	118
92	66
72	8
138	58
212	37
125	35
88	235
147	237
147	116
116	209
66	219
20	58
134	73
43	235
147	211
152	134
76	12
0	45
193	196
195	232
33	200
144	85
3	147
167	189
235	51
69	158
66	48
33	185
188	235
162	82
151	189
11	41
235	73
162	235
138	82
215	201
12	50
33	147
74	206
35	147
147	12
82	9
72	134
224	72
73	135
135	180
232	152
189	167
211	134
229	235
41	85
12	102
154	201
145	193
215	148
232	190
92	200
65	147
58	72
130	96
181	235
33	74
172	48
20	47
200	48
185	232
118	127
165	232
134	211
145	82
147	73
207	152
0	90
69	135
197	82
147	164
145	116
133	0
104	7
154	135
72	167
103	104
12	41
43	45
218	152
63	38
118	45
101	82
12	184
73	55
219	48
72	147
143	65
72	28
103	92
232	165
219	214
126	12
235	11
104	66
196	165
66	104
179	103
45	90
65	142
25	172
171	189
190	235
96	69
163	147
118	104
188	96
211	193
7	34
118	2
32	134
140	82
215	76
49	45
171	134
74	63
152	126
20	215
134	50
12	20
116	67
49	7
25	147
157	74
172	38
7	103
37	147
131	82
17	121
166	173
65	135
237	147
135	72
219	92
72	207
105	103
203	134
152	10
235	145
3	172
232	193
191	133
99	235
59	38
69	147
215	212
11	215
72	94
147	35
25	193
7	49
219	104
235	82
118	63
119	167
80	135
92	38
195	152
45	33
31	235
102	82
49	38
196	231
43	49
82	12
172	7
28	201
185	25
195	190
146	135
43	215
232	147
134	162
211	131
7	92
196	34
1	189
189	134
232	185
63	105
48	105
135	65
235	31
33	206
74	147
232	200
3	48
124	103
92	7
235	172
146	85
20	145
206	11
162	80
131	162
149	207
202	235
203	235
72	162
214	219
11	162
177	235
229	152
219	7
169	29
74	33
235	216
3	103
12	10
12	131
158	166
166	197
206	92
99	162
74	11
226	201
96	116
103	33
8	201
204	82
235	20
12	126
25	34
97	235
55	184
147	75
75	147
77	235
206	104
140	232
11	74
131	12
182	152
23	42
20	152
134	235
158	116
58	35
48	92
183	20
72	169
127	118
116	41
153	33
72	82
219	133
76	215
72	143
235	102
69	201
20	236
201	65
94	72
64	235
105	48
146	147
116	70
189	152
82	50
145	55
43	82
18	235
48	103
5	8
152	31
82	215
10	69
25	43
5	171
147	80
189	9
48	196
197	166
215	28
235	35
182	147
116	10
82	102
116	147
219	127
235	57
194	103
75	196
58	20
235	95
151	171
59	25
11	63
193	145
20	235
48	34
140	76
216	165
206	33
32	152
12	177
143	72
235	117
58	135
101	35
69	67
219	33
152	102
153	152
116	107
135	211
152	131
121	96
135	74
125	122
2	219
147	180
147	63
230	41
185	196
72	215
33	45
196	219
147	37
49	66
127	219
112	96
72	189
33	7
103	118
219	137
51	116
96	188
135	20
72	131
8	152
69	197
51	147
235	229
63	147
215	189
12	134
219	38
37	19
102	35
165	46
233	31
147	215
45	74
191	63
126	6
103	0
92	235
81	74
5	167
215	8
48	200
45	219
70	116
11	206
20	147
147	42
25	200
172	105
121	60
235	77
18	32
92	63
101	196
66	38
201	116
175	190
219	25
121	173
235	218
85	235
63	3
48	147
104	48
219	63
233	153
130	219
142	235
73	20
5	134
23	235
215	43
215	142
104	200
134	215
57	207
162	143
7	11
219	66
33	63
69	10
147	51
35	182
43	11
7	33
121	197
69	173
165	216
66	33
82	135
235	189
43	33
2	118
58	11
86	189
235	88
131	58
69	183
164	212
72	58
48	45
45	43
92	165
182	35
135	32
211	147
235	126
72	151
118	219
51	135
48	3
69	209
73	150
76	32
150	145
25	7
99	8
66	74
191	45
116	201
190	133
215	135
235	134
34	196
201	58
206	232
147	82
82	74
28	50
54	152
63	103
49	147
235	37
33	48
118	137
107	116
180	147
82	126
143	37
215	82
41	58
72	184
230	135
35	12
74	81
38	43
200	118
215	72
189	181
35	235
63	49
145	20
121	161
105	63
82	43
134	72
82	204
69	107
109	152
35	215
57	82
191	48
215	23
58	201
25	185
23	215
232	63
32	76
131	124
118	103
66	25
133	219
147	182
135	235
45	105
147	65
219	118
63	74
40	185
39	90
169	143
45	3
65	215
7	45
41	35
184	58
235	86
152	218
92	34
197	116
235	193
3	92
82	147
65	201
135	159
10	152
66	45
215	65
219	2
11	12
48	49
66	92
117	215
172	25
151	9
105	74
66	118
99	28
158	69
116	197
39	194
69	126
124	133
20	183
209	147
236	20
191	7
49	103
235	41
25	206
8	50
38	172
35	58
147	139
82	138
105	7
69	41
206	49
116	183
134	135
195	12
74	45
38	63
12	6
134	32
69	51
45	48
219	49
135	37
49	172
232	7
35	102
134	58
73	147
58	82
82	55
215	37
162	147
57	235
164	147
152	28
206	74
107	69
9	72
33	219
235	8
65	143
169	215
165	25
189	12
135	80
235	46
235	153
172	219
92	48
235	191
38	92
3	74
42	147
147	27
29	169
11	58
103	124
201	69
173	116
3	219
17	197
103	90
69	70
197	17
1	26
206	196
64	133
103	48
69	96
74	129
82	72
147	84
181	152
41	12
135	73
197	69
63	196
121	69
206	25
147	58
235	61
7	147
82	124
147	32
206	3
25	194
9	152
206	118
151	167
219	105
235	202
12	52
55	73
72	9
38	3
63	25
45	179
165	33
74	3
183	82
70	69
195	76
46	165
25	191
169	72
48	104
235	28
3	43
133	82
195	235
25	90
111	235
195	82
169	235
76	235
86	235
11	82
235	50
50	235
154	147
66	49
135	131
51	82
76	193
40	193
126	116
32	147
82	145
196	237
235	110
72	135
80	147
73	134
135	183
17	82
152	232
131	65
116	126
138	12
82	58
39	25
55	131
59	196
200	49
163	135
74	157
75	25
196	191
147	72
232	206
135	85
235	43
143	162
38	200
74	103
235	162
173	69
189	235
219	103
193	232
235	65
37	212
92	59
179	45
235	184
134	12
147	20
3	206
63	33
11	7
212	215
49	200
10	235
159	135
74	43
82	162
218	58
173	121
56	209
49	43
177	126
134	159
191	90
184	152
37	143
72	29
196	152
129	74
195	58
7	105
33	66
5	9
235	10
235	133
48	195
135	82
235	32
12	82
3	63
190	17
66	3
184	65
165	196
235	177
185	75
208	235
33	172
82	131
49	74
235	92
17	161
32	135
74	82
48	33
74	219
35	230
58	134
49	219
82	183
7	195
135	58
55	145
76	58
215	131
31	152
193	73
117	235
135	75
184	235
152	11
5	28
82	235
74	105
65	184
184	72
58	189
137	118
75	67
40	63
166	158
33	165
116	135
76	196
189	215
152	215
235	85
142	215
218	12
135	162
95	42
116	173
162	201
189	72
161	45
72	11
73	131
219	172
101	45
147	238
49	63
159	147
135	51
140	190
146	41
131	211
118	200
200	38
3	7
134	76
11	152
58	76
103	43
215	152
126	152
43	103
75	135
63	104
152	18
235	30
3	45
147	69
230	35
9	189
169	80
63	118
126	235
219	74
25	66
147	43
135	116
63	92
147	134
152	196
76	82
152	77
185	33
103	74
12	11
235	219
49	48
48	11
133	191
196	147
25	63
103	219
196	48
55	20
235	23
41	235
196	185
235	142
185	116
147	74
232	48
215	6
38	206
200	25
233	77
226	147
214	118
34	63
196	200
147	48
7	38
212	235
11	218
200	104
20	135
58	10
58	147
49	206
141	235
235	208
105	45
137	219
124	196
8	235
161	17
80	162
104	191
131	72
7	196
189	151
82	51
121	116
196	63
66	103
235	135
104	206
65	131
215	31
34	92
201	162
152	6
185	216
12	76
9	86
173	197
145	235
63	219
150	73
25	219
48	219
131	147
38	219
190	121
33	43
12	35
191	103
193	25
7	172
113	235
206	38
236	82
235	116
230	152
20	73
33	103
60	121
51	20
200	196
43	74
147	114
172	33
101	133
28	235
200	33
96	121
82	207
147	209
7	219
215	20
189	1
172	63
135	69
3	38
147	183
104	219
149	82
131	152
95	235
5	36
20	12
12	218
135	134
101	103
237	196
0	103
133	25
180	135
163	201
74	91
147	131
165	92
82	11
219	3
230	147
196	7
38	7
201	84
197	6
12	135
169	35
118	206
173	166
73	235
0	133
92	206
96	112
10	116
201	37
75	185
189	26
152	20
28	152
103	3
11	235
38	104
152	177
215	11
197	177
25	165
40	191
196	90
25	64
147	162
218	235
219	235
38	66
37	215
235	76
193	235
74	66
197	126
183	147
3	66
60	17
17	60
135	12
193	132
235	221
72	52
82	167
45	49
30	235
189	162
134	152
135	42
184	12
215	147
73	27
236	116
58	218
72	224
116	96
103	179
152	184
149	235
43	147
45	118
235	69
215	221
151	72
227	235
235	188
51	69
63	45
126	69
207	50
159	131
235	210
38	49
167	72
75	38
126	166
134	147
63	11
135	35
153	235
74	49
38	11
82	184
76	134
64	103
219	45
201	215
152	153
12	147
215	35
20	51
103	49
135	215
147	85
