need:	[3558, 61, 1440]	[3558, 78, 1440]	[18558, 344, 24960],delete:
need:	[5367, 78, 1549]	[20367, 344, 16549],delete:
need:,delete:	[4014, 226, 9825]	[19014, 259, 20849]
need:	[8341, 145, 1576]	[8341, 205, 4470]	[8341, 4, 7817]	[23341, 284, 19470]	[23341, 296, 22817]	[23341, 381, 20893],delete:
need:	[14745, 151, 8094]	[29745, 368, 23094],delete:
need:	[7542, 48, 14732]	[22542, 330, 29732],delete:
need:	[15795, 356, 29184]	[28206, 344, 15795]	[26224, 344, 15795]	[10746, 78, 795]	[13206, 48, 795],delete:
need:,delete:
need:,delete:	[10218, 29, 5291]	[25218, 343, 25341]	[25218, 265, 24461]	[25218, 351, 18849]	[25218, 271, 23781]	[25218, 318, 15572]
need:	[3045, 226, 6865]	[18045, 414, 21865]	[18045, 284, 22655],delete:
need:	[1626, 45, 12985]	[16626, 336, 15599],delete:
need:	[15260, 364, 23314]	[18265, 364, 23314]	[3265, 145, 8314]	[21314, 364, 23314],delete:
need:	[3949, 225, 14045]	[3949, 20, 9745]	[14045, 151, 3949]	[29045, 368, 18949],delete:
need:	[2633, 151, 2725]	[2633, 48, 13556]	[17725, 267, 17633],delete:
need:,delete:	[18037, 259, 20849]
need:	[24288, 375, 27984]	[27984, 295, 24288],delete:
need:	[5633, 151, 5670]	[20633, 416, 27347],delete:
need:	[8498, 145, 14926]	[23498, 330, 29926],delete:
need:	[7107, 48, 583]	[25305, 330, 15583],delete:
need:	[24815, 381, 23389]	[24815, 304, 27531],delete:
need:	[1057, 230, 1260]	[16057, 318, 19677],delete:
need:	[8415, 204, 3843]	[785, 24, 3843]	[3644, 49, 3843],delete:
need:	[5454, 159, 1547]	[5454, 226, 11327]	[5454, 145, 1547]	[20454, 364, 16547]	[20454, 414, 26327],delete:
need:	[6057, 151, 10054]	[21057, 368, 25054]	[25054, 267, 21057],delete:
need:	[1700, 160, 5213]	[3016, 49, 5213]	[11916, 160, 5213]	[18016, 410, 20213]	[5558, 49, 5213]	[5213, 71, 134]	[20213, 345, 18769],delete:
need:	[4240, 20, 94]	[19240, 344, 17514],delete:
need:	[3703, 172, 14288]	[18703, 293, 29288],delete:
need:	[20265, 414, 19326]	[5265, 226, 12870],delete:
need:,delete:	[2134, 226, 5196]	[17134, 284, 20897]	[17134, 259, 20849]
need:	[12572, 48, 2433]	[12572, 169, 2433]	[28731, 330, 17433],delete:
need:	[11433, 4, 8650],delete:
need:	[16474, 344, 16830]	[16474, 321, 24641]	[1474, 145, 14420],delete:
need:	[7377, 226, 1174]	[13568, 226, 1174]	[7479, 226, 1174]	[11017, 226, 1174],delete:
need:	[606, 20, 9841]	[15668, 344, 15606],delete:
need:	[3577, 53, 10431]	[18577, 250, 25431],delete:
need:	[21871, 284, 28010]	[6871, 226, 13124],delete:
need:	[6137, 226, 6918]	[14234, 226, 6918]	[21918, 351, 21158],delete:
need:,delete:	[5011, 29, 5618]	[5011, 4, 9301]	[20011, 259, 20849]
need:,delete:
need:	[1160, 4, 12973]	[16160, 284, 17139]	[1160, 226, 13402]	[16160, 364, 23839],delete:
need:	[18712, 381, 28914]	[3712, 48, 13914]	[18712, 296, 22817],delete:
need:,delete:	[10397, 159, 10448]	[4039, 159, 10448]	[13338, 159, 10448]	[2478, 159, 10448]	[11955, 48, 10448]	[21001, 330, 25448]	[26817, 330, 25448]
need:	[8156, 226, 6629]	[4511, 226, 6629]	[13498, 226, 6629],delete:
need:	[28512, 414, 22875]	[22875, 351, 26768]	[14295, 226, 7875]	[13408, 226, 7875],delete:
need:	[1088, 20, 4071]	[16088, 321, 19071],delete:
need:	[2776, 226, 13195]	[17776, 414, 28256]	[17776, 414, 17721]	[17776, 259, 20849],delete:
need:	[25164, 351, 18432]	[25164, 248, 21299],delete:
need:	[4601, 159, 362]	[18252, 330, 15362]	[15285, 364, 15362]	[19730, 414, 15362],delete:
need:	[27495, 377, 16418]	[24485, 285, 16418]	[29304, 364, 16418]	[14304, 145, 1418],delete:
need:	[3607, 222, 2990]	[18607, 341, 17990],delete:
need:	[88, 48, 961]	[15088, 381, 15961],delete:
need:,delete:	[21473, 259, 20849]	[21473, 250, 19593]
need:	[5406, 20, 899]	[20406, 321, 15899],delete:
need:	[7508, 151, 10973]	[25973, 267, 22508],delete:
need:	[11635, 189, 3200]	[19402, 344, 18200]	[29209, 344, 18200],delete:
need:	[20539, 344, 16655]	[1134, 151, 5539]	[20539, 267, 16134],delete:
need:,delete:
need:	[18152, 414, 19374]	[3152, 226, 4374]	[3152, 226, 11215],delete:
need:	[4440, 151, 13820]	[28820, 267, 19440]	[19440, 416, 20874],delete:
need:,delete:	[15754, 259, 20849]
need:,delete:	[2842, 159, 6443]	[2842, 48, 6443]	[2842, 226, 6443]	[2842, 226, 10506]	[17842, 414, 25506]	[17842, 259, 20849]
need:,delete:
need:	[3647, 20, 9407]	[18647, 321, 24407],delete:
need:	[6760, 160, 4982]	[21760, 271, 19982],delete:
need:	[9086, 162, 4225]	[29291, 280, 24086],delete:
need:	[17916, 344, 16534]	[14009, 61, 1534],delete:
need:	[113, 226, 47]	[15113, 284, 27598]	[15113, 409, 26417],delete:
need:	[29865, 330, 21541]	[12054, 48, 6541],delete:
need:	[5200, 144, 5668]	[20200, 303, 20668],delete:
need:	[6320, 78, 730],delete:
need:	[28905, 344, 20364]	[13905, 61, 5364]	[9602, 61, 5364]	[13905, 78, 5364],delete:
need:	[8361, 226, 12011]	[23361, 414, 25298],delete:
need:,delete:	[6788, 71, 5849]	[18587, 343, 21788]
need:	[4851, 51, 914]	[4851, 156, 625]	[19851, 416, 15914]	[19851, 303, 15625],delete:
need:	[2765, 68, 10233]	[29116, 378, 25233]	[14116, 77, 10233]	[18395, 378, 25233],delete:
need:,delete:
need:	[21399, 311, 24025]	[6399, 168, 14256]	[6399, 168, 13664]	[21399, 269, 28085],delete:
need:	[13316, 113, 7770]	[22184, 344, 22770],delete:
need:	[24865, 284, 17855]	[24865, 330, 20063],delete:
need:	[6756, 53, 4753]	[6756, 156, 1692]	[21756, 250, 19753],delete:
need:	[2588, 205, 7275]	[2588, 48, 14802]	[17588, 284, 22275]	[17588, 381, 29802],delete:
need:,delete:
need:	[7621, 145, 7878]	[23955, 267, 22621]	[22621, 344, 26278],delete:
need:	[1032, 160, 894]	[16032, 351, 15894],delete:
need:	[1651, 33, 5284]	[16651, 290, 20284],delete:
need:	[17669, 369, 29201]	[17669, 352, 28312],delete:
need:	[1089, 4, 1900],delete:
need:	[13602, 151, 7408]	[28602, 368, 22408]	[22408, 344, 22260],delete:
need:	[3237, 20, 13794]	[18237, 321, 28794],delete:
need:	[6536, 159, 8578]	[6536, 226, 1729],delete:
need:	[7517, 226, 12147]	[22517, 296, 16412],delete:
need:	[25349, 368, 29067],delete:
need:,delete:
need:	[3727, 14, 11833]	[18727, 280, 25894],delete:
need:	[275, 159, 11810]	[275, 4, 14743]	[275, 145, 11810]	[15275, 330, 26810]	[15275, 296, 29743]	[15275, 284, 18328],delete:
need:	[9382, 226, 10559]	[9382, 226, 14195]	[24382, 284, 19884],delete:
need:	[18157, 269, 25710]	[3157, 168, 10710]	[3157, 145, 11309]	[18157, 294, 24938],delete:
need:,delete:
need:	[4484, 226, 11373]	[19484, 330, 16397],delete:
need:	[4026, 226, 4803]	[19306, 414, 19803],delete:
need:	[8935, 205, 12441]	[8935, 226, 12157]	[8935, 4, 7802]	[23935, 284, 27441]	[23935, 311, 29236],delete:
need:	[19061, 409, 26417]	[4061, 48, 4953]	[19061, 296, 18199]	[19061, 381, 19953],delete:
need:,delete:	[21494, 271, 16260]
need:	[10159, 226, 6322]	[25159, 414, 21322],delete:
need:	[9688, 226, 806]	[24688, 414, 15806],delete:
need:	[5315, 41, 9334]	[5315, 160, 14738]	[20315, 248, 24334]	[20315, 248, 21643],delete:
need:	[27561, 267, 16824]	[1824, 51, 914]	[1824, 159, 12050]	[1824, 151, 12561],delete:
need:	[14776, 151, 2047]	[17047, 267, 29776],delete:
need:	[15617, 296, 15925],delete:
need:	[12383, 151, 6268]	[21268, 267, 27383],delete:
need:	[14310, 160, 539]	[29310, 351, 15539],delete:
need:	[15194, 344, 22727]	[24438, 267, 15194]	[194, 151, 9438]	[194, 78, 7727],delete:
need:	[5791, 159, 2928]	[5791, 145, 2928]	[20791, 284, 20429]	[20791, 364, 17928],delete:
need:	[9879, 20, 7837]	[24879, 321, 22837]	[24879, 344, 28176],delete:
need:	[7082, 172, 483]	[483, 132, 7082],delete:
need:	[23062, 330, 29720]	[23062, 364, 29720]	[23062, 411, 29720]	[8062, 169, 14720],delete:
need:	[22270, 311, 27531]	[22270, 330, 27050]	[7270, 48, 12050]	[22270, 381, 27050],delete:
need:	[7248, 205, 2462]	[7248, 169, 5246]	[22248, 284, 17462]	[22248, 411, 20246],delete:
need:	[7988, 49, 13073]	[22988, 410, 28073],delete:
need:	[6591, 4, 1593]	[21591, 381, 17254]	[21591, 409, 26417]	[21591, 296, 16593]	[21591, 411, 20246],delete:
need:	[19569, 364, 18057]	[3057, 16, 11401],delete:
need:,delete:	[3193, 49, 5503]	[18017, 345, 20503]	[26716, 345, 20503]	[17068, 345, 20503]
need:,delete:	[24071, 259, 20849]
need:	[12096, 226, 2910]	[2448, 226, 2910]	[17910, 356, 25446]	[21962, 414, 17910],delete:
need:	[17163, 344, 15207]	[2163, 78, 13975]	[2163, 78, 207],delete:
need:,delete:	[6433, 48, 8083]	[21433, 296, 27172]	[21433, 259, 20849]
need:	[10199, 20, 8152],delete:
need:	[3816, 48, 10267]	[18816, 330, 25267],delete:
need:	[1285, 156, 6033]	[16285, 303, 21033],delete:
need:	[3303, 226, 14229],delete:
need:	[13358, 151, 3790]	[18790, 267, 28358],delete:
need:,delete:	[9471, 125, 7618]	[3246, 125, 7618]	[23813, 354, 22618]	[24471, 409, 22618]	[23807, 409, 22618]
need:,delete:
need:,delete:	[53, 226, 14188]	[53, 75, 12531]	[15053, 414, 25427]	[15053, 311, 27531]
need:	[9922, 99, 4060]	[29111, 275, 19060]	[14777, 79, 4060],delete:
need:	[14585, 78, 7255]	[6647, 78, 7255]	[21647, 402, 22255],delete:
need:	[12042, 145, 5096]	[21740, 381, 20096],delete:
need:	[2448, 29, 5618]	[17448, 386, 20618],delete:
need:	[14790, 160, 6049]	[29790, 351, 21049],delete:
need:	[861, 189, 13718]	[15861, 344, 28718],delete:
need:	[4388, 145, 13702]	[4388, 20, 4088]	[19388, 321, 24214],delete:
need:	[20076, 271, 16260]	[5076, 230, 1260]	[20076, 248, 16351],delete:
need:	[985, 205, 4470]	[985, 4, 13539]	[15985, 411, 19727]	[15985, 296, 28539]	[15985, 284, 19470]	[15985, 381, 19470],delete:
need:	[13078, 226, 1792]	[14735, 226, 1792]	[2662, 226, 1792]	[17662, 414, 16792],delete:
need:	[3002, 4, 7506]	[7506, 160, 1260],delete:
need:	[8064, 75, 13300]	[8064, 145, 13914]	[8064, 226, 13914]	[23064, 296, 16408],delete:
need:,delete:	[10189, 226, 542]	[10189, 169, 2102]	[10189, 48, 14297]	[10189, 205, 9618]	[25189, 381, 29297]	[25189, 284, 24618]	[25189, 259, 20849]
need:	[21205, 344, 16449],delete:
need:	[1417, 61, 6450]	[16417, 344, 21450],delete:
need:	[23559, 414, 20917],delete:
need:,delete:
need:	[9493, 226, 5804]	[24493, 414, 15762],delete:
need:	[24726, 330, 19705]	[9726, 145, 1576]	[9726, 159, 4705]	[24726, 296, 28928],delete:
need:	[10198, 226, 2074]	[10198, 159, 8856]	[25198, 330, 23856],delete:
need:	[14492, 226, 1621]	[10294, 226, 1621],delete:
need:	[20718, 290, 23254],delete:
need:	[7530, 20, 12331]	[22530, 344, 23035],delete:
need:,delete:	[19869, 330, 18765]	[24267, 330, 18765]	[19869, 381, 18765]	[21330, 330, 18765]	[435, 159, 3765]	[2084, 145, 3765]	[13919, 48, 3765]	[5162, 159, 3765]	[28919, 414, 18765]	[21681, 330, 18765]	[15840, 364, 18765]	[18663, 330, 18765]	[15435, 330, 18765]
need:,delete:	[19355, 250, 19593]	[19355, 259, 20849]
need:,delete:
need:,delete:	[10247, 4, 6483]
need:	[8222, 168, 13085]	[8222, 144, 9917]	[23222, 269, 28085],delete:
need:,delete:
need:	[9432, 226, 2935]	[9432, 159, 11695]	[24432, 330, 26695],delete:
need:	[1181, 160, 12533]	[16181, 351, 27533],delete:
need:	[25486, 414, 25236]	[25486, 414, 25588],delete:
need:	[7003, 78, 14247]	[22003, 344, 29247],delete:
need:	[4805, 4, 1928]	[4805, 145, 12655]	[19805, 296, 16928]	[19805, 364, 27655],delete:
need:	[22427, 364, 23839]	[22386, 364, 23839]	[3109, 145, 8839]	[13026, 145, 8839],delete:
need:	[2064, 226, 14048]	[2064, 116, 14426]	[17064, 284, 27631]	[17064, 381, 29426],delete:
need:	[7657, 226, 681]	[669, 226, 681]	[22303, 414, 15681],delete:
need:	[15460, 290, 25702],delete:
need:	[73, 53, 12862]	[73, 156, 4157]	[15073, 250, 27862],delete:
need:,delete:
need:,delete:	[8351, 36, 7997]	[23351, 384, 20099]
need:	[8777, 20, 14531]	[23777, 321, 29531],delete:
need:,delete:	[5622, 4, 2996]
need:	[29642, 414, 24380]	[25546, 330, 24380],delete:
need:	[9956, 151, 7117]	[22117, 267, 24956]	[22117, 416, 25952],delete:
need:	[7704, 154, 3640]	[7704, 98, 6715]	[22704, 319, 17096]	[7704, 98, 2096]	[28179, 416, 22704]	[15168, 308, 22704],delete:
need:	[4329, 205, 3182]	[4329, 226, 13384],delete:
need:,delete:
need:	[13503, 151, 4386]	[19386, 267, 28503]	[28503, 368, 19386],delete:
need:	[1298, 145, 688]	[1298, 48, 195]	[16298, 381, 15195]	[16298, 330, 16384]	[16298, 364, 15688],delete:
need:	[3374, 4, 13519]	[18374, 296, 28519],delete:
need:	[22661, 303, 19451]	[27885, 303, 19451],delete:
need:	[6436, 46, 9095]	[21436, 362, 24095],delete:
need:,delete:	[21580, 259, 20849]
need:	[18458, 284, 25008],delete:
need:,delete:	[24680, 384, 20099]	[24680, 271, 20618]
need:	[6941, 205, 7902]	[6941, 4, 13891]	[21941, 284, 22902]	[21941, 409, 26417]	[21941, 386, 20618]	[21941, 296, 28891],delete:
need:	[12126, 226, 6566]	[19329, 414, 21566],delete:
need:	[9297, 189, 11278]	[1271, 225, 9297]	[16271, 267, 24297],delete:
need:	[9470, 1, 8484]	[24470, 334, 23484]	[21427, 303, 24470],delete:
need:	[3812, 38, 12710]	[27710, 340, 18812],delete:
need:,delete:	[18, 75, 13300]	[18, 226, 10285]	[15018, 414, 25285]	[15018, 381, 23282]	[15018, 311, 28300]	[15018, 259, 20849]
need:	[22305, 284, 19030]	[7305, 4, 13704]	[22305, 296, 28704],delete:
need:	[24596, 296, 17632]	[24596, 364, 21217]	[9596, 75, 13300]	[24596, 311, 28300],delete:
need:	[14127, 226, 4363]	[29127, 414, 19363],delete:
need:,delete:	[4541, 99, 3432]
need:,delete:
need:	[7803, 190, 5923]	[22803, 290, 20923],delete:
need:	[21239, 381, 17859]	[6239, 48, 2859]	[21239, 284, 15946],delete:
need:	[2116, 156, 6033]	[17116, 341, 20256],delete:
need:,delete:	[9080, 29, 1260]
need:	[28333, 414, 18108]	[14952, 226, 3108]	[2755, 145, 3108]	[16320, 414, 18108],delete:
need:	[12193, 225, 1084]	[16084, 368, 27193],delete:
need:	[5490, 226, 9555]	[13982, 226, 9555],delete:
need:	[10457, 168, 10710]	[10457, 44, 13074]	[25457, 269, 25710],delete:
need:,delete:	[10671, 205, 3053]	[26669, 284, 18053]	[25038, 284, 18053]
need:	[1393, 48, 5969]	[28648, 364, 20969],delete:
need:,delete:	[3255, 226, 10803]	[18255, 414, 17672]	[18255, 284, 23251]	[18255, 259, 20849]	[18255, 414, 25803]
need:	[9650, 20, 11712]	[24650, 344, 26967],delete:
need:	[5871, 226, 963]	[20871, 414, 15963],delete:
need:	[871, 226, 10506]	[15871, 414, 25506],delete:
need:,delete:
need:,delete:
need:	[8712, 35, 1631]	[23712, 369, 16260]	[23712, 252, 16631],delete:
need:	[22341, 344, 28651]	[29321, 368, 22341],delete:
need:	[2363, 145, 14323]	[17363, 414, 20936],delete:
need:	[1203, 226, 6811]	[13972, 226, 6811]	[28972, 414, 21811],delete:
need:	[3494, 225, 14565]	[14565, 151, 3494]	[29565, 368, 18494],delete:
need:	[23723, 344, 25398]	[8723, 145, 10398]	[23723, 321, 22602],delete:
need:	[6120, 226, 8021]	[6120, 226, 3615],delete:
need:	[100, 226, 9587]	[15100, 259, 20849]	[15100, 414, 15814],delete:
need:,delete:	[17570, 259, 20849]
need:,delete:	[21873, 259, 20849]
need:	[5795, 205, 338]	[15338, 410, 19865]	[26202, 284, 15338]	[338, 49, 4865],delete:
need:	[4901, 200, 12870]	[4901, 226, 12870]	[19901, 414, 27870]	[19901, 414, 25538]	[19901, 259, 20849]	[19901, 414, 25236],delete:
need:	[4003, 51, 12120]	[19003, 416, 27120],delete:
need:	[1069, 48, 10545]	[16069, 364, 25545]	[16069, 381, 25545]	[16069, 381, 27889]	[16069, 284, 20041],delete:
need:	[28028, 344, 17248],delete:
need:	[9000, 151, 13050]	[28050, 267, 24000],delete:
need:,delete:	[18553, 250, 20312]
need:,delete:	[21379, 384, 20099]
need:	[11682, 145, 3030]	[14059, 145, 3030]	[1311, 145, 3030]	[14713, 145, 3030]	[26613, 364, 18030]	[22119, 364, 18030]	[18030, 384, 17777]	[16311, 364, 18030],delete:
need:	[12660, 4, 2095]	[27660, 296, 17095]	[17095, 384, 17777],delete:
need:	[17950, 344, 25173]	[12836, 48, 10173]	[18205, 344, 25173],delete:
need:	[7155, 145, 4713]	[22155, 344, 19713],delete:
need:	[13811, 226, 9399]	[28811, 414, 24399],delete:
need:	[23279, 351, 26627]	[573, 205, 8279],delete:
need:	[22988, 248, 22362]	[29186, 248, 22362],delete:
need:	[1623, 226, 6960]	[16623, 414, 21960],delete:
need:	[13569, 78, 6071]	[26214, 344, 21071],delete:
need:	[889, 151, 5467]	[20467, 267, 15889],delete:
need:	[14741, 151, 7266]	[29741, 368, 22266],delete:
need:	[14893, 14, 3126]	[29893, 280, 18126],delete:
need:	[4486, 145, 12382]	[19486, 377, 25589]	[19486, 364, 27382],delete:
need:	[13627, 41, 6094]	[12945, 41, 6094],delete:
need:	[7500, 4, 1258]	[7500, 159, 10448]	[22500, 296, 16258]	[22500, 330, 25448]	[22500, 284, 16065],delete:
need:,delete:	[24416, 414, 28145]	[24416, 414, 16886]	[24416, 259, 20849]
need:	[8948, 226, 8098]	[23948, 330, 21820]	[23948, 296, 16411],delete:
need:	[1272, 160, 7164]	[13137, 61, 1272]	[28137, 402, 16272],delete:
need:	[16311, 284, 23251]	[1311, 205, 8251]	[1311, 145, 3030]	[16311, 330, 29249],delete:
need:,delete:	[18096, 259, 20849]
need:	[15243, 250, 26372]	[13922, 61, 243]	[243, 20, 11712]	[28922, 344, 15243],delete:
need:	[2348, 4, 6053]	[17348, 284, 22157],delete:
need:	[20739, 311, 17535]	[20739, 296, 15718],delete:
need:	[5864, 205, 13271]	[20864, 284, 28271],delete:
need:,delete:	[22793, 259, 20849]
need:	[18565, 284, 24618]	[17230, 284, 24618]	[15945, 284, 24618],delete:
need:	[7587, 226, 31]	[22587, 414, 15031],delete:
need:,delete:	[2615, 4, 13519]	[2615, 205, 11030]	[17615, 414, 16244]	[17615, 284, 26030]	[17615, 259, 20849]
need:	[13503, 20, 9919]	[28503, 321, 24919],delete:
need:	[7884, 20, 14221]	[22884, 321, 29221],delete:
need:	[7901, 168, 10710]	[22901, 269, 25710],delete:
need:	[5222, 29, 3320]	[3196, 47, 5222],delete:
need:	[1898, 20, 12331]	[16898, 321, 27331]	[16898, 344, 23035],delete:
need:	[1917, 172, 9646]	[16917, 293, 24646],delete:
need:	[26584, 414, 21025]	[6507, 226, 6025],delete:
need:	[7816, 223, 14428]	[22816, 394, 29428]	[29587, 396, 22816],delete:
need:	[13526, 226, 4863]	[15153, 414, 19863],delete:
need:	[3912, 115, 729]	[18912, 343, 15729],delete:
need:	[8652, 226, 6250]	[23652, 284, 24806],delete:
need:	[17009, 330, 20339]	[7659, 159, 5339],delete:
need:	[1603, 226, 4087]	[16603, 284, 17144]	[16603, 330, 21606]	[16603, 409, 26417],delete:
need:,delete:	[2199, 159, 8578]
need:	[8503, 205, 9645]	[8503, 145, 2565]	[23503, 284, 24645]	[23503, 311, 29618]	[23503, 296, 18033],delete:
need:	[19649, 318, 22968]	[11512, 226, 4649]	[14684, 226, 4649]	[6034, 226, 4649],delete:
need:	[9957, 49, 3380]	[9957, 41, 13759]	[24957, 410, 18380]	[24957, 248, 28759],delete:
need:	[5900, 33, 4847]	[20900, 290, 28386],delete:
need:	[1094, 78, 14081]	[16094, 344, 29081],delete:
need:	[653, 226, 2209]	[15653, 414, 15798],delete:
need:	[10260, 226, 6370]	[10260, 75, 9836],delete:
need:	[19936, 351, 25527],delete:
need:	[3869, 75, 14652]	[3869, 226, 11302]	[3869, 226, 7023]	[18869, 304, 29652]	[18869, 414, 28621],delete:
need:,delete:
need:	[22423, 416, 28178]	[14779, 151, 7423],delete:
need:	[5071, 145, 13162]	[5071, 189, 13162]	[20071, 344, 28162],delete:
need:	[21615, 344, 20835],delete:
need:	[4330, 226, 8336]	[19330, 414, 23336]	[19330, 414, 20253],delete:
need:	[8934, 226, 11921]	[23934, 414, 26921],delete:
need:	[2394, 23, 10165]	[17394, 259, 25165],delete:
need:	[7980, 226, 11406]	[22980, 259, 20849],delete:
need:	[9700, 103, 12177]	[24700, 352, 27177],delete:
need:,delete:	[8105, 226, 5212]	[8105, 205, 1483]	[23105, 381, 16483]	[23105, 330, 16483]	[23105, 259, 20849]	[23105, 414, 20212]
need:	[3572, 226, 2142]	[18572, 296, 27951],delete:
need:	[21934, 296, 15346]	[10817, 4, 346]	[20175, 296, 15346],delete:
need:	[16256, 344, 28616]	[16256, 368, 28923],delete:
need:	[18838, 381, 15686]	[3838, 169, 686]	[18838, 364, 15686],delete:
need:	[6207, 20, 13030]	[21207, 321, 28030],delete:
need:	[6943, 49, 14264]	[21943, 410, 29264],delete:
need:,delete:
need:	[22065, 351, 18849]	[8843, 49, 3849]	[29014, 351, 18849]	[18849, 369, 23529],delete:
need:,delete:
need:	[15882, 336, 16869]	[168, 193, 1869],delete:
need:	[9457, 156, 3254]	[24457, 303, 18254],delete:
need:	[3911, 226, 9410]	[3911, 159, 11897]	[18911, 414, 24410],delete:
need:	[2137, 226, 2750]	[12145, 226, 2750]	[27145, 414, 17750],delete:
need:	[17672, 248, 26159],delete:
need:	[29170, 364, 18886]	[16467, 364, 18886],delete:
need:	[484, 226, 13252]	[15484, 414, 28252]	[15484, 284, 28536],delete:
need:,delete:	[22292, 303, 21559]
need:	[29752, 381, 17254]	[10880, 48, 2254]	[27831, 381, 17254],delete:
need:,delete:	[3242, 81, 7010]	[19449, 414, 22010]	[10810, 81, 7010]	[9208, 81, 7010]
need:,delete:
need:	[1947, 188, 12731]	[16947, 363, 27731],delete:
need:	[1977, 4, 12248]	[1977, 205, 7157]	[1977, 145, 11385]	[1977, 226, 14150]	[16977, 409, 26417]	[16977, 296, 27248]	[16977, 386, 20618],delete:
need:	[3724, 49, 12217]	[18724, 410, 27217],delete:
need:	[4155, 226, 6816]	[19155, 414, 21816]	[22303, 414, 21816]	[11252, 226, 6816],delete:
need:	[9235, 29, 1260]	[24235, 386, 16260],delete:
need:	[1585, 160, 3017]	[16585, 351, 18017],delete:
need:	[1475, 189, 2390]	[16475, 344, 17390],delete:
need:,delete:	[9737, 125, 3482]	[9737, 125, 13394]	[9737, 4, 10677]	[24737, 306, 21167]	[24737, 409, 28394]	[24737, 259, 20849]
need:	[5058, 48, 9679]	[20058, 330, 24679]	[20058, 364, 24679],delete:
need:	[10234, 226, 8284],delete:
need:	[2524, 226, 4806]	[14555, 145, 4806]	[29555, 364, 19806]	[17524, 414, 19806]	[19806, 410, 21158],delete:
need:	[10166, 160, 3718]	[25166, 271, 18718],delete:
need:,delete:
need:	[5382, 53, 13347]	[20382, 250, 28347]	[20382, 303, 24001],delete:
need:	[24114, 410, 18718]	[29921, 271, 18718],delete:
need:,delete:	[25290, 414, 26364]
need:	[5728, 49, 5618]	[14495, 226, 5728]	[24821, 414, 20728]	[20728, 271, 20618],delete:
need:	[937, 49, 10466]	[937, 41, 13698]	[15937, 248, 28698],delete:
need:	[10032, 145, 8528]	[10032, 4, 1258]	[25032, 330, 23528]	[25032, 284, 23251]	[25032, 296, 16258],delete:
need:	[8187, 226, 9758],delete:
need:	[13047, 160, 677]	[677, 71, 677],delete:
need:	[5549, 159, 2026]	[28845, 330, 17026],delete:
need:	[2685, 151, 7859]	[2685, 51, 6983]	[17685, 368, 22859],delete:
need:	[15135, 381, 20063]	[15135, 284, 17855],delete:
need:	[7327, 48, 1555]	[19889, 341, 16555],delete:
need:,delete:	[2632, 16, 2777]	[24921, 330, 17632]
need:	[22681, 284, 20041]	[7681, 145, 8936]	[7681, 48, 12889]	[22681, 330, 23936],delete:
need:	[19133, 311, 24836]	[4133, 226, 12047],delete:
need:	[8449, 226, 4317]	[23449, 414, 28195],delete:
need:	[18601, 402, 26390]	[18601, 344, 26390]	[3601, 78, 11390],delete:
need:	[367, 226, 12480]	[15367, 414, 27480],delete:
need:	[20162, 304, 24211]	[9211, 66, 10571]	[5162, 75, 9211],delete:
need:	[28729, 336, 18220]	[3220, 102, 7083],delete:
need:	[8395, 193, 2799]	[8395, 226, 6319],delete:
need:,delete:	[186, 226, 4611]	[15186, 259, 20849]
need:	[1319, 151, 9006]	[24006, 267, 16319],delete:
need:	[10089, 41, 9334]	[10089, 160, 14407]	[25089, 248, 24334]	[25089, 342, 29738]	[25089, 351, 29407],delete:
need:	[2412, 49, 7361]	[29828, 351, 22361]	[22361, 289, 17651]	[19454, 293, 22361]	[17412, 351, 22361]	[28634, 351, 22361],delete:
need:	[5174, 226, 5936]	[24895, 414, 20936]	[6905, 226, 5936]	[6905, 145, 5936]	[8654, 226, 5936]	[16961, 414, 20936],delete:
need:,delete:	[2539, 75, 10943]
need:	[5860, 48, 12079]	[5860, 226, 12079]	[20860, 414, 27079]	[20860, 330, 27079],delete:
need:	[9574, 159, 1547]	[9574, 205, 3328],delete:
need:	[1184, 75, 8736]	[1184, 75, 13300]	[16184, 296, 17968]	[16184, 311, 28300]	[16184, 381, 27642]	[16184, 381, 17139],delete:
need:	[1246, 20, 14614]	[10882, 151, 1246],delete:
need:	[18264, 330, 27718]	[18264, 411, 25557],delete:
need:	[3213, 49, 13816]	[18213, 410, 28816],delete:
need:	[166, 48, 12414]	[15166, 381, 20245],delete:
need:	[25279, 330, 19628]	[25279, 364, 19628]	[10279, 145, 4628],delete:
need:	[11066, 226, 6477]	[257, 226, 6477]	[15257, 414, 21477],delete:
need:	[12873, 226, 10035]	[25035, 351, 27255],delete:
need:	[5684, 20, 4728]	[20684, 321, 19728],delete:
need:	[2054, 51, 12044]	[2054, 159, 8552]	[17054, 330, 23552]	[17054, 416, 27044],delete:
need:,delete:	[2661, 53, 11372]
need:	[3306, 41, 2762]	[18306, 248, 17762],delete:
need:	[12225, 22, 3603]	[18603, 301, 27225],delete:
need:	[6520, 226, 12335]	[21520, 414, 27335],delete:
need:	[4318, 61, 14420]	[19318, 344, 16830],delete:
need:	[10499, 4, 12144]	[10499, 205, 9645]	[10499, 145, 2565]	[25499, 284, 24645]	[25499, 296, 27144],delete:
need:	[27137, 267, 20695]	[20695, 344, 22212],delete:
need:	[26122, 344, 15811]	[3281, 200, 811]	[5876, 226, 811],delete:
need:,delete:
need:,delete:	[599, 29, 6991]	[21991, 369, 21991]	[21991, 369, 21991]
need:	[2176, 170, 9890]	[9890, 160, 10364],delete:
need:	[5458, 151, 2727]	[17727, 267, 20458],delete:
need:,delete:	[18660, 336, 19757]
need:	[20090, 284, 17139]	[20090, 296, 17996],delete:
need:	[3546, 168, 10710]	[3546, 168, 14256]	[3546, 75, 4485]	[18546, 269, 29256],delete:
need:	[12742, 226, 8477]	[14018, 226, 8477]	[29018, 414, 23477],delete:
need:	[4692, 226, 6250]	[19692, 381, 15815]	[19692, 330, 15815],delete:
need:	[5701, 49, 2688]	[8776, 49, 2688]	[11105, 49, 2688]	[29717, 351, 17688]	[26093, 275, 17688],delete:
need:	[7499, 226, 14306]	[7499, 4, 14325],delete:
need:,delete:	[2189, 205, 7902]	[2189, 4, 2349]	[2189, 145, 12703]	[17189, 284, 22902]	[17189, 259, 20849]	[17189, 414, 20033]	[17189, 364, 27703]
need:	[8312, 226, 6439]	[8312, 4, 13539]	[8312, 205, 7226]	[23312, 311, 27531]	[23312, 296, 28539]	[23312, 284, 22226],delete:
need:	[4687, 225, 13643]	[13643, 151, 4687]	[19687, 321, 16269],delete:
need:,delete:
need:	[5183, 144, 689]	[20183, 269, 22072]	[20183, 294, 15689],delete:
need:	[8797, 226, 11855]	[23797, 386, 16260],delete:
need:	[5808, 156, 625]	[20808, 303, 15625],delete:
need:,delete:	[17769, 392, 25940]
need:	[12955, 156, 5027]	[12955, 144, 5027]	[27955, 294, 20027],delete:
need:,delete:	[17247, 259, 20849]
need:	[210, 115, 10341]	[15210, 410, 22012],delete:
need:	[1301, 29, 1260]	[1301, 156, 6033]	[16301, 303, 21033],delete:
need:,delete:
need:	[14395, 226, 9284]	[24284, 248, 15265],delete:
need:	[8571, 29, 843],delete:
need:,delete:	[2345, 205, 6711]	[24035, 284, 21711]	[25006, 284, 21711]
need:	[1723, 226, 14359]	[16723, 414, 29359],delete:
need:	[6305, 225, 4367]	[19367, 368, 21305],delete:
need:,delete:	[5619, 159, 7227]	[5619, 226, 4807]	[20619, 414, 19807]	[20619, 259, 20849]	[20619, 414, 27548]	[20619, 330, 22227]	[20619, 414, 15463]	[20619, 296, 26961]
need:	[669, 4, 8077]	[669, 145, 9304]	[669, 159, 12050]	[15669, 364, 24304]	[15669, 296, 23077]	[15669, 330, 27050],delete:
need:	[13898, 226, 1729]	[8496, 226, 1729],delete:
need:	[3699, 226, 8649],delete:
need:	[23364, 364, 16886]	[8364, 159, 1886]	[23364, 284, 17139],delete:
need:	[941, 62, 12105]	[941, 98, 12105]	[941, 226, 1275]	[15941, 319, 27105],delete:
need:	[22984, 366, 24328]	[17615, 414, 22984]	[13491, 226, 7984],delete:
need:	[9452, 48, 5123]	[12112, 48, 5123],delete:
need:	[2914, 226, 11812]	[17914, 284, 19470],delete:
need:	[813, 48, 3960]	[15813, 330, 18960],delete:
need:	[24895, 330, 24679]	[9895, 159, 9679]	[24895, 284, 17335],delete:
need:	[9033, 48, 14409]	[9033, 75, 13300]	[24033, 364, 28914]	[24033, 311, 28300]	[24033, 381, 29409],delete:
need:	[8147, 53, 9052]	[23147, 250, 24052],delete:
need:,delete:
need:	[17495, 296, 29743]	[17495, 284, 28725],delete:
need:	[3109, 159, 4121]	[18109, 330, 19121],delete:
need:	[28799, 330, 24153]	[23580, 411, 24153]	[421, 159, 9153],delete:
need:	[16227, 344, 23427],delete:
need:	[3758, 226, 11405]	[18758, 414, 26405],delete:
need:	[24918, 414, 23902]	[9918, 226, 8820]	[9918, 226, 14244]	[24918, 414, 21944],delete:
need:	[6506, 226, 6929]	[21506, 414, 21929],delete:
need:	[19266, 414, 15507]	[9136, 226, 507]	[24136, 414, 15507],delete:
need:,delete:	[10475, 75, 13300]
need:	[5717, 226, 7491]	[20717, 259, 20849],delete:
need:	[14542, 48, 6321]	[5288, 48, 6321]	[20288, 414, 21321],delete:
need:	[2241, 205, 4470]	[17241, 296, 17349]	[17241, 284, 19470],delete:
need:	[2758, 226, 12447]	[17758, 323, 27306],delete:
need:	[4666, 189, 520]	[9093, 61, 520]	[27698, 344, 15520]	[24093, 344, 15520],delete:
need:	[8323, 172, 697]	[27398, 410, 15697],delete:
need:	[14584, 189, 10435]	[12349, 189, 10435]	[27349, 344, 25435],delete:
need:	[28464, 267, 18273]	[3273, 61, 8427],delete:
need:	[1134, 151, 5539]	[1134, 78, 1655]	[1134, 145, 1655]	[16134, 344, 16655],delete:
need:	[27774, 344, 19898]	[25025, 344, 19898]	[10025, 145, 4898],delete:
need:	[2200, 159, 463]	[7032, 159, 463],delete:
need:	[5725, 226, 4510]	[20725, 284, 22276]	[20725, 311, 29378],delete:
need:	[9578, 20, 8793]	[24578, 344, 17288],delete:
need:	[23040, 290, 15340]	[8040, 128, 3518]	[8040, 33, 4709]	[23040, 290, 19709],delete:
need:	[10045, 226, 9903]	[10045, 226, 13384],delete:
need:,delete:
need:	[5250, 20, 13740]	[20250, 321, 28740],delete:
need:	[8969, 145, 12927]	[23969, 386, 16260],delete:
need:	[7494, 53, 5435]	[23147, 250, 20435]	[22494, 250, 20435],delete:
need:	[28081, 414, 17933]	[13622, 226, 2933]	[3935, 226, 2933],delete:
need:	[16275, 271, 16260]	[15541, 414, 16275],delete:
need:,delete:	[4536, 226, 7366]
need:,delete:	[10391, 139, 1943]
need:,delete:	[1787, 226, 13709]	[1787, 4, 9501]	[16787, 296, 28519]	[16787, 259, 20849]	[16787, 381, 16953]
need:	[3700, 20, 7538]	[18700, 321, 22538],delete:
need:	[14509, 151, 3238]	[29509, 368, 18238],delete:
need:	[2553, 160, 12949]	[17553, 351, 27949],delete:
need:	[19328, 296, 16431]	[19328, 284, 15946]	[19328, 364, 28665],delete:
need:	[13220, 4, 2901]	[5130, 4, 2901],delete:
need:	[863, 48, 79]	[15863, 414, 24399]	[863, 226, 9399]	[15863, 330, 15079],delete:
need:,delete:	[5703, 226, 14243]	[5703, 226, 3131]	[20703, 259, 20849]	[20703, 386, 16260]	[20703, 414, 29243]
need:,delete:	[1867, 159, 11197]	[16867, 259, 20849]
need:	[6551, 145, 3030]	[21551, 364, 18030]	[21551, 296, 16504],delete:
need:,delete:
need:	[29742, 344, 15062]	[4798, 61, 62]	[22298, 344, 15062]	[19798, 344, 15062],delete:
need:	[12143, 75, 2401]	[16989, 304, 17401]	[24492, 304, 17401],delete:
need:	[2149, 48, 1993]	[2149, 200, 1993]	[17149, 310, 16993]	[17149, 330, 16993],delete:
need:	[8755, 151, 14899]	[23755, 368, 29899],delete:
need:	[20834, 344, 22847]	[5834, 145, 7847],delete:
need:	[9723, 160, 11904]	[4436, 159, 9723]	[24723, 351, 26904],delete:
need:	[26643, 330, 22832],delete:
need:,delete:	[15224, 321, 23524]
need:	[7758, 226, 14244]	[7758, 226, 988],delete:
need:,delete:	[17338, 414, 16850]	[6893, 226, 1850]	[23197, 414, 16850]
need:,delete:
need:	[12465, 226, 4682]	[6523, 226, 4682],delete:
need:	[24611, 284, 23251]	[9611, 205, 8251]	[9611, 145, 4560]	[24611, 364, 19560],delete:
need:	[21001, 381, 19350]	[21001, 330, 25448]	[21001, 311, 27531]	[6001, 48, 4350],delete:
need:	[13493, 48, 2219]	[28493, 330, 17219]	[17219, 384, 17777],delete:
need:	[436, 160, 1206],delete:
need:	[17775, 284, 28271]	[2775, 226, 11302],delete:
need:,delete:	[5863, 226, 9903]	[5863, 205, 13536]	[20863, 414, 25147]	[20863, 259, 20849]	[20863, 284, 28536]
need:	[9350, 53, 12734]	[24350, 250, 27734],delete:
need:	[6891, 205, 7275]	[6891, 226, 692]	[21891, 284, 22275],delete:
need:	[2277, 226, 14150]	[17277, 364, 17827]	[17277, 414, 15420]	[17277, 284, 24800],delete:
need:	[7826, 33, 950],delete:
need:	[1648, 103, 13262]	[16648, 352, 28262],delete:
need:	[18521, 344, 24393]	[18521, 364, 23774]	[18521, 330, 15790],delete:
need:	[267, 33, 766]	[267, 128, 3518]	[15267, 351, 21704]	[15267, 290, 15766],delete:
need:	[11306, 41, 9946]	[26306, 248, 24946],delete:
need:	[944, 226, 8886]	[15944, 414, 23886],delete:
need:	[9956, 151, 7117]	[22117, 267, 24956],delete:
need:	[7426, 205, 13391]	[22426, 284, 28391],delete:
need:	[24391, 284, 15358]	[9391, 226, 9715]	[9391, 145, 1868],delete:
need:	[2562, 226, 8247]	[17562, 414, 23247],delete:
need:,delete:
need:	[19313, 414, 20530]	[19313, 284, 19004],delete:
need:	[29711, 344, 18159]	[17397, 344, 18159],delete:
need:,delete:	[8898, 226, 7493]
need:	[4399, 226, 4743]	[28057, 414, 19743],delete:
need:	[19800, 351, 20182]	[15004, 315, 20182],delete:
need:	[23978, 368, 28413]	[8978, 151, 13413],delete:
need:	[14713, 226, 6822],delete:
need:	[458, 33, 2421]	[15458, 290, 17421],delete:
need:	[14182, 226, 5033]	[20033, 351, 29738]	[6787, 226, 5033]	[17099, 414, 20033],delete:
need:,delete:
need:,delete:	[17264, 414, 26059]
need:	[3252, 169, 3612]	[3252, 226, 7290]	[3252, 145, 12490]	[18252, 330, 15362]	[18252, 364, 27490]	[18252, 284, 16065],delete:
need:	[4250, 48, 6780]	[19250, 411, 21780],delete:
need:,delete:	[18844, 259, 20849]
need:,delete:	[15480, 259, 20849]
need:	[9139, 51, 5578]	[24139, 416, 20578],delete:
need:	[4411, 169, 8092]	[14484, 169, 8092]	[19411, 411, 23092]	[23092, 351, 24205]	[29484, 411, 23092]	[22994, 411, 23092]	[27145, 411, 23092]	[16546, 411, 23092],delete:
need:,delete:	[22760, 259, 20849]
need:,delete:	[15659, 414, 21653]
need:	[16842, 284, 28131]	[1842, 4, 2595]	[1842, 205, 13131]	[16842, 296, 28131],delete:
need:	[29402, 364, 17999]	[19191, 364, 17999],delete:
need:	[23043, 321, 23445]	[23043, 344, 21693],delete:
need:,delete:	[6191, 23, 877]	[1627, 23, 877]
need:	[7133, 189, 3270]	[7133, 145, 3270]	[22133, 321, 16269],delete:
need:	[6831, 144, 7709]	[21831, 294, 22709]	[21831, 269, 22437],delete:
need:	[9136, 145, 10588]	[24136, 364, 25588],delete:
need:	[2246, 226, 11855]	[2246, 226, 470],delete:
need:	[405, 46, 12664]	[15405, 362, 27664],delete:
need:,delete:	[10429, 4, 10154]	[10429, 145, 1403]	[25429, 414, 16621]	[25429, 259, 20849]	[25429, 284, 27488]	[25429, 296, 25154]	[25429, 414, 22216]	[25429, 364, 16403]	[25429, 414, 24573]
need:,delete:
need:,delete:
need:	[21133, 330, 16690]	[21133, 381, 16690]	[21133, 296, 20299],delete:
need:	[14833, 41, 6140]	[4689, 89, 6140]	[29833, 248, 21140],delete:
need:	[28727, 381, 22378]	[18999, 381, 22378],delete:
need:	[13423, 172, 5691]	[20691, 322, 28423],delete:
need:	[6331, 20, 4490]	[21331, 321, 19490],delete:
need:	[25038, 364, 27678]	[10038, 48, 4953]	[25038, 284, 18053],delete:
need:	[8315, 226, 5810]	[23315, 296, 23536],delete:
need:,delete:	[5859, 113, 2248]	[5859, 181, 2248]
need:	[2168, 145, 7222]	[2168, 226, 14872]	[17168, 414, 29872]	[17168, 364, 22222],delete:
need:	[13582, 110, 3851]	[3851, 213, 13582]	[18851, 376, 28582],delete:
need:,delete:
need:	[6622, 226, 13803]	[6622, 145, 1547]	[21622, 381, 15500]	[21622, 330, 16547]	[21622, 364, 16547]	[21622, 414, 28803],delete:
need:	[19343, 414, 15744]	[14731, 226, 744]	[8010, 226, 744]	[28592, 414, 15744],delete:
need:	[1680, 151, 2082]	[17082, 267, 16680],delete:
need:,delete:	[3801, 226, 13631]	[18801, 414, 20530]	[18801, 284, 24379]	[18801, 414, 28631]
need:	[16671, 368, 23855]	[23855, 321, 16269],delete:
need:	[1791, 226, 9092]	[16791, 381, 29010],delete:
need:	[12608, 205, 5897]	[11108, 205, 5897]	[17134, 284, 20897]	[26108, 284, 20897],delete:
need:	[10129, 20, 9841]	[25129, 321, 24841],delete:
need:	[179, 226, 8820]	[179, 226, 6944],delete:
need:	[21084, 344, 18270]	[29781, 344, 18270],delete:
need:	[7879, 51, 4223],delete:
need:,delete:	[1287, 8, 5618]
need:	[6720, 33, 824],delete:
need:	[14080, 226, 4100]	[19100, 271, 16260]	[18708, 414, 19100],delete:
need:	[1720, 219, 13474]	[16720, 358, 28474]	[16720, 416, 27728],delete:
need:	[1100, 226, 4087]	[16100, 381, 19585]	[16100, 414, 19087]	[16100, 409, 26417]	[16100, 381, 19087],delete:
need:,delete:	[1692, 11, 9205]	[9038, 156, 1692]	[14748, 144, 1692]	[11749, 75, 1692]	[21756, 303, 16692]	[24734, 311, 16692]	[29748, 294, 16692]	[16692, 334, 23484]
need:	[23295, 330, 27739]	[8295, 159, 12739]	[23295, 381, 18895],delete:
need:	[9699, 226, 13296]	[24699, 414, 28296],delete:
need:,delete:
need:,delete:	[18029, 250, 20312]
need:	[3216, 160, 11884],delete:
need:	[1406, 4, 13379]	[1406, 205, 8741]	[16406, 284, 23741]	[16406, 296, 28379]	[16406, 311, 24836],delete:
need:	[6750, 226, 8117],delete:
need:	[8128, 226, 13125]	[23128, 414, 28125],delete:
need:	[17169, 381, 18643]	[17169, 330, 18643]	[17169, 284, 23251],delete:
need:,delete:
need:	[3890, 20, 14815]	[18890, 321, 29815],delete:
need:	[3875, 225, 2516]	[18875, 267, 17516]	[17516, 313, 18432],delete:
need:,delete:
need:,delete:	[8077, 160, 8529]	[13435, 4, 8077]	[669, 4, 8077]	[3094, 4, 8077]	[4633, 4, 8077]	[15669, 296, 23077]	[23077, 351, 23529]
need:,delete:
need:	[2701, 226, 6567]	[2701, 200, 13175]	[17701, 414, 28175],delete:
need:,delete:	[3780, 226, 6638]	[3780, 4, 13928]	[3780, 205, 13104]	[18780, 414, 21638]	[18780, 414, 20617]	[18780, 250, 20312]	[18780, 284, 28104]	[18780, 259, 20849]	[18780, 296, 28928]	[18780, 311, 28300]
need:,delete:	[25245, 414, 24514]	[10245, 75, 13300]
need:	[5397, 159, 2545]	[20397, 296, 28539]	[20397, 311, 27531]	[20397, 284, 26750],delete:
need:	[5473, 51, 10952]	[20473, 416, 25952],delete:
need:	[9757, 156, 11842]	[9757, 156, 1692]	[24757, 250, 16499],delete:
need:	[7794, 160, 8331]	[22794, 351, 23331]	[22794, 362, 24322],delete:
need:	[12993, 226, 4080]	[10369, 226, 4080],delete:
need:,delete:	[16961, 414, 24222]
need:	[18228, 303, 21980]	[29972, 303, 21980],delete:
need:	[450, 226, 8687]	[3466, 226, 8687]	[16146, 414, 23687],delete:
need:	[15910, 381, 20063]	[910, 169, 6091]	[15910, 364, 20063],delete:
need:	[13441, 151, 10125]	[28441, 368, 25125],delete:
need:	[14300, 49, 9652]	[22007, 351, 24652],delete:
need:	[10382, 226, 6860]	[25382, 284, 18640],delete:
need:	[14015, 94, 8032]	[23032, 258, 29015],delete:
need:,delete:	[22789, 411, 18556]	[22789, 259, 20849]
need:	[13080, 48, 5856]	[28080, 330, 20856],delete:
need:	[17811, 343, 28094]	[2811, 29, 183]	[13094, 146, 2811]	[17811, 295, 23800],delete:
need:,delete:	[22952, 259, 20849]
need:	[17200, 381, 28914]	[2200, 145, 13914]	[25503, 368, 17200],delete:
need:	[9077, 49, 9306]	[9077, 115, 4169]	[24077, 410, 24306],delete:
need:	[9195, 226, 8402]	[24195, 414, 23402],delete:
need:	[17515, 414, 22951]	[8809, 159, 7951]	[29827, 330, 22951]	[3267, 159, 7951],delete:
need:	[10543, 20, 9902]	[1349, 20, 9902]	[12034, 20, 9902]	[2030, 20, 9902],delete:
need:	[3787, 226, 4521]	[19521, 248, 22401]	[27613, 414, 19521],delete:
need:	[2266, 48, 14227]	[17266, 416, 19223],delete:
need:	[10028, 159, 13248]	[25028, 381, 28248],delete:
need:	[4602, 48, 7923]	[4602, 159, 7923]	[19602, 330, 22923]	[19602, 364, 22923],delete:
need:	[13926, 226, 2796]	[28926, 414, 17796],delete:
need:	[2109, 226, 5987]	[17109, 414, 20987],delete:
need:	[541, 48, 8083]	[17787, 381, 23083],delete:
need:	[9009, 226, 253]	[24009, 311, 16946]	[24009, 296, 26001],delete:
need:	[2239, 4, 1504]	[17239, 296, 16504],delete:
need:	[20690, 344, 23612],delete:
need:	[1207, 226, 12769]	[1207, 226, 5830],delete:
need:	[3410, 48, 5049]	[18410, 364, 28564]	[18410, 381, 20049]	[18410, 330, 20049]	[18410, 296, 27144],delete:
need:	[2391, 156, 7709]	[17391, 303, 22709],delete:
need:	[3940, 42, 4593],delete:
need:	[3103, 189, 5931]	[18103, 344, 20931],delete:
need:	[1383, 226, 1875]	[1383, 205, 13104]	[16383, 284, 28104]	[16383, 311, 28300],delete:
need:	[28818, 414, 23865]	[17045, 414, 23865]	[1741, 226, 8865],delete:
need:	[6446, 159, 4457]	[21446, 414, 19457]	[21446, 336, 25943],delete:
need:	[7313, 78, 11674]	[7313, 151, 13487],delete:
need:	[1643, 222, 3227]	[16643, 416, 18227]	[16643, 341, 18227],delete:
need:	[538, 20, 3963]	[12190, 20, 3963]	[2587, 20, 3963]	[7016, 20, 3963]	[27190, 321, 18963],delete:
need:	[2459, 226, 8206]	[17459, 414, 19375],delete:
need:	[8752, 226, 13438]	[23752, 414, 25711]	[23752, 414, 26921],delete:
need:	[12091, 57, 202]	[27091, 267, 15202],delete:
need:	[22292, 303, 21559]	[4694, 144, 6559]	[6559, 103, 1834],delete:
need:	[2956, 79, 14506]	[27569, 248, 17956],delete:
need:	[22815, 284, 24806]	[22815, 296, 24665],delete:
need:	[27936, 284, 15418]	[12936, 205, 418],delete:
need:	[7891, 48, 1483]	[22891, 381, 16483]	[22891, 330, 16483],delete:
need:	[8633, 144, 9003]	[8633, 144, 12519]	[23633, 269, 17974]	[23633, 303, 27519],delete:
need:,delete:	[3595, 139, 6560]
need:,delete:	[8940, 226, 814]	[8940, 226, 1497]	[8940, 48, 9616]	[8940, 4, 9616]	[8940, 226, 9177]	[23940, 296, 24616]	[23940, 414, 24177]	[23940, 414, 16497]	[23940, 259, 20849]
need:	[7268, 53, 3124]	[8625, 53, 3124]	[22268, 250, 18124],delete:
need:,delete:	[16599, 414, 21463]
need:	[2378, 226, 7366]	[17378, 364, 21255]	[17378, 364, 21620],delete:
need:	[6876, 49, 8331]	[21876, 410, 23331],delete:
need:	[7129, 193, 4757]	[22129, 336, 19757],delete:
need:	[7005, 145, 6694]	[29204, 414, 21694],delete:
need:	[13912, 151, 2466]	[17466, 267, 28912],delete:
need:	[18406, 414, 18957]	[18406, 414, 29048]	[3406, 226, 12700]	[18406, 284, 19470],delete:
need:,delete:	[8147, 53, 9052]
need:,delete:	[7964, 205, 8488]	[9055, 205, 8488]	[9837, 205, 8488]	[6183, 84, 8488]	[10742, 205, 8488]	[22483, 284, 23488]	[27601, 414, 23488]
need:	[7593, 20, 13700]	[14148, 225, 7593]	[29148, 267, 22593]	[22593, 368, 29148],delete:
need:	[10417, 226, 12913],delete:
need:	[9881, 156, 2849]	[24881, 303, 17849],delete:
need:,delete:
need:,delete:
need:	[14870, 226, 762]	[1765, 226, 762],delete:
need:	[24281, 414, 22589]	[15541, 414, 22589]	[14041, 226, 7589],delete:
need:	[13208, 75, 1152]	[28208, 311, 16152],delete:
need:	[4776, 77, 12863]	[19776, 378, 27863],delete:
need:	[15488, 290, 28954]	[15488, 290, 20428],delete:
need:	[12908, 127, 5654]	[5654, 138, 5170]	[26254, 248, 20654]	[27908, 317, 20654],delete:
need:	[10387, 226, 13350]	[25387, 284, 23107]	[25387, 381, 28318],delete:
need:,delete:
need:,delete:	[16496, 259, 20849]
need:	[5328, 226, 4978]	[20328, 330, 19978],delete:
need:	[2755, 226, 9839]	[10098, 226, 9839]	[25098, 364, 24839],delete:
need:	[13935, 4, 1411]	[14240, 4, 1411]	[8272, 4, 1411]	[16411, 384, 17777]	[17175, 296, 16411],delete:
need:,delete:
need:	[8020, 226, 12480]	[23020, 284, 27631],delete:
need:	[13170, 151, 7431]	[22431, 267, 28170],delete:
need:	[9037, 193, 7083]	[24037, 336, 22083]	[24037, 284, 28010],delete:
need:	[1546, 169, 8092]	[16546, 411, 23092],delete:
need:	[6898, 226, 1304]	[15704, 414, 16304],delete:
need:	[20424, 344, 28549]	[20424, 344, 27511],delete:
need:	[1455, 190, 8977]	[16455, 290, 23977],delete:
need:	[24283, 290, 15425],delete:
need:	[2698, 226, 11215]	[17698, 284, 18624]	[17698, 364, 26215],delete:
need:	[28531, 290, 15324]	[13531, 33, 324]	[4494, 33, 324]	[1350, 33, 324],delete:
need:	[14735, 226, 2834]	[29735, 414, 17834],delete:
need:	[5639, 156, 3192]	[20639, 311, 16692],delete:
need:	[5890, 226, 11977]	[5890, 226, 4840]	[20890, 414, 26977],delete:
need:	[878, 226, 8884]	[878, 75, 9341]	[15878, 414, 19019],delete:
need:,delete:	[17224, 259, 20849]
need:	[10217, 205, 13271]	[10217, 4, 11961]	[25217, 284, 28271]	[25217, 296, 26961],delete:
need:	[8719, 226, 10280]	[26893, 414, 25280],delete:
need:	[6673, 226, 5901],delete:
need:,delete:
need:	[594, 240, 14816]	[15594, 280, 29816],delete:
need:	[7439, 29, 3718]	[22439, 369, 18718],delete:
need:	[5037, 226, 4960],delete:
need:	[3133, 25, 7847]	[28810, 321, 18133],delete:
need:	[17515, 284, 18098]	[17012, 284, 18098],delete:
need:	[6029, 20, 14846]	[21029, 321, 29846],delete:
need:	[10062, 226, 12337]	[25062, 414, 27337],delete:
need:,delete:
need:	[16089, 330, 25250]	[1089, 145, 550]	[16089, 284, 21150],delete:
need:	[10232, 4, 7460]	[25232, 296, 22460],delete:
need:,delete:
need:,delete:	[27182, 345, 20947]	[20213, 345, 20947]	[3677, 160, 5947]
need:,delete:
need:	[24653, 296, 29260]	[9653, 145, 14727]	[9653, 4, 14260]	[24653, 284, 24618],delete:
need:,delete:	[16119, 369, 16260]
need:	[24134, 416, 28684]	[24134, 267, 22459],delete:
need:	[9884, 160, 7827]	[24884, 351, 22827],delete:
need:	[13908, 48, 8806]	[28908, 381, 23806]	[28908, 330, 23806],delete:
need:	[11032, 222, 1844]	[15192, 341, 16844],delete:
need:	[1802, 226, 2910]	[16802, 284, 22631],delete:
need:,delete:	[7985, 71, 8529]
need:	[3948, 226, 14188],delete:
need:	[4232, 4, 10067]	[4232, 205, 6556]	[19232, 296, 25067]	[19232, 284, 21556],delete:
need:	[13157, 78, 8612]	[28157, 344, 23612],delete:
need:	[14198, 160, 8264]	[23264, 369, 21501]	[29198, 351, 23264],delete:
need:	[14539, 75, 9216]	[22479, 311, 24216]	[27230, 311, 24216],delete:
need:	[1680, 151, 2082]	[16680, 368, 17082],delete:
need:	[29869, 351, 24619]	[28849, 286, 24619],delete:
need:	[14640, 4, 7460],delete:
need:	[257, 226, 11757]	[257, 226, 13630]	[15257, 414, 28630],delete:
need:	[6647, 78, 7255]	[6647, 61, 7255]	[21647, 402, 22255],delete:
need:,delete:
need:,delete:
need:	[23081, 330, 27089]	[8081, 159, 12089]	[8081, 145, 12089]	[23081, 364, 19177],delete:
need:	[1614, 4, 3199]	[16614, 284, 15946],delete:
need:,delete:	[353, 128, 2848]	[15353, 346, 17848]
need:	[13814, 145, 6233]	[28814, 364, 21233]	[16702, 364, 21233],delete:
need:,delete:	[25897, 336, 17799]	[9524, 15, 2799]	[2884, 15, 2799]
need:	[5349, 107, 3671]	[20349, 312, 18671]	[20349, 312, 28118],delete:
need:,delete:	[6223, 25, 5096]	[6223, 1, 6167]	[6223, 25, 9980]	[884, 75, 6223]	[18858, 304, 21223]	[15884, 311, 21223]	[24614, 304, 21223]	[21223, 352, 28299]	[25202, 304, 21223]	[26483, 304, 21223]	[20417, 304, 21223]	[21740, 304, 21223]
need:	[6542, 226, 11509]	[21542, 284, 25008],delete:
need:	[5853, 49, 4865]	[12758, 205, 5853]	[27758, 284, 20853]	[20853, 410, 19865],delete:
need:,delete:
need:	[3008, 226, 14025]	[18008, 414, 29025],delete:
need:	[4931, 61, 14457]	[19931, 321, 16476]	[19931, 344, 29457],delete:
need:	[3485, 226, 14244]	[18485, 414, 29244],delete:
need:	[3581, 202, 4707]	[3581, 7, 11463]	[18581, 293, 26463]	[18581, 252, 19707],delete:
need:	[12495, 205, 1906]	[19320, 284, 16906]	[27495, 284, 16906],delete:
need:	[9640, 33, 340]	[9640, 33, 3551]	[24640, 290, 15340],delete:
need:	[3084, 48, 649]	[18084, 311, 28300]	[18084, 364, 15649]	[18084, 381, 15649],delete:
need:	[13284, 151, 9330]	[24330, 267, 28284],delete:
need:	[13428, 226, 798]	[14059, 226, 798]	[15798, 351, 18432]	[28428, 414, 15798],delete:
need:	[2906, 48, 5123]	[17906, 330, 20123]	[17906, 381, 20123],delete:
need:,delete:	[19417, 414, 18108]
need:	[13014, 48, 556]	[23198, 344, 15556],delete:
need:,delete:	[15234, 303, 18320]
need:,delete:
need:,delete:
need:	[417, 4, 7576],delete:
need:,delete:	[21412, 259, 20849]
need:,delete:	[23555, 414, 16054]	[23555, 414, 16639]
need:	[3548, 205, 8251]	[3548, 4, 8833]	[18548, 296, 23833]	[18548, 284, 23251],delete:
need:	[8651, 81, 10579]	[23651, 414, 25579],delete:
need:,delete:
need:	[573, 226, 12678]	[573, 4, 5299],delete:
need:	[22175, 330, 15649]	[7175, 48, 649]	[22175, 364, 15649]	[22175, 414, 15649],delete:
need:	[22447, 284, 22752]	[7447, 226, 14683]	[22447, 296, 23467]	[7447, 169, 4121],delete:
need:	[20551, 410, 16955]	[5551, 49, 1955]	[13310, 160, 1955]	[14917, 49, 1955],delete:
need:,delete:
need:	[2521, 61, 12930]	[17521, 344, 27930],delete:
need:	[8018, 226, 9758]	[23018, 296, 15718],delete:
need:	[11491, 145, 2170]	[29647, 414, 17170]	[9146, 145, 2170],delete:
need:	[19876, 311, 27531],delete:
need:	[4206, 226, 10762]	[19206, 386, 16260],delete:
need:	[731, 240, 6123]	[15731, 280, 21123],delete:
need:	[2409, 151, 7571]	[2409, 78, 795]	[17409, 344, 15795],delete:
need:,delete:
need:	[9675, 75, 2401]	[24675, 381, 25625],delete:
need:,delete:	[24142, 250, 26372]
need:	[10328, 20, 3495]	[18171, 321, 18495],delete:
need:,delete:	[3150, 159, 13757]	[18150, 323, 18432]	[18150, 330, 28757]	[18150, 259, 20849]
need:,delete:
need:	[4839, 226, 5810]	[19839, 414, 20810],delete:
need:,delete:	[23984, 414, 16960]
need:	[6174, 51, 7704]	[21174, 416, 22704],delete:
need:	[8085, 151, 14023]	[23085, 344, 19679]	[29023, 267, 23085],delete:
need:	[15904, 366, 24328]	[5905, 145, 904]	[12565, 226, 904],delete:
need:	[2961, 49, 1774]	[16774, 293, 23989]	[24025, 352, 16774],delete:
need:	[5758, 42, 14245]	[20758, 250, 29245],delete:
need:	[7429, 160, 9205]	[22429, 248, 29153],delete:
need:,delete:
need:	[6796, 29, 10076]	[21796, 369, 25076],delete:
need:	[17780, 330, 27544]	[17780, 364, 19224],delete:
need:	[5599, 42, 10431]	[14562, 42, 10431]	[18577, 250, 25431],delete:
need:	[10480, 226, 7064]	[25480, 284, 24800],delete:
need:,delete:	[11134, 181, 7387]	[10709, 145, 7387]
need:,delete:
need:	[7417, 51, 12044]	[22417, 416, 27044],delete:
need:	[23438, 330, 19448]	[8438, 225, 14749]	[23438, 368, 25255],delete:
need:	[22999, 284, 17335]	[2335, 49, 11884],delete:
need:	[8238, 189, 8612]	[23238, 344, 23612],delete:
need:,delete:	[2915, 226, 6472]	[6472, 16, 2777]
need:	[8962, 159, 5694]	[9943, 48, 5694]	[23962, 311, 20694]	[20674, 364, 20694],delete:
need:	[12143, 4, 7868]	[22285, 296, 22868]	[7868, 160, 875],delete:
need:,delete:	[18413, 414, 19408]	[18413, 259, 20849]	[18413, 311, 28300]
need:	[4202, 226, 9825]	[19202, 296, 26822],delete:
need:,delete:
need:	[19449, 284, 21150]	[19449, 323, 15360]	[4449, 205, 6150],delete:
need:,delete:
need:,delete:
need:	[13765, 226, 919]	[17550, 414, 15919],delete:
need:	[10413, 169, 10557]	[25413, 411, 25557],delete:
need:	[19059, 296, 28519]	[4059, 145, 3030]	[19059, 284, 23251],delete:
need:	[20178, 330, 22660]	[12285, 48, 7660]	[22660, 384, 17777],delete:
need:	[3146, 189, 4177]	[18146, 344, 19177],delete:
need:	[7007, 49, 9652]	[22007, 351, 24652],delete:
need:	[4172, 205, 9806]	[19172, 311, 22696]	[19172, 284, 24806],delete:
need:	[6672, 200, 5628]	[14510, 226, 5628]	[27942, 414, 20628],delete:
need:	[21919, 311, 29920]	[21919, 330, 16054]	[21919, 284, 18910],delete:
need:	[8868, 226, 10035]	[23868, 284, 19004]	[8868, 159, 11992],delete:
need:	[6861, 169, 6637]	[6861, 226, 13633]	[21861, 323, 29943],delete:
need:	[5051, 168, 2974]	[20051, 269, 17974],delete:
need:	[28434, 351, 16532]	[9516, 49, 1532]	[22291, 351, 16532],delete:
need:	[9867, 226, 3431]	[24867, 414, 18431],delete:
need:	[20952, 311, 19722]	[20952, 414, 21214]	[20952, 414, 25538],delete:
need:	[6817, 75, 12531]	[6817, 205, 6150]	[21817, 311, 27531]	[21817, 304, 27531]	[21817, 284, 21150],delete:
need:,delete:	[21283, 414, 18108]	[6283, 75, 7696]
need:	[29398, 336, 15599]	[15599, 281, 27985]	[15599, 363, 27985],delete:
need:	[4155, 226, 6816]	[19155, 414, 21816],delete:
need:	[1878, 145, 14680]	[16878, 344, 29680]	[16878, 321, 20411],delete:
need:	[16702, 296, 21240]	[1702, 145, 2074]	[16702, 364, 21233]	[16702, 414, 27480],delete:
need:	[6032, 15, 4757]	[21032, 414, 21477]	[21032, 336, 19757],delete:
need:	[2998, 145, 3319]	[17998, 364, 18319]	[17998, 330, 18319],delete:
need:,delete:
need:	[2890, 160, 13312]	[17890, 351, 28312],delete:
need:	[6575, 226, 12679]	[21575, 414, 27679],delete:
need:	[3867, 226, 2351]	[2351, 113, 3998]	[25283, 344, 17351]	[28006, 344, 17351],delete:
need:	[18006, 303, 24938]	[18006, 284, 18889]	[18006, 284, 20886],delete:
need:,delete:	[4034, 71, 7077]
need:	[23478, 284, 29154]	[23478, 330, 19824]	[8478, 205, 14154]	[23478, 364, 22051],delete:
need:	[2604, 48, 14802]	[2604, 4, 9665]	[2604, 205, 13275]	[17604, 381, 29802]	[17604, 296, 24665]	[17604, 284, 28275],delete:
need:	[5373, 222, 4434]	[20373, 341, 19434],delete:
need:	[18167, 311, 27531]	[3167, 75, 12531]	[18167, 284, 22752],delete:
need:	[7300, 145, 12490]	[7300, 226, 8430]	[22300, 296, 27498]	[22300, 284, 24855]	[22300, 364, 27490],delete:
need:,delete:	[25407, 259, 20849]
need:	[2405, 46, 2733]	[13713, 46, 2733],delete:
need:	[1804, 226, 6250]	[14629, 226, 6250]	[541, 226, 6250],delete:
need:	[20935, 414, 25588]	[5935, 226, 14587],delete:
need:,delete:	[24506, 259, 20849]
need:	[16670, 248, 20482],delete:
need:	[7356, 205, 6556]	[7356, 226, 13384]	[22356, 284, 21556],delete:
need:	[8, 226, 12678]	[8, 169, 9307]	[15008, 296, 20299]	[15008, 409, 26417]	[15008, 304, 20261],delete:
need:,delete:	[17746, 413, 26945]	[28410, 344, 17746]	[2746, 53, 3622]	[2746, 113, 7212]
need:	[5144, 78, 14193]	[5144, 151, 13054]	[20144, 368, 28054]	[20144, 344, 29193],delete:
need:	[3041, 226, 14683]	[18041, 414, 29683],delete:
need:	[24336, 351, 29943]	[24336, 410, 23883]	[13676, 189, 9336]	[28676, 344, 24336],delete:
need:	[13129, 4, 5713],delete:
need:,delete:
need:,delete:	[12461, 226, 9158]	[1053, 226, 9158]	[9158, 160, 3432]	[1102, 226, 9158]	[24158, 271, 16260]	[24158, 356, 29981]	[24158, 260, 20143]	[16053, 414, 24158]	[21070, 414, 24158]	[16102, 414, 24158]
need:	[4008, 190, 950]	[4008, 160, 11586]	[19008, 290, 15950],delete:
need:	[22259, 414, 15031]	[29032, 414, 15031],delete:
need:	[7553, 151, 14177]	[29177, 267, 22553],delete:
need:	[1406, 205, 8741]	[2010, 205, 8741],delete:
need:	[15101, 330, 22026]	[15101, 414, 25588],delete:
need:	[12881, 205, 1286]	[27881, 284, 16286],delete:
need:,delete:
need:,delete:	[10255, 51, 10144]	[10103, 51, 10144]
need:	[6275, 50, 14955]	[21275, 248, 28656],delete:
need:	[22290, 271, 20618]	[6473, 226, 7290]	[22290, 248, 29955],delete:
need:	[9985, 151, 7663]	[24985, 368, 22663],delete:
need:	[24509, 323, 15360]	[9509, 205, 3328]	[24509, 330, 26810]	[24509, 306, 20386],delete:
need:	[4834, 156, 12015]	[19834, 303, 27015],delete:
need:	[12633, 20, 9841]	[14627, 20, 9841]	[27633, 321, 24841],delete:
need:	[4650, 20, 11712]	[19650, 321, 19976],delete:
need:	[26813, 296, 16258],delete:
need:	[1586, 172, 8742]	[16586, 293, 23742],delete:
need:	[23764, 411, 23407],delete:
need:	[5749, 205, 8488]	[5749, 4, 8662]	[5749, 226, 11959]	[20749, 284, 23488]	[20749, 296, 23662],delete:
need:	[21044, 271, 16260]	[21044, 410, 18432],delete:
need:	[8711, 226, 4557]	[23711, 414, 24222],delete:
need:	[29962, 344, 24436]	[26258, 344, 24436],delete:
need:	[3806, 33, 14326]	[18806, 290, 19847],delete:
need:,delete:
need:	[4391, 151, 1187]	[16187, 267, 19391]	[19391, 321, 15850],delete:
need:	[8194, 4, 6240]	[23194, 364, 25870]	[23194, 284, 29226]	[8194, 205, 14226],delete:
need:	[1430, 41, 7421]	[12102, 41, 7421],delete:
need:	[2388, 49, 843]	[17388, 351, 16008],delete:
need:	[20413, 381, 15047]	[20413, 284, 17462],delete:
need:,delete:	[1136, 226, 8098]	[1136, 226, 4540]	[16136, 386, 20618]	[16136, 381, 19821]
need:,delete:	[19258, 414, 23910]
need:	[7108, 46, 2733]	[7108, 41, 7000]	[22108, 248, 22000],delete:
need:	[5036, 49, 14556]	[12556, 196, 5036]	[20036, 396, 27556]	[27556, 396, 20036],delete:
need:	[5353, 145, 9439]	[20353, 364, 24439]	[20353, 330, 24439],delete:
need:	[28486, 341, 15750]	[15750, 248, 19454]	[27747, 341, 15750]	[17434, 341, 15750],delete:
need:	[2366, 226, 1453]	[17366, 414, 16453],delete:
need:	[8370, 151, 9193]	[9193, 78, 13380]	[24193, 344, 28380]	[24193, 267, 23370],delete:
need:	[2069, 194, 1608]	[14944, 194, 1608]	[16608, 369, 20618]	[29944, 274, 16608],delete:
need:	[2682, 226, 12580]	[2682, 205, 1429]	[17682, 414, 27580]	[17682, 313, 28433]	[17682, 284, 16429],delete:
need:	[28280, 414, 21418]	[23797, 414, 21418]	[13591, 226, 6418],delete:
need:,delete:	[15136, 259, 20849]
need:	[3881, 226, 6082]	[18881, 330, 22678],delete:
need:	[5023, 33, 2844]	[20023, 290, 17844],delete:
need:	[23036, 351, 29264]	[23036, 271, 16260],delete:
need:	[13087, 226, 4987]	[19987, 248, 21688],delete:
need:	[17763, 284, 15320]	[17763, 330, 15320],delete:
need:	[27487, 414, 19611]	[12487, 226, 4611]	[4993, 226, 4611],delete:
need:	[7819, 159, 14771]	[7819, 145, 7222]	[22819, 304, 27531]	[22819, 330, 29771]	[22819, 364, 22222],delete:
need:,delete:	[18588, 414, 24758]	[19393, 414, 24758]
need:	[20669, 364, 21902]	[5669, 226, 14386]	[5669, 226, 8284],delete:
need:,delete:	[5576, 190, 6065]
need:	[504, 205, 946]	[15504, 284, 15946]	[15504, 409, 26417],delete:
need:,delete:	[9776, 160, 3432]	[13545, 226, 9776]	[24776, 271, 16260]	[16888, 414, 24776]
need:	[3487, 151, 12300]	[27300, 267, 18487],delete:
need:,delete:	[15449, 259, 20849]
need:	[18508, 290, 18674]	[18508, 290, 23350],delete:
need:	[7270, 226, 9212]	[15682, 319, 24212],delete:
need:,delete:	[2568, 226, 8673]
need:	[4920, 226, 11187]	[19920, 259, 20849],delete:
need:	[8447, 159, 10267]	[23447, 284, 19030],delete:
need:,delete:	[10332, 4, 11393]	[10332, 145, 688]	[10332, 169, 12365]	[25332, 414, 20121]	[25332, 411, 27365]	[25332, 414, 20067]	[25332, 414, 23910]	[25332, 284, 15338]
need:	[16800, 364, 25545]	[16800, 381, 26349],delete:
need:,delete:
need:	[412, 160, 7400]	[15412, 351, 22400],delete:
need:,delete:	[25069, 250, 20312]
need:	[15339, 410, 18432]	[7604, 48, 339]	[339, 49, 3432],delete:
need:,delete:
need:	[9991, 160, 363]	[18788, 344, 24991]	[24173, 344, 24991],delete:
need:	[22915, 381, 19357]	[22915, 381, 20245],delete:
need:	[21144, 267, 27438],delete:
need:	[3602, 223, 13495]	[18602, 410, 27217],delete:
need:	[1606, 226, 169]	[1606, 226, 6443],delete:
need:	[4727, 160, 6039]	[29898, 411, 19727]	[14898, 169, 4727],delete:
need:	[12692, 226, 8886]	[3241, 226, 8886]	[944, 226, 8886]	[14404, 226, 8886]	[15944, 414, 23886],delete:
need:	[29067, 344, 17712],delete:
need:	[7018, 226, 10843]	[22018, 330, 16993]	[22018, 323, 18432]	[7018, 159, 14305],delete:
need:,delete:
need:,delete:
need:	[5518, 195, 4677]	[20518, 318, 19677],delete:
need:	[1999, 78, 12866]	[16999, 344, 27866],delete:
need:	[18761, 248, 18592]	[2482, 217, 3592]	[19879, 317, 18592],delete:
need:	[17536, 271, 16260]	[28086, 414, 17536]	[13086, 226, 2536]	[1382, 226, 2536]	[17536, 351, 16108],delete:
need:,delete:
need:	[7586, 226, 2536]	[22586, 330, 23432],delete:
need:	[6152, 205, 8107]	[6152, 4, 8662]	[6152, 75, 12531]	[21152, 296, 23662]	[21152, 284, 23107],delete:
need:	[19866, 330, 21928]	[19866, 364, 21928],delete:
need:	[22315, 248, 22223]	[7315, 99, 5291]	[22315, 318, 15572],delete:
need:,delete:	[21716, 345, 18380]	[9957, 49, 3380]	[604, 160, 3380]	[29546, 345, 18380]
need:,delete:	[3469, 169, 6091]	[3469, 205, 2855]	[3469, 226, 8659]	[18469, 259, 20849]	[18469, 414, 23659]	[18469, 284, 17855]
need:	[16832, 284, 17183]	[16832, 381, 23083]	[1832, 226, 4987],delete:
need:	[5843, 226, 4521]	[20843, 259, 20849],delete:
need:	[2708, 41, 2833],delete:
need:	[6732, 226, 7491]	[21732, 311, 22696],delete:
need:,delete:	[21728, 259, 20849]
need:,delete:	[9755, 226, 5727]	[9755, 226, 4987]
need:	[8569, 139, 2040],delete:
need:,delete:	[8680, 48, 1764]	[8643, 159, 1764]	[6697, 48, 1764]	[13855, 48, 1764]	[7917, 48, 1764]	[18295, 381, 16764]	[26608, 381, 16764]	[23643, 330, 16764]	[23643, 341, 16764]	[20132, 381, 16764]	[18242, 381, 16764]	[23680, 381, 16764]	[25108, 381, 16764]
need:	[1178, 41, 9246]	[16178, 248, 24246],delete:
need:	[29861, 411, 22560]	[1097, 169, 7560]	[23268, 411, 22560],delete:
need:	[15025, 259, 20849]	[25, 226, 12157],delete:
need:	[8930, 169, 9307]	[8930, 205, 2462]	[23930, 284, 17462]	[23930, 411, 24307],delete:
need:	[7130, 4, 7373]	[1564, 4, 7373]	[12077, 4, 7373],delete:
need:	[6595, 69, 2833]	[28150, 317, 17833]	[13150, 41, 2833],delete:
need:	[7904, 226, 1709]	[22904, 409, 26417],delete:
need:	[24688, 414, 20203]	[28057, 414, 20203]	[25631, 414, 20203],delete:
need:,delete:	[231, 41, 9477]
need:	[9593, 41, 3190]	[12100, 41, 3190]	[27100, 248, 18190],delete:
need:	[3981, 226, 10437]	[4090, 226, 10437]	[25437, 410, 23883]	[14713, 226, 10437],delete:
need:	[5360, 226, 12722]	[20360, 414, 22886],delete:
need:	[8257, 61, 12427]	[8257, 78, 12427]	[23257, 344, 27427],delete:
need:	[18981, 411, 28609]	[3981, 226, 14822],delete:
need:	[2407, 226, 6874],delete:
need:	[6299, 29, 1260]	[6299, 79, 3432]	[12673, 41, 6299],delete:
need:	[6066, 4, 13968]	[6066, 205, 8251]	[21066, 296, 28968]	[21066, 284, 23251],delete:
need:,delete:	[16211, 259, 20849]
need:	[5678, 145, 7750]	[20678, 364, 22750],delete:
need:,delete:	[7510, 48, 2304]
need:	[3382, 160, 1008]	[3382, 33, 4568]	[18382, 351, 16008],delete:
need:	[7484, 151, 12244]	[27244, 267, 22484],delete:
need:	[23209, 344, 28975]	[23209, 344, 28575]	[8209, 61, 7314],delete:
need:	[14156, 157, 43]	[14156, 188, 43]	[29156, 412, 15043],delete:
need:	[11246, 160, 10076]	[12410, 160, 10076],delete:
need:	[12699, 160, 8786]	[27699, 351, 23786],delete:
need:	[10468, 226, 1340]	[25468, 311, 24216],delete:
need:	[7283, 226, 12083]	[22283, 386, 16260]	[22283, 414, 27083],delete:
need:	[19601, 284, 16065]	[19601, 330, 15362]	[4601, 145, 12490],delete:
need:	[27883, 407, 22082],delete:
need:,delete:	[2350, 61, 8283]	[2350, 78, 8283]	[17350, 344, 23283]	[17350, 321, 26712]
need:	[240, 189, 13705]	[15240, 344, 28705],delete:
need:,delete:	[21593, 259, 20849]
need:	[3952, 226, 12169]	[3952, 169, 13430]	[18952, 411, 28430]	[18952, 364, 29727]	[18952, 284, 19096],delete:
need:	[3119, 226, 4031]	[18119, 311, 27531],delete:
need:,delete:
need:	[16965, 414, 15427],delete:
need:,delete:	[15286, 304, 24485]	[15286, 414, 23557]
need:,delete:	[5764, 154, 13271]
need:,delete:	[899, 103, 3432]	[899, 29, 1260]	[15872, 321, 15899]	[27576, 321, 15899]	[19816, 321, 15899]
need:	[9267, 48, 11349]	[9267, 145, 12927]	[24267, 364, 27927]	[24267, 311, 25571]	[24267, 330, 18765],delete:
need:	[7981, 157, 3429]	[22981, 387, 18429],delete:
need:	[2324, 159, 4556]	[13081, 159, 4556],delete:
need:	[7092, 226, 7682]	[7092, 4, 3263]	[7092, 205, 11030]	[22092, 296, 18263]	[22092, 284, 26030],delete:
need:,delete:
need:	[20003, 381, 25221]	[20003, 296, 21107]	[20003, 330, 19168],delete:
need:,delete:	[22865, 386, 20618]
need:,delete:	[5532, 160, 5345]
need:	[9137, 23, 14074]	[24137, 259, 29074],delete:
need:	[462, 226, 470]	[15462, 311, 28300]	[15462, 330, 16696],delete:
need:	[22345, 296, 15718],delete:
need:,delete:
need:	[2822, 151, 1031]	[16031, 267, 17822],delete:
need:,delete:
need:,delete:	[9243, 41, 3887]	[22490, 248, 18887]	[1698, 41, 3887]
need:	[4092, 169, 14803]	[4092, 226, 10315]	[19092, 364, 16418]	[19092, 411, 29803]	[19092, 284, 26317],delete:
need:	[13672, 226, 3173]	[6349, 226, 3173]	[1890, 226, 3173]	[28672, 414, 18173],delete:
need:	[7430, 226, 904]	[22430, 364, 19089]	[22430, 414, 15904],delete:
need:	[28833, 414, 25415],delete:
need:	[3140, 151, 13750]	[29, 151, 3140]	[28750, 267, 18140]	[18140, 267, 15029],delete:
need:	[8017, 103, 380]	[23017, 293, 15380],delete:
need:	[17234, 284, 25988]	[2234, 205, 10988]	[17234, 330, 19540],delete:
need:,delete:	[3445, 205, 6117]	[18445, 259, 20849]	[18445, 284, 21117]
need:	[24676, 296, 25154]	[24676, 284, 18640],delete:
need:	[190, 151, 12546]	[27546, 267, 15190],delete:
need:	[3779, 226, 5819]	[18779, 414, 26394]	[18779, 296, 17349],delete:
need:	[25481, 351, 27765]	[6919, 226, 10481],delete:
need:	[6875, 205, 8279]	[21875, 284, 23279]	[21875, 409, 26417],delete:
need:,delete:	[13679, 205, 3355]
need:	[9925, 226, 13242]	[9925, 226, 8430],delete:
need:,delete:	[7330, 160, 10527]	[22330, 351, 25527]
need:	[6068, 49, 9920]	[21068, 351, 24920],delete:
