6674	26062
2938	22326
8319	27707
5470	24858
7630	27018
4577	23965
9250	28638
9575	28963
10103	29491
2218	21606
7305	26693
6120	25508
2685	22073
4513	23901
8279	27667
9534	28922
9492	28880
7808	27196
10395	29783
9656	29044
9633	29021
427	19815
3568	22956
6295	25683
2133	21521
9289	28677
5626	25014
9985	29373
1296	20684
5456	24844
2010	21398
4729	24117
7045	26433
5372	24760
3520	22908
4784	24172
7969	27357
1847	21235
8235	27623
5851	25239
940	20328
2046	21434
9650	29038
6705	26093
6264	25652
8851	28239
10332	29720
2108	21496
3018	22406
3917	23305
4423	23811
4382	23770
8112	27500
1700	21088
529	19917
7654	27042
1232	20620
10042	29430
8664	28052
7167	26555
3859	23247
4704	24092
4718	24106
9121	28509
6739	26127
6652	26040
9857	29245
3352	22740
2559	21947
3491	22879
2543	21931
5361	24749
1951	21339
9436	28824
7105	26493
8486	27874
2345	21733
8697	28085
7966	27354
1157	20545
175	19563
6917	26305
6544	25932
1620	21008
6320	25708
1212	20600
7511	26899
7491	26879
7862	27250
6512	25900
873	20261
3756	23144
10005	29393
9680	29068
8862	28250
2340	21728
2162	21550
7153	26541
881	20269
831	20219
404	19792
3601	22989
5188	24576
4038	23426
8183	27571
1368	20756
6256	25644
5546	24934
6035	25423
6590	25978
7342	26730
6309	25697
5683	25071
4981	24369
8691	28079
1114	20502
2756	22144
2774	22162
9688	29076
9843	29231
5599	24987
7856	27244
2438	21826
7445	26833
8287	27675
7227	26615
5288	24676
10335	29723
2017	21405
7028	26416
10386	29774
7735	27123
611	19999
3934	23322
914	20302
8837	28225
1788	21176
10408	29796
1636	21024
2869	22257
1870	21258
1652	21040
2102	21490
7033	26421
5239	24627
1886	21274
4146	23534
9176	28564
6784	26172
10176	29564
7253	26641
6444	25832
4007	23395
7267	26655
9244	28632
9452	28840
2091	21479
7474	26862
8303	27691
6203	25591
8547	27935
5856	25244
8975	28363
9347	28735
5278	24666
4661	24049
1103	20491
7214	26602
5175	24563
652	20040
6814	26202
8462	27850
5156	24544
2375	21763
5369	24757
409	19797
1877	21265
8038	27426
3800	23188
5721	25109
8006	27394
8075	27463
6645	26033
7715	27103
5803	25191
56	19444
6684	26072
4200	23588
4286	23674
7519	26907
1861	21249
9886	29274
3662	23050
4883	24271
4462	23850
9993	29381
1837	21225
6476	25864
7953	27341
2310	21698
3434	22822
5436	24824
3331	22719
7475	26863
8866	28254
6411	25799
324	19712
4507	23895
7479	26867
2295	21683
7692	27080
2532	21920
1550	20938
6648	26036
1244	20632
3562	22950
3851	23239
4352	23740
4697	24085
10406	29794
8073	27461
8333	27721
7374	26762
2127	21515
8430	27818
8965	28353
483	19871
9235	28623
3232	22620
8152	27540
4812	24200
4300	23688
6694	26082
5689	25077
6442	25830
8617	28005
233	19621
7455	26843
4493	23881
8197	27585
4595	23983
2406	21794
6143	25531
4825	24213
5877	25265
7821	27209
2721	22109
8955	28343
2307	21695
10258	29646
7933	27321
2595	21983
3724	23112
1584	20972
5423	24811
753	20141
8966	28354
5552	24940
9435	28823
8160	27548
1629	21017
9837	29225
993	20381
1155	20543
7380	26768
1631	21019
3339	22727
5594	24982
7668	27056
759	20147
4624	24012
3952	23340
1543	20931
9977	29365
4551	23939
6068	25456
3335	22723
4738	24126
10110	29498
4946	24334
5214	24602
7708	27096
7891	27279
9234	28622
8590	27978
6636	26024
8852	28240
2604	21992
5376	24764
3148	22536
8721	28109
6876	26264
7990	27378
10181	29569
118	19506
8640	28028
3486	22874
5455	24843
1671	21059
8501	27889
2432	21820
8745	28133
4214	23602
325	19713
4255	23643
930	20318
68	19456
5573	24961
10290	29678
85	19473
3100	22488
7112	26500
9883	29271
3334	22722
5541	24929
5110	24498
618	20006
3475	22863
5309	24697
2288	21676
921	20309
6387	25775
596	19984
87	19475
10353	29741
3439	22827
4237	23625
6716	26104
8402	27790
9145	28533
841	20229
1257	20645
776	20164
2479	21867
8674	28062
1150	20538
60	19448
2352	21740
4457	23845
8587	27975
3542	22930
3837	23225
5912	25300
4142	23530
7729	27117
8846	28234
7694	27082
5263	24651
8606	27994
1038	20426
1434	20822
9128	28516
10079	29467
92	19480
5135	24523
5824	25212
3848	23236
877	20265
10277	29665
134	19522
765	20153
535	19923
9264	28652
5718	25106
8110	27498
6099	25487
9717	29105
2419	21807
6547	25935
9271	28659
1633	21021
2401	21789
4424	23812
7404	26792
7742	27130
10230	29618
6292	25680
9550	28938
9366	28754
6709	26097
146	19534
7786	27174
10407	29795
4945	24333
6848	26236
637	20025
9769	29157
5664	25052
6190	25578
6881	26269
8732	28120
8570	27958
5660	25048
7998	27386
3197	22585
8580	27968
5637	25025
3083	22471
9704	29092
9278	28666
2494	21882
9113	28501
2165	21553
5924	25312
4186	23574
9696	29084
3887	23275
5635	25023
9055	28443
2513	21901
2528	21916
9332	28720
931	20319
3453	22841
9810	29198
10330	29718
9723	29111
7831	27219
4868	24256
6922	26310
4294	23682
4115	23503
3874	23262
2687	22075
8341	27729
8653	28041
5908	25296
7568	26956
9172	28560
747	20135
5982	25370
8845	28233
3864	23252
5118	24506
8594	27982
1986	21374
3892	23280
2567	21955
4090	23478
4796	24184
9338	28726
9614	29002
1508	20896
3533	22921
1180	20568
5486	24874
4996	24384
4022	23410
7781	27169
5875	25263
10383	29771
10436	29824
464	19852
6656	26044
6816	26204
4563	23951
6336	25724
1769	21157
9757	29145
9490	28878
2142	21530
6196	25584
540	19928
9489	28877
8421	27809
10458	29846
6677	26065
4933	24321
2936	22324
4182	23570
9606	28994
4331	23719
8927	28315
1907	21295
3698	23086
133	19521
5146	24534
2644	22032
9690	29078
9714	29102
3889	23277
2496	21884
8314	27702
10378	29766
10322	29710
5296	24684
6724	26112
1743	21131
8799	28187
4100	23488
1303	20691
8162	27550
9641	29029
534	19922
320	19708
8372	27760
2061	21449
698	20086
823	20211
9373	28761
6319	25707
4444	23832
9327	28715
3442	22830
8017	27405
2620	22008
3561	22949
1721	21109
3087	22475
3675	23063
9773	29161
5460	24848
8005	27393
5465	24853
4395	23783
5901	25289
6577	25965
1176	20564
8749	28137
1274	20662
9929	29317
9809	29197
8423	27811
10238	29626
9002	28390
9014	28402
677	20065
4939	24327
3224	22612
1051	20439
388	19776
4484	23872
7099	26487
1294	20682
5001	24389
7482	26870
3933	23321
6317	25705
8566	27954
9226	28614
625	20013
725	20113
3101	22489
7433	26821
25	19413
3407	22795
6813	26201
6149	25537
476	19864
2507	21895
416	19804
8954	28342
5791	25179
2926	22314
9628	29016
3836	23224
7643	27031
3806	23194
3789	23177
6269	25657
4465	23853
2727	22115
6370	25758
685	20073
63	19451
5187	24575
7014	26402
222	19610
7472	26860
9071	28459
9909	29297
1747	21135
5557	24945
5645	25033
7514	26902
9333	28721
4407	23795
2707	22095
2418	21806
1761	21149
5503	24891
2582	21970
9828	29216
9321	28709
4610	23998
2856	22244
1307	20695
3599	22987
3875	23263
8818	28206
6129	25517
9213	28601
2999	22387
1949	21337
3481	22869
8771	28159
6058	25446
4014	23402
9533	28921
1578	20966
6144	25532
5861	25249
286	19674
9599	28987
4209	23597
5099	24487
9475	28863
8827	28215
1533	20921
791	20179
10025	29413
4819	24207
5591	24979
7566	26954
3868	23256
6001	25389
6946	26334
6703	26091
4505	23893
288	19676
3250	22638
3072	22460
2451	21839
6906	26294
5584	24972
8960	28348
4837	24225
6406	25794
5837	25225
8248	27636
8614	28002
10321	29709
4706	24094
8088	27476
116	19504
4703	24091
5919	25307
4383	23771
7163	26551
9221	28609
9935	29323
6874	26262
9734	29122
4993	24381
5507	24895
843	20231
2741	22129
9017	28405
4875	24263
6238	25626
2633	22021
8161	27549
6388	25776
4412	23800
4586	23974
5485	24873
8084	27472
10146	29534
2981	22369
6039	25427
3705	23093
9594	28982
381	19769
4080	23468
7092	26480
1525	20913
3994	23382
8751	28139
4965	24353
5261	24649
521	19909
367	19755
5706	25094
6023	25411
10370	29758
5659	25047
7449	26837
9938	29326
5772	25160
3908	23296
2060	21448
6410	25798
6497	25885
6248	25636
2000	21388
5794	25182
361	19749
3696	23084
9750	29138
2317	21705
10488	29876
7868	27256
4974	24362
5903	25291
4774	24162
7111	26499
2913	22301
8803	28191
5274	24662
1037	20425
4536	23924
3506	22894
5136	24524
8700	28088
929	20317
7107	26495
8531	27919
8263	27651
3164	22552
8714	28102
4517	23905
1977	21365
1677	21065
705	20093
10046	29434
6732	26120
980	20368
8967	28355
6991	26379
3670	23058
3902	23290
10476	29864
8107	27495
923	20311
8406	27794
6210	25598
9018	28406
6855	26243
2388	21776
7698	27086
8420	27808
8899	28287
10249	29637
6717	26105
7211	26599
9293	28681
975	20363
7365	26753
10002	29390
5391	24779
8357	27745
1377	20765
3066	22454
3258	22646
10345	29733
3937	23325
6148	25536
2581	21969
5231	24619
6796	26184
1376	20764
5038	24426
709	20097
3397	22785
46	19434
8536	27924
7148	26536
3285	22673
1332	20720
5841	25229
8990	28378
3014	22402
5936	25324
8897	28285
2624	22012
10387	29775
3881	23269
10100	29488
7691	27079
2395	21783
7619	27007
8133	27521
3665	23053
9079	28467
2818	22206
98	19486
5034	24422
7334	26722
2331	21719
7913	27301
2168	21556
2541	21929
543	19931
5085	24473
8643	28031
2098	21486
4309	23697
1556	20944
2085	21473
4844	24232
4724	24112
9382	28770
7119	26507
3597	22985
3525	22913
4153	23541
2813	22201
692	20080
8935	28323
5279	24667
9854	29242
113	19501
2710	22098
4602	23990
3386	22774
4339	23727
7437	26825
6192	25580
1693	21081
2966	22354
4481	23869
5658	25046
664	20052
6449	25837
1825	21213
2679	22067
9463	28851
1609	20997
10362	29750
4266	23654
3436	22824
2816	22204
3735	23123
121	19509
6701	26089
5619	25007
1	19389
1826	21214
6563	25951
3362	22750
9694	29082
5539	24927
7391	26779
7044	26432
227	19615
3880	23268
3493	22881
4260	23648
4176	23564
2302	21690
2776	22164
8892	28280
54	19442
2110	21498
9519	28907
1563	20951
141	19529
6930	26318
5213	24601
8849	28237
7231	26619
6958	26346
2904	22292
5139	24527
4378	23766
1558	20946
6426	25814
5103	24491
7046	26434
2256	21644
2399	21787
4878	24266
8157	27545
1572	20960
9709	29097
9774	29162
9406	28794
10376	29764
6431	25819
8826	28214
2425	21813
3112	22500
1300	20688
3383	22771
6539	25927
4242	23630
132	19520
28	19416
7129	26517
3271	22659
2020	21408
4305	23693
7689	27077
3748	23136
9898	29286
7618	27006
5303	24691
1170	20558
9617	29005
7314	26702
1920	21308
4529	23917
6257	25645
9988	29376
1315	20703
7098	26486
8293	27681
9465	28853
9195	28583
1903	21291
497	19885
7132	26520
9189	28577
7636	27024
6817	26205
5807	25195
5320	24708
9434	28822
9031	28419
2879	22267
3854	23242
733	20121
10416	29804
2268	21656
9074	28462
4501	23889
2964	22352
10360	29748
6098	25486
3722	23110
8113	27501
2554	21942
7504	26892
7234	26622
6233	25621
10409	29797
7675	27063
6575	25963
100	19488
1995	21383
2304	21692
3923	23311
9331	28719
2351	21739
10206	29594
8178	27566
9253	28641
2915	22303
3879	23267
10463	29851
2313	21701
1414	20802
6624	26012
8025	27413
8327	27715
1064	20452
6949	26337
5728	25116
124	19512
9908	29296
8646	28034
7189	26577
7326	26714
2767	22155
4862	24250
3144	22532
2681	22069
5694	25082
8166	27554
6762	26150
1709	21097
8242	27630
4799	24187
7235	26623
4619	24007
7447	26835
2612	22000
142	19530
8582	27970
815	20203
7531	26919
4326	23714
6162	25550
8946	28334
2203	21591
9941	29329
4973	24361
9186	28574
1568	20956
7422	26810
4532	23920
9232	28620
3235	22623
8488	27876
9362	28750
6478	25866
3631	23019
2875	22263
6843	26231
3944	23332
5185	24573
3566	22954
1618	21006
6671	26059
7513	26901
7614	27002
3200	22588
6232	25620
3639	23027
6897	26285
8139	27527
1474	20862
3485	22873
9905	29293
7444	26832
966	20354
3589	22977
3593	22981
2381	21769
2113	21501
9114	28502
293	19681
470	19858
1596	20984
4756	24144
9317	28705
4527	23915
3408	22796
10112	29500
1052	20440
3649	23037
6342	25730
2638	22026
326	19714
8662	28050
790	20178
2270	21658
7429	26817
10349	29737
6595	25983
5386	24774
5932	25320
1544	20932
5340	24728
9008	28396
2712	22100
9517	28905
651	20039
1426	20814
8165	27553
6259	25647
1897	21285
686	20074
3305	22693
3141	22529
6181	25569
4400	23788
8012	27400
9672	29060
1359	20747
5255	24643
8602	27990
4235	23623
4075	23463
4362	23750
773	20161
224	19612
933	20321
1626	21014
3612	23000
8918	28306
7702	27090
2998	22386
7051	26439
6895	26283
5422	24810
1639	21027
9576	28964
5817	25205
1402	20790
2170	21558
9069	28457
5804	25192
6219	25607
7561	26949
4782	24170
8876	28264
2621	22009
7494	26882
5468	24856
5998	25386
1039	20427
2196	21584
4181	23569
161	19549
821	20209
1313	20701
1468	20856
5008	24396
9792	29180
9298	28686
5078	24466
1944	21332
6760	26148
2960	22348
3814	23202
1590	20978
2034	21422
4477	23865
7218	26606
2287	21675
6002	25390
130	19518
2781	22169
8652	28040
7872	27260
7816	27204
4957	24345
10205	29593
3424	22812
5419	24807
4739	24127
3861	23249
6173	25561
4983	24371
9093	28481
9851	29239
5151	24539
1619	21007
10014	29402
8163	27551
3477	22865
8079	27467
7055	26443
10495	29883
8144	27532
10237	29625
7617	27005
9927	29315
5855	25243
8281	27669
3986	23374
6524	25912
8035	27423
2691	22079
3521	22909
6890	26278
5221	24609
932	20320
4288	23676
4970	24358
4023	23411
612	20000
2766	22154
659	20047
5551	24939
3755	23143
4439	23827
7403	26791
5286	24674
4052	23440
10202	29590
9973	29361
10371	29759
10012	29400
3313	22701
8553	27941
4232	23620
853	20241
2411	21799
422	19810
5555	24943
633	20021
1169	20557
8474	27862
3307	22695
1780	21168
7488	26876
7465	26853
1645	21033
4121	23509
1306	20694
7454	26842
9635	29023
2817	22205
6011	25399
6044	25432
7501	26889
6483	25871
5191	24579
7301	26689
1813	21201
5190	24578
7329	26717
9737	29125
2080	21468
9023	28411
3136	22524
8790	28178
9222	28610
7903	27291
3926	23314
8828	28216
4368	23756
3244	22632
3708	23096
1226	20614
1811	21199
1815	21203
3465	22853
3438	22826
112	19500
3106	22494
193	19581
6598	25986
1172	20560
607	19995
4191	23579
6236	25624
6865	26253
10414	29802
2976	22364
6366	25754
5618	25006
2533	21921
8589	27977
7103	26491
6935	26323
2469	21857
10092	29480
4130	23518
5832	25220
6137	25525
4958	24346
7324	26712
8831	28219
1546	20934
7939	27327
6156	25544
6767	26155
1859	21247
4483	23871
23	19411
5781	25169
623	20011
1162	20550
3077	22465
3272	22660
6122	25510
5113	24501
8823	28211
8687	28075
2457	21845
1985	21373
8031	27419
2893	22281
6456	25844
2393	21781
557	19945
3782	23170
6963	26351
9926	29314
2006	21394
3995	23383
3890	23278
6877	26265
1147	20535
9548	28936
6396	25784
9796	29184
6467	25855
8309	27697
353	19741
2640	22028
8167	27555
973	20361
10052	29440
8258	27646
3454	22842
1710	21098
4188	23576
5880	25268
4391	23779
6289	25677
2417	21805
8634	28022
2498	21886
9313	28701
372	19760
3410	22798
117	19505
1878	21266
6604	25992
9958	29346
4694	24082
8024	27412
3659	23047
7307	26695
2383	21771
7290	26678
468	19856
6925	26313
8323	27711
2937	22325
7517	26905
65	19453
502	19890
533	19921
2714	22102
6540	25928
7316	26704
219	19607
8182	27570
2876	22264
9225	28613
2996	22384
829	20217
475	19863
816	20204
2069	21457
3489	22877
1119	20507
1753	21141
7470	26858
3275	22663
5621	25009
4353	23741
7461	26849
6332	25720
5870	25258
8108	27496
9995	29383
9299	28687
5058	24446
5236	24624
6158	25546
3304	22692
2298	21686
8489	27877
9798	29186
3834	23222
4422	23810
10218	29606
5580	24968
5475	24863
7625	27013
1774	21162
8875	28263
5225	24613
2734	22122
8000	27388
2785	22173
3539	22927
7506	26894
6125	25513
7416	26804
2884	22272
10122	29510
5153	24541
165	19553
7065	26453
6085	25473
10214	29602
5426	24814
5542	24930
5443	24831
7193	26581
794	20182
7411	26799
1040	20428
4009	23397
2413	21801
9491	28879
7075	26463
6748	26136
6484	25872
817	20205
10320	29708
330	19718
2231	21619
9569	28957
7133	26521
4543	23931
7386	26774
307	19695
4059	23447
2160	21548
4098	23486
3911	23299
7382	26770
4411	23799
9168	28556
5585	24973
10067	29455
5735	25123
688	20076
822	20210
9205	28593
1034	20422
7421	26809
5055	24443
3657	23045
8627	28015
6970	26358
4111	23499
5393	24781
9458	28846
2311	21699
3423	22811
8717	28105
3830	23218
8351	27739
8709	28097
10254	29642
9664	29052
5850	25238
128	19516
6871	26259
1532	20920
7083	26471
6324	25712
5625	25013
6350	25738
4911	24299
4854	24242
9733	29121
2953	22341
8002	27390
9564	28952
2606	21994
1687	21075
10211	29599
4936	24324
2618	22006
3876	23264
3767	23155
4731	24119
4585	23973
5545	24933
7423	26811
2872	22260
1263	20651
7685	27073
7751	27139
4372	23760
10283	29671
10021	29409
3316	22704
6911	26299
6628	26016
9808	29196
10070	29458
1329	20717
5792	25180
3981	23369
780	20168
663	20051
1884	21272
8773	28161
9799	29187
1808	21196
9644	29032
1267	20655
6492	25880
10138	29526
6413	25801
8014	27402
342	19730
379	19767
5543	24931
10207	29595
1783	21171
9494	28882
3188	22576
5321	24709
7859	27247
9543	28931
5767	25155
7141	26529
7295	26683
9776	29164
9592	28980
6993	26381
9560	28948
3231	22619
7736	27124
7747	27135
3140	22528
3444	22832
8811	28199
9583	28971
4685	24073
3266	22654
7556	26944
7125	26513
8291	27679
7034	26422
4794	24182
5770	25158
7798	27186
5318	24706
9061	28449
4637	24025
2745	22133
8466	27854
943	20331
4342	23730
10101	29489
4174	23562
5427	24815
4863	24251
6591	25979
9496	28884
6407	25795
5956	25344
10180	29568
7021	26409
8009	27397
8478	27866
1184	20572
4083	23471
9859	29247
7703	27091
1471	20859
4779	24167
137	19525
3935	23323
2475	21863
9877	29265
3062	22450
9249	28637
5383	24771
1622	21010
6306	25694
2524	21912
7989	27377
9630	29018
4116	23504
4088	23476
9971	29359
3721	23109
2065	21453
7216	26604
6415	25803
4272	23660
1094	20482
8396	27784
8561	27949
7799	27187
910	20298
7388	26776
9745	29133
3947	23335
9431	28819
1082	20470
6653	26041
7336	26724
3578	22966
2689	22077
9453	28841
764	20152
2929	22317
8001	27389
3055	22443
3590	22978
5753	25141
1500	20888
4764	24152
4659	24047
9378	28766
3938	23326
3111	22499
1715	21103
6856	26244
3370	22758
2177	21565
4828	24216
1218	20606
3483	22871
1844	21232
8581	27969
8315	27703
2083	21471
8109	27497
3402	22790
1021	20409
7720	27108
4388	23776
6473	25861
4055	23443
5165	24553
5021	24409
724	20112
3536	22924
8964	28352
2373	21761
6775	26163
830	20218
7315	26703
6937	26325
4998	24386
1891	21279
3405	22793
3152	22540
2301	21689
412	19800
4843	24231
5633	25021
5647	25035
5374	24762
210	19598
4460	23848
7773	27161
3447	22835
9371	28759
437	19825
1807	21195
2751	22139
441	19829
9571	28959
1651	21039
6475	25863
5943	25331
4187	23575
432	19820
5080	24468
6665	26053
9198	28586
6689	26077
5729	25117
9587	28975
7366	26754
5083	24471
3715	23103
964	20352
8936	28324
948	20336
8724	28112
2134	21522
3445	22833
9142	28530
294	19682
3543	22931
1028	20416
1057	20445
7803	27191
10410	29798
800	20188
7198	26586
4767	24155
3776	23164
1049	20437
5335	24723
3598	22986
6470	25858
8738	28126
9215	28603
4688	24076
6046	25434
6735	26123
7615	27003
2504	21892
1982	21370
6692	26080
1906	21294
2792	22180
6176	25564
5923	25311
1691	21079
5711	25099
8813	28201
5122	24510
6377	25765
5847	25235
5505	24893
957	20345
3560	22948
7807	27195
496	19884
7559	26947
8871	28259
4474	23862
413	19801
9473	28861
3760	23148
1607	20995
593	19981
9788	29176
8938	28326
3865	23253
9403	28791
9847	29235
4308	23696
10029	29417
6293	25681
10499	29887
7232	26620
10097	29485
3006	22394
7923	27311
9265	28653
489	19877
10084	29472
308	19696
10071	29459
5681	25069
4742	24130
9255	28643
10427	29815
1966	21354
920	20308
10041	29429
7960	27348
2690	22078
4928	24316
6495	25883
3798	23186
8573	27961
5224	24612
7516	26904
2229	21617
6849	26237
10266	29654
1854	21242
1015	20403
9115	28503
4413	23801
2997	22385
5782	25170
6331	25719
5697	25085
6853	26241
2164	21552
5951	25339
7841	27229
8070	27458
8350	27738
6886	26274
4801	24189
9173	28561
1024	20412
5723	25111
7527	26915
1302	20690
5576	24964
7797	27185
9155	28543
7463	26851
1655	21043
7408	26796
5292	24680
343	19731
6858	26246
1062	20450
107	19495
3684	23072
7765	27153
8996	28384
5699	25087
6532	25920
2853	22241
6427	25815
5018	24406
3716	23104
970	20358
1793	21181
2822	22210
1909	21297
2797	22185
4692	24080
1703	21091
7117	26505
2394	21782
4097	23485
640	20028
3409	22797
10081	29469
3116	22504
5925	25313
4447	23835
7812	27200
8713	28101
8597	27985
8064	27452
3359	22747
8126	27514
10235	29623
9819	29207
1933	21321
674	20062
390	19778
9361	28749
7009	26397
5079	24467
3689	23077
6000	25388
3975	23363
2439	21827
9979	29367
1186	20574
4390	23778
4847	24235
6314	25702
3621	23009
5745	25133
7097	26485
7877	27265
8345	27733
7272	26660
9584	28972
5935	25323
681	20069
4219	23607
8220	27608
8644	28032
244	19632
716	20104
5736	25124
3279	22667
3390	22778
9802	29190
7259	26647
7890	27278
7067	26455
10265	29653
1941	21329
3120	22508
3189	22577
6471	25859
1019	20407
8151	27539
10143	29531
1189	20577
2892	22280
6747	26135
9706	29094
6329	25717
8624	28012
1362	20750
1477	20865
1608	20996
7242	26630
10327	29715
9545	28933
5476	24864
5775	25163
1491	20879
7471	26859
8093	27481
721	20109
9789	29177
1998	21386
9852	29240
6261	25649
9528	28916
701	20089
5737	25125
4672	24060
10404	29792
2838	22226
5181	24569
101	19489
6193	25581
3325	22713
6538	25926
5287	24675
202	19590
6602	25990
3333	22721
9096	28484
6655	26043
6838	26226
8225	27613
9511	28899
2815	22203
9838	29226
6566	25954
3145	22533
4778	24166
4852	24240
289	19677
4085	23473
3709	23097
6103	25491
7008	26396
9083	28471
10068	29456
2178	21566
1606	20994
6462	25850
6291	25679
10462	29850
3499	22887
8431	27819
9339	28727
6812	26200
2588	21976
5421	24809
4128	23516
10224	29612
8669	28057
8119	27507
1436	20824
6296	25684
1831	21219
4197	23585
1418	20806
1616	21004
3092	22480
1355	20743
318	19706
4201	23589
4750	24138
4815	24203
6050	25438
6084	25472
10149	29537
833	20221
909	20297
3311	22699
8458	27846
9930	29318
795	20183
1489	20877
6340	25728
3692	23080
4494	23882
5816	25204
6266	25654
7957	27345
6640	26028
4627	24015
328	19716
950	20338
9169	28557
7658	27046
3901	23289
8495	27883
5887	25275
3177	22565
5975	25363
2409	21797
9582	28970
9392	28780
10220	29608
2377	21765
4600	23988
9761	29149
9878	29266
7987	27375
10319	29707
1680	21068
8124	27512
5511	24899
7640	27028
3515	22903
838	20226
1214	20602
8306	27694
9820	29208
332	19720
8339	27727
2537	21925
8855	28243
7827	27215
7782	27170
8558	27946
3893	23281
6428	25816
8628	28016
5640	25028
3354	22742
5217	24605
7659	27047
8847	28235
10467	29855
5527	24915
4607	23995
7435	26823
8588	27976
8788	28176
2051	21439
3843	23231
2014	21402
8883	28271
8296	27684
5359	24747
8591	27979
4552	23940
6934	26322
8782	28170
665	20053
2175	21563
9947	29335
3537	22925
2361	21749
905	20293
4427	23815
7181	26569
6882	26270
5430	24818
1867	21255
8766	28154
50	19438
6756	26144
2474	21862
8275	27663
5039	24427
2758	22146
2619	22007
3688	23076
9829	29217
2332	21720
2344	21732
2244	21632
1959	21347
2048	21436
3774	23162
2428	21816
264	19652
5104	24492
5206	24594
6356	25744
7233	26621
8227	27615
7238	26626
5453	24841
2835	22223
4350	23738
9086	28474
5556	24944
10155	29543
5952	25340
6834	26222
8450	27838
9949	29337
3381	22769
9470	28858
7910	27298
4636	24024
8451	27839
7528	26916
6912	26300
9965	29353
1855	21243
4212	23600
6988	26376
9261	28649
1682	21070
4759	24147
9307	28695
9201	28589
6206	25594
689	20077
1726	21114
6626	26014
8542	27930
1988	21376
8910	28298
1924	21312
9019	28407
4293	23681
6075	25463
2733	22121
10405	29793
75	19463
744	20132
2095	21483
10088	29476
2924	22312
10123	29511
6111	25499
103	19491
8455	27843
4418	23806
7127	26515
2515	21903
488	19876
3790	23178
4657	24045
740	20128
801	20189
8838	28226
2659	22047
7945	27333
509	19897
6367	25755
7967	27355
6905	26293
4907	24295
5819	25207
3797	23185
2262	21650
2094	21482
5047	24435
4954	24342
480	19868
2628	22016
7126	26514
7645	27033
8579	27967
7870	27258
8705	28093
9270	28658
1098	20486
8741	28129
1347	20735
6429	25817
3623	23011
8817	28205
9736	29124
8977	28365
6961	26349
1030	20418
3972	23360
6215	25603
4028	23416
1601	20989
5093	24481
3741	23129
4955	24343
9118	28506
262	19650
7673	27061
6558	25946
3664	23052
3133	22521
4621	24009
8047	27435
8105	27493
5212	24600
3914	23302
4247	23635
8415	27803
1171	20559
4893	24281
9021	28409
6458	25846
3178	22566
595	19983
3369	22757
8260	27648
1357	20745
7337	26725
9026	28414
8176	27564
9677	29065
926	20314
2222	21610
17	19405
2799	22187
3838	23226
1882	21270
2058	21446
6868	26256
6171	25559
6172	25560
493	19881
5631	25019
460	19848
1261	20649
2931	22319
5879	25267
4152	23540
8596	27984
4895	24283
867	20255
3855	23243
8312	27700
8019	27407
3418	22806
8668	28056
3635	23023
4671	24059
544	19932
7057	26445
309	19697
3827	23215
1245	20633
5934	25322
4655	24043
5299	24687
658	20046
1461	20849
9020	28408
6968	26356
5111	24499
6964	26352
1722	21110
992	20380
5748	25136
3979	23367
6066	25454
7793	27181
3658	23046
3497	22885
6984	26372
3905	23293
10167	29555
6622	26010
1177	20565
8207	27595
7792	27180
3376	22764
5481	24869
3780	23168
7487	26875
3373	22761
6091	25479
10305	29693
491	19879
7393	26781
10493	29881
7468	26856
5333	24721
8816	28204
1600	20988
5147	24535
4820	24208
6820	26208
8848	28236
1902	21290
4786	24174
8292	27680
4387	23775
7010	26398
5739	25127
1794	21182
4716	24104
9103	28491
2502	21890
4769	24157
4381	23769
1086	20474
5666	25054
7938	27326
2208	21596
9646	29034
2466	21854
5392	24780
3737	23125
4686	24074
10480	29868
7184	26572
3233	22621
8159	27547
5252	24640
7446	26834
5107	24495
6842	26230
377	19765
5939	25327
4044	23432
5668	25056
7895	27283
2023	21411
10418	29806
8603	27991
2804	22192
10351	29739
7210	26598
1816	21204
4240	23628
223	19611
2052	21440
7135	26523
9450	28838
6554	25942
9439	28827
153	19541
10171	29559
6981	26369
7543	26931
8637	28025
8800	28188
5900	25288
7367	26755
7361	26749
3416	22804
5652	25040
4138	23526
9429	28817
8062	27450
2282	21670
3985	23373
4909	24297
41	19429
1139	20527
7616	27004
106	19494
1511	20899
8049	27437
8456	27844
1856	21244
20	19408
8850	28238
2576	21964
1570	20958
4011	23399
3636	23024
7879	27267
1133	20521
1340	20728
2874	22262
6854	26242
6902	26290
9777	29165
91	19479
1497	20885
1542	20930
6621	26009
1499	20887
5183	24571
2471	21859
6460	25848
2979	22367
4971	24359
6174	25562
6189	25577
2878	22266
1482	20870
1707	21095
3288	22676
10007	29395
10447	29835
4160	23548
3	19391
472	19860
639	20027
3894	23282
573	19961
9506	28894
6381	25769
22	19410
9791	29179
8695	28083
5200	24588
7498	26886
9904	29292
10412	29800
2371	21759
203	19591
5833	25221
322	19710
6180	25568
190	19578
7860	27248
7749	27137
2956	22344
1994	21382
5795	25183
425	19813
6646	26034
9505	28893
9303	28691
4205	23593
9352	28740
7985	27373
6599	25987
8551	27939
2948	22336
9943	29331
273	19661
6024	25412
6160	25548
1264	20652
10221	29609
1215	20603
6008	25396
6515	25903
6308	25696
9237	28625
2839	22227
8858	28246
8399	27787
8832	28220
5620	25008
6057	25445
29	19417
7165	26553
8737	28125
10022	29410
9348	28736
3796	23184
1989	21377
6016	25404
695	20083
561	19949
6662	26050
9622	29010
8187	27575
518	19906
7651	27039
5184	24572
393	19781
10209	29597
6262	25650
9467	28855
5849	25237
8635	28023
9481	28869
5262	24650
9759	29147
7128	26516
9542	28930
182	19570
7800	27188
7688	27076
2366	21754
4435	23823
2316	21704
3746	23134
4081	23469
4177	23565
1661	21049
2330	21718
2827	22215
4944	24332
3076	22464
4409	23797
6536	25924
8270	27658
9861	29249
7949	27337
7766	27154
8143	27531
2391	21779
76	19464
2901	22289
5964	25352
5698	25086
9976	29364
6828	26216
2194	21582
1685	21073
1479	20867
2100	21488
7681	27069
4032	23420
1734	21122
851	20239
2191	21579
6208	25596
6801	26189
8433	27821
4575	23963
1043	20431
7796	27184
7780	27168
9591	28979
9516	28904
1885	21273
3301	22689
5930	25318
8768	28156
1358	20746
1917	21305
5473	24861
1692	21080
7086	26474
861	20249
492	19880
10109	29497
31	19419
2864	22252
6579	25967
3723	23111
6800	26188
7918	27306
3041	22429
1851	21239
3555	22943
3251	22639
2577	21965
7500	26888
3764	23152
852	20240
8154	27542
1664	21052
855	20243
8863	28251
4482	23870
3738	23126
9520	28908
6086	25474
4165	23553
4856	24244
1144	20532
9267	28655
613	20001
5944	25332
6231	25619
2264	21652
334	19722
669	20057
3022	22410
1591	20979
6776	26164
3753	23141
5759	25147
9972	29360
5578	24966
6508	25896
8727	28115
6322	25710
4084	23472
7043	26431
4792	24180
7943	27331
4730	24118
1560	20948
626	20014
5518	24906
4772	24160
9793	29181
2542	21930
2609	21997
6436	25824
6464	25852
9306	28694
6523	25911
1088	20476
8039	27427
9097	28485
7755	27143
5726	25114
6616	26004
5665	25053
5169	24557
1895	21283
2611	21999
1875	21263
4589	23977
9206	28594
7276	26664
670	20058
4995	24383
8046	27434
9835	29223
1395	20783
4370	23758
661	20049
600	19988
3411	22799
4935	24323
7546	26934
5764	25152
2398	21786
2782	22170
4393	23781
218	19606
2596	21984
7147	26535
3717	23105
8370	27758
2921	22309
1483	20871
1879	21267
7473	26861
10073	29461
7026	26414
2954	22342
9183	28571
6976	26364
1219	20607
9000	28388
4051	23439
9824	29212
8537	27925
7621	27009
1751	21139
5005	24393
2368	21756
4841	24229
4599	23987
5865	25253
3752	23140
857	20245
9125	28513
212	19600
10065	29453
7544	26932
9956	29344
3518	22906
8212	27600
8068	27456
5276	24664
7871	27259
5176	24564
4124	23512
3818	23206
7164	26552
3496	22884
1823	21211
479	19867
4901	24289
439	19827
2050	21438
3575	22963
2622	22010
1149	20537
9572	28960
10364	29752
10020	29408
168	19556
6743	26131
4140	23528
9974	29362
3176	22564
10287	29675
8221	27609
8468	27856
7810	27198
8881	28269
7348	26736
8180	27568
8510	27898
38	19426
2790	22178
8299	27687
8841	28229
6130	25518
9395	28783
6425	25813
2900	22288
1229	20617
1827	21215
482	19870
1771	21159
9498	28886
9131	28519
9126	28514
9615	29003
172	19560
5868	25256
3007	22395
9509	28897
7252	26640
3025	22413
3302	22690
2584	21972
5222	24610
7390	26778
8982	28370
6090	25478
2443	21831
866	20254
4010	23398
1409	20797
5750	25138
3873	23261
3024	22412
7682	27070
358	19746
5157	24545
8894	28282
3142	22530
5854	25242
462	19850
8534	27922
2021	21409
5751	25139
2973	22361
10160	29548
3736	23124
6759	26147
3061	22449
10106	29494
7545	26933
2202	21590
6774	26162
10156	29544
6947	26335
5756	25144
4035	23423
9937	29325
131	19519
6867	26255
4665	24053
6904	26292
3523	22911
4322	23710
9500	28888
9896	29284
8792	28180
9260	28648
5325	24713
5364	24752
6786	26174
5033	24421
5201	24589
10179	29567
5441	24829
8512	27900
927	20315
2731	22119
10443	29831
2284	21672
1161	20549
9328	28716
8616	28004
9647	29035
8519	27907
6718	26106
5644	25032
8480	27868
5271	24659
3028	22416
9217	28605
5813	25201
7405	26793
1148	20536
2460	21848
6432	25820
6531	25919
3765	23153
1311	20699
5123	24511
6018	25406
5193	24581
5950	25338
7843	27231
7917	27305
787	20175
6975	26363
9884	29272
4590	23978
8765	28153
8815	28203
6159	25547
3592	22980
8546	27934
5381	24769
2107	21495
1101	20489
2945	22333
8304	27692
80	19468
1702	21090
6597	25985
5774	25162
7642	27030
5494	24882
5464	24852
3199	22587
6869	26257
2093	21481
3982	23370
9273	28661
1076	20464
1432	20820
2013	21401
4757	24145
4874	24262
4758	24146
10049	29437
8091	27479
4555	23943
9980	29368
7657	27045
433	19821
5152	24540
5940	25328
7646	27034
499	19887
2527	21915
8	19396
854	20242
6663	26051
236	19624
4896	24284
6955	26343
2355	21743
5220	24608
9329	28717
7820	27208
7311	26699
6841	26229
5655	25043
1260	20648
8215	27603
4620	24008
6885	26273
8278	27666
7263	26651
5341	24729
3587	22975
9695	29083
10215	29603
1730	21118
4263	23651
3492	22880
5760	25148
2036	21424
9290	28678
4415	23803
7653	27041
3777	23165
5714	25102
6025	25413
4976	24364
4319	23707
10497	29885
588	19976
5567	24955
1181	20569
5914	25302
7485	26873
5086	24474
9873	29261
4375	23763
8369	27757
5600	24988
7052	26440
752	20140
7789	27177
3799	23187
9285	28673
517	19905
8045	27433
4480	23868
3943	23331
3155	22543
3954	23342
9514	28902
6481	25869
4625	24013
5966	25354
3847	23235
10127	29515
4347	23735
9280	28668
3913	23301
5763	25151
5653	25041
10032	29420
3134	22522
5749	25137
6424	25812
5172	24560
9188	28576
8174	27562
4359	23747
1054	20442
6017	25405
6499	25887
6071	25459
4899	24287
9693	29081
7138	26526
6455	25843
2346	21734
2305	21693
8274	27662
9184	28572
6873	26261
3298	22686
2031	21419
2325	21713
7115	26503
9981	29369
1061	20449
1889	21277
4735	24123
4006	23394
9268	28656
3296	22684
2073	21461
5980	25368
8520	27908
5679	25067
1635	21023
9130	28518
2342	21730
6633	26021
2511	21899
1190	20578
9011	28399
2890	22278
5661	25049
9277	28665
6534	25922
1781	21169
1911	21299
5289	24677
6107	25495
6282	25670
3970	23358
5867	25255
5592	24980
386	19774
7120	26508
1205	20593
7327	26715
8464	27852
3498	22886
3802	23190
8805	28193
5608	24996
7638	27026
8490	27878
7959	27347
1242	20630
1308	20696
2135	21523
4179	23567
498	19886
4892	24280
7100	26488
407	19795
1496	20884
3653	23041
2616	22004
2654	22042
6209	25597
6067	25455
7457	26845
2201	21589
6644	26032
8867	28255
4149	23537
4426	23814
211	19599
1838	21226
4282	23670
8754	28142
8839	28227
717	20105
7686	27074
8825	28213
5673	25061
3754	23142
6941	26329
5209	24597
5611	24999
3181	22569
6758	26146
627	20015
5203	24591
6022	25410
1450	20838
3431	22819
1437	20825
7291	26679
804	20192
3283	22671
333	19721
8284	27672
8076	27464
7554	26942
7395	26783
5897	25285
9749	29137
8508	27896
1421	20809
2552	21940
3885	23273
2441	21829
3046	22434
8094	27482
4809	24197
3727	23115
10153	29541
7678	27066
7106	26494
4562	23950
6667	26055
163	19551
6973	26361
6605	25993
8549	27937
3110	22498
8762	28150
6	19394
3810	23198
9135	28523
5691	25079
7958	27346
7997	27385
1195	20583
6482	25870
8239	27627
8676	28064
9612	29000
4498	23886
6225	25613
6434	25822
10303	29691
1742	21130
2688	22076
5282	24670
4612	24000
1923	21311
6883	26271
9839	29227
8522	27910
2615	22003
1668	21056
490	19878
2076	21464
3624	23012
7734	27122
9623	29011
9478	28866
3033	22421
5129	24517
6253	25641
3360	22748
9752	29140
10403	29791
6395	25783
5360	24748
4541	23929
10062	29450
9077	28465
4057	23445
9532	28920
5973	25361
9058	28446
7154	26542
5358	24746
2	19390
1535	20923
2868	22256
8704	28092
5444	24832
3324	22712
7523	26911
1758	21146
4651	24039
3261	22649
4931	24319
1120	20508
1297	20685
3123	22511
6866	26254
380	19768
6661	26049
906	20294
5496	24884
4950	24338
7360	26748
7855	27243
9964	29352
3877	23265
5740	25128
6364	25752
9740	29128
5899	25287
5353	24741
3419	22807
5615	25003
7082	26470
4994	24382
4929	24317
3294	22682
10392	29780
3987	23375
1466	20854
6680	26068
528	19916
10275	29663
4702	24090
2326	21714
4777	24165
1075	20463
6109	25497
9640	29028
3964	23352
4613	24001
2449	21837
784	20172
2333	21721
5256	24644
9607	28995
2252	21640
10314	29702
6634	26022
3040	22428
4496	23884
8973	28361
10015	29403
4117	23505
1749	21137
147	19535
7669	27057
2969	22357
4687	24075
6378	25766
1566	20954
4369	23757
6608	25996
2629	22017
8763	28151
8550	27938
6808	26196
3220	22608
1896	21284
884	20272
1513	20901
6132	25520
6204	25592
5566	24954
7462	26850
3965	23353
3168	22556
5838	25226
8877	28265
3239	22627
1799	21187
5469	24857
8514	27902
3808	23196
6183	25571
9557	28945
2186	21574
2239	21627
5150	24538
5378	24766
8528	27916
4751	24139
5886	25274
8300	27688
7424	26812
6969	26357
9304	28692
8121	27509
2297	21685
359	19747
4881	24269
2336	21724
8559	27947
5959	25347
4736	24124
7926	27314
1400	20788
8368	27756
5720	25108
10442	29830
4433	23821
602	19990
2338	21726
2426	21814
4020	23408
5290	24678
4312	23700
1874	21262
2990	22378
1736	21124
8211	27599
9764	29152
1735	21123
5590	24978
1567	20955
7723	27111
3118	22506
1945	21333
3910	23298
6441	25829
9510	28898
9245	28633
1365	20753
3858	23246
6020	25408
382	19770
9787	29175
6386	25774
7256	26644
7402	26790
9590	28978
2806	22194
1411	20799
4709	24097
5560	24948
6782	26170
311	19699
5211	24599
3783	23171
4968	24356
1045	20433
4797	24185
5634	25022
3154	22542
3559	22947
6649	26037
5310	24698
5533	24921
2556	21944
1438	20826
7363	26751
2138	21526
10013	29401
5	19393
7373	26761
947	20335
4591	23979
9931	29319
4943	24331
484	19872
2086	21474
9541	28929
5801	25189
8630	28018
5528	24916
7598	26986
8251	27639
1070	20458
10191	29579
3160	22548
6974	26362
10325	29713
1317	20705
9099	28487
3195	22583
8802	28190
5549	24937
3450	22838
2759	22147
7160	26548
5328	24716
9342	28730
418	19806
5498	24886
3049	22437
5994	25382
3996	23384
778	20166
8219	27607
8769	28157
3135	22523
9399	28787
5396	24784
8854	28242
4576	23964
159	19547
3794	23182
6451	25839
1118	20506
5413	24801
746	20134
1220	20608
6252	25640
8301	27689
6545	25933
8882	28270
7829	27217
10019	29407
4515	23903
6337	25725
7177	26565
2851	22239
4279	23667
3773	23161
9052	28440
4745	24133
2600	21988
5478	24866
3277	22665
6850	26238
1967	21355
2468	21856
8794	28182
1325	20713
6819	26207
4583	23971
925	20313
1243	20631
5158	24546
8098	27486
10472	29860
3358	22746
2951	22339
2643	22031
5403	24791
3108	22496
1248	20636
624	20012
370	19758
9397	28785
1829	21217
5747	25135
3171	22559
1036	20424
7250	26638
8238	27626
280	19668
1185	20573
7979	27367
9868	29256
1457	20845
261	19649
4592	23980
4818	24206
2987	22375
3287	22675
8329	27717
1278	20666
2221	21609
8950	28338
3119	22507
7219	26607
5277	24665
7064	26452
7817	27205
7768	27156
7746	27134
6420	25808
9540	28928
435	19823
2553	21941
4126	23514
84	19472
3219	22607
644	20032
9705	29093
5009	24397
2752	22140
3191	22579
9645	29033
7490	26878
4158	23546
5972	25360
619	20007
456	19844
6688	26076
8869	28257
889	20277
5371	24759
4164	23552
807	20195
9841	29229
541	19929
6088	25476
946	20334
2551	21939
7066	26454
4605	23993
6945	26333
8175	27563
9655	29043
2232	21620
1344	20732
3278	22666
9309	28697
591	19979
2667	22055
7840	27228
6948	26336
2379	21767
4360	23748
7677	27065
5428	24816
1510	20898
4824	24212
9057	28445
7573	26961
9324	28712
2708	22096
5871	25259
2709	22097
8742	28130
3107	22495
5240	24628
1865	21253
3105	22493
10267	29655
5198	24586
3714	23102
1796	21184
3466	22854
5586	24974
4925	24313
5927	25315
4299	23687
9765	29153
4728	24116
2773	22161
937	20325
3260	22648
9869	29257
1095	20483
248	19636
1778	21166
4790	24178
3201	22589
7244	26632
5957	25345
1894	21282
7984	27372
5938	25326
1540	20928
4073	23461
3571	22959
8192	27580
9783	29171
150	19538
9946	29334
4015	23403
5492	24880
335	19723
1304	20692
2166	21554
6421	25809
6414	25802
9659	29047
10308	29696
961	20349
5662	25050
6298	25686
5370	24758
4348	23736
9262	28650
5790	25178
3971	23359
5997	25385
315	19703
8905	28293
2660	22048
556	19944
6246	25634
9738	29126
3641	23029
6840	26228
2506	21894
4869	24257
6390	25778
3003	22391
4544	23932
5885	25273
3591	22979
9129	28517
9589	28977
7258	26646
660	20048
2335	21723
2486	21874
9297	28685
8535	27923
5949	25337
2433	21821
4045	23433
4013	23401
9581	28969
2636	22024
2634	22022
375	19763
2446	21834
3494	22882
6733	26121
6245	25633
3256	22644
4681	24069
4884	24272
6983	26371
844	20232
7750	27138
718	20106
7016	26404
8693	28081
6505	25893
8056	27444
549	19937
4338	23726
5205	24593
7887	27275
8968	28356
1654	21042
9756	29144
6051	25439
4438	23826
7845	27233
4077	23465
6014	25402
1419	20807
5581	24969
4715	24103
4244	23632
9150	28538
8347	27735
4951	24339
3032	22420
2530	21918
5065	24453
8978	28366
8631	28019
1206	20594
2789	22177
4112	23500
6038	25426
8972	28360
4989	24377
3064	22452
2972	22360
7680	27068
2367	21755
9888	29276
7914	27302
3804	23192
4860	24248
7223	26611
4241	23629
1341	20729
8461	27849
9430	28818
9547	28935
5815	25203
7529	26917
4546	23934
9562	28950
7389	26777
1493	20881
7040	26428
1122	20510
8932	28320
1592	20980
157	19545
3519	22907
6660	26048
3167	22555
9708	29096
3541	22929
5097	24485
2190	21578
6985	26373
9468	28856
7508	26896
2715	22103
1135	20523
9919	29307
2831	22219
6722	26110
9806	29194
3759	23147
9842	29230
9751	29139
5810	25198
8123	27511
2944	22332
10076	29464
2923	22311
2434	21822
9495	28883
3326	22714
2674	22062
10431	29819
2762	22150
4668	24056
6369	25757
9578	28966
6100	25488
2672	22060
5272	24660
2686	22074
9670	29058
9231	28619
4669	24057
7483	26871
3318	22706
8681	28069
7744	27132
9899	29287
8233	27621
8971	28359
4159	23547
3009	22397
5613	25001
4905	24293
5076	24464
4419	23807
8171	27559
6134	25522
4574	23962
3125	22513
9881	29269
3819	23207
9713	29101
1423	20811
4683	24071
8621	28009
6734	26122
4317	23705
8752	28140
6031	25419
6986	26374
1887	21275
9864	29252
9438	28826
5467	24855
6459	25847
567	19955
5357	24745
6799	26187
2639	22027
3960	23348
9030	28418
1925	21313
5171	24559
7558	26946
4573	23961
872	20260
7146	26534
8353	27741
3941	23329
4902	24290
9588	28976
5564	24952
1757	21145
7582	26970
1069	20457
1768	21156
9211	28599
10197	29585
7298	26686
5876	25264
402	19790
9369	28757
8280	27668
4972	24360
10453	29841
4064	23452
10346	29734
2561	21949
4432	23820
49	19437
563	19951
3115	22503
6551	25939
30	19418
1973	21361
2274	21662
6950	26338
2497	21885
6287	25675
2728	22116
6824	26212
7161	26549
7925	27313
525	19913
6778	26166
9580	28968
5670	25058
7952	27340
6870	26258
5087	24475
3490	22878
5155	24543
4261	23649
5531	24919
239	19627
10354	29742
9051	28439
10163	29551
7312	26700
4012	23400
5649	25037
7192	26580
1027	20415
3312	22700
6087	25475
7273	26661
8654	28042
9472	28860
7663	27051
8317	27705
7415	26803
6479	25867
8061	27449
9139	28527
7761	27149
1802	21190
455	19843
569	19957
8404	27792
8834	28222
8203	27591
8496	27884
9671	29059
3234	22622
4224	23612
10190	29578
7940	27328
1106	20494
3704	23092
1108	20496
2749	22137
2859	22247
774	20162
2562	21950
6766	26154
5981	25369
5822	25210
6588	25976
6654	26042
5000	24388
9619	29007
672	20060
9867	29255
5330	24718
7335	26723
2146	21534
3643	23031
6967	26355
10289	29677
2008	21396
9834	29222
408	19796
1627	21015
3396	22784
917	20305
10008	29396
4233	23621
9165	28553
2867	22255
7626	27014
8449	27837
2984	22372
2289	21677
5266	24654
1674	21062
3464	22852
2180	21568
3906	23294
8240	27628
5207	24595
3169	22557
8934	28322
7795	27183
7236	26624
10368	29756
2205	21593
8106	27494
2243	21631
5448	24836
4473	23861
560	19948
955	20343
9066	28454
3680	23068
158	19546
9257	28645
9308	28696
1183	20571
10098	29486
4531	23919
8758	28146
305	19693
4027	23415
9022	28410
8268	27656
3966	23354
7753	27141
4321	23709
2035	21423
2503	21891
9675	29063
6164	25552
9164	28552
6549	25937
775	20163
3899	23287
8436	27824
5614	25002
3638	23026
3961	23349
5471	24859
6359	25747
8544	27932
8736	28124
2359	21747
5947	25335
9552	28940
1832	21220
1167	20555
7822	27210
8283	27671
8236	27624
4047	23435
1518	20906
10446	29834
7157	26545
4278	23666
9849	29237
8232	27620
8989	28377
2841	22229
3514	22902
9660	29048
6522	25910
5204	24592
1910	21298
5863	25251
4265	23653
6844	26232
59	19447
6847	26235
2403	21791
369	19757
8948	28336
3957	23345
5857	25245
3295	22683
10391	29779
3228	22616
7175	26563
4553	23941
392	19780
2314	21702
8411	27799
5067	24455
9242	28630
3634	23022
1354	20742
3435	22823
8648	28036
2275	21663
167	19555
4067	23455
10158	29546
6384	25772
3897	23285
4675	24063
1018	20406
1806	21194
6581	25969
1022	20410
9631	29019
6932	26320
8775	28163
5437	24825
8949	28337
10439	29827
8529	27917
2233	21621
6641	26029
9107	28495
1862	21250
2462	21850
6061	25449
2572	21960
10187	29575
3699	23087
4538	23926
4644	24032
9353	28741
1840	21228
6150	25538
7159	26547
396	19784
9513	28901
48	19436
1662	21050
1363	20751
7354	26742
750	20138
885	20273
10252	29640
6962	26350
3002	22390
500	19888
2172	21560
10178	29566
2568	21956
3422	22810
8684	28072
5013	24401
1408	20796
1981	21369
2082	21470
9530	28918
72	19460
6005	25393
299	19687
6556	25944
919	20307
5624	25012
6354	25742
3382	22770
7648	27036
8375	27763
8812	28200
2300	21688
7439	26827
5406	24794
8201	27589
4832	24220
10231	29619
9106	28494
10077	29465
179	19567
7221	26609
1669	21057
2645	22033
4373	23761
3611	22999
8498	27886
9318	28706
3319	22707
4054	23442
3238	22626
3595	22983
9987	29375
6954	26342
2140	21528
1079	20467
2163	21551
8656	28044
3510	22898
5889	25277
10475	29863
6060	25448
7758	27146
5368	24756
6380	25768
3216	22604
6933	26321
9597	28985
9167	28555
2746	22134
3332	22720
6978	26366
7178	26566
8189	27577
9493	28881
394	19782
7922	27310
301	19689
8149	27537
4371	23759
2658	22046
10486	29874
3060	22448
3157	22545
7928	27316
9068	28456
4292	23680
1820	21208
5420	24808
9455	28843
9874	29262
4207	23595
2583	21971
2487	21875
258	19646
520	19908
5044	24432
9385	28773
7304	26692
10343	29731
3293	22681
8909	28297
7039	26427
6335	25723
444	19832
5504	24892
684	20072
44	19432
9254	28642
21	19409
4654	24042
5238	24626
7013	26401
1077	20465
5987	25375
6490	25878
5872	25260
7306	26694
6200	25588
3963	23351
6994	26382
4367	23755
3395	22783
6195	25583
5356	24744
5978	25366
5116	24504
1719	21107
8872	28260
5909	25297
3842	23230
9735	29123
8385	27773
2544	21932
9418	28806
200	19588
5831	25219
3811	23199
2637	22025
6270	25658
1012	20400
1690	21078
4776	24164
4210	23598
5120	24508
1729	21117
7853	27241
5143	24531
1922	21310
10126	29514
4394	23782
9778	29166
6398	25786
2454	21842
9401	28789
4248	23636
9283	28671
7036	26424
6514	25902
4402	23790
2124	21512
5036	24424
2254	21642
10069	29457
4690	24078
7058	26446
5678	25066
7275	26663
3323	22711
401	19789
9862	29250
8066	27454
728	20116
1454	20842
3932	23320
1569	20957
732	20120
6463	25851
9502	28890
282	19670
606	19994
8757	28145
2430	21818
2557	21945
8609	27997
3652	23040
7521	26909
7565	26953
8984	28372
1754	21142
4198	23586
3757	23145
5365	24753
7583	26971
5049	24437
10089	29477
5510	24898
10356	29744
7552	26940
9911	29299
276	19664
2327	21715
3891	23279
1007	20395
2312	21700
3406	22794
3713	23101
5130	24518
5958	25346
6723	26111
5738	25126
871	20259
2396	21784
4891	24279
5990	25378
4606	23994
3707	23095
2357	21745
4333	23721
7377	26765
997	20385
6487	25875
3628	23016
3053	22441
1475	20863
7269	26657
2150	21538
7095	26483
3787	23175
9015	28403
6920	26308
4749	24137
6727	26115
3084	22472
3355	22743
1547	20935
52	19440
8604	27992
2057	21445
6251	25639
4354	23742
751	20139
3225	22613
5314	24702
10411	29799
2445	21833
9561	28949
9563	28951
8666	28054
9642	29030
7478	26866
3832	23220
3833	23221
6271	25659
3706	23094
1035	20423
3051	22439
2676	22064
1127	20515
7412	26800
1921	21309
2197	21585
7054	26442
10338	29726
604	19992
2501	21889
10078	29466
6888	26276
89	19477
7481	26869
6901	26289
9252	28640
9204	28592
9732	29120
9216	28604
9600	28988
7070	26458
5096	24484
1961	21349
8156	27544
5095	24483
6781	26169
3831	23219
2895	22283
8784	28172
5548	24936
7319	26707
4443	23831
4623	24011
10177	29565
3170	22558
4396	23784
5057	24445
10199	29587
171	19559
2226	21614
6385	25773
6223	25611
7476	26864
6197	25585
9179	28567
2280	21668
2365	21753
5638	25026
2526	21914
2026	21414
5241	24629
6926	26314
3162	22550
9897	29285
2329	21717
7460	26848
8940	28328
1425	20813
4506	23894
7970	27358
1738	21126
1003	20391
403	19791
4556	23944
2217	21605
5983	25371
9825	29213
6353	25741
7520	26908
6846	26234
7777	27165
7612	27000
936	20324
2415	21803
3921	23309
8414	27802
5352	24740
5988	25376
8499	27887
7897	27285
2281	21669
6670	26058
126	19514
5399	24787
4512	23900
9715	29103
5268	24656
1405	20793
9326	28714
8272	27660
8158	27546
5765	25153
7541	26929
1916	21304
6787	26175
5452	24840
292	19680
6826	26214
6136	25524
9682	29070
1246	20634
895	20283
3004	22392
1649	21037
785	20173
3711	23099
9300	28688
9889	29277
5250	24638
3852	23240
3210	22598
7684	27072
8379	27767
4078	23466
3988	23376
2130	21518
1131	20519
255	19643
739	20127
5338	24726
7578	26966
8401	27789
806	20194
8538	27926
9132	28520
8675	28063
8365	27753
3037	22425
6301	25689
1392	20780
8740	28128
9408	28796
9414	28802
4092	23480
4642	24030
7644	27032
1504	20892
9657	29045
7709	27097
1605	20993
1334	20722
1960	21348
7571	26959
471	19859
1312	20700
1117	20505
2210	21598
4440	23828
10263	29651
7655	27043
524	19912
7347	26735
1549	20937
7756	27144
7279	26667
754	20142
8980	28368
1254	20642
1665	21053
8389	27777
2949	22337
10115	29503
1383	20771
7884	27272
4622	24010
2522	21910
6681	26069
4430	23818
114	19502
9102	28490
6864	26252
2598	21986
3610	22998
6504	25892
827	20215
3441	22829
2739	22127
2786	22174
6695	26083
6477	25865
9367	28755
7023	26411
7590	26978
9138	28526
2308	21696
4626	24014
6837	26225
9246	28634
9871	29259
6770	26158
4629	24017
3785	23173
2742	22130
1801	21189
9281	28669
2564	21952
6989	26377
10286	29674
7131	26519
6956	26344
5045	24433
7585	26973
4049	23437
9743	29131
3421	22809
4428	23816
7212	26600
8419	27807
654	20042
2826	22214
4700	24088
3047	22435
10253	29641
4467	23855
5779	25167
188	19576
1063	20451
2703	22091
93	19481
5144	24532
6678	26066
4705	24093
275	19663
1932	21320
506	19894
2477	21865
1008	20396
7310	26698
1492	20880
1817	21205
8367	27755
8584	27972
1224	20612
5911	25299
1105	20493
7963	27351
10382	29770
4645	24033
291	19679
3572	22960
5805	25193
4746	24134
3552	22940
10300	29688
1573	20961
3388	22776
6729	26117
6744	26132
4194	23582
7289	26677
3745	23133
537	19925
4748	24136
3034	22422
156	19544
3570	22958
1404	20792
2251	21639
3697	23085
983	20371
9072	28460
3122	22510
762	20150
1564	20952
8008	27396
3218	22606
5192	24580
9913	29301
4673	24061
4708	24096
945	20333
9983	29371
5910	25298
1424	20812
4302	23690
4118	23506
9570	28958
1384	20772
8901	28289
5050	24438
8930	28318
9451	28839
8184	27572
8814	28202
8820	28208
6343	25731
6033	25421
4800	24188
10260	29648
2182	21570
454	19842
5495	24883
4384	23772
2472	21860
10281	29669
6318	25706
2362	21750
8774	28162
1534	20922
6894	26282
8069	27457
6140	25528
8429	27817
7101	26489
2780	22168
8912	28300
5881	25269
5457	24845
1486	20874
2908	22296
7266	26654
9154	28542
5442	24830
6995	26383
6815	26203
2011	21399
876	20264
6412	25800
8979	28367
4397	23785
8556	27944
1089	20477
3826	23214
4633	24021
6468	25856
7524	26912
2941	22329
7915	27303
3363	22751
5946	25334
3583	22971
7596	26984
5530	24918
6899	26287
6928	26316
1349	20737
5064	24452
5306	24694
7027	26415
9997	29385
2829	22217
3762	23150
8840	28228
9643	29031
