need:	[5548, 271, 4728]	[5548, 271, 10734],delete:
need:	[7461, 1479, 8878]	[7461, 1479, 7398],delete:
need:	[22000, 2457, 33459]	[22000, 2554, 33045],delete:
need:	[2355, 271, 16125]	[2355, 395, 8627],delete:
need:	[3494, 762, 3759]	[22882, 2463, 23147],delete:
need:	[29991, 1827, 24012]	[4624, 218, 17690]	[24012, 2240, 30397],delete:
need:	[1546, 725, 7381]	[1546, 837, 8253],delete:
need:	[23377, 1899, 21249],delete:
need:	[9131, 817, 9453]	[9131, 126, 6784]	[9131, 817, 5853]	[28519, 2583, 23441]	[28519, 2583, 23722]	[28519, 2518, 28841]	[23050, 1923, 28519]	[28519, 2583, 26172]	[28519, 2089, 34265],delete:
need:	[5592, 271, 8757],delete:
need:	[1619, 600, 9011],delete:
need:	[8275, 414, 3947]	[8275, 271, 11557],delete:
need:	[34267, 2127, 29296]	[9908, 426, 14879],delete:
need:	[20, 815, 12176]	[19408, 2511, 33001],delete:
need:	[23974, 1972, 19792]	[23974, 2177, 36598]	[507, 343, 4586]	[23974, 1972, 29111],delete:
need:	[6932, 810, 3999]	[27335, 2382, 26320]	[27311, 2052, 26320],delete:
need:	[9058, 819, 14648]	[28446, 2353, 32807],delete:
need:	[3902, 104, 6172]	[3902, 762, 11551]	[3902, 104, 7637]	[23290, 1805, 19410]	[23290, 2463, 30939],delete:
need:	[13251, 817, 7181]	[32639, 2518, 26569],delete:
need:	[14044, 582, 5391]	[20906, 1972, 24779]	[24779, 1815, 34504],delete:
need:	[13068, 37, 5908]	[2672, 1644, 5908],delete:
need:,delete:
need:	[8844, 1015, 4153]	[4153, 388, 14992]	[23541, 2528, 25796]	[23541, 2402, 30834]	[23541, 2528, 33313]	[23541, 2528, 33111]	[23541, 2402, 33045],delete:
need:,delete:
need:	[21939, 2446, 32466]	[20648, 2239, 21939]	[21939, 2446, 20648],delete:
need:	[945, 27, 5241]	[945, 498, 1648],delete:
need:,delete:
need:,delete:	[1122, 42, 15757]
need:	[10123, 414, 10677]	[29511, 2115, 30065]	[29511, 1972, 30065],delete:
need:	[27658, 1923, 21992]	[8270, 222, 2604],delete:
need:	[6292, 320, 14195]	[25680, 2021, 33583]	[25680, 2018, 26432],delete:
need:	[34158, 1875, 19976]	[19976, 2484, 34158],delete:
need:	[33727, 2032, 24713]	[5325, 763, 6433]	[5325, 1202, 14339],delete:
need:,delete:
need:	[5158, 943, 4670],delete:
need:	[1736, 271, 8404]	[21124, 2528, 33896],delete:
need:,delete:
need:,delete:	[31433, 1776, 22627]	[27492, 1776, 22627]	[20937, 1776, 22627]	[22627, 2307, 29388]	[26584, 1776, 22627]
need:	[6380, 271, 1021]	[6380, 494, 1021],delete:
need:	[28328, 2520, 31001]	[8940, 1570, 10460],delete:
need:,delete:	[30477, 1834, 27302]	[27918, 1834, 27302]	[21597, 1834, 27302]	[21234, 1834, 27302]
need:	[8827, 882, 13186]	[28215, 2089, 32574]	[31154, 1923, 28215],delete:
need:	[26772, 2307, 20324]	[30963, 2509, 20324]	[936, 434, 8463],delete:
need:	[14028, 440, 4517]	[4292, 481, 4517]	[4517, 223, 14194],delete:
need:	[33102, 1972, 23848]	[13714, 271, 4460],delete:
need:,delete:	[390, 1646, 7317]
need:	[9644, 810, 5958]	[29032, 2511, 22789]	[24264, 2570, 29032]	[29032, 2511, 20450],delete:
need:	[26776, 2058, 31315]	[23621, 1889, 26776]	[31315, 2398, 26776],delete:
need:,delete:	[4539, 1257, 2014]	[4251, 1257, 2014]	[4085, 1257, 2014]	[14829, 1257, 2014]
need:	[10042, 476, 12075]	[31463, 2044, 29430],delete:
need:	[21053, 2562, 21130]	[14575, 940, 1665]	[33963, 1853, 21053]	[21053, 2377, 33963],delete:
need:,delete:
need:	[2454, 649, 6532]	[2454, 386, 11900]	[21842, 2350, 20910],delete:
need:	[7408, 284, 7702]	[23549, 1735, 27090]	[19773, 2509, 27090]	[1551, 114, 7702]	[11606, 1244, 7702],delete:
need:	[13351, 530, 9150]	[11553, 463, 9150]	[28538, 1756, 22612],delete:
need:,delete:	[5420, 395, 5578]	[5420, 271, 5739]	[5420, 271, 5213]	[5420, 494, 5924]	[5420, 395, 6021]	[5420, 395, 5739]	[24808, 2096, 25127]	[24808, 1972, 34149]	[24808, 1972, 25127]	[24808, 2195, 25312]
need:	[10008, 271, 8333]	[10008, 494, 8333]	[29396, 2115, 23869],delete:
need:,delete:	[8589, 494, 7036]	[9949, 271, 7036]	[8589, 271, 7036]	[9750, 102, 7036]	[26424, 2044, 27977]	[20712, 2222, 26424]	[25180, 2195, 26424]	[26553, 1803, 26424]	[27977, 2195, 26424]	[26424, 2044, 25180]	[22747, 1972, 26424]	[21123, 1803, 26424]	[26424, 1878, 25390]	[25061, 1972, 26424]	[30748, 2272, 26424]	[26424, 2044, 22747]	[27977, 1972, 26424]	[26584, 1803, 26424]	[30748, 2581, 26424]	[25180, 1972, 26424]	[30735, 1803, 26424]
need:	[9234, 271, 7107]	[28622, 2177, 24853]	[9234, 271, 14334],delete:
need:,delete:	[20425, 1735, 32302]
need:,delete:
need:,delete:
need:	[33768, 1972, 26352]	[3748, 271, 6964]	[10730, 271, 6964]	[5503, 271, 6964],delete:
need:,delete:
need:,delete:	[6653, 494, 14139]	[6653, 395, 13147]
need:	[9418, 786, 11750]	[9418, 18, 16037],delete:
need:,delete:	[25185, 2740, 27514]	[8126, 476, 2159]	[27514, 2115, 31662]
need:	[19843, 1889, 31737]	[455, 141, 6172]	[455, 141, 10548]	[455, 141, 22],delete:
need:	[13912, 1576, 10258]	[29646, 2456, 33300],delete:
need:	[1157, 9, 7465]	[26853, 2110, 33664]	[26853, 2528, 31659],delete:
need:,delete:
need:	[3112, 476, 9242]	[22500, 2177, 28630]	[28630, 1882, 22500]	[28630, 2044, 22500],delete:
need:	[6766, 271, 7834]	[26154, 1972, 28015],delete:
need:,delete:
need:	[9361, 626, 10599]	[28749, 2114, 33703],delete:
need:	[14910, 343, 305]	[305, 271, 14910],delete:
need:,delete:	[19501, 2457, 33435]	[14047, 174, 113]	[28446, 2528, 19501]
need:,delete:
need:	[13756, 435, 1190]	[2090, 435, 1190]	[29411, 2147, 20578]	[20578, 2394, 29411]	[20578, 2175, 21099],delete:
need:	[7566, 189, 7922]	[26954, 1890, 30058],delete:
need:	[21169, 2562, 21491]	[21169, 2040, 30135]	[1781, 861, 2103],delete:
need:	[27270, 2520, 28701]	[27270, 2234, 28701],delete:
need:	[2411, 317, 4964],delete:
need:	[22280, 1972, 26444]	[2892, 271, 11905],delete:
need:,delete:	[780, 271, 17022]	[780, 271, 7107]	[780, 271, 10447]	[780, 494, 5201]	[780, 271, 10791]	[780, 476, 4422]	[780, 271, 5201]	[780, 1244, 11821]	[780, 271, 2061]	[780, 271, 12005]	[780, 271, 3231]	[20168, 2115, 24589]	[20168, 1972, 29835]	[20168, 1972, 21449]	[20168, 1972, 26495]	[20168, 2177, 25830]	[20168, 1972, 24589]	[20168, 1972, 31393]
need:	[7891, 707, 748]	[9181, 271, 7891]	[4924, 271, 7891],delete:
need:,delete:
need:	[24306, 1899, 21779]	[31499, 1899, 21779],delete:
need:	[6356, 481, 1856]	[25744, 2074, 36026]	[25744, 2182, 21244],delete:
need:	[1566, 750, 5086]	[1566, 750, 17470]	[20954, 2451, 36440],delete:
need:	[2964, 395, 4974]	[2964, 271, 11083],delete:
need:,delete:	[33206, 1771, 23693]	[24731, 2232, 23693]
need:	[3167, 786, 7446],delete:
need:,delete:
need:,delete:
need:,delete:
need:	[9640, 756, 10823]	[28624, 2449, 29028],delete:
need:,delete:
need:	[5997, 271, 11557]	[25385, 2177, 26325]	[5997, 494, 11557],delete:
need:,delete:
need:,delete:	[29455, 1771, 32938]
need:	[2275, 36, 10280]	[2275, 42, 9097]	[21663, 1743, 26180],delete:
need:	[26415, 2394, 32656]	[7027, 506, 394]	[26415, 2207, 19782],delete:
need:	[8091, 88, 2142]	[27479, 1743, 20128],delete:
need:	[11005, 271, 10235]	[33278, 1972, 29623]	[33278, 2115, 29623],delete:
need:,delete:	[10214, 339, 3842]	[3842, 88, 9152]	[3842, 88, 16780]	[6169, 339, 3842]	[3842, 88, 2923]	[3842, 88, 9900]	[3842, 42, 3475]	[3842, 88, 2178]	[3842, 88, 10861]	[5995, 339, 3842]	[3842, 42, 13453]	[21516, 2040, 23230]	[27257, 2239, 23230]	[26316, 1789, 23230]	[29602, 2040, 23230]
need:,delete:
need:	[23263, 2172, 38844],delete:
need:	[27553, 2377, 23008]	[8165, 1291, 3620]	[8165, 1543, 2992]	[33526, 2377, 27553]	[27553, 2570, 22828],delete:
need:,delete:
need:	[25347, 2426, 22359],delete:
need:,delete:
need:	[1540, 188, 2634]	[20928, 1864, 32232],delete:
need:	[7820, 75, 12902]	[27208, 1776, 32290],delete:
need:,delete:	[2471, 317, 1600]	[2471, 238, 3877]	[21859, 2509, 23044]	[21859, 2509, 33111]
need:	[11973, 533, 6459]	[4014, 590, 6459],delete:
need:	[4973, 682, 3239]	[13444, 888, 4973]	[32832, 2589, 24361],delete:
need:	[6233, 223, 2053]	[9534, 440, 6233]	[2053, 440, 6233]	[6233, 223, 5371]	[8097, 637, 6233]	[27835, 2090, 25621],delete:
need:,delete:
need:,delete:
need:,delete:
need:	[14629, 271, 6969]	[29683, 1972, 26357]	[34017, 1972, 26357],delete:
need:,delete:
need:	[29461, 2135, 23298]	[3910, 374, 10073],delete:
need:,delete:
need:,delete:	[1584, 156, 321]
need:	[10534, 271, 520]	[4694, 414, 520]	[29922, 1972, 19908]	[10534, 494, 520],delete:
need:	[23816, 2335, 22793]	[33522, 2164, 23816],delete:
need:	[9708, 618, 4724]	[30716, 2400, 24112]	[24112, 2096, 29096]	[11328, 699, 4724],delete:
need:	[26294, 2440, 19404]	[6906, 739, 16],delete:
need:	[7469, 739, 6744]	[9362, 739, 6744]	[6744, 692, 9019]	[26857, 2440, 26132],delete:
need:	[1076, 42, 14884]	[20464, 1743, 34272],delete:
need:,delete:	[2890, 177, 5116]	[23267, 1878, 24504]	[24504, 2206, 26182]
need:	[5190, 494, 8068]	[24578, 1972, 27456],delete:
need:	[8621, 880, 10468]	[28009, 2528, 38603],delete:
need:	[29966, 2165, 21662]	[21662, 2172, 22661]	[21662, 2172, 38952],delete:
need:	[10252, 533, 13907]	[29640, 2172, 28673],delete:
need:	[27680, 2389, 29486],delete:
need:,delete:	[25068, 2349, 20283]
need:	[1214, 271, 4728]	[1214, 271, 6173],delete:
need:,delete:
need:	[11472, 292, 5211]	[1985, 292, 5211]	[12927, 292, 5211]	[21255, 1993, 24599]	[32315, 1993, 24599],delete:
need:,delete:	[9546, 1327, 7298]	[10750, 1568, 7298]	[10665, 388, 7298]	[30138, 2089, 26686]	[21546, 1919, 26686]	[10750, 1297, 7298]	[30053, 1702, 26686]	[7298, 1161, 10750]	[10750, 969, 7298]	[28934, 2089, 26686]
need:	[172, 414, 2094]	[14139, 343, 172],delete:
need:	[31248, 2115, 25388]	[14563, 271, 6000],delete:
need:	[11278, 260, 8602]	[27990, 1760, 28057],delete:
need:,delete:	[29213, 2423, 20697]	[9825, 676, 18286]
need:	[28517, 2528, 25432]	[9129, 414, 10677]	[28517, 2115, 30065],delete:
need:	[9498, 463, 13253]	[9498, 21, 14397]	[9498, 440, 6713],delete:
need:	[11671, 808, 9670]	[5641, 815, 9670],delete:
need:	[183, 815, 6812]	[26200, 2382, 25887]	[29243, 2000, 26200],delete:
need:	[8128, 538, 6577]	[6577, 538, 12691]	[6577, 538, 4886],delete:
need:,delete:	[22842, 2399, 38338]	[19638, 1722, 22842]	[25507, 1722, 22842]	[29227, 2020, 22842]	[22842, 2399, 36403]
need:	[12024, 819, 1885]	[1885, 374, 16778],delete:
need:	[30885, 2056, 21118],delete:
need:	[26276, 2511, 20450]	[26276, 2511, 32363]	[6888, 810, 2252]	[26276, 2511, 21640],delete:
need:	[218, 1291, 3776]	[3776, 1137, 2160]	[3776, 1137, 2658]	[23164, 1853, 19606]	[23164, 2562, 22046]	[23164, 1899, 21221],delete:
need:,delete:	[30475, 2224, 19588]	[200, 223, 16411]	[33890, 1890, 19588]	[200, 107, 4600]	[14502, 189, 200]	[4600, 756, 200]	[20527, 2528, 19588]	[19588, 1836, 38873]
need:,delete:
need:	[21884, 2040, 23800],delete:
need:	[10550, 610, 1094],delete:
need:,delete:
need:	[10249, 808, 10933]	[8500, 831, 10249]	[10249, 199, 8500]	[29637, 1900, 27888]	[29637, 2509, 30321]	[29637, 2528, 31304],delete:
need:,delete:
need:	[20345, 2127, 31991]	[31991, 2127, 20345],delete:
need:	[26904, 2511, 21299]	[26904, 1857, 27916]	[26904, 2511, 32760],delete:
need:,delete:
need:	[7644, 42, 5803]	[7644, 88, 11352]	[7644, 42, 13453]	[27032, 1743, 22588],delete:
need:,delete:
need:,delete:need:	[320, 725, 8700]	[28088, 2172, 24294],delete:
need:	[9529, 1491, 9165]	[9165, 354, 12271]	[4618, 498, 9165]	[27052, 2783, 28553]	[29223, 2172, 28553]	[23024, 2075, 28553]	[28553, 2427, 35272]	[27876, 2134, 28553]	[24118, 2172, 28553],delete:
need:	[4100, 1347, 4100],delete:
need:	[4847, 1244, 467]	[4847, 271, 5924]	[4847, 271, 2948]	[4847, 414, 2948]	[30582, 1882, 24235],delete:
need:,delete:
need:	[7168, 697, 4778]	[24166, 1874, 24388],delete:
need:	[26689, 2353, 36597]	[26678, 2353, 26689],delete:
need:	[21589, 2172, 24927]	[2201, 42, 3200]	[21589, 2172, 22165],delete:
need:	[7132, 343, 16192]	[26520, 2044, 30073],delete:
need:	[7143, 271, 10155]	[29200, 1972, 29543],delete:
need:,delete:
need:	[30056, 1789, 26907]	[26907, 1932, 30056],delete:
need:	[21910, 2140, 24297]	[4193, 439, 4909]	[2522, 439, 4909],delete:
need:	[8680, 88, 9373]	[28761, 1789, 24683]	[28761, 1743, 35585],delete:
need:,delete:
need:,delete:
need:,delete:
need:	[106, 870, 13855]	[12434, 618, 106]	[33243, 2353, 19494]	[19494, 2571, 27007],delete:
need:,delete:	[2528, 1148, 7245]	[21916, 2195, 30625]	[21916, 2177, 24831]	[21916, 1972, 30625]	[30625, 2044, 21916]	[24831, 2044, 21916]	[21916, 1972, 31936]
need:	[2951, 323, 7584]	[3402, 750, 2951]	[22339, 2024, 26972]	[22790, 2451, 22339],delete:
need:,delete:	[23790, 2562, 30360]	[23790, 2562, 21548]
need:	[10065, 271, 10827],delete:
need:,delete:	[9347, 1291, 6161]	[28735, 2562, 25519]	[28735, 2562, 20261]	[28735, 2562, 28867]	[28735, 2562, 21548]
need:,delete:
need:,delete:
need:,delete:	[1636, 1646, 8462]	[19507, 2498, 21024]	[1636, 1646, 2976]
need:	[27839, 2520, 26861],delete:
need:	[900, 426, 2487]	[2487, 600, 4347]	[13237, 426, 2487],delete:
need:,delete:
need:,delete:	[2654, 476, 2577]	[2654, 476, 11347]	[11347, 343, 2654]	[2654, 271, 14305]	[22042, 2195, 25840]	[22042, 1972, 25561]	[22042, 1972, 25840]	[22042, 1972, 33693]	[22042, 1972, 32740]
need:	[10101, 271, 12343]	[10101, 271, 9897],delete:
need:	[2637, 618, 12844]	[12272, 819, 2637]	[31660, 2520, 22025],delete:
need:	[7798, 1546, 1181]	[27186, 2226, 20569],delete:
need:	[10434, 745, 3410]	[19714, 2446, 22798],delete:
need:	[20630, 2115, 21614]	[1242, 271, 5815]	[20630, 1972, 25203],delete:
need:	[4860, 756, 10806]	[10806, 457, 4860],delete:
need:	[14668, 270, 4322]	[34056, 1971, 23710],delete:
need:	[27854, 2457, 30601]	[30601, 1893, 27854]	[27854, 2382, 27843],delete:
need:	[8184, 476, 13366]	[8184, 476, 7010]	[8184, 271, 12343],delete:
need:	[3140, 819, 4899]	[13491, 179, 4899]	[33261, 2353, 24287]	[21403, 2053, 24287]	[24287, 2211, 22528]	[22528, 2520, 24287]	[33261, 2211, 24287]	[24287, 2520, 33261],delete:
need:	[23285, 1945, 32655]	[13267, 471, 3897]	[32655, 2172, 23285],delete:
need:	[24393, 2177, 24923],delete:
need:	[70, 756, 6180]	[30286, 2457, 25568]	[19458, 2457, 25568],delete:
need:,delete:	[1455, 1386, 4891]
need:	[24137, 2044, 31935]	[12547, 271, 4749]	[4749, 343, 12547]	[31935, 2195, 24137]	[31935, 1972, 24137],delete:
need:	[677, 831, 14813]	[20065, 1956, 27672],delete:
need:	[23190, 2388, 37709],delete:
need:	[7681, 1567, 6410]	[2366, 59, 6410]	[6410, 226, 9809],delete:
need:	[8315, 739, 12966]	[10652, 590, 8315],delete:
need:	[239, 271, 3231]	[239, 476, 724],delete:
need:	[6985, 414, 8758]	[6985, 476, 4974]	[6985, 271, 8758],delete:
need:,delete:
need:	[3083, 271, 11242]	[3083, 271, 142]	[3083, 271, 8511],delete:
need:	[3561, 1208, 1810]	[21198, 2449, 22949]	[22949, 2100, 33241]	[22949, 2457, 30186],delete:
need:	[5357, 413, 13432]	[5357, 147, 12617],delete:
need:	[3619, 652, 2357]	[21745, 2528, 32491]	[28575, 2127, 21745],delete:
need:,delete:	[10511, 1227, 5943]	[5943, 463, 8644]	[10112, 1470, 5943]	[25331, 1947, 29899]	[33793, 2014, 25331]	[25331, 2074, 29248]	[25331, 2159, 33793]	[25331, 2074, 29899]	[28032, 2172, 25331]
need:	[25597, 1972, 25995]	[25597, 1972, 28146],delete:
need:	[13800, 163, 3123]	[6214, 467, 3123]	[33188, 1864, 22511],delete:
need:	[20550, 1735, 30349]	[29978, 2186, 20550],delete:
need:	[19888, 2234, 21385]	[21385, 2353, 19888]	[21385, 2291, 19888],delete:
need:,delete:
need:	[14503, 441, 255]	[255, 310, 14503]	[32331, 2512, 19643]	[19643, 1889, 30678],delete:
need:,delete:
need:,delete:
need:	[21759, 1853, 29857]	[21759, 2285, 33012],delete:
need:	[9176, 271, 7958]	[28564, 2177, 22342],delete:
need:	[20132, 2172, 24882]	[5494, 81, 744]	[20132, 2089, 32731],delete:
need:	[14189, 652, 358],delete:
need:,delete:	[4824, 700, 1847]	[1847, 388, 11694]	[1847, 733, 11694]	[1847, 222, 9830]	[29218, 2518, 21235]	[21235, 2528, 32619]	[21235, 1923, 29218]	[21235, 2089, 31082]	[24212, 2828, 21235]
need:,delete:
need:	[14387, 331, 9198]	[28586, 2788, 33045],delete:
need:,delete:
need:	[27496, 2440, 24918]	[27496, 1928, 20742]	[29454, 2355, 27496]	[20742, 2355, 27496],delete:
need:,delete:
need:	[718, 827, 14711]	[20106, 2528, 29766]	[20106, 2528, 34099]	[718, 538, 17358],delete:
need:	[23799, 2234, 24258]	[4411, 494, 2060],delete:
need:	[21356, 1972, 21215]	[23821, 1803, 21215],delete:
need:	[6319, 271, 11905],delete:
need:,delete:	[6238, 1085, 6718]
need:,delete:
need:	[23395, 1789, 23351]	[4007, 1662, 6777],delete:
need:,delete:	[8834, 533, 3359]	[22747, 2195, 26424]	[29138, 2044, 22747]
need:,delete:
need:	[2839, 1646, 14113],delete:
need:,delete:
need:	[8385, 197, 3120]	[27773, 1898, 22508],delete:
need:,delete:	[26257, 2528, 23874]	[6869, 333, 17412]
need:,delete:	[3022, 181, 416]	[416, 395, 15599]	[416, 395, 10235]	[416, 271, 10085]	[19804, 1972, 23596]	[19804, 2096, 29623]	[19804, 1972, 29390]	[19804, 1972, 31341]
need:	[5328, 395, 8931]	[5328, 395, 13922]	[5328, 395, 10462],delete:
need:,delete:
need:,delete:
need:	[9438, 672, 11763]	[9438, 596, 13519],delete:
need:,delete:
need:	[6995, 34, 6594],delete:
need:	[32469, 1722, 29669]	[23656, 1722, 29669]	[13081, 21, 10281]	[21307, 1722, 29669],delete:
need:	[28654, 2314, 28959]	[23334, 1932, 28959],delete:
need:	[24082, 2177, 33334],delete:
need:	[8762, 494, 5213]	[28150, 1972, 20472],delete:
need:	[25677, 1972, 30764]	[6289, 271, 11376]	[6289, 271, 10143]	[6289, 271, 8371],delete:
need:	[8353, 652, 9782]	[9782, 819, 8353],delete:
need:	[21057, 1815, 20195]	[1669, 177, 5998]	[11412, 271, 1669],delete:
need:	[22695, 2127, 33105]	[13717, 1479, 3307]	[3307, 1646, 14113],delete:
need:	[25302, 2426, 19749]	[5914, 323, 4101],delete:
need:	[5939, 606, 10564]	[28104, 1760, 25327]	[26926, 1760, 25327],delete:
need:,delete:
need:,delete:
need:	[13757, 652, 3755],delete:
need:,delete:	[8474, 736, 7317]	[8474, 756, 5255]	[8474, 806, 42]	[8474, 16, 9284]	[8474, 736, 1062]	[29838, 2509, 27862]	[32429, 1776, 27862]	[29838, 2510, 27862]
need:,delete:
need:	[28982, 2239, 34262]	[9594, 745, 14145],delete:
need:,delete:	[9304, 388, 10267]
need:	[11208, 697, 5880]	[12259, 697, 5880],delete:
need:,delete:
need:	[8635, 819, 12024]	[28023, 1722, 33914]	[28023, 2508, 29538]	[28023, 2508, 19819],delete:
need:,delete:
need:	[20564, 2226, 38382]	[11825, 1047, 1176],delete:
need:,delete:	[22437, 1972, 35143]	[22437, 2115, 35143]
need:,delete:
need:	[33145, 2528, 28409]	[23143, 2141, 28409]	[13757, 440, 9021],delete:
need:,delete:	[2689, 476, 5443]	[2689, 271, 5517]	[26455, 2044, 22077]	[22077, 1972, 24905]	[22077, 1972, 26455]	[22077, 2195, 26455]	[22077, 1972, 33880]
need:	[3002, 388, 12818]	[22390, 2335, 33660],delete:
need:,delete:
need:	[11983, 21, 8347]	[31371, 1722, 27735]	[9896, 374, 8347],delete:
need:	[439, 155, 13037],delete:
need:	[13213, 882, 2401]	[32601, 2583, 21789],delete:
need:	[3119, 414, 2913]	[3119, 476, 4348]	[3119, 476, 7990],delete:
need:,delete:	[28594, 2195, 30122]	[28594, 1972, 30122]
need:	[5055, 815, 13913]	[29496, 2360, 24443]	[5055, 810, 3999]	[23387, 1760, 24443],delete:
need:	[5085, 271, 2327],delete:
need:,delete:
need:	[29510, 2520, 27901]	[29510, 2353, 23137],delete:
need:,delete:
need:,delete:	[7904, 388, 8656]	[10895, 388, 8656]	[27608, 1702, 28044]	[24133, 2089, 28044]	[28095, 2089, 28044]	[30283, 1702, 28044]	[21272, 2089, 28044]	[34004, 2089, 28044]
need:	[21442, 2307, 20508]	[8699, 174, 1120]	[2054, 606, 1120]	[28087, 1893, 20508],delete:
need:	[21499, 2234, 22008],delete:
need:	[6928, 88, 10370]	[11599, 426, 10370],delete:
need:	[32990, 2172, 19879]	[19879, 1961, 24996],delete:
need:	[10837, 476, 7691]	[27079, 1803, 36460],delete:
need:	[7479, 1405, 11292]	[10684, 374, 7479]	[26867, 1756, 30680],delete:
need:,delete:	[3833, 910, 8301]	[10390, 910, 8301]	[9945, 910, 8301]	[8301, 211, 2023]	[4296, 910, 8301]	[8301, 211, 2184]	[6108, 910, 8301]	[11846, 910, 8301]	[8301, 211, 1062]	[5210, 910, 8301]	[7947, 1316, 8301]	[21938, 2382, 27689]	[27689, 1912, 21572]	[23684, 2382, 27689]	[26643, 1950, 27689]	[31877, 2382, 27689]	[29778, 2382, 27689]	[23221, 2382, 27689]	[24598, 2382, 27689]	[28149, 2382, 27689]	[20263, 1899, 27689]	[31234, 2382, 27689]
need:,delete:
need:	[5175, 357, 7939]	[7939, 502, 6654]	[27327, 2203, 27711],delete:
need:	[20776, 2767, 29010]	[14881, 1448, 9622]	[9622, 226, 9132],delete:
need:,delete:
need:	[3294, 464, 13403]	[32791, 2297, 22682]	[22682, 2165, 32791],delete:
need:,delete:
need:	[3295, 271, 11268]	[3295, 494, 11268]	[11623, 343, 3295],delete:
need:,delete:
need:	[6877, 177, 11480]	[1851, 414, 6877]	[26265, 1878, 30868]	[33715, 1972, 26265]	[33233, 1972, 26265],delete:
need:	[14582, 861, 2127]	[5948, 861, 2127],delete:
need:,delete:
need:,delete:
need:	[3055, 590, 2085]	[3055, 21, 7596]	[22443, 2172, 25958],delete:
need:,delete:	[4626, 75, 15850]	[4626, 75, 10425]	[4626, 9, 1895]	[4626, 75, 10161]
need:	[9179, 494, 89]	[9179, 476, 15202],delete:
need:	[4844, 271, 11555],delete:
need:,delete:
need:	[4409, 413, 16643]	[20807, 2509, 23797]	[4409, 413, 6236]	[32100, 2509, 23797],delete:
need:,delete:
need:	[21718, 1803, 27809]	[21718, 1803, 28396]	[21718, 1803, 22568]	[21718, 1803, 21481]	[5005, 476, 2330]	[2330, 447, 16980]	[21718, 1803, 34675],delete:
need:	[20297, 2127, 24771]	[31679, 2532, 24771],delete:
need:	[23026, 1789, 31887]	[3638, 1561, 12499]	[31887, 1932, 23026]	[3638, 1561, 4701],delete:
need:	[2487, 600, 4347]	[4347, 831, 2487],delete:
need:	[1248, 351, 3639]	[21430, 2087, 20636]	[20636, 2052, 23027],delete:
need:,delete:
need:,delete:
need:,delete:
need:	[26334, 2114, 23024],delete:
need:	[34124, 2518, 29434]	[14736, 817, 10046]	[29434, 2089, 32235]	[29434, 1923, 34124],delete:
need:	[7347, 440, 2751]	[4120, 440, 2751]	[2751, 223, 7347],delete:
need:	[31917, 2353, 28930]	[9542, 471, 9039]	[31917, 2658, 28930],delete:
need:	[27702, 1972, 34264]	[27702, 1972, 32669]	[27702, 2528, 24338]	[8314, 271, 14876],delete:
need:,delete:
need:,delete:
need:	[13571, 88, 5427]	[20054, 2234, 24815]	[20762, 1961, 24815]	[24815, 1743, 21821],delete:
need:,delete:
need:,delete:	[9031, 590, 1634]	[9031, 471, 4050]	[9031, 533, 13224]	[28419, 1972, 28916]	[28419, 1972, 30122]
need:,delete:
need:,delete:	[25184, 1878, 19797]	[409, 24, 1681]
need:	[25449, 1966, 33790]	[25449, 1966, 21551],delete:
need:	[22503, 1760, 27886]	[22503, 1760, 22856]	[3115, 1567, 8498]	[3115, 1448, 3468],delete:
need:	[2709, 271, 1400],delete:
need:	[1977, 260, 12247]	[1977, 59, 7840],delete:
need:,delete:	[9026, 611, 10316]	[9026, 834, 11422]	[9026, 875, 567]	[9026, 342, 13232]	[9085, 382, 9026]	[9026, 753, 12719]	[9026, 753, 12838]	[5458, 382, 9026]	[9026, 342, 11422]	[9026, 611, 6586]	[9026, 548, 12838]	[28414, 2312, 29704]	[28414, 1727, 20839]	[28414, 2535, 30810]	[28414, 2043, 30810]	[28414, 2043, 32620]	[28414, 1849, 26274]	[28414, 2312, 26274]	[28835, 2027, 28414]	[28414, 2312, 25974]	[28414, 2576, 23771]
need:	[32192, 1815, 27849]	[6937, 75, 8461],delete:
need:	[3381, 414, 6173],delete:
need:,delete:
need:	[1600, 436, 3442]	[9040, 436, 3442],delete:
need:	[7923, 351, 4781]	[27311, 1899, 38142]	[29870, 1899, 27311],delete:
need:	[4907, 223, 7960]	[32860, 2528, 24295]	[20651, 1890, 24295],delete:
need:,delete:	[754, 188, 12844]	[20142, 1889, 32232]	[20142, 1842, 33309]	[20142, 1842, 20122]	[20142, 1842, 31159]
need:	[497, 861, 2562]	[19885, 2562, 21950],delete:
need:	[25901, 2040, 24784]	[5396, 42, 6792],delete:
need:	[30209, 2234, 21714]	[22125, 1933, 21714]	[2326, 819, 2507],delete:
need:	[4946, 271, 14633]	[24334, 1972, 27899],delete:
need:	[1883, 460, 8519]	[32275, 2470, 27907]	[31548, 2470, 27907]	[27907, 2470, 25797],delete:
need:,delete:
need:,delete:
need:	[21516, 2172, 26810]	[26810, 1945, 30763],delete:
need:	[6682, 652, 4339],delete:
need:	[7135, 810, 13613]	[7135, 810, 11571]	[26523, 2511, 33001]	[26523, 2511, 30959]	[26523, 2511, 27802],delete:
need:,delete:
need:,delete:
need:	[6317, 199, 13867]	[6317, 630, 9126]	[25705, 2353, 33255],delete:
need:	[9851, 1448, 10809]	[29239, 2767, 30197],delete:
need:	[28036, 2520, 21652]	[11387, 533, 2264]	[21652, 2468, 36167]	[21652, 1709, 22671],delete:
need:,delete:
need:	[532, 399, 5087]	[2698, 748, 5087]	[5087, 474, 532],delete:
need:,delete:
need:	[1192, 1119, 3271]	[31565, 2865, 22659],delete:
need:,delete:
need:,delete:	[25766, 2528, 26827]	[25766, 1743, 22588]
need:,delete:
need:,delete:
need:	[23911, 2353, 21285]	[1897, 819, 4523],delete:
need:,delete:
need:,delete:
need:,delete:
need:,delete:	[23886, 2255, 29940]
need:	[4294, 994, 15940]	[33608, 1878, 23682],delete:
need:,delete:	[9502, 34, 5804]	[1048, 59, 9502]	[1014, 59, 9502]	[28561, 1760, 28890]	[30826, 1760, 28890]	[20402, 1760, 28890]	[22053, 1760, 28890]	[25098, 1760, 28890]	[29197, 1760, 28890]	[32630, 1760, 28890]
need:	[7506, 819, 6524]	[7506, 151, 4558]	[26894, 1897, 33763]	[30332, 2085, 26894]	[26894, 1888, 30332]	[26894, 1989, 32720]	[26894, 2444, 38465]	[26894, 1852, 23946],delete:
need:,delete:
need:,delete:
need:	[13184, 819, 7218],delete:
need:	[21776, 2520, 26462]	[20370, 1900, 21776],delete:
need:	[9483, 1438, 2511]	[2511, 1270, 12851]	[32566, 1735, 21899]	[21899, 2159, 28871]	[28871, 2307, 21899],delete:
need:,delete:
need:	[19703, 2177, 31433]	[315, 271, 3201],delete:
need:,delete:
need:,delete:
need:,delete:	[3993, 976, 9834]	[29222, 2112, 29255]	[29222, 2393, 32302]
need:,delete:	[3232, 317, 1600]	[9078, 652, 3232]	[3232, 238, 3877]	[3232, 827, 921]	[27321, 2335, 22620]	[22620, 1747, 27321]
need:,delete:
need:,delete:
need:	[23967, 1758, 24852]	[5464, 271, 11943]	[24852, 2177, 23967],delete:
need:,delete:	[28390, 1972, 31331]	[28390, 2115, 27337]
need:	[9184, 576, 10495],delete:
need:,delete:
need:	[651, 753, 567]	[20039, 2454, 19955]	[7847, 875, 567]	[22402, 2454, 19955],delete:
need:,delete:
need:,delete:
need:	[20486, 2239, 20053]	[5896, 745, 1098],delete:
need:	[7447, 436, 13643]	[5498, 286, 7447]	[7447, 255, 13643],delete:
need:,delete:
need:,delete:	[10220, 177, 5309]	[5309, 340, 12341]	[22822, 1878, 24697]	[24697, 2041, 31729]	[24697, 1725, 22822]
need:,delete:
need:,delete:
need:,delete:
need:	[5824, 271, 10734]	[5824, 414, 10734]	[26935, 2632, 25212]	[25212, 2177, 31054]	[25212, 2115, 34291]	[25212, 2177, 20476]	[31054, 2044, 25212],delete:
need:,delete:	[27389, 2371, 30122]	[27389, 2675, 22983]
need:	[24649, 2108, 32172]	[5261, 407, 12784]	[32172, 2251, 24649],delete:
need:	[997, 271, 11557]	[20385, 1972, 31707],delete:
need:,delete:
need:,delete:	[54, 476, 9750]
need:,delete:
need:	[25898, 2086, 25082]	[25082, 2457, 32507],delete:
need:,delete:
need:	[8208, 30, 9114]	[31538, 2457, 28502]	[586, 1403, 9114],delete:
need:	[12444, 1594, 930]	[31832, 2016, 20318],delete:
need:	[7638, 271, 11237]	[7638, 271, 9452],delete:
need:,delete:	[7242, 604, 7273]
need:	[9511, 59, 11088]	[9511, 42, 9097]	[28899, 1743, 28485],delete:
need:	[2313, 27, 6340]	[29935, 1850, 21701],delete:
need:	[193, 458, 6706]	[19581, 2159, 26094],delete:
need:,delete:
need:	[27321, 2520, 20859],delete:
need:	[3317, 819, 7178]	[7178, 819, 2633],delete:
need:	[3831, 260, 12499]	[23219, 1961, 31887]	[23219, 2323, 33471]	[23219, 1752, 35914],delete:
need:	[8740, 615, 6177],delete:
need:	[2733, 331, 2859]	[3104, 174, 2859]	[11214, 331, 2859],delete:
need:,delete:	[2799, 395, 14540]	[2799, 395, 1142]	[2799, 494, 14354]	[14354, 610, 2799]	[2799, 395, 3030]	[22187, 2096, 26265]	[22187, 2096, 29775]	[22187, 2096, 22418]
need:	[1218, 340, 1753]	[1218, 994, 15940]	[20606, 2041, 21141],delete:
need:	[28467, 2457, 24384]	[28467, 2457, 31659]	[9079, 869, 14113]	[9079, 1024, 15373],delete:
need:,delete:
need:	[3450, 214, 3466],delete:
need:,delete:	[14353, 226, 6681]
need:,delete:
need:,delete:
need:	[31067, 2114, 24073]	[21818, 2114, 24073],delete:
need:,delete:	[8075, 211, 14653]
need:	[7297, 244, 4883]	[24271, 2172, 35205]	[26685, 1945, 24271],delete:
need:,delete:
need:	[20375, 1961, 27400]	[26585, 1961, 27400],delete:
need:	[8603, 494, 3789],delete:
need:	[9016, 1606, 3861]	[6450, 1606, 3861]	[3861, 1522, 11762]	[23249, 2003, 31150],delete:
need:,delete:
need:	[11805, 1135, 114]	[31193, 2562, 19502],delete:
need:,delete:
need:	[27358, 2520, 24594]	[26234, 2335, 27358],delete:
need:	[12101, 819, 8662],delete:
need:,delete:
need:	[11652, 807, 9614]	[9614, 440, 5111]	[29002, 2520, 31999],delete:
need:,delete:	[24816, 1972, 26729]	[5428, 476, 8691]
need:,delete:	[30903, 2115, 28370]
need:	[5994, 471, 12343]	[5994, 271, 1827],delete:
need:,delete:
need:,delete:
need:,delete:	[14138, 1103, 7412]
need:	[30231, 1890, 25258]	[10843, 189, 5870]	[25258, 2135, 26432],delete:
need:	[343, 336, 5935]	[25323, 1760, 19731],delete:
need:	[5217, 494, 12571]	[24605, 2195, 31959],delete:
need:	[857, 634, 716],delete:
need:	[12995, 78, 7117]	[6428, 351, 7117]	[32383, 1779, 26505]	[7117, 810, 12147],delete:
need:	[11786, 37, 4009]	[13586, 795, 4009]	[7162, 1239, 4009]	[23397, 1992, 26550]	[23397, 2574, 37835],delete:
need:,delete:	[25052, 2528, 27671]	[26355, 2528, 27671]
need:	[5714, 567, 8705]	[5714, 59, 1802]	[25102, 1760, 33837]	[25102, 2268, 36384],delete:
need:,delete:	[11270, 326, 7654]	[13448, 992, 7654]	[31382, 2075, 27042]	[22793, 2172, 27042]	[22853, 2172, 27042]	[27042, 1706, 37618]	[30658, 2027, 27042]
need:,delete:
need:,delete:
need:	[19634, 1972, 25641]	[246, 271, 6253]	[25641, 1878, 22180],delete:
need:,delete:
need:	[7433, 271, 11717],delete:
need:,delete:	[6934, 818, 10983]	[6934, 813, 10983]	[26322, 2514, 30371]
need:	[29267, 2291, 21813]	[21813, 2234, 29267]	[2425, 271, 1079],delete:
need:,delete:
need:	[5478, 373, 9252]	[8569, 174, 9252]	[28640, 1717, 30975],delete:
need:,delete:
need:,delete:
need:	[29642, 2528, 33999]	[29642, 2021, 34278]	[31488, 2127, 29642],delete:
need:,delete:
need:,delete:
need:	[3492, 413, 3100]	[22488, 2573, 19806]	[3100, 471, 3492],delete:
need:,delete:	[24244, 2239, 29752]
need:,delete:
need:	[1085, 42, 3481]	[22869, 1701, 38876],delete:
need:,delete:	[7314, 1646, 4122]	[26702, 2268, 36384]	[26702, 1743, 32841]
need:,delete:	[2756, 189, 3025]	[6221, 1244, 3025]	[7757, 1244, 3025]	[3300, 189, 3025]	[1863, 1244, 3025]	[22413, 2087, 33908]	[22413, 2135, 38959]	[22413, 2087, 31288]
need:	[1493, 818, 707]	[20881, 2519, 20095],delete:
need:,delete:
need:,delete:	[23215, 1972, 27884]	[23215, 1972, 28907]
need:,delete:	[4936, 16, 5687]	[4936, 16, 5073]
need:	[13755, 152, 1916]	[1916, 152, 15565],delete:
need:	[2960, 331, 15113],delete:
need:,delete:
need:	[28403, 1893, 22667]	[22667, 2457, 28403]	[3279, 756, 9015],delete:
need:	[2395, 351, 5437]	[5437, 156, 13963]	[24825, 1857, 33351],delete:
need:	[34056, 1971, 24266]	[14668, 270, 4878]	[24266, 2589, 22761],delete:
need:,delete:
need:	[7221, 606, 5872]	[26609, 1771, 32938],delete:
need:,delete:	[1478, 1403, 8858]	[8742, 30, 8858]
need:	[4080, 457, 9847]	[9847, 302, 12344],delete:
need:	[3680, 494, 9806]	[14492, 343, 3680],delete:
need:	[30110, 2457, 26804]	[26804, 2725, 30110]	[10722, 756, 7416],delete:
need:	[3160, 170, 11873]	[22548, 1961, 31661],delete:
need:	[5033, 271, 4951]	[5033, 271, 6173]	[5033, 414, 10647]	[5033, 414, 7891],delete:
need:	[8850, 739, 4690]	[8850, 654, 652]	[28238, 2355, 20040]	[20040, 1928, 28238]	[28238, 2440, 24078],delete:
need:	[34161, 1952, 23401]	[22864, 1952, 23401],delete:
need:	[28691, 2457, 22658]	[32048, 2404, 28691],delete:
need:,delete:	[6967, 538, 14822]	[6967, 355, 17309]	[26355, 2509, 32491]
need:	[11702, 1047, 966]	[20354, 2226, 31090]	[20354, 2226, 38220],delete:
need:,delete:
need:	[27981, 2234, 27544]	[8156, 533, 3017],delete:
need:	[5619, 652, 12655]	[5619, 819, 13738],delete:
need:,delete:
need:	[23046, 2520, 38471]	[23046, 2234, 38471],delete:
need:,delete:
need:	[6935, 652, 1864],delete:
need:	[12456, 652, 10177]	[34209, 2211, 29565],delete:
need:	[9489, 827, 2228],delete:
need:,delete:
need:	[7915, 1361, 17314]	[27303, 1900, 35478],delete:
need:	[22585, 2164, 26230]	[3197, 463, 6842]	[3197, 374, 11255],delete:
need:,delete:
need:,delete:
need:,delete:	[9849, 721, 13745]	[29237, 2303, 28600]
need:	[29378, 2520, 20713]	[2411, 652, 1325],delete:
need:	[909, 600, 11754]	[30649, 2549, 20297],delete:
need:	[14326, 819, 2731]	[25992, 2164, 22119],delete:
need:,delete:	[4443, 88, 2194]	[2194, 1547, 19114]	[2194, 1547, 1425]	[21582, 2264, 32753]	[32753, 1789, 21582]	[21582, 1789, 23831]	[32753, 2264, 21582]
need:	[11479, 533, 7361]	[6633, 317, 7361],delete:
need:,delete:
need:	[9495, 351, 11335],delete:
need:	[4149, 779, 14001]	[14085, 800, 4149]	[4149, 779, 11115]	[30503, 2511, 23537]	[33473, 2501, 23537],delete:
need:	[9238, 861, 6505]	[1862, 861, 6505]	[28626, 2562, 25893]	[14582, 861, 6505],delete:
need:,delete:	[884, 619, 68]
need:,delete:
need:	[7766, 170, 1505]	[7766, 244, 10873]	[7766, 59, 3790]	[10873, 471, 7766],delete:
need:,delete:	[31834, 1972, 22822]
need:	[2051, 866, 3636]	[13209, 819, 2051],delete:
need:	[1998, 1291, 1497]	[21386, 2377, 20885]	[20885, 1853, 21386],delete:
need:	[13406, 413, 2616]	[13406, 358, 2616],delete:
need:,delete:
need:	[7871, 271, 3947]	[7871, 271, 5982],delete:
need:	[26480, 1725, 21481]	[2093, 177, 7092],delete:
need:,delete:	[1591, 476, 8480]
need:	[6774, 819, 4255],delete:
need:	[1461, 750, 6342],delete:
need:	[14952, 331, 10071]	[2144, 717, 10071]	[8035, 1112, 10071]	[10071, 756, 8035],delete:
need:,delete:
need:,delete:	[4032, 1537, 16549]
need:	[6828, 888, 2734]	[6556, 75, 6828]	[2734, 114, 6828]	[26216, 2307, 31723]	[26216, 2589, 22122]	[20545, 1776, 26216],delete:
need:,delete:
need:	[10197, 1094, 2560]	[29585, 2950, 30950],delete:
need:	[1616, 471, 13273]	[21004, 1972, 31874]	[1616, 271, 12486],delete:
need:	[5462, 827, 8930]	[8930, 756, 13657]	[24078, 2307, 28318],delete:
need:,delete:
need:	[30926, 1904, 29663]	[10275, 1487, 14261]	[11211, 396, 10275],delete:
need:,delete:
need:,delete:
need:	[22540, 1972, 32532]	[3152, 271, 13144]	[3152, 395, 8068]	[22540, 1972, 34376],delete:
need:,delete:
need:	[5359, 407, 10951]	[10951, 550, 5359]	[24747, 2108, 30339],delete:
need:,delete:
need:	[8925, 875, 4383],delete:
need:,delete:
need:	[32083, 1815, 25094]	[25094, 2457, 31345],delete:
need:,delete:
need:	[9103, 42, 851]	[33815, 1789, 28491]	[28491, 1743, 20239]	[28491, 1932, 33815],delete:
need:	[27608, 2353, 21216]	[8220, 652, 1828]	[1828, 819, 8220],delete:
need:	[124, 1003, 10951]	[124, 1421, 5359]	[19512, 2493, 24747],delete:
need:	[10211, 745, 8606]	[8606, 502, 7578]	[14832, 745, 8606]	[8606, 502, 9993]	[34220, 2446, 27994]	[27994, 2398, 24123],delete:
need:	[4629, 271, 8627]	[4629, 414, 6969]	[4629, 271, 6969],delete:
need:	[10077, 33, 18850],delete:
need:	[2351, 336, 10872]	[2351, 173, 11566],delete:
need:	[7304, 331, 13746]	[25611, 2583, 26692],delete:
need:,delete:
need:,delete:
need:	[466, 1144, 7064]	[7064, 1441, 8159]	[8159, 1252, 7064]	[26452, 2596, 19854]	[26452, 2596, 27547],delete:
need:	[5865, 652, 2524],delete:
need:,delete:	[5528, 500, 10245]	[5528, 384, 97]
need:,delete:
need:	[27198, 1966, 19612]	[224, 881, 12219],delete:
need:,delete:
need:,delete:	[22906, 2528, 33950]	[22906, 2583, 31752]	[22906, 2518, 32813]	[13425, 895, 3518]
need:	[20209, 1928, 33976]	[31102, 1949, 20209]	[33976, 2355, 20209],delete:
need:	[34242, 2353, 25344]	[25344, 2310, 29417]	[25344, 2291, 30269]	[25344, 2234, 34242]	[30269, 2234, 25344]	[25344, 2089, 23722],delete:
need:,delete:
need:,delete:	[12797, 210, 5581]	[3672, 210, 5581]	[5581, 604, 7273]
need:,delete:
need:	[8002, 831, 6901],delete:
need:	[23964, 2451, 33196]	[4576, 750, 13808]	[23964, 1709, 38556]	[33196, 2426, 23964],delete:
need:,delete:	[22496, 2496, 37590]	[22496, 2260, 32619]
need:	[9467, 815, 5353],delete:
need:,delete:
need:	[4669, 795, 5860]	[24057, 2440, 24078],delete:
need:	[6248, 940, 1249]	[1249, 1645, 6248]	[25636, 2168, 35589]	[25636, 2373, 23876]	[25636, 2373, 20444],delete:
need:	[7435, 388, 9246]	[26823, 2089, 28634],delete:
need:	[25456, 2335, 25524]	[6068, 471, 6326]	[25456, 2528, 33111],delete:
need:	[3762, 231, 16241]	[3762, 42, 9097]	[23150, 1760, 21995],delete:
need:,delete:
need:	[258, 523, 7895]	[258, 523, 16049]	[258, 523, 9551]	[19646, 1974, 33895],delete:
need:,delete:
need:	[3890, 494, 5205],delete:
need:	[22690, 2412, 30096],delete:
need:	[19758, 2172, 33248]	[33248, 2323, 19758]	[370, 471, 13860],delete:
need:,delete:
need:,delete:	[7447, 199, 1729]	[1729, 831, 7447]	[1729, 819, 7447]	[21117, 2172, 33031]	[21117, 2137, 33031]	[21117, 2520, 26835]	[21117, 2172, 24351]	[21117, 1764, 35771]	[21117, 1764, 32676]	[21117, 2532, 26835]
need:	[20847, 1966, 25816]	[29918, 1966, 25816]	[24091, 1966, 25816],delete:
need:,delete:
need:	[8794, 1137, 6993]	[28182, 2562, 26381]	[28182, 2373, 26771],delete:
need:,delete:
need:,delete:	[28706, 1743, 26180]
need:,delete:
need:,delete:
need:	[4186, 331, 7439]	[3528, 388, 4186]	[32173, 2089, 23574]	[22916, 2089, 23574],delete:
need:	[27161, 2164, 33060],delete:
need:	[21081, 2408, 32891]	[13120, 659, 1693],delete:
need:,delete:
need:	[10734, 707, 3285]	[22673, 2177, 22342],delete:
need:	[1377, 27, 13438],delete:
need:,delete:	[30456, 1776, 29403]	[24875, 2307, 29403]	[29403, 2087, 29983]
need:,delete:	[1932, 1148, 17028]	[1932, 1244, 14678]	[1932, 1244, 10961]	[1932, 271, 10780]	[21320, 1972, 30168]	[21320, 1972, 32297]	[21320, 1972, 33020]	[21320, 2195, 33020]	[21320, 1972, 28326]	[21320, 1972, 19895]
need:	[7119, 819, 10598]	[7119, 426, 6136]	[7119, 652, 5497],delete:
need:	[19553, 1890, 27310]	[19553, 1890, 30609]	[165, 189, 10675],delete:
need:,delete:
need:	[3621, 271, 14219]	[3621, 271, 10734],delete:
need:,delete:
need:,delete:
need:,delete:
need:	[3382, 819, 19316]	[22770, 2353, 30573],delete:
need:,delete:	[11009, 355, 625]	[625, 882, 12216]	[625, 222, 11439]	[20013, 1827, 21519]	[20013, 1827, 26686]
need:	[13962, 177, 63]	[26444, 1878, 19451],delete:
need:,delete:	[25784, 2115, 25528]	[25528, 2319, 33919]	[23450, 2115, 25528]	[19450, 2115, 25528]	[26292, 2115, 25528]	[32033, 2115, 25528]	[34079, 2115, 25528]	[20505, 2115, 25528]
need:,delete:	[26577, 1743, 26180]
need:	[2110, 1441, 3192]	[2110, 1448, 8026]	[2110, 1441, 8088]	[21498, 1789, 27414],delete:
need:	[21578, 1893, 35222]	[21578, 2457, 24001]	[2190, 719, 11195],delete:
need:	[7445, 819, 9301]	[7445, 819, 3158]	[26833, 2280, 28430],delete:
need:	[9308, 271, 14933]	[28696, 1972, 34321],delete:
need:,delete:	[10488, 1148, 12813]
need:,delete:
need:,delete:
need:	[3486, 271, 17022]	[33366, 2311, 22874],delete:
need:	[7065, 1252, 14816]	[26453, 1932, 34204]	[27948, 2234, 26453]	[26453, 1743, 26180],delete:
need:	[30263, 1972, 28178]	[8790, 177, 12069]	[28178, 1878, 31457],delete:
need:,delete:	[26062, 1785, 36167]	[6674, 84, 17412]	[6674, 463, 8391]
need:	[7253, 350, 9777]	[7253, 358, 6330]	[7253, 358, 9393]	[34142, 1764, 26641],delete:
need:	[5303, 374, 3665]	[9974, 819, 5303]	[5303, 652, 9974]	[24691, 2172, 23053]	[29362, 2234, 24691],delete:
need:,delete:
need:	[28858, 2013, 34121]	[20627, 2520, 28858],delete:
need:,delete:
need:	[30320, 2291, 21903]	[10932, 590, 2515]	[2515, 374, 454]	[21903, 2089, 34199],delete:
need:,delete:	[4292, 481, 4517]	[4292, 481, 10738]	[26692, 1919, 23680]	[33566, 1919, 23680]	[23680, 2182, 28827]	[23680, 2182, 33047]	[23680, 2182, 29318]	[23680, 2182, 30126]
need:	[3305, 414, 6090]	[22693, 2195, 25478]	[3305, 494, 6090],delete:
need:,delete:	[4619, 590, 11606]	[24007, 1972, 24966]	[30994, 2234, 24007]	[24007, 1972, 31105]	[24007, 2115, 24009]	[24007, 1972, 24009]	[24674, 2044, 24007]	[24007, 2195, 24966]	[24966, 2044, 24007]
need:,delete:
need:,delete:
need:	[2420, 174, 751]	[2554, 1148, 751],delete:
need:,delete:	[3994, 907, 15170]	[3994, 654, 1569]	[23382, 2605, 26652]
need:	[7761, 652, 18168]	[4143, 413, 7761]	[23531, 2114, 27149],delete:
need:	[33042, 2353, 27755],delete:
need:,delete:
need:	[20450, 2480, 21894]	[7821, 1462, 2506]	[21894, 2511, 25346]	[20450, 2467, 21894],delete:
need:	[1312, 590, 5977]	[20700, 2291, 38075]	[20700, 2291, 28114],delete:
need:	[19679, 2520, 27013]	[7625, 463, 10148],delete:
need:	[11706, 682, 1751],delete:
need:	[4236, 652, 7678]	[7678, 533, 4236],delete:
need:	[22500, 2528, 29058]	[28630, 1882, 22500],delete:
need:,delete:
need:	[34001, 1872, 28140]	[8752, 154, 14613],delete:
need:	[6774, 652, 8855],delete:
need:,delete:
need:	[24534, 1878, 21039]	[26194, 1878, 21039]	[1651, 670, 8416],delete:
need:	[12230, 457, 8370]	[8370, 1119, 18440]	[31618, 2058, 27758]	[27758, 2423, 31618]	[27758, 2398, 31618],delete:
need:,delete:
need:,delete:	[8630, 78, 8646]	[3803, 471, 8630]	[8630, 78, 8462]	[28018, 1779, 31388]	[21525, 2333, 28018]	[28018, 1779, 27725]
need:	[7991, 1485, 7291],delete:
need:,delete:
need:,delete:
need:	[25694, 1884, 19506]	[25694, 2528, 26136]	[33887, 2127, 25694],delete:
need:	[4359, 271, 9249]	[9249, 471, 3818]	[23747, 1972, 28637]	[21976, 2581, 28637]	[2588, 880, 9249]	[25208, 2281, 28637],delete:
need:,delete:
need:,delete:
need:	[20352, 1827, 32051]	[964, 126, 12663],delete:
need:	[686, 756, 14457],delete:
need:	[9913, 819, 14516]	[9913, 463, 4219],delete:
need:	[7100, 759, 6108]	[7100, 759, 10390],delete:
need:	[7816, 218, 6370]	[27972, 2089, 27204],delete:
need:	[23987, 2434, 33646]	[4599, 701, 11446]	[4599, 388, 13073],delete:
need:	[6413, 271, 14584]	[6413, 494, 14584],delete:
need:	[29092, 2112, 23576]	[29092, 2353, 33349],delete:
need:,delete:
need:	[945, 27, 5241],delete:
need:	[12959, 1441, 2628]	[22016, 1789, 32347],delete:
need:	[690, 652, 3493],delete:
need:,delete:
need:,delete:	[10644, 22, 8862]	[9032, 22, 8862]	[7828, 241, 8862]	[2447, 22, 8862]	[21835, 1964, 28250]	[27216, 1942, 28250]	[26641, 1942, 28250]
need:,delete:
need:,delete:	[11609, 177, 1508]	[30997, 1878, 20896]	[20896, 2157, 33512]	[32973, 1878, 20896]
need:,delete:
need:	[12316, 652, 3543]	[3543, 819, 12316],delete:
need:,delete:
need:	[13739, 59, 5135]	[32906, 1760, 24523],delete:
need:	[1421, 271, 7836]	[20809, 2528, 32773]	[8084, 343, 1421]	[1421, 827, 13385],delete:
need:,delete:
need:,delete:
need:	[25002, 2511, 26876]	[25002, 2511, 25288]	[8630, 78, 5614],delete:
need:,delete:	[1161, 818, 10983]	[1161, 813, 10983]	[20549, 2514, 30371]
need:	[5673, 414, 3201]	[5673, 414, 12695],delete:
need:	[21148, 2394, 26300]	[7457, 331, 6912]	[26845, 2032, 26300],delete:
need:	[3421, 538, 14874]	[22809, 2038, 22809],delete:
need:	[6051, 271, 11268]	[6051, 271, 3424]	[11268, 343, 6051],delete:
need:	[33178, 2291, 19599]	[19599, 1722, 21015],delete:
need:,delete:
need:,delete:	[13895, 233, 10115]	[29503, 2083, 22565]	[33968, 2107, 29503]
need:	[27091, 1900, 19841]	[32471, 2114, 27091],delete:
need:	[5338, 494, 8300]	[5338, 271, 10791]	[24726, 1972, 30179],delete:
need:,delete:
need:,delete:
need:,delete:
need:,delete:
need:,delete:	[4928, 177, 7987]	[11153, 271, 4928]	[28704, 1972, 24316]	[31435, 2195, 24316]
need:,delete:	[10391, 445, 7993]	[24082, 1972, 29779]	[10391, 177, 6854]	[26325, 1803, 29779]
need:,delete:
need:,delete:
need:,delete:	[10965, 352, 8197]	[8197, 998, 7702]	[24183, 2211, 27585]	[30353, 2053, 27585]	[27585, 2844, 24183]	[24183, 1894, 27585]
need:	[6628, 888, 6733]	[26121, 1878, 30304]	[26016, 2589, 26121],delete:
need:	[6756, 42, 18158]	[26144, 2172, 20306],delete:
need:	[34086, 1789, 29485]	[29485, 1789, 26165],delete:
need:	[13260, 471, 6484]	[25872, 1728, 32648],delete:
need:	[14636, 271, 4164]	[14766, 271, 4164]	[26299, 2581, 23552]	[34024, 1972, 23552]	[23552, 2032, 22547]	[23552, 2032, 31659],delete:
need:,delete:	[24164, 1737, 24456]	[24164, 1743, 22588]
need:	[5139, 745, 13993]	[5139, 538, 7706]	[5139, 538, 8219]	[24527, 2446, 33381]	[24527, 2239, 24218],delete:
need:	[2846, 177, 1195]	[1895, 177, 1195]	[5042, 177, 1195]	[21283, 1878, 20583]	[20583, 2221, 33358]	[20583, 2196, 27961],delete:
need:	[14267, 388, 3692],delete:
need:,delete:	[8899, 648, 2073]	[6207, 330, 8899]	[34325, 1842, 28287]	[27156, 1842, 28287]	[28287, 2534, 25200]
need:,delete:
need:,delete:	[5376, 173, 2389]	[5405, 59, 5376]	[28706, 1760, 24764]
need:	[1820, 819, 13305]	[11830, 652, 1820]	[21208, 2114, 27483]	[21208, 1722, 21606]	[21208, 2402, 25923]	[31218, 2353, 21208]	[21208, 2520, 32693],delete:
need:,delete:	[3436, 643, 14144]	[3436, 365, 241]
need:	[4794, 788, 1008]	[30732, 2331, 24182],delete:
need:,delete:
need:	[6183, 271, 9641],delete:
need:,delete:
need:	[23301, 2234, 30417]	[23301, 2280, 32928],delete:
need:	[27545, 2175, 22347]	[3001, 446, 8157],delete:
need:,delete:
need:	[19505, 1972, 20203]	[117, 271, 7565]	[117, 471, 7565],delete:
need:	[25128, 1789, 24343]	[5740, 1441, 4955]	[24343, 1789, 25128],delete:
need:,delete:	[2876, 476, 4974]	[2876, 1244, 12914]
need:,delete:	[22557, 1743, 29551]	[22557, 1743, 23980]
need:	[8640, 414, 3641]	[8640, 271, 10734]	[28028, 2115, 23029]	[27868, 1959, 28028]	[28028, 1972, 30179],delete:
need:,delete:
need:	[29597, 2446, 27516]	[29597, 2239, 29773]	[29597, 2239, 31744]	[11559, 538, 10209],delete:
need:	[3785, 116, 3785]	[23173, 2251, 35231]	[3785, 331, 13429]	[23173, 2032, 32817],delete:
need:	[7335, 42, 126],delete:
need:	[639, 739, 4690]	[30953, 2355, 20027]	[20027, 1928, 22496]	[20027, 1928, 30953]	[22496, 2355, 20027]	[20027, 2440, 24078]	[31589, 2598, 20027],delete:
need:,delete:
need:	[29497, 2177, 23810],delete:
need:	[28551, 2203, 23399]	[4011, 745, 9163]	[4011, 502, 10420],delete:
need:	[4546, 156, 18224]	[23934, 1966, 32638],delete:
need:,delete:	[23871, 1939, 23265]
need:,delete:
need:	[23041, 2089, 37273]	[32252, 2234, 23041]	[23041, 2528, 25287],delete:
need:,delete:	[8616, 188, 8871]	[8871, 173, 1018]	[8871, 618, 4735]	[8871, 357, 8616]	[28259, 2307, 31209]	[28259, 2319, 24123]	[28259, 2307, 27760]	[28004, 1889, 28259]
need:	[26942, 2089, 24200]	[7554, 21, 2424],delete:
need:,delete:
need:	[13245, 126, 8724]	[8724, 70, 13550]	[28112, 1771, 32938]	[28112, 2032, 31532],delete:
need:	[23442, 1942, 23553]	[23553, 2426, 29271]	[4165, 725, 9883],delete:
need:	[4621, 177, 13918]	[32396, 2096, 24009]	[4619, 414, 4621]	[4619, 271, 4621],delete:
need:	[6970, 547, 9480]	[6970, 739, 10253],delete:
need:,delete:
need:	[8717, 271, 14602],delete:
need:,delete:
need:,delete:
need:	[28692, 2353, 31015],delete:
need:	[30981, 2457, 26483]	[11593, 756, 7095],delete:
need:,delete:	[29796, 2528, 22037]	[29796, 2528, 33313]	[25297, 2040, 29796]	[32202, 2127, 29796]	[29796, 2127, 32202]
need:,delete:	[2900, 323, 1690]	[21078, 2259, 23119]	[21078, 2259, 35628]	[22288, 2024, 21078]	[21078, 2000, 34029]
need:,delete:
need:,delete:
need:,delete:	[24988, 1972, 21448]	[24988, 1972, 24848]
need:,delete:
need:	[20994, 1972, 28785]	[1606, 271, 3572],delete:
need:	[20608, 2353, 37283],delete:
need:,delete:
need:	[13201, 343, 1039]	[33788, 2044, 20427]	[32589, 2044, 20427]	[1039, 271, 14256],delete:
need:,delete:	[12864, 388, 8765]	[7753, 388, 8765]	[8765, 440, 10176]	[19913, 2089, 28153]	[27141, 2089, 28153]	[32252, 2089, 28153]	[28153, 1919, 20638]	[22371, 2089, 28153]
need:	[1206, 271, 1021]	[1206, 271, 12343],delete:
need:,delete:
need:	[7643, 715, 14976]	[27031, 2307, 34378]	[27031, 2416, 34364],delete:
need:,delete:	[3879, 177, 5116]	[19604, 1972, 23267]	[31836, 1972, 23267]	[23267, 1878, 24504]
need:	[674, 413, 15992]	[674, 413, 13898],delete:
need:	[13241, 471, 4939]	[24327, 1774, 24327],delete:
need:	[20113, 2520, 22024],delete:
need:,delete:
need:,delete:	[1542, 193, 14422]	[1542, 510, 7688]	[14422, 819, 1542]	[20930, 2211, 27076]	[20930, 2353, 33810]	[33810, 2520, 20930]	[20930, 2528, 24849]
need:	[25033, 2528, 33510]	[25033, 1705, 27019]	[25033, 1709, 22174]	[5645, 4, 7631],delete:
need:	[8828, 271, 14093],delete:
need:	[2868, 476, 8480]	[22256, 2528, 32448],delete:
need:	[20743, 2562, 35472]	[20743, 2557, 19810],delete:
need:	[1510, 147, 9584]	[12482, 634, 9584],delete:
need:	[288, 652, 18034],delete:
need:,delete:
need:	[3369, 111, 480]	[22757, 2528, 33446],delete:
need:,delete:
need:	[25201, 1986, 21146],delete:
need:	[6547, 1135, 17968]	[25935, 2562, 31432],delete:
need:	[23101, 1878, 20653]	[2532, 414, 3713],delete:
need:	[23820, 2141, 23383]	[3995, 223, 4432],delete:
need:,delete:
need:,delete:
need:	[27852, 2239, 20491]	[22617, 2239, 20491]	[20526, 2446, 20491],delete:
need:,delete:
need:,delete:
need:	[8918, 42, 740]	[28306, 1743, 28712],delete:
need:	[10081, 38, 794]	[10081, 38, 16333],delete:
need:,delete:	[8152, 482, 2553]	[8152, 188, 18952]	[27540, 1842, 29936]	[27540, 2398, 37439]	[27540, 1842, 25560]	[27540, 1842, 31449]	[27540, 1842, 31543]	[21941, 2122, 27540]
need:	[8061, 520, 17059]	[5775, 177, 8061]	[10561, 177, 8061]	[4643, 177, 8061]	[8061, 505, 4171]	[27449, 2206, 23559],delete:
need:,delete:
need:	[20326, 2398, 25136]	[27692, 2398, 25136],delete:
need:,delete:
need:	[2413, 529, 12851]	[2413, 529, 8462]	[2413, 309, 17582]	[31526, 2472, 21801]	[24644, 1857, 21801],delete:
need:,delete:
need:,delete:
need:	[27667, 1709, 22174]	[8279, 183, 13231]	[8279, 388, 4152],delete:
need:,delete:
need:,delete:
need:	[1169, 271, 11557]	[26875, 1758, 20557],delete:
need:,delete:	[1596, 590, 10893]
need:	[8680, 82, 441]	[19829, 2463, 30939]	[34160, 1783, 19829],delete:
need:	[28163, 1972, 20371]	[219, 271, 983]	[34017, 1972, 20371]	[19607, 1972, 20371],delete:
need:	[6947, 494, 10879],delete:
need:,delete:
need:,delete:	[7621, 590, 2618]	[22185, 2044, 22006]	[22006, 1972, 26049]	[22006, 1972, 26231]	[22006, 1972, 22947]	[22006, 1972, 31707]	[22006, 1972, 25312]	[22006, 2195, 22185]
need:	[4194, 20, 1246]	[20634, 1927, 23299]	[20634, 1874, 24399]	[28018, 1721, 20634],delete:
need:	[7742, 670, 12571]	[7742, 24, 11237]	[7320, 177, 7742]	[27130, 1725, 30238],delete:
need:	[25046, 2239, 29927],delete:
need:	[9135, 413, 18667]	[33689, 2253, 28523],delete:
need:	[21920, 2115, 23101]	[2532, 414, 9607]	[2532, 271, 4317],delete:
need:	[27537, 2353, 30046],delete:
need:	[13631, 819, 2256]	[4652, 652, 2256]	[21644, 2172, 27051],delete:
need:	[7154, 651, 3528],delete:
need:	[21719, 2412, 27118]	[1109, 968, 2331],delete:
need:,delete:
need:	[6698, 271, 7066]	[7066, 177, 8549]	[26454, 1878, 27937],delete:
need:	[6033, 177, 14746]	[25421, 1878, 34134],delete:
need:	[32348, 1853, 20194]	[22365, 2377, 20194]	[20194, 1899, 31354],delete:
need:	[30208, 1874, 24345]	[19971, 1874, 24345]	[24878, 1874, 24345],delete:
need:,delete:	[7440, 827, 4006]	[4006, 500, 8118]	[14105, 642, 4006]	[4006, 1663, 17637]	[25796, 2404, 23394]	[27813, 2175, 23394]
need:,delete:
need:	[3864, 1567, 3331]	[3864, 1567, 763]	[23252, 1760, 20151],delete:
need:,delete:
need:	[7953, 1090, 4731]	[7953, 819, 14076],delete:
need:	[1232, 271, 5277]	[1232, 271, 14400],delete:
need:	[3560, 0, 10352]	[6739, 137, 3560],delete:
need:	[27868, 1959, 25803]	[6415, 271, 6060],delete:
need:	[2009, 119, 1941]	[21329, 2172, 30365],delete:
need:	[7157, 652, 11908]	[31296, 2520, 26545],delete:
need:,delete:	[8754, 173, 11934]	[28142, 2307, 29899]
need:	[13022, 1208, 1243]	[20631, 2457, 32410]	[32410, 2408, 20631],delete:
need:,delete:
need:	[5887, 652, 7156],delete:
need:	[14157, 326, 3416]	[32662, 2027, 22804]	[33545, 2027, 22804],delete:
need:,delete:	[25662, 2307, 24940]	[29015, 2307, 24940]
need:,delete:
need:	[26091, 2382, 19662]	[9855, 299, 6703]	[29243, 2000, 26091]	[26091, 2382, 25887],delete:
need:	[7870, 652, 14065]	[27258, 2353, 33453],delete:
need:,delete:
need:,delete:	[29456, 2133, 35474]	[10960, 1100, 10068]	[20092, 2755, 29456]	[22669, 2755, 29456]
need:	[26899, 2534, 25772]	[6384, 152, 7511],delete:
need:	[28888, 1972, 23939]	[9500, 271, 4551]	[30067, 2115, 23939],delete:
need:	[7969, 831, 3064],delete:
need:,delete:
need:	[19730, 1853, 24330]	[22012, 1853, 19730],delete:
need:	[9570, 271, 11377]	[9570, 414, 12319],delete:
need:	[11166, 222, 3675]	[3675, 817, 11166]	[3675, 183, 13231],delete:
need:,delete:
need:,delete:
need:	[4613, 174, 10406],delete:
need:	[21399, 1738, 26924]	[2011, 654, 11786]	[2011, 37, 7536],delete:
need:,delete:	[13055, 374, 1564]	[20952, 1740, 26524]	[1564, 434, 13055]
need:	[2, 786, 6532]	[19390, 2487, 25920],delete:
need:,delete:	[4938, 386, 5876]
need:,delete:
need:	[4384, 725, 11617]	[4384, 750, 5622]	[23772, 2451, 25010]	[23772, 2451, 25859],delete:
need:	[30860, 2305, 24386]	[28063, 2305, 24386]	[11472, 604, 4998]	[11517, 604, 4998],delete:
need:	[26256, 2297, 30247]	[26256, 2172, 34573],delete:
need:	[4212, 759, 6742]	[4212, 198, 11495]	[4212, 759, 11890]	[30883, 1899, 23600],delete:
need:	[3343, 388, 6844]	[12148, 126, 6844]	[28898, 2434, 26232]	[21285, 2089, 26232]	[22731, 2089, 26232]	[31536, 1827, 26232]	[28898, 2089, 26232],delete:
need:,delete:
need:	[21019, 2032, 38560]	[21019, 2032, 29969],delete:
need:	[7566, 189, 7922]	[11313, 189, 7922]	[7922, 594, 13452],delete:
need:	[26309, 2058, 20565]	[20565, 1889, 31737]	[1177, 141, 11247]	[1177, 141, 6172]	[1177, 141, 10095]	[1177, 141, 3941]	[24010, 2058, 20565],delete:
need:,delete:
need:	[12156, 351, 3979]	[23367, 2511, 38661],delete:
need:	[7335, 59, 1450]	[34270, 1760, 20838]	[14882, 59, 1450]	[3699, 59, 1450]	[26315, 1760, 20838],delete:
need:,delete:
need:	[5146, 177, 1651]	[24534, 1878, 21039],delete:
need:	[13733, 38, 10167]	[33121, 1739, 29555],delete:
need:,delete:	[5184, 98, 14467]	[24572, 2382, 29052]
need:	[4447, 827, 10581]	[4447, 126, 6016]	[23835, 2528, 29969],delete:
need:	[27769, 2573, 20077]	[20077, 2520, 19898],delete:
need:	[6895, 1145, 6792]	[26283, 1743, 22588],delete:
need:	[24229, 2089, 29999]	[24229, 1827, 29999]	[4841, 126, 10611],delete:
need:	[4130, 1137, 6536]	[23518, 2562, 25924],delete:
need:	[23235, 2339, 28172]	[3847, 638, 8784]	[8784, 440, 8847]	[28172, 2108, 23235],delete:
need:,delete:
need:	[23602, 1961, 31661]	[4214, 244, 1339],delete:
need:	[12811, 271, 2362]	[11743, 271, 2362],delete:
need:	[8846, 271, 5381]	[11176, 343, 8846]	[8846, 494, 11176],delete:
need:,delete:
need:	[1108, 343, 16207]	[1108, 177, 5973]	[32402, 1972, 20496]	[28764, 1972, 20496]	[20496, 1878, 25361],delete:
need:	[1432, 1338, 12950]	[1432, 959, 12621]	[31260, 2127, 20820],delete:
need:	[38, 21, 15452],delete:
need:	[11786, 654, 1569]	[31174, 2355, 20957],delete:
need:,delete:	[25081, 2222, 20701]	[1313, 114, 1313]
need:	[1590, 414, 7958],delete:
need:	[7073, 861, 2727]	[21981, 2562, 22115]	[32210, 2562, 22115],delete:
need:	[5649, 271, 6688]	[5649, 414, 6688],delete:
need:,delete:	[7390, 21, 7943]	[27894, 1722, 27331]
need:	[25366, 2195, 21698]	[5978, 271, 13805],delete:
need:,delete:	[26303, 2096, 26783]	[26783, 2213, 26303]
need:,delete:
need:,delete:	[21862, 2268, 28093]
need:	[5923, 1137, 4654]	[25311, 2562, 24042]	[14477, 1137, 4654]	[9133, 1137, 4654],delete:
need:	[5147, 271, 9897]	[5147, 271, 2061],delete:
need:	[7400, 719, 10020]	[29718, 1722, 29408]	[14596, 21, 10020],delete:
need:	[23900, 2105, 33443]	[14055, 473, 4512]	[33443, 2174, 23900],delete:
need:	[21834, 2532, 26285],delete:
need:	[33690, 2574, 25633],delete:
need:	[1749, 271, 8068]	[21137, 2195, 23901],delete:
need:	[3014, 148, 6586]	[6586, 795, 3014]	[23, 37, 3014]	[22402, 2535, 35926]	[22402, 2107, 31894],delete:
need:	[20532, 1743, 33390]	[20532, 1743, 29488],delete:
need:	[20294, 2159, 33793]	[906, 458, 14405]	[906, 241, 7909]	[906, 413, 4623],delete:
need:,delete:
need:,delete:
need:	[9878, 255, 12194]	[29266, 1900, 38711],delete:
need:,delete:
need:,delete:
need:	[3923, 476, 4770]	[23311, 1972, 29714],delete:
need:,delete:
need:,delete:	[943, 18, 787]	[943, 813, 17945]	[19760, 2420, 20331]	[19699, 1722, 20331]	[25082, 2420, 20331]
need:	[22047, 2446, 31688]	[2659, 1367, 14068],delete:
need:	[23716, 1950, 29457]	[13702, 1649, 10069]	[23597, 2007, 29457]	[29457, 1899, 32264]	[4328, 1649, 10069],delete:
need:,delete:	[5608, 1646, 1062]	[14416, 1610, 5608]
need:	[13369, 910, 3136]	[13496, 910, 3136]	[32757, 2382, 22524],delete:
need:,delete:
need:	[25626, 1877, 33929]	[6238, 176, 14541]	[25626, 2581, 33929],delete:
need:	[6324, 271, 7985]	[2554, 271, 7985]	[1389, 271, 7985]	[13617, 271, 7985]	[7985, 114, 18651]	[33005, 1972, 27373]	[27373, 2044, 33005]	[25712, 1972, 27373],delete:
need:,delete:	[2130, 0, 11265]	[20815, 1743, 21518]	[28593, 1743, 21518]	[26723, 1743, 21518]	[32667, 1743, 21518]	[33460, 1743, 21518]	[27715, 1743, 21518]
need:,delete:
need:	[4198, 817, 11295],delete:
need:,delete:
need:	[10410, 1199, 1383]	[29798, 2520, 29585],delete:
need:	[3287, 1441, 6777]	[22675, 1789, 26165]	[22675, 1760, 25357],delete:
need:	[14166, 533, 5590],delete:
need:	[6558, 343, 3510],delete:
need:	[9348, 538, 15]	[9348, 745, 8508]	[28736, 1962, 19403]	[28736, 2239, 19403],delete:
need:,delete:	[2289, 618, 2827]	[21677, 2589, 31914]
need:	[33661, 2127, 26421]	[14273, 1560, 7033],delete:
need:	[33627, 2165, 26111]	[14239, 464, 6723],delete:
need:,delete:
need:	[8121, 21, 16956],delete:
need:	[10932, 471, 4300]	[4300, 872, 6842]	[4300, 27, 8614],delete:
need:,delete:
need:,delete:
need:	[12552, 223, 5615]	[31999, 2508, 25003],delete:
need:,delete:
need:	[9671, 1186, 13231]	[3535, 769, 9671]	[9671, 1133, 13855]	[33917, 2470, 29059]	[29059, 2319, 33243],delete:
need:	[5036, 652, 2229],delete:
need:,delete:
need:,delete:
need:,delete:
need:	[32515, 2239, 22498]	[22498, 2203, 28097],delete:
need:	[23256, 1972, 32316]	[3868, 271, 2270],delete:
need:	[4047, 271, 2061]	[4047, 476, 8947]	[4047, 476, 2954],delete:
need:,delete:	[2368, 188, 1018]
need:	[7307, 59, 5848]	[7307, 42, 2729]	[26695, 1743, 22117],delete:
need:,delete:	[1889, 756, 3269]	[10575, 606, 1889]	[1889, 756, 13231]	[1889, 756, 13657]	[21277, 2554, 33045]	[20237, 2234, 21277]	[28318, 2100, 21277]	[33742, 2307, 21277]	[29963, 2307, 21277]
need:	[3724, 42, 6792]	[23112, 1743, 29783],delete:
need:	[31554, 2127, 24485]	[3901, 819, 5097],delete:
need:	[25311, 2377, 26143],delete:
need:,delete:	[6819, 1340, 9427]
need:	[2134, 869, 7441]	[2134, 869, 1062],delete:
need:,delete:	[11995, 102, 7231]	[14563, 271, 7231]	[26619, 2044, 21335]	[24627, 1972, 26619]	[20662, 1972, 26619]	[21335, 2195, 26619]	[33951, 1972, 26619]	[21335, 1972, 26619]
need:	[3704, 271, 3355]	[23092, 1972, 29491],delete:
need:,delete:	[7362, 856, 5191]	[2030, 856, 5191]
need:	[21763, 2135, 25458]	[8796, 1191, 2375]	[9272, 354, 2375]	[21763, 2791, 31659]	[21763, 2350, 28660],delete:
need:	[9941, 248, 10025]	[29329, 1949, 29413],delete:
