6674	26062
2938	22326
8319	27707
5470	24858
7630	27018
4577	23965
9250	28638
9575	28963
10103	29491
2218	21606
7305	26693
6120	25508
2685	22073
4513	23901
8279	27667
9534	28922
9492	28880
7808	27196
10395	29783
9656	29044
9633	29021
427	19815
3568	22956
6295	25683
2133	21521
9289	28677
5626	25014
9985	29373
1296	20684
5456	24844
2010	21398
4729	24117
7045	26433
5372	24760
3520	22908
4784	24172
7969	27357
1847	21235
8235	27623
5851	25239
940	20328
2046	21434
9650	29038
6705	26093
6264	25652
8851	28239
10332	29720
2108	21496
3018	22406
3917	23305
4423	23811
4382	23770
8112	27500
1700	21088
529	19917
7654	27042
1232	20620
10042	29430
8664	28052
7167	26555
3859	23247
4704	24092
4718	24106
9121	28509
6739	26127
6652	26040
9857	29245
3352	22740
2559	21947
3491	22879
2543	21931
5361	24749
1951	21339
9436	28824
7105	26493
8486	27874
2345	21733
8697	28085
7966	27354
1157	20545
175	19563
6917	26305
6544	25932
1620	21008
6320	25708
1212	20600
7511	26899
7491	26879
7862	27250
6512	25900
873	20261
3756	23144
10005	29393
9680	29068
8862	28250
2340	21728
2162	21550
7153	26541
881	20269
831	20219
404	19792
3601	22989
5188	24576
4038	23426
8183	27571
1368	20756
6256	25644
5546	24934
6035	25423
6590	25978
7342	26730
6309	25697
5683	25071
4981	24369
8691	28079
1114	20502
2756	22144
2774	22162
9688	29076
9843	29231
5599	24987
7856	27244
2438	21826
7445	26833
8287	27675
7227	26615
5288	24676
10335	29723
2017	21405
7028	26416
10386	29774
7735	27123
611	19999
3934	23322
914	20302
8837	28225
1788	21176
10408	29796
1636	21024
2869	22257
1870	21258
1652	21040
2102	21490
7033	26421
5239	24627
1886	21274
4146	23534
9176	28564
6784	26172
10176	29564
7253	26641
6444	25832
4007	23395
7267	26655
9244	28632
9452	28840
2091	21479
7474	26862
8303	27691
6203	25591
8547	27935
5856	25244
8975	28363
9347	28735
5278	24666
4661	24049
1103	20491
7214	26602
5175	24563
652	20040
6814	26202
8462	27850
5156	24544
2375	21763
5369	24757
409	19797
1877	21265
8038	27426
3800	23188
5721	25109
8006	27394
8075	27463
6645	26033
7715	27103
5803	25191
56	19444
6684	26072
4200	23588
4286	23674
7519	26907
1861	21249
9886	29274
3662	23050
4883	24271
4462	23850
9993	29381
1837	21225
6476	25864
7953	27341
2310	21698
3434	22822
5436	24824
3331	22719
7475	26863
8866	28254
6411	25799
324	19712
4507	23895
7479	26867
2295	21683
7692	27080
2532	21920
1550	20938
6648	26036
1244	20632
3562	22950
3851	23239
4352	23740
4697	24085
10406	29794
8073	27461
8333	27721
7374	26762
2127	21515
8430	27818
8965	28353
483	19871
9235	28623
3232	22620
8152	27540
4812	24200
4300	23688
6694	26082
5689	25077
6442	25830
8617	28005
233	19621
7455	26843
4493	23881
8197	27585
4595	23983
2406	21794
6143	25531
4825	24213
5877	25265
7821	27209
2721	22109
8955	28343
2307	21695
10258	29646
7933	27321
2595	21983
3724	23112
1584	20972
5423	24811
753	20141
8966	28354
5552	24940
9435	28823
8160	27548
1629	21017
9837	29225
993	20381
1155	20543
7380	26768
1631	21019
3339	22727
5594	24982
7668	27056
759	20147
4624	24012
3952	23340
1543	20931
9977	29365
4551	23939
6068	25456
3335	22723
4738	24126
10110	29498
4946	24334
5214	24602
7708	27096
7891	27279
9234	28622
8590	27978
6636	26024
8852	28240
2604	21992
5376	24764
3148	22536
8721	28109
6876	26264
7990	27378
10181	29569
118	19506
8640	28028
3486	22874
5455	24843
1671	21059
8501	27889
2432	21820
8745	28133
4214	23602
325	19713
4255	23643
930	20318
68	19456
5573	24961
10290	29678
85	19473
3100	22488
7112	26500
9883	29271
3334	22722
5541	24929
5110	24498
618	20006
3475	22863
5309	24697
2288	21676
921	20309
6387	25775
596	19984
87	19475
10353	29741
3439	22827
4237	23625
6716	26104
8402	27790
9145	28533
841	20229
1257	20645
776	20164
2479	21867
8674	28062
1150	20538
60	19448
2352	21740
4457	23845
8587	27975
3542	22930
3837	23225
5912	25300
4142	23530
7729	27117
8846	28234
7694	27082
5263	24651
8606	27994
1038	20426
1434	20822
9128	28516
10079	29467
92	19480
5135	24523
5824	25212
3848	23236
877	20265
10277	29665
134	19522
765	20153
535	19923
9264	28652
5718	25106
8110	27498
6099	25487
9717	29105
2419	21807
6547	25935
9271	28659
1633	21021
2401	21789
4424	23812
7404	26792
7742	27130
10230	29618
6292	25680
9550	28938
9366	28754
6709	26097
146	19534
7786	27174
10407	29795
4945	24333
6848	26236
637	20025
9769	29157
5664	25052
6190	25578
6881	26269
8732	28120
8570	27958
5660	25048
7998	27386
3197	22585
8580	27968
5637	25025
3083	22471
9704	29092
9278	28666
2494	21882
9113	28501
2165	21553
5924	25312
4186	23574
9696	29084
3887	23275
5635	25023
9055	28443
2513	21901
2528	21916
9332	28720
931	20319
3453	22841
9810	29198
10330	29718
9723	29111
7831	27219
4868	24256
6922	26310
4294	23682
4115	23503
3874	23262
2687	22075
8341	27729
8653	28041
5908	25296
7568	26956
9172	28560
747	20135
5982	25370
8845	28233
3864	23252
5118	24506
8594	27982
1986	21374
3892	23280
2567	21955
4090	23478
4796	24184
9338	28726
9614	29002
1508	20896
3533	22921
1180	20568
5486	24874
4996	24384
4022	23410
7781	27169
5875	25263
10383	29771
10436	29824
464	19852
6656	26044
6816	26204
4563	23951
6336	25724
1769	21157
9757	29145
9490	28878
2142	21530
6196	25584
540	19928
9489	28877
8421	27809
10458	29846
6677	26065
4933	24321
2936	22324
4182	23570
9606	28994
4331	23719
8927	28315
1907	21295
3698	23086
133	19521
5146	24534
2644	22032
9690	29078
9714	29102
3889	23277
2496	21884
8314	27702
10378	29766
10322	29710
5296	24684
6724	26112
1743	21131
8799	28187
4100	23488
1303	20691
8162	27550
9641	29029
534	19922
320	19708
8372	27760
2061	21449
698	20086
823	20211
9373	28761
3949	23943
3728	27919
2151	21857
9608	25393
9180	20225
2632	28863
7282	25143
4239	26984
2788	29789
4495	20916
1737	22070
9218	19504
8422	25068
9729	21975
1287	24931
1272	24414
2769	29824
2547	20152
2022	28092
278	24713
5724	23221
3581	25111
3074	26121
8096	21889
5397	24038
7000	21049
5194	22675
3372	28513
6416	23108
4876	26809
9141	27195
944	19448
3336	28555
1453	29695
7929	23878
5269	27005
5942	28610
5524	23094
6274	19549
1901	29545
1462	29456
1338	26045
3719	29773
5237	25118
7152	29778
7805	22312
10246	22963
6288	26487
1413	23590
9901	23089
7775	28532
5929	29353
8386	24863
3221	22205
4122	28610
10132	24643
9282	27513
2030	29185
3095	29251
7714	21157
9559	21807
4056	23389
3000	23713
8906	20882
1775	26298
7832	26562
2105	23762
7209	25009
7569	23630
8593	27345
9747	26097
6521	28166
3289	24742
7018	27805
7706	27607
6218	21967
5100	21260
7283	19977
2350	27026
5490	24345
8052	21220
1110	22939
3609	22336
3775	29073
9959	23236
4150	22473
144	22818
2608	24270
4568	25165
5301	19790
6696	29019
1152	29852
10136	28464
4986	27368
963	29602
3712	23982
7109	24929
1211	28516
3946	28959
4063	25058
3632	23579
6379	20993
8833	26202
7809	21008
4667	23710
7555	26381
10419	22657
687	27024
6908	27570
6166	20032
4554	26624
1207	29294
8074	24281
8953	20978
4060	27108
2607	22173
6768	25129
7586	27741
2983	23181
1663	29545
6714	28721
1905	21233
8318	21250
3211	25297
5003	26083
5629	20424
7270	22577
2723	22582
6389	26169
3460	21692
8835	25186
5257	21925
9001	26175
6726	25008
2343	24762
1531	21046
6392	23424
9524	27570
812	25425
8679	19765
4374	19438
6297	21242
9341	24539
3192	21498
616	27679
3010	22654
194	28617
7341	29779
9903	24157
4952	28538
2174	26433
357	19416
1401	26023
400	21729
6879	23835
711	23590
5162	23272
1262	21593
2356	23221
5550	26126
10	24384
2088	21720
2212	23876
522	20741
598	21468
3081	27824
3585	19624
8053	25301
4037	27448
4189	20838
7134	27408
7024	29594
9383	26655
10026	29823
650	23993
7530	24273
5991	26625
9875	29648
3413	28134
1143	25824
3594	23951
4521	25553
1116	24257
8082	27407
9484	25852
4449	23058
8865	25822
9238	21250
2570	22166
3725	19723
6617	23994
1129	24014
4143	20568
9990	20713
5931	23934
941	21140
2070	29309
58	29545
1102	20922
3788	25225
4915	20146
6036	29255
6047	22511
6502	20717
6913	28633
3063	25195
6303	25794
6239	20631
5145	24784
6860	20253
1093	20349
7456	19504
0	28126
8295	27799
2863	27844
9611	23067
4822	26175
5766	22451
2934	23926
1010	24721
120	19679
8102	23347
3553	25893
1980	22284
1954	29106
7331	24013
8772	21294
1391	24530
1984	29665
6560	26605
5408	25952
5472	19856
958	20053
777	20930
5544	25812
3527	29482
3866	23189
4975	29530
4452	21883
1915	20830
8787	26600
7370	21652
682	28790
1291	28367
1372	28654
3347	22099
9010	21305
3156	19793
6494	27741
4921	25997
8289	27641
5159	23272
3951	27296
3013	26002
8525	29545
9248	23903
8198	21224
566	24156
10460	28328
8003	20169
897	21753
4389	26562
8569	29745
10066	27496
6907	19831
5006	27969
2866	26945
7357	25608
4798	29407
3505	19636
6286	21636
3791	25851
4456	21676
5015	23179
5588	29008
4608	28536
3918	28688
1422	25226
9360	27278
62	25784
2653	27844
903	20896
2519	22133
2862	21157
9804	28334
1115	22357
4858	21807
8054	21846
3614	29602
3330	20061
6673	25525
3686	19428
8516	27351
8141	27624
8924	24271
5012	25193
6119	22685
9744	25307
9779	22824
11	21651
6006	20150
8702	22532
6919	26205
8078	25969
8842	26471
1124	25871
2961	23162
6625	20722
5606	21950
4458	21136
4041	27858
10452	27824
6589	21082
10210	19915
4639	21993
828	27438
7308	26126
5196	24202
7371	22942
9579	27700
5291	29122
430	28660
1676	29844
4008	25775
8164	20166
7438	24424
7089	29680
8748	25420
5948	21250
1927	22460
3227	21948
8796	20146
6574	29353
3626	29266
680	23089
6823	26776
2837	24592
7278	24655
8202	24268
5438	25639
10358	28477
813	24807
10298	28659
5677	27367
2673	23926
3044	19638
3389	22227
4172	20328
5563	21584
5604	22753
6751	23221
4967	28092
3468	25160
9648	19567
5362	19806
6079	28904
9856	29456
10133	22281
4839	25756
7671	26677
10175	24539
4719	28598
7229	21461
7697	20547
9288	29686
5693	23499
5814	28619
10102	20515
2001	28609
230	27767
9649	28459
10372	21182
3577	27717
4148	27427
143	21197
1284	23974
8484	19915
7975	26112
316	28310
6283	19967
9166	25021
9610	20183
2062	22925
4218	21037
9912	23561
10225	20577
3603	27733
398	26175
5630	24324
2812	28654
5985	22410
9345	20528
8264	29815
5174	29183
2887	24333
7464	24140
9241	22252
2056	24315
6675	24473
8249	22654
6082	21915
8513	29510
7144	25659
8479	21925
10087	27857
7187	22974
4324	22392
2144	29459
7711	28770
3226	20756
6736	28825
9817	22056
2833	22762
9727	21201
1452	27340
4361	23737
7499	19994
4770	20937
3821	28315
5011	27461
5907	23910
6213	28770
5232	19744
6708	29001
7440	23394
580	27805
2258	26445
6572	24565
3222	26004
2865	26374
4166	29754
2555	22569
6887	29076
5570	29572
7973	19665
2726	27335
3558	28880
1776	22434
5752	28839
8037	26937
4969	27717
2422	27945
9858	24120
848	25425
1999	22660
2665	25412
2760	21040
6037	22557
1203	24031
8915	24389
10131	23648
6101	21842
5866	19479
8601	21689
10398	22290
977	22901
4656	20702
574	27341
8563	19876
7540	28542
1997	22494
8491	19659
2545	19598
7665	25044
4001	22583
3695	29440
2126	24187
10347	23541
8524	28633
9009	21088
9370	22133
7902	22082
9719	29367
4306	21522
3710	26723
7647	26433
10429	21833
2463	25813
7815	26666
9652	26644
7349	24684
1096	28746
7387	25577
9822	20134
9323	22531
2040	23616
9739	23575
3895	28016
7986	21396
6010	26987
9028	19442
2376	22498
9955	24919
3005	21579
9814	24540
1615	21169
2702	25812
3194	21170
10044	24980
2713	28269