3109	21103
319	26158
1485	23798
1561	24814
8891	20881
9041	21374
1663	29545
3846	25087
3630	23480
5449	27741
3223	24409
1388	28520
3949	23943
3728	27919
2151	21857
9608	25393
9180	20225
2632	28863
7282	25143
4239	26984
2788	29789
4495	20916
1737	22070
9218	19504
8422	25068
9729	21975
1287	24931
1272	24414
2769	29824
2547	20152
2022	28092
278	24713
5724	23221
3581	25111
3074	26121
8096	21889
5397	24038
7000	21049
5194	22675
3372	28513
6416	23108
4876	26809
9141	27195
944	19448
3336	28555
1453	29695
7929	23878
5269	27005
5942	28610
5524	23094

