6463	25851
877	20265
6473	25861
2638	22026
9414	28802
1157	20545
175	19563
6917	26305
6544	25932
1620	21008
6320	25708
1212	20600
7511	26899
7491	26879
7862	27250
6512	25900
873	20261
3756	23144
10005	29393
9680	29068
8862	28250
2340	21728
2162	21550
7153	26541
881	20269
831	20219
404	19792
3601	22989
5188	24576
4038	23426
8183	27571
1368	20756
6256	25644
5546	24934
6035	25423
6590	25978
7342	26730
6309	25697
5683	25071
4981	24369
8691	28079
1114	20502
2756	22144
2774	22162
9688	29076
9843	29231
5599	24987
7856	27244
2438	21826
7445	26833
