3161	22549
5695	25083
4521	23909
3516	22904
8760	28148
8586	27974
4273	23661
6338	25726
1748	21136
1797	21185
3262	22650
1452	20840
9374	28762
10257	29645
7300	26688
8114	27502
1935	21323
7096	26484
2539	21927
8985	28373
10011	29399
10044	29432
10246	29634
8439	27827
6713	26101
2321	21709
2068	21456
8578	27966
4658	24046
7264	26652
4727	24115
9449	28837
6112	25500
4434	23822
4070	23458
4937	24325
3795	23183
9147	28535
8194	27582
8961	28349
7854	27242
7229	26617
4737	24125
2169	21557
2919	22307
8302	27690
9720	29108
4604	23992
6230	25618
2092	21480
8043	27431
5506	24894
10318	29706
7031	26419
3073	22461
8491	27879
6719	26107
6048	25436
6042	25430
1455	20843
8050	27438
3608	22996
9417	28805
9203	28591
4823	24211
6439	25827
2410	21798
648	20036
337	19725
5948	25336
5852	25240
7398	26786
9879	29267
7600	26988
10469	29857
3255	22643
5570	24958
4076	23464
4977	24365
4558	23946
2053	21441
2989	22377
5284	24672
2041	21429
1976	21364
1992	21380
2241	21629
3545	22933
1791	21179
6316	25704
4775	24163
2062	21450
9957	29345
6836	26224
8224	27612
169	19557
7162	26550
3625	23013
3098	22486
6194	25582
7954	27342
5004	24392
3527	22915
9784	29172
6419	25807
510	19898
9028	28416
5798	25186
4859	24247
8923	28311
3654	23042
7190	26578
594	19982
9961	29349
4449	23837
477	19865
6163	25551
6617	26005
8701	28089
331	19719
3969	23357
384	19772
10056	29444
2702	22090
1435	20823
9553	28941
2857	22245
9305	28693
4509	23897
374	19762
5019	24407
3565	22953
9718	29106
3008	22396
10183	29571
4420	23808
8672	28060
5339	24727
6352	25740
10027	29415
7977	27365
10233	29621
4297	23685
8505	27893
6302	25690
8945	28333
1321	20709
6047	25435
8132	27520
3977	23365
2255	21643
10437	29825
110	19498
5977	25365
67	19455
553	19941
3815	23203
9785	29173
6447	25835
8390	27778
8140	27528
6433	25821
2470	21858
2480	21868
426	19814
6185	25573
5026	24414
7759	27147
6788	26176
7869	27257
7604	26992
4741	24129
10038	29426
6938	26326
7574	26962
10242	29630
2334	21722
373	19761
9770	29158
2547	21935
5336	24724
310	19698
4886	24274
6034	25422
1154	20542
1013	20401
4154	23542
2521	21909
8337	27725
10357	29745
4867	24255
10460	29848
10136	29524
5043	24431
2850	22238
7809	27197
8253	27641
2054	21442
2350	21738
4050	23438
304	19692
3143	22531
6391	25779
4021	23409
9616	29004
2369	21757
8911	28299
8138	27526
7037	26425
864	20252
4178	23566
9256	28644
8321	27709
4502	23890
4720	24108
7850	27238
1152	20540
9239	28627
2798	22186
4865	24253
4478	23866
6418	25806
6115	25503
6202	25590
2144	21532
7340	26728
8900	28288
7518	26906
7586	26974
8879	28267
7186	26574
9697	29085
8444	27832
7321	26709
8285	27673
5627	25015
4162	23550
6832	26220
3317	22705
4525	23913
5733	25121
3620	23008
4533	23921
7706	27094
10293	29681
10129	29517
8981	28369
8059	27447
6472	25860
1551	20939
3896	23284
8286	27674
9800	29188
2558	21946
8249	27637
19	19407
2019	21407
890	20278
5922	25310
9120	28508
9124	28512
6630	26018
2711	22099
4216	23604
3884	23272
3151	22539
2022	21410
2088	21476
9523	28911
779	20167
3130	22518
1087	20475
4927	24315
2267	21655
4631	24019
6089	25477
4894	24282
487	19875
900	20288
10169	29557
2461	21849
1387	20775
6105	25493
3809	23197
3039	22427
7371	26759
9356	28744
7732	27120
8222	27610
1031	20419
4168	23556
2594	21982
1011	20399
4524	23912
887	20275
1713	21101
3074	22462
2755	22143
4139	23527
8130	27518
2356	21744
1776	21164
1810	21198
7577	26965
7084	26472
7372	26760
8325	27713
6580	25968
1314	20702
10245	29633
7536	26924
7935	27323
4734	24122
5348	24736
985	20373
4101	23489
1478	20866
2315	21703
8716	28104
4280	23668
9194	28582
1234	20622
4835	24223
1657	21045
6333	25721
9426	28814
5642	25030
7909	27297
1345	20733
2407	21795
3227	22615
7778	27166
4924	24312
1199	20587
9152	28540
4904	24292
9890	29278
6892	26280
10474	29862
7813	27201
7042	26430
828	20216
2978	22366
256	19644
7245	26633
6893	26281
9629	29017
5424	24812
4136	23524
6721	26109
3616	23004
10028	29416
9081	28469
1625	21013
4611	23999
5059	24447
4464	23852
1614	21002
954	20342
4106	23494
8422	27810
3586	22974
2683	22071
442	19830
2242	21630
788	20176
2747	22135
7588	26976
2740	22128
2372	21760
5351	24739
3594	22982
1255	20643
6135	25523
10196	29584
7727	27115
5575	24963
2531	21919
7844	27232
1918	21306
8077	27465
8557	27945
9042	28430
8484	27872
4072	23460
5412	24800
4039	23427
5105	24493
2846	22234
8787	28175
9236	28624
1575	20963
4296	23684
1393	20781
3640	23028
1390	20778
3415	22803
4156	23544
10372	29760
4008	23396
4680	24068
6635	26023
5127	24515
6093	25481
2126	21514
1375	20763
6565	25953
5534	24922
783	20171
6798	26186
2025	21413
5628	25016
6669	26057
10365	29753
2771	22159
5497	24885
3387	22775
8686	28074
8767	28155
5629	25017
7705	27093
1213	20601
1594	20982
3263	22651
243	19631
3531	22919
9978	29366
3042	22430
4043	23431
10248	29636
5593	24981
5216	24604
6435	25823
347	19735
5743	25131
10095	29483
10083	29471
9148	28536
8150	27538
8256	27644
703	20091
9116	28504
1203	20591
9865	29253
3427	22815
6453	25841
7951	27339
1789	21177
7530	26918
6417	25805
6852	26240
6494	25882
10217	29605
5648	25036
7011	26399
4184	23572
3184	22572
1073	20461
4243	23631
2084	21472
8951	28339
9039	28427
7004	26392
839	20227
1044	20432
2670	22058
7763	27151
9004	28392
9521	28909
10086	29474
9512	28900
1068	20456
3377	22765
1337	20725
1828	21216
5084	24472
4960	24348
3703	23091
7323	26711
7661	27049
346	19734
8057	27445
9286	28674
5073	24461
501	19889
8366	27754
2364	21752
3927	23315
4361	23749
1818	21206
9341	28729
1946	21334
4903	24291
631	20019
4910	24298
6872	26260
7701	27089
1023	20411
2341	21729
4601	23989
6700	26088
7003	26391
9826	29214
7882	27270
7271	26659
6226	25614
4208	23596
10396	29784
6234	25622
9559	28947
1514	20902
1763	21151
306	19694
6326	25714
6059	25447
7047	26435
9621	29009
678	20066
83	19471
2253	21641
3856	23244
9119	28507
2171	21559
6106	25494
6780	26168
3886	23274
3430	22818
9302	28690
2783	22171
2081	21469
70	19458
8532	27920
9095	28483
2861	22249
9087	28475
707	20095
9363	28751
10117	29505
8577	27965
1339	20727
9830	29218
9823	29211
9813	29201
1843	21231
4349	23737
6612	26000
10074	29462
1928	21316
4561	23949
8518	27906
1746	21134
847	20235
1163	20551
8403	27791
8781	28169
6765	26153
8213	27601
891	20279
338	19726
4817	24205
1762	21150
5873	25261
6323	25711
7929	27317
2961	22349
4171	23559
8111	27499
8698	28086
32	19420
1509	20897
1386	20774
8808	28196
1026	20414
5835	25223
9144	28532
2358	21746
111	19499
5077	24465
5961	25349
10326	29714
4063	23451
10222	29610
8185	27573
577	19965
9885	29273
9933	29321
1145	20533
4948	24336
431	19819
4340	23728
2363	21751
9025	28413
5417	24805
8289	27677
6738	26126
2382	21770
1464	20852
6559	25947
2517	21905
6258	25646
988	20376
2907	22295
43	19431
9370	28758
7274	26662
9872	29260
4711	24099
9922	29310
9384	28772
187	19575
2179	21567
8906	28294
5734	25122
7352	26740
8377	27765
8136	27524
3600	22988
270	19658
3528	22916
757	20145
1589	20977
6131	25519
6240	25628
6278	25666
1842	21230
7185	26573
8729	28117
4707	24095
2444	21832
2192	21580
10094	29482
1158	20546
694	20082
3788	23176
6699	26087
1637	21025
7414	26802
1953	21341
8836	28224
7309	26697
8408	27796
4733	24121
1458	20846
10189	29577
8504	27892
6687	26075
9383	28771
1541	20929
430	19818
10172	29560
1716	21104
6627	26015
1980	21368
8011	27399
7489	26877
6062	25450
3451	22839
2448	21836
3751	23139
6704	26092
8432	27820
400	19788
9437	28825
7557	26945
9812	29200
2303	21691
5162	24550
3622	23010
5164	24552
7717	27105
4959	24347
5293	24681
883	20271
2538	21926
9840	29228
5812	25200
8013	27401
9038	28426
810	20198
7730	27118
5716	25104
7118	26506
7053	26441
6542	25930
10033	29421
6863	26251
7493	26881
10393	29781
5474	24862
7687	27075
4238	23626
8147	27535
4547	23935
4405	23793
9855	29243
6207	25595
6693	26081
880	20268
1919	21307
5537	24925
7837	27225
3394	22782
7886	27274
693	20081
9419	28807
4941	24329
9790	29178
9875	29263
726	20114
8074	27462
10200	29588
6509	25897
5667	25055
901	20289
6614	26002
7745	27133
6609	25997
6898	26286
5056	24444
3054	22442
10415	29803
3775	23163
5719	25107
6113	25501
9196	28584
1331	20719
4963	24351
9692	29080
987	20375
9994	29382
5970	25358
10401	29789
6222	25610
8516	27904
7140	26528
2836	22224
6357	25745
4930	24318
4713	24101
2623	22011
8659	28047
5133	24521
793	20181
5844	25232
7991	27379
9346	28734
4143	23531
7639	27027
9035	28423
9527	28915
2613	22001
1634	21022
440	19828
2155	21543
2273	21661
6201	25589
9101	28489
5724	25112
5836	25224
6147	25535
2935	22323
7981	27369
10030	29418
6552	25940
9989	29377
1586	20974
656	20044
6030	25418
7017	26405
2957	22345
5536	24924
7030	26418
8645	28033
6629	26017
531	19919
170	19558
6783	26171
6496	25884
749	20137
228	19616
4861	24249
7930	27318
5069	24457
9707	29095
1174	20562
8560	27948
10130	29518
2161	21549
8021	27409
6757	26145
6013	25401
818	20206
453	19841
1059	20447
4511	23899
4851	24239
6182	25570
6568	25956
9441	28829
9585	28973
7587	26975
968	20356
9944	29332
4323	23711
10164	29552
1065	20453
2700	22088
5243	24631
4827	24215
10	19398
3389	22777
9460	28848
3075	22463
7191	26579
495	19883
1388	20776
4831	24219
8141	27529
229	19617
4518	23906
16	19404
2863	22251
5174	24562
9786	29174
7509	26897
3955	23343
271	19659
9667	29055
7739	27127
365	19753
2995	22383
727	20115
1755	21143
2306	21694
5771	25159
834	20222
5334	24722
3459	22847
4966	24354
9674	29062
6879	26267
7857	27245
5814	25202
5677	25065
253	19641
10165	29553
1787	21175
813	20201
9146	28534
7024	26412
2266	21654
8843	28231
8398	27786
6749	26137
1465	20853
4291	23679
7894	27282
8443	27831
8355	27743
702	20090
7608	26996
1845	21233
8891	28279
284	19672
4598	23986
8086	27474
8485	27873
1777	21165
979	20367
2509	21897
8902	28290
958	20346
3437	22825
7073	26461
8919	28307
3146	22534
5362	24750
3393	22781
5641	25029
8446	27834
1025	20413
4698	24086
3342	22730
2277	21665
4641	24029
6114	25502
10080	29468
1952	21340
1714	21102
9649	29037
8527	27915
6548	25936
8097	27485
1965	21353
3974	23362
8569	27957
9423	28811
10424	29812
9887	29275
9381	28769
7916	27304
8663	28051
3821	23209
9882	29270
2610	21998
10336	29724
9310	28698
371	19759
47	19435
8494	27882
3270	22658
1413	20801
10075	29463
7136	26524
5244	24632
7733	27121
8362	27750
4468	23856
3291	22679
9056	28444
9462	28850
3904	23292
3602	22990
9123	28511
6043	25431
9596	28984
850	20238
1380	20768
6823	26211
4053	23441
6268	25656
1852	21240
1066	20454
4889	24277
1537	20925
7339	26727
8856	28244
4110	23498
7375	26763
4569	23957
9967	29355
6573	25961
4071	23459
2962	22350
8262	27650
8054	27442
5003	24391
27	19415
2768	22156
4229	23617
448	19836
2716	22104
8983	28371
1506	20894
1010	20398
4123	23511
10148	29536
1333	20721
4147	23535
9658	29046
4490	23878
7049	26437
8622	28010
10388	29776
4674	24062
7222	26610
7978	27366
4166	23554
995	20383
2185	21573
10150	29538
1857	21245
4151	23539
4223	23611
6123	25511
285	19673
9218	28606
9372	28760
3222	22610
6078	25466
10375	29763
1017	20405
6310	25698
8707	28095
9711	29099
9952	29340
4522	23910
2909	22297
7992	27380
4882	24270
1708	21096
7448	26836
10313	29701
295	19683
6392	25780
5280	24668
10251	29639
9920	29308
3229	22617
3468	22856
8457	27845
8747	28135
3426	22814
5300	24688
3677	23065
6065	25453
981	20369
3340	22728
2793	22181
4534	23922
9725	29113
6960	26348
2002	21390
7005	26393
9274	28662
2442	21830
3637	23025
5920	25308
9595	28983
3650	23038
1236	20624
9098	28486
5062	24450
7139	26527
8953	28341
2286	21674
1292	20680
3470	22858
5173	24561
1225	20613
6570	25958
6638	26026
4189	23577
9963	29351
6312	25700
7283	26671
1166	20554
420	19808
3384	22772
9698	29086
2975	22363
3273	22661
8689	28077
465	19853
5755	25143
7194	26582
4978	24366
720	20108
154	19542
862	20250
2699	22087
5006	24394
2087	21475
8332	27720
368	19756
216	19604
2260	21648
3822	23210
7988	27376
9388	28776
1048	20436
3581	22969
8266	27654
1860	21248
105	19493
1182	20570
18	19406
4134	23522
3208	22596
5529	24917
3556	22944
2416	21804
5705	25093
5752	25140
10016	29404
2464	21852
548	19936
2376	21764
3997	23385
6931	26319
6205	25593
8785	28173
2930	22318
996	20384
7772	27160
6918	26306
4961	24349
6618	26006
2540	21928
6177	25565
6810	26198
6860	26248
5974	25362
7911	27299
984	20372
5960	25348
7842	27230
9747	29135
327	19715
9661	29049
7333	26721
575	19963
3502	22890
7254	26642
7280	26668
7176	26564
2896	22284
1773	21161
7624	27012
10018	29406
8438	27826
9024	28412
3862	23250
235	19623
899	20287
9471	28859
898	20286
2729	22117
4357	23745
6124	25512
2184	21572
9702	29090
314	19702
8898	28286
6811	26199
3264	22652
10240	29628
7667	27055
5656	25044
1353	20741
4979	24367
2145	21533
1699	21087
3839	23227
8780	28168
8100	27488
4127	23515
4997	24385
7350	26738
5601	24989
7947	27335
986	20374
9636	29024
9665	29053
3448	22836
971	20359
8783	28171
819	20207
5313	24701
1698	21086
9228	28616
2585	21973
7649	27037
4017	23405
9360	28748
5722	25110
10279	29667
10434	29822
6155	25543
5891	25279
7020	26408
7542	26930
609	19997
6275	25663
5730	25118
9202	28590
4148	23536
8282	27670
3829	23217
8688	28076
7570	26958
6117	25505
5270	24658
1495	20883
3529	22917
8418	27806
6255	25643
5012	24400
8513	27901
9391	28779
924	20312
7205	26593
7358	26746
7849	27237
7547	26935
9605	28993
10034	29422
2402	21790
3471	22859
7453	26841
1165	20553
3010	22398
8941	28329
3446	22834
8878	28266
8907	28295
1718	21106
756	20144
5992	25380
9319	28707
8007	27395
8515	27903
10438	29826
5063	24451
3495	22883
5742	25130
9742	29130
10225	29613
6361	25749
4913	24301
9325	28713
3582	22970
8795	28183
2103	21491
542	19930
8382	27770
5218	24606
5197	24585
2400	21788
8571	27959
708	20096
10051	29439
3512	22900
2453	21841
3241	22629
6889	26277
8145	27533
466	19854
385	19773
8218	27606
3179	22567
428	19816
8297	27685
1429	20817
2800	22188
5024	24412
9503	28891
1577	20965
7497	26885
969	20357
1905	21293
2018	21406
7861	27249
5090	24478
1083	20471
3071	22459
2854	22242
9259	28647
99	19487
5030	24418
8991	28379
7956	27344
5609	24997
1610	20998
7814	27202
6405	25793
7413	26801
5896	25284
8715	28103
4346	23734
2877	22265
2455	21843
9724	29112
3455	22843
3685	23073
10484	29872
5693	25081
1173	20561
8234	27622
2704	22092
8933	28321
10451	29839
2946	22334
7394	26782
7592	26980
6650	26038
9768	29156
5242	24630
4497	23885
6606	25994
266	19654
5828	25216
700	20088
9343	28731
7215	26603
81	19469
9895	29283
4250	23638
7228	26616
5680	25068
6910	26298
4295	23683
6094	25482
9579	28967
9480	28868
1196	20584
2706	22094
7288	26676
9111	28499
1097	20485
5148	24536
2032	21420
5114	24502
6028	25416
782	20170
1502	20890
1745	21133
9549	28937
8791	28179
6153	25541
10429	29817
4453	23841
2042	21430
2337	21725
7550	26938
6440	25828
3690	23078
302	19690
6659	26047
5744	25132
4416	23804
7467	26855
799	20187
2631	22019
7962	27350
6341	25729
3694	23082
3401	22789
9162	28550
2887	22275
8915	28303
6344	25732
9036	28424
771	20159
5479	24867
9284	28672
944	20332
2627	22015
9577	28965
8435	27823
630	20018
5388	24776
2265	21653
635	20023
4940	24328
6348	25736
9507	28895
7400	26788
7562	26950
4000	23388
3190	22578
2656	22044
7757	27145
10161	29549
8798	28186
934	20322
8316	27704
119	19507
8313	27701
9691	29079
615	20003
4410	23798
94	19482
5295	24683
6919	26307
5082	24470
5431	24819
8335	27723
1460	20848
9040	28428
1689	21077
9681	29069
1403	20791
1004	20392
2045	21433
4031	23419
9683	29071
69	19457
7801	27189
7828	27216
4281	23669
5715	25103
3558	22946
1374	20762
3669	23057
8048	27436
1372	20760
376	19764
3368	22756
2149	21537
268	19656
6742	26130
4290	23678
6696	26084
6054	25442
5346	24734
5893	25281
6284	25672
5138	24526
8524	27912
6790	26178
8804	28192
1659	21047
3732	23120
4821	24209
7771	27159
5784	25172
96	19484
3530	22918
4069	23457
3226	22614
8117	27505
9389	28777
5941	25329
6452	25840
9044	28432
5245	24633
5074	24462
6746	26134
6184	25572
4560	23948
58	19446
1208	20596
5717	25105
4519	23907
3180	22568
9807	29195
9624	29012
5874	25262
6592	25980
7974	27362
3849	23237
9185	28573
4313	23701
8533	27921
6959	26347
9524	28912
3661	23049
3347	22735
10243	29631
1430	20818
467	19855
2339	21727
9609	28997
3139	22527
9258	28646
2064	21452
5355	24743
9377	28765
2015	21403
2653	22041
6603	25991
4816	24204
3576	22964
2885	22273
803	20191
3976	23364
4421	23809
10269	29657
8322	27710
3573	22961
4336	23724
1330	20718
5484	24872
5398	24786
447	19835
9311	28699
9959	29347
7564	26952
9279	28667
5343	24731
6466	25854
6263	25651
4202	23590
9567	28955
5574	24962
10384	29772
1444	20832
5235	24623
1684	21072
7725	27113
4500	23888
3564	22952
3739	23127
8506	27894
2986	22374
952	20340
2942	22330
2933	22321
3870	23258
4753	24141
344	19732
3282	22670
8555	27943
6237	25625
9411	28799
9818	29206
2520	21908
4254	23642
6779	26167
3274	22662
1640	21028
6913	26301
395	19783
4249	23637
1283	20671
8502	27890
8893	28281
1741	21129
6083	25471
6250	25638
2788	22176
323	19711
1529	20917
4060	23448
4615	24003
3205	22593
4663	24051
5337	24725
10050	29438
3550	22938
579	19967
4003	23391
8257	27645
1947	21335
259	19647
6438	25826
4355	23743
8888	28276
1968	21356
6265	25653
1979	21367
3129	22517
9782	29170
316	19704
10024	29412
1416	20804
1207	20595
7124	26512
7239	26627
7318	26706
3082	22470
9375	28763
8493	27881
198	19586
2024	21412
5072	24460
6389	25777
7802	27190
4850	24238
8170	27558
7262	26650
3817	23205
2955	22343
7464	26852
10468	29856
5451	24839
290	19678
4833	24221
8914	28302
1615	21003
10128	29516
2661	22049
6586	25974
7537	26925
9314	28702
8511	27899
1987	21375
3457	22845
195	19583
4691	24079
36	19424
5931	25319
3781	23169
2478	21866
655	20043
6214	25602
583	19971
8196	27584
5052	24440
4503	23891
2812	22200
7825	27213
6325	25713
6537	25925
3989	23377
9722	29110
3928	23316
5509	24897
736	20124
9156	28544
2770	22158
9444	28832
5367	24755
6891	26279
1632	21020
2424	21812
6807	26195
9091	28479
8042	27430
4743	24131
7001	26389
1348	20736
7368	26756
4840	24228
8459	27847
1863	21251
8081	27469
9508	28896
8471	27859
1014	20402
8801	28189
5461	24849
6445	25833
8576	27964
5446	24834
6990	26378
4343	23731
8896	28284
2131	21519
1764	21152
4320	23708
598	19986
6145	25533
8142	27530
1290	20678
1128	20516
1427	20815
8210	27598
1612	21000
3729	23117
4285	23673
8101	27489
9499	28887
2695	22083
9133	28521
9358	28746
5829	25217
10159	29547
7899	27287
5450	24838
676	20064
254	19642
7171	26559
8690	28078
6110	25498
9632	29020
201	19589
8102	27490
7182	26570
6146	25534
7317	26705
9960	29348
9153	28541
2903	22291
260	19648
1939	21327
5568	24956
1997	21385
5686	25074
1020	20408
4441	23829
1091	20479
3725	23113
9275	28663
738	20126
6896	26284
7346	26734
4270	23658
657	20045
6489	25877
3417	22805
10423	29811
354	19742
4712	24100
4307	23695
2525	21913
2129	21517
7607	26995
9763	29151
351	19739
962	20350
5251	24639
592	19980
9420	28808
9626	29014
5569	24957
9608	28996
4264	23652
7121	26509
7143	26531
4437	23825
5913	25301
4649	24037
8725	28113
802	20190
2128	21516
1265	20653
8137	27525
10151	29539
4016	23404
3322	22710
8786	28174
7477	26865
9187	28575
8655	28043
138	19526
8563	27951
7199	26587
3682	23070
6706	26094
1974	21362
8085	27473
7331	26719
5249	24637
4328	23716
4358	23746
8744	28132
64	19452
8067	27455
4923	24311
9136	28524
2881	22269
4557	23945
7591	26979
4567	23955
9804	29192
1505	20893
922	20310
10421	29809
6121	25509
10430	29818
3656	23044
9986	29374
8992	28380
11	19399
5227	24615
3399	22787
8467	27855
10465	29853
5547	24935
3412	22800
4025	23413
2261	21649
6712	26100
8649	28037
3223	22611
7495	26883
90	19478
9269	28657
7270	26658
8290	27678
6803	26191
9012	28400
10262	29650
3648	23036
965	20353
7173	26561
6126	25514
7999	27387
4401	23789
4345	23733
3350	22738
3052	22440
8583	27971
6128	25516
8442	27830
4451	23839
4888	24276
8568	27956
1834	21222
2029	21417
5323	24711
8917	28305
9529	28917
2575	21963
3309	22697
10311	29699
10296	29684
9775	29163
2101	21489
4593	23981
6506	25894
189	19577
5522	24910
9620	29008
550	19938
9233	28621
164	19552
1694	21082
4747	24135
3357	22745
9992	29380
5324	24712
2844	22232
7728	27116
1880	21268
481	19869
3683	23071
7656	27044
1488	20876
9484	28872
1249	20637
9953	29341
10124	29512
2871	22259
5304	24692
3398	22786
9948	29336
8947	28335
9312	28700
5806	25194
690	20078
66	19454
2066	21454
3912	23300
4256	23644
8188	27576
8842	28230
3532	22920
4640	24028
5825	25213
2269	21657
4324	23712
8344	27732
1360	20748
5199	24587
3183	22571
1286	20674
6279	25667
1410	20798
3771	23159
503	19891
7858	27246
1617	21005
451	19839
8229	27617
3113	22501
2240	21628
9094	28482
6297	25685
6769	26157
4666	24054
9034	28422
3367	22755
8777	28165
3671	23059
552	19940
6550	25938
3433	22821
2153	21541
2159	21547
3850	23238
1433	20821
366	19754
6510	25898
5166	24554
8565	27953
1679	21067
5425	24813
6288	25676
3551	22939
6009	25397
6095	25483
9487	28875
3070	22458
7265	26653
2696	22084
8870	28258
5520	24908
7168	26556
918	20306
7595	26983
2899	22287
3429	22817
892	20280
4472	23860
8148	27536
6518	25906
6726	26114
2437	21825
616	20004
3458	22846
5373	24761
8298	27686
6212	25600
5145	24533
3209	22597
1934	21322
2187	21575
3619	23007
10096	29484
9177	28565
5117	24505
10264	29652
4914	24302
7670	27058
4634	24022
5526	24914
1554	20942
1168	20556
6555	25943
4056	23444
7784	27172
9537	28925
2918	22306
8683	28071
581	19969
10192	29580
8247	27635
1848	21236
9627	29015
2666	22054
2077	21465
2420	21808
8294	27682
10060	29448
649	20037
6485	25873
9917	29305
6745	26133
9151	28539
516	19904
7451	26839
7379	26767
2652	22040
10053	29441
3633	23021
1096	20484
3948	23336
4679	24067
7114	26502
4752	24140
5993	25381
5917	25305
191	19579
5654	25042
4406	23794
7975	27363
7968	27356
8913	28301
1836	21224
691	20079
668	20056
8255	27643
3476	22864
129	19517
5327	24715
1725	21113
10457	29845
7674	27062
712	20100
5081	24469
3315	22703
5208	24596
7406	26794
5281	24669
7635	27023
4119	23507
8633	28021
4504	23892
3109	22497
9501	28889
74	19462
3182	22570
5651	25039
9863	29251
8172	27560
8523	27911
6244	25632
8055	27443
3215	22603
7078	26466
411	19799
4172	23560
9223	28611
4967	24355
1138	20526
4866	24254
7560	26948
4389	23777
4379	23767
4785	24173
341	19729
5703	25091
683	20071
1298	20686
6474	25862
9551	28939
2744	22132
4872	24260
9376	28764
181	19569
5046	24434
1239	20627
1440	20828
4949	24337
257	19645
10255	29643
620	20008
939	20327
4122	23510
2940	22328
3540	22928
3068	22456
2814	22202
5685	25073
2801	22189
7440	26828
7610	26998
6227	25615
6102	25490
10394	29782
4275	23663
1647	21035
5487	24875
3048	22436
949	20337
8500	27888
7575	26963
990	20378
8750	28138
9699	29087
349	19737
6402	25790
6809	26197
9	19397
8395	27783
7456	26844
2392	21780
587	19975
8719	28107
7438	26826
2234	21622
5363	24751
1993	21381
5550	24938
9970	29358
8202	27590
5108	24496
1279	20667
5969	25357
4093	23481
2914	22302
8998	28386
8264	27652
1060	20448
2787	22175
8880	28268
3962	23350
10236	29624
8206	27594
3584	22972
9064	28452
5933	25321
2842	22230
9853	29241
4277	23665
5582	24970
162	19550
8720	28108
8592	27980
4356	23744
7032	26420
2037	21425
6006	25394
2845	22233
4795	24183
7863	27251
6751	26139
2009	21397
4603	23991
7824	27212
6097	25485
8060	27448
7296	26684
1786	21174
3900	23288
1194	20582
5415	24803
1955	21343
6081	25469
8028	27416
8548	27936
8481	27869
4938	24326
7502	26890
3351	22739
9109	28497
2730	22118
4798	24186
3425	22813
2384	21772
3343	22731
9753	29141
2939	22327
8988	28376
1285	20673
9076	28464
183	19571
1522	20910
2447	21835
1309	20697
7338	26726
1803	21191
10445	29833
907	20295
4783	24171
2211	21599
1996	21384
7299	26687
10398	29786
5432	24820
6502	25890
5182	24570
237	19625
3236	22624
9482	28870
7220	26608
1990	21378
8330	27718
7875	27263
4145	23533
10444	29832
4763	24151
1943	21331
7282	26670
5022	24410
4314	23702
1520	20908
1241	20629
7349	26737
8343	27731
3744	23132
6761	26149
6346	25734
6516	25904
1604	20992
7292	26680
5796	25184
1666	21054
3211	22599
4310	23698
1481	20869
3567	22955
7572	26960
10295	29683
9063	28451
2680	22068
6053	25441
3030	22418
10000	29388
9110	28498
4105	23493
589	19977
9990	29378
42	19430
1641	21029
10111	29499
1653	21041
10374	29762
7345	26733
1237	20625
9404	28792
7150	26538
8328	27716
6351	25739
7170	26558
7883	27271
3124	22512
8230	27618
9486	28874
3375	22763
2263	21651
6557	25945
6875	26263
2795	22183
429	19817
10085	29473
1187	20575
7019	26407
6101	25489
4667	24055
938	20326
1000	20388
4276	23664
9755	29143
5674	25062
5115	24503
3898	23286
6221	25609
1431	20819
5394	24782
9016	28404
8026	27414
3268	22656
7937	27325
7652	27040
1931	21319
8463	27851
8728	28116
6802	26190
7006	26394
9648	29036
1658	21046
6446	25834
6397	25785
1115	20503
3473	22861
8277	27665
7904	27292
1084	20472
3330	22718
245	19633
9387	28775
5622	25010
7637	27025
10039	29427
1126	20514
2820	22208
8821	28209
2720	22108
3761	23149
5853	25241
6675	26063
2847	22235
265	19653
1739	21127
989	20377
2099	21487
4956	24344
6521	25909
7343	26731
7197	26585
6806	26194
7410	26798
2212	21600
10261	29649
230	19618
1273	20661
4225	23613
95	19483
6839	26227
155	19543
450	19838
2435	21823
2991	22379
6188	25576
1288	20676
3023	22411
9613	29001
1140	20528
9457	28845
2151	21539
3461	22849
6299	25687
414	19802
1630	21018
9033	28421
7041	26429
7202	26590
3918	23306
10471	29859
953	20341
9797	29185
4695	24083
6584	25972
249	19637
8360	27748
2206	21594
15	19403
5447	24835
6040	25428
5434	24822
8181	27569
3474	22862
0	19388
9157	28545
3627	23015
2044	21432
1406	20794
1833	21221
9394	28782
1324	20712
6294	25682
9200	28588
6998	26386
6010	25398
7357	26745
1524	20912
9386	28774
8868	28256
554	19942
977	20365
5480	24868
461	19849
8611	27999
2809	22197
2607	21995
1972	21360
4670	24058
6715	26103
3740	23128
5189	24577
10304	29692
9413	28801
7166	26554
5906	25294
6374	25762
8276	27664
10340	29728
9814	29202
7892	27280
7551	26939
3998	23386
122	19510
1850	21238
9390	28778
5731	25119
8830	28218
8601	27989
9845	29233
547	19935
8195	27583
878	20266
2898	22286
2090	21478
3728	23116
6637	26025
10420	29808
24	19412
5347	24735
8952	28340
1422	20810
3726	23114
5630	25018
3772	23160
5254	24642
6373	25761
3909	23297
8651	28039
7931	27319
2512	21900
2027	21415
3099	22487
7425	26813
3554	22942
7217	26605
5137	24525
5258	24646
4144	23532
8492	27880
2625	22013
2089	21477
8243	27631
4614	24002
7664	27052
8958	28346
5517	24905
5986	25374
3126	22514
1361	20749
3812	23200
5985	25373
9815	29203
9762	29150
4120	23508
3577	22965
4554	23942
6543	25931
7995	27383
5180	24568
1262	20650
8087	27475
1670	21058
10250	29638
8647	28035
4262	23650
7743	27131
6623	26011
3196	22584
2663	22051
10135	29523
4565	23953
4414	23802
4921	24309
1293	20681
5402	24790
458	19846
8245	27633
1728	21116
1821	21209
5702	25090
9611	28999
4246	23634
2671	22059
10273	29661
5331	24719
1517	20905
7972	27360
645	20033
2784	22172
7533	26921
7025	26413
4662	24050
10256	29644
10302	29690
1484	20872
9903	29291
836	20224
3563	22951
1936	21324
7847	27235
4417	23805
2056	21444
9522	28910
10226	29614
6698	26086
6851	26239
10259	29647
10147	29535
3984	23372
5125	24513
8857	28245
8036	27424
1233	20621
1957	21345
4838	24226
4479	23867
2519	21907
336	19724
10337	29725
3990	23378
8625	28013
4442	23830
2866	22254
174	19562
5524	24912
1112	20500
3327	22715
8861	28249
9679	29067
3242	22630
4594	23982
486	19874
10003	29391
9858	29246
5690	25078
7090	26478
8797	28185
2489	21877
300	19688
530	19918
5687	25075
4898	24286
10347	29735
9730	29118
2985	22373
7889	27277
5789	25177
4199	23587
10270	29658
7783	27171
8380	27768
2290	21678
4113	23501
5418	24806
8223	27611
9224	28612
3175	22563
4942	24330
4251	23639
8244	27632
2897	22285
9048	28436
8859	28247
570	19958
4206	23594
697	20085
7567	26955
7836	27224
3701	23089
1948	21336
340	19728
2148	21536
7134	26522
1744	21132
2348	21736
7061	26449
221	19609
9666	29054
5657	25045
7920	27308
4696	24084
220	19608
5558	24946
10131	29519
8921	28309
2199	21587
3835	23223
6513	25901
4982	24370
5727	25115
3214	22602
10093	29481
8029	27417
8753	28141
5776	25164
8349	27737
6683	26071
4129	23517
3609	22997
608	19996
8387	27775
4231	23619
10216	29604
8483	27871
4399	23787
10035	29423
6755	26143
8416	27804
4268	23656
2405	21793
3731	23119
4853	24241
9918	29306
6277	25665
238	19626
1853	21241
5109	24497
10435	29823
3676	23064
7634	27022
1950	21338
5126	24514
1926	21314
4682	24070
3872	23260
9454	28842
8618	28006
2832	22220
5305	24693
9827	29215
360	19748
1042	20430
9831	29219
6530	25918
6996	26384
2718	22106
2324	21712
5159	24547
5438	24826
3043	22431
2870	22258
7320	26708
599	19987
4104	23492
7417	26805
9137	28525
3645	23033
1766	21154
562	19950
7356	26744
897	20285
3630	23018
5463	24851
2761	22149
4608	23996
5301	24689
3907	23295
6607	25995
7427	26815
2732	22120
10285	29673
9085	28473
1216	20604
4808	24196
5521	24909
469	19857
789	20177
9351	28739
1272	20660
2922	22310
1866	21254
5011	24399
9078	28466
6966	26354
9412	28800
5075	24463
6064	25452
4259	23647
4804	24192
3742	23130
9422	28810
8388	27776
5298	24686
4964	24352
1706	21094
1628	21016
9901	29289
4029	23417
5429	24817
4514	23902
9638	29026
2534	21922
4857	24245
8962	28350
7794	27182
7599	26987
7704	27092
6914	26302
1937	21325
2803	22191
9266	28654
215	19603
6827	26215
2412	21800
2862	22250
7633	27021
8963	28351
9334	28722
6074	25462
3869	23257
4253	23641
4871	24259
7942	27330
8447	27835
3186	22574
7079	26467
8099	27487
5955	25343
1545	20933
6720	26108
9182	28570
6862	26250
383	19771
3487	22875
10137	29525
8071	27459
10491	29879
6498	25886
4301	23689
7484	26872
7683	27071
7496	26884
8509	27897
2378	21766
8030	27418
6923	26311
2450	21838
8320	27708
2632	22020
194	19582
4058	23446
9906	29294
35	19423
5407	24795
10316	29704
5066	24454
1282	20670
3203	22591
1958	21346
3265	22653
10174	29562
6939	26327
10140	29528
419	19807
3000	22388
10054	29442
7569	26957
4582	23970
5623	25011
7996	27384
9515	28903
4549	23937
6546	25934
9574	28962
2141	21529
9335	28723
5892	25280
3524	22912
869	20257
5160	24548
1081	20469
2207	21595
7226	26614
8793	28181
6218	25606
4471	23859
5869	25257
7919	27307
714	20102
8053	27441
9731	29119
2769	22157
860	20248
1385	20773
1830	21218
2075	21463
7183	26571
9175	28563
737	20125
6198	25586
8986	28374
6728	26116
9604	28992
10175	29563
4516	23904
1858	21246
7123	26511
8440	27828
2484	21872
1686	21074
628	20016
1238	20626
5029	24417
3632	23020
4230	23618
4834	24222
6572	25960
1969	21357
2500	21888
6077	25465
6528	25916
9065	28453
4813	24201
1890	21278
397	19785
8477	27865
4793	24181
7593	26981
8507	27895
8318	27706
449	19837
9050	28438
3131	22519
8131	27519
5119	24507
5700	25088
10282	29670
2983	22371
6686	26074
9354	28742
755	20143
5708	25096
6052	25440
3929	23317
4771	24159
3668	23056
2573	21961
6845	26233
9474	28862
319	19707
10466	29854
7534	26922
208	19596
8037	27425
10125	29513
2578	21966
1305	20693
9067	28455
4386	23774
4211	23599
4217	23605
5395	24783
4570	23958
2796	22184
7441	26829
2293	21681
1581	20969
2219	21607
9027	28415
5778	25166
2188	21576
5523	24911
3300	22688
8835	28223
3973	23361
6186	25574
2285	21673
9160	28548
45	19433
4445	23833
5380	24768
4161	23549
9059	28447
4341	23729
7834	27222
2655	22043
3361	22749
2055	21443
786	20174
3949	23337
6403	25791
6999	26387
2630	22018
2106	21494
2828	22216
1490	20878
9405	28793
508	19896
4311	23699
4026	23414
3149	22537
2675	22063
7628	27016
7351	26739
7944	27332
73	19461
7434	26822
9856	29244
6450	25838
7716	27104
4526	23914
4584	23972
2947	22335
4135	23523
4455	23843
9105	28493
538	19926
1539	20927
4766	24154
6658	26046
6583	25971
2483	21871
8723	28111
4125	23513
9197	28585
2096	21484
5177	24565
2224	21612
8020	27408
1681	21069
7695	27083
6857	26245
6328	25716
4157	23545
1624	21012
7152	26540
7535	26923
8246	27634
3501	22889
9945	29333
6971	26359
9459	28847
8428	27816
2436	21824
9180	28568
8434	27822
6362	25750
4079	23467
2614	22002
10464	29852
6404	25792
4830	24218
3086	22474
4316	23704
7605	26993
6382	25770
3364	22752
1451	20839
9950	29338
6141	25529
2228	21616
10301	29689
8661	28049
6305	25693
4571	23959
2157	21545
6631	26019
7576	26964
2988	22376
5834	25222
3700	23088
2750	22138
796	20184
8482	27870
3252	22640
1727	21115
7418	26806
9625	29013
3579	22967
2104	21492
8733	28121
10440	29828
4864	24252
7540	26928
8058	27446
6593	25981
3840	23228
6517	25905
2038	21426
4289	23677
10082	29470
1526	20914
8241	27629
3089	22477
399	19787
5890	25278
4962	24350
1688	21076
10208	29596
10359	29747
9340	28728
9170	28558
6007	25395
5375	24763
1602	20990
5040	24428
7174	26562
10498	29886
3128	22516
5898	25286
8373	27761
6285	25673
10306	29694
2925	22313
8228	27616
9090	28478
7059	26447
2250	21638
7308	26696
7526	26914
7994	27382
6063	25451
4429	23817
1090	20478
8822	28210
735	20123
6243	25631
7867	27255
8226	27614
772	20160
8710	28098
8129	27517
1648	21036
4906	24294
2824	22212
4900	24288
2343	21731
4803	24191
7378	26766
7286	26674
1072	20460
10001	29389
61	19449
2272	21660
7532	26920
267	19655
5773	25161
55	19443
8497	27885
9932	29320
6741	26129
6448	25836
9603	28991
4780	24168
5793	25181
6907	26295
2111	21499
7038	26426
5283	24671
7908	27296
6239	25627
303	19691
3719	23107
7195	26583
8694	28082
5826	25214
666	20054
5440	24828
1373	20761
1046	20434
3246	22634
3095	22483
7381	26769
2927	22315
9432	28820
4239	23627
4678	24066
2650	22038
1032	20420
8470	27858
1904	21292
2649	22037
2523	21911
10223	29611
10102	29490
6383	25771
5265	24653
768	20156
5676	25064
942	20330
78	19466
4559	23947
6611	25999
2154	21542
8807	28195
5788	25176
1574	20962
1531	20919
9700	29088
2279	21667
5232	24620
5210	24598
4699	24087
6764	26152
8564	27952
6909	26297
10154	29542
7832	27220
10341	29729
8759	28147
8748	28136
7459	26847
3403	22791
5405	24793
896	20284
814	20202
5028	24416
7538	26926
3553	22941
5579	24967
10422	29810
5514	24902
2692	22080
3857	23245
5032	24420
2431	21819
10291	29679
10481	29869
204	19592
1954	21342
6493	25881
797	20185
2296	21684
9668	29056
9618	29006
8925	28313
3883	23271
352	19740
1485	20873
1178	20566
7581	26969
9466	28854
246	19634
240	19628
7284	26672
7203	26591
9485	28873
1398	20786
6830	26218
2259	21647
9073	28461
9832	29220
10099	29487
1611	20999
7428	26816
1342	20730
8104	27492
4034	23422
4535	23923
7563	26951
1983	21371
463	19851
3846	23234
3940	23328
6069	25457
1598	20986
7760	27148
4018	23406
8391	27779
9684	29072
994	20382
5307	24695
8764	28152
362	19750
10373	29761
2642	22030
9037	28425
7818	27206
7874	27262
9483	28871
5595	24983
522	19910
7606	26994
3091	22479
1800	21188
8417	27805
777	20165
10184	29572
1927	21315
8824	28212
10227	29615
5963	25351
4572	23960
7187	26575
2481	21869
7072	26460
5538	24926
9771	29159
10449	29837
9892	29280
7104	26492
4095	23483
4476	23864
2902	22290
10031	29419
298	19686
5329	24717
1523	20911
1930	21318
4271	23659
5223	24611
5513	24901
2992	22380
5297	24685
10058	29446
109	19497
5454	24842
1516	20904
6272	25660
3607	22995
1230	20618
10492	29880
10323	29711
2183	21571
10389	29777
7932	27320
974	20362
5800	25188
3012	22400
4283	23671
7007	26395
6861	26249
9041	28429
4461	23849
9045	28433
7710	27098
5636	25024
1104	20492
2427	21815
7102	26490
8269	27657
8860	28248
6763	26151
339	19727
5317	24705
3548	22936
4344	23732
2662	22050
4991	24379
10157	29545
6283	25671
9174	28562
507	19895
1638	21026
9876	29264
7204	26592
5027	24415
842	20230
4192	23580
6794	26182
8711	28099
8916	28304
9996	29384
178	19566
8083	27471
6900	26288
1915	21303
2047	21435
6500	25888
4545	23933
7330	26718
4781	24169
10367	29755
7137	26525
2701	22089
2920	22308
3050	22438
5409	24797
3284	22672
2678	22066
5269	24657
4947	24335
1351	20739
8032	27420
3432	22820
1812	21200
1370	20758
10162	29550
5883	25271
9726	29114
9652	29040
5905	25293
9316	28704
2593	21981
3614	23002
6273	25661
3522	22910
9379	28767
5089	24477
2049	21437
2122	21510
1991	21379
3345	22733
10450	29838
71	19459
5302	24690
321	19709
1792	21180
1253	20641
5596	24984
4617	24005
9925	29313
4922	24310
8479	27867
4403	23791
6929	26317
8608	27996
10203	29591
1371	20759
7091	26479
1319	20707
5921	25309
5410	24798
748	20136
5643	25031
5839	25227
2499	21887
4334	23722
6036	25424
10309	29697
2590	21978
10485	29873
9291	28679
2647	22035
3504	22892
160	19548
6274	25662
4919	24307
5669	25057
7076	26464
7838	27226
5194	24582
329	19717
6972	26360
6480	25868
564	19952
9910	29298
982	20370
7631	27019
6915	26303
10108	29496
687	20075
505	19893
2601	21989
1223	20611
6076	25464
9248	28636
9940	29328
8770	28158
5894	25282
1093	20481
2965	22353
4298	23686
546	19934
8706	28094
5725	25113
9104	28492
2912	22300
9070	28458
5433	24821
2423	21811
97	19485
2840	22228
10118	29506
3058	22446
1110	20498
9719	29107
5134	24522
9207	28595
5248	24636
8613	28001
8924	28312
8198	27586
10363	29751
1192	20580
8943	28331
10342	29730
9479	28867
3517	22905
8308	27696
5041	24429
9272	28660
9445	28833
10040	29428
4990	24378
6486	25874
4992	24380
9568	28956
2136	21524
1228	20616
2977	22365
3253	22641
1322	20710
5445	24833
1561	20949
5761	25149
53	19441
6951	26339
4811	24199
5862	25250
9368	28756
6791	26179
6562	25950
5260	24648
6032	25420
2508	21896
5102	24490
10381	29769
7512	26900
10461	29849
10496	29884
3035	22423
10134	29522
849	20237
415	19803
3310	22698
62	19450
8865	28253
10195	29583
8254	27642
4042	23430
5350	24738
8392	27780
3813	23201
2193	21581
1227	20615
2490	21878
2152	21540
928	20316
761	20149
7355	26743
8371	27759
3945	23333
5672	25060
3603	22991
3786	23174
10333	29721
10107	29495
1316	20704
3237	22625
590	19978
7641	27029
1164	20552
3299	22687
3081	22469
5449	24837
8778	28166
1276	20664
858	20246
4066	23454
9727	29115
5597	24985
3758	23146
10036	29424
4475	23863
1864	21252
650	20038
8833	28221
9728	29116
10072	29460
4228	23616
4656	24044
3509	22897
10247	29635
4061	23449
8364	27752
8205	27593
1136	20524
3535	22923
3344	22732
3026	22414
915	20303
713	20101
9448	28836
6987	26375
2299	21687
8928	28316
1335	20723
10284	29672
7819	27207
312	19700
5818	25206
3544	22932
7169	26557
4689	24077
6921	26309
870	20258
3604	22992
9803	29191
1141	20529
5332	24720
4137	23525
5565	24953
6772	26160
1156	20544
8326	27714
8424	27812
808	20196
3588	22976
8018	27406
3538	22926
6924	26312
2246	21634
8135	27523
10448	29836
4842	24230
8476	27864
7341	26729
9539	28927
2510	21898
2693	22081
4908	24296
287	19675
9710	29098
5458	24846
3749	23137
675	20063
120	19508
6707	26095
1494	20882
281	19669
3507	22895
251	19639
671	20059
9801	29189
274	19662
8999	28387
4318	23706
4193	23581
8957	28345
9276	28664
2635	22023
5264	24652
6166	25554
7249	26637
10219	29607
8540	27928
7387	26775
8078	27466
7790	27178
10397	29785
4760	24148
2389	21777
6676	26064
7650	27038
1050	20438
2545	21933
9601	28989
8726	28114
3090	22478
6916	26304
680	20068
6750	26138
912	20300
9554	28942
3456	22844
10324	29712
9848	29236
7955	27343
3651	23039
6691	26079
8685	28073
4528	23916
4858	24246
2404	21792
8889	28277
8904	28292
1080	20468
2414	21802
904	20292
5501	24889
3193	22581
8231	27619
1621	21009
6942	26330
7113	26501
8164	27552
4765	24153
8063	27451
5466	24854
2916	22304
3204	22592
4004	23392
6829	26217
7876	27264
6334	25722
8033	27421
1047	20435
2880	22268
1085	20473
8041	27429
7839	27227
7721	27109
10114	29502
7035	26423
478	19866
4870	24258
7071	26459
3392	22780
7660	27048
763	20151
3991	23379
514	19902
3328	22716
8521	27909
1929	21317
6507	25895
8593	27981
5848	25236
241	19629
5709	25097
3747	23135
6409	25797
2380	21768
10478	29866
5785	25173
2563	21951
3980	23368
6400	25788
3647	23035
6082	25470
2825	22213
8092	27480
7068	26456
1678	21066
6582	25970
10198	29586
3666	23054
1191	20579
1480	20868
9149	28537
641	20029
7062	26450
8908	28296
9053	28441
1369	20757
9934	29322
2115	21503
10473	29861
6349	25737
4845	24233
1696	21084
9497	28885
6304	25692
3011	22399
967	20355
3217	22605
9166	28554
7948	27336
2137	21525
902	20290
3467	22855
2974	22362
9415	28803
3655	23043
8699	28087
10369	29757
903	20291
5015	24403
1672	21060
4099	23487
9425	28813
3959	23347
6330	25718
5820	25208
6021	25409
2514	21902
3337	22725
7785	27173
9598	28986
8454	27842
6365	25753
4222	23610
1125	20513
7155	26543
10244	29632
3903	23291
9968	29356
3503	22891
4787	24175
6887	26275
6401	25789
5404	24792
5229	24617
10452	29840
8065	27453
5512	24900
1463	20851
2492	21880
4131	23519
3230	22618
9122	28510
825	20213
2970	22358
9844	29232
2570	21958
886	20274
4648	24036
8610	27998
14	19402
2852	22240
348	19736
4616	24004
1873	21261
7370	26758
916	20304
4398	23786
2529	21917
6953	26341
6080	25468
5587	24975
5149	24537
1599	20987
5632	25020
8692	28080
7328	26716
9208	28596
1805	21193
9251	28639
9380	28768
8929	28317
2198	21586
7268	26656
10299	29687
7397	26785
7791	27179
1498	20886
6152	25540
5713	25101
2682	22070
5054	24442
4175	23563
1663	21051
8381	27769
6594	25982
8393	27781
7993	27381
10366	29754
10193	29581
10380	29768
6997	26385
578	19966
350	19738
1470	20858
5037	24425
7452	26840
6371	25759
10339	29727
632	20020
1146	20534
7012	26400
1970	21358
2982	22370
2888	22276
1595	20983
4540	23928
6795	26183
9416	28804
8545	27933
4329	23717
1476	20864
5858	25246
1562	20950
6267	25655
760	20148
10268	29656
6878	26266
313	19701
9966	29354
8204	27592
1790	21178
8670	28058
6045	25433
8650	28038
7401	26789
5554	24942
8885	28273
4647	24035
2493	21881
2079	21467
8186	27574
125	19513
4315	23703
176	19564
9010	28398
1548	20936
5787	25175
3027	22415
10489	29877
7936	27324
4643	24031
6639	26027
12	19400
5091	24479
2488	21876
7142	26530
4652	24040
4037	23425
2043	21431
2518	21906
2646	22034
4628	24016
7539	26927
8340	27728
5154	24542
5051	24439
7156	26544
7666	27054
1962	21350
3942	23330
5179	24567
4986	24374
2775	22163
9651	29039
10232	29620
9464	28852
515	19903
6235	25623
3766	23154
9779	29167
5435	24823
2760	22148
2673	22061
1940	21328
8122	27510
3187	22575
5692	25080
3185	22573
3165	22553
4040	23428
8658	28046
8890	28278
9181	28569
2476	21864
2952	22340
7611	26999
4150	23538
10026	29414
10312	29700
7724	27112
8731	28119
4082	23470
1515	20903
3349	22737
4846	24234
9295	28683
10361	29749
3820	23208
5275	24663
7697	27085
8441	27829
3931	23319
7602	26990
1459	20847
5385	24773
7823	27211
3792	23180
6347	25735
585	19973
9241	28629
2318	21706
3029	22417
7731	27119
225	19613
2294	21682
6982	26370
6527	25915
9870	29258
10294	29682
5094	24482
8671	28059
9227	28615
6321	25709
7074	26462
2668	22056
4714	24102
196	19584
3044	22432
7109	26497
1908	21296
3243	22631
8526	27914
3472	22860
3922	23310
3549	22937
9982	29370
9433	28821
5259	24647
7396	26784
2125	21513
2971	22359
7597	26985
9760	29148
7555	26943
8605	27993
2245	21633
2811	22199
2819	22207
51	19439
5561	24949
8746	28134
2236	21624
6454	25842
5650	25038
5610	24998
6300	25688
7699	27087
8352	27740
8585	27973
4848	24236
2705	22093
10066	29454
1740	21128
2772	22160
7056	26444
9676	29064
10483	29871
8376	27764
5671	25059
1439	20827
10188	29576
9410	28798
6079	25467
10425	29813
1646	21034
1559	20947
1058	20446
6187	25575
5140	24528
5864	25252
7764	27152
9741	29129
1107	20495
1100	20488
2980	22368
4915	24303
7594	26982
9163	28551
417	19805
882	20270
805	20193
4744	24132
10413	29801
1445	20833
3478	22866
7901	27289
7788	27176
4196	23584
4618	24006
512	19900
8120	27508
