3949	23943
3728	27919
2151	21857
9608	25393
9180	20225
2632	28863
7282	25143
4239	26984
2788	29789
4495	20916
1737	22070
9218	19504
8422	25068
9729	21975
1287	24931
1272	24414
2769	29824
2547	20152
2022	28092
278	24713
5724	23221
3581	25111
3074	26121
8096	21889
5397	24038
7000	21049
5194	22675
3372	28513
6416	23108
4876	26809
9141	27195
944	19448
3336	28555
1453	29695
7929	23878
5269	27005
5942	28610
5524	23094
6274	19549
1901	29545
1462	29456
1338	26045
3719	29773
5237	25118
7152	29778
7805	22312
10246	22963
6288	26487
1413	23590
9901	23089
7775	28532
5929	29353
8386	24863
3221	22205
4122	28610
10132	24643
9282	27513
2030	29185
3095	29251
7714	21157
9559	21807
4056	23389
3000	23713
8906	20882
1775	26298
7832	26562
2105	23762
7209	25009
7569	23630
8593	27345
9747	26097
6521	28166
3289	24742
7018	27805
7706	27607
6218	21967
5100	21260
7283	19977
2350	27026
5490	24345
8052	21220
1110	22939
3609	22336
3775	29073
9959	23236
4150	22473
144	22818
2608	24270
4568	25165
5301	19790
6696	29019
1152	29852
10136	28464
4986	27368
963	29602
3712	23982
7109	24929
1211	28516
3946	28959
4063	25058
3632	23579
6379	20993
8833	26202
7809	21008
4667	23710
7555	26381
10419	22657
687	27024
6908	27570
6166	20032
4554	26624
1207	29294
8074	24281
8953	20978
4060	27108
2607	22173
6768	25129
7586	27741
2983	23181
1663	29545
6714	28721
1905	21233
8318	21250
3211	25297
5003	26083
5629	20424
7270	22577
2723	22582
6389	26169
3460	21692
8835	25186
5257	21925
9001	26175
6726	25008
2343	24762
1531	21046
6392	23424
9524	27570
812	25425
8679	19765
4374	19438
6297	21242
9341	24539
3192	21498
616	27679
3010	22654
194	28617
7341	29779
9903	24157
4952	28538
2174	26433
357	19416
1401	26023
400	21729
6879	23835
711	23590
5162	23272
1262	21593
2356	23221
5550	26126
10	24384
2088	21720
2212	23876
522	20741
598	21468
3081	27824
3585	19624
8053	25301
4037	27448
4189	20838
7134	27408
7024	29594
9383	26655
10026	29823
650	23993
7530	24273
5991	26625
9875	29648
3413	28134
1143	25824
3594	23951
4521	25553
1116	24257
8082	27407
9484	25852
4449	23058
8865	25822
9238	21250
2570	22166
3725	19723
6617	23994
1129	24014
4143	20568
9990	20713
5931	23934
941	21140
2070	29309
58	29545
1102	20922
3788	25225
4915	20146
6036	29255
6047	22511
6502	20717
6913	28633
3063	25195
6303	25794
6239	20631
5145	24784
6860	20253
1093	20349
7456	19504
0	28126
8295	27799
2863	27844
9611	23067
4822	26175
5766	22451
2934	23926
1010	24721
120	19679
8102	23347
3553	25893
1980	22284
1954	29106
7331	24013
8772	21294
1391	24530
1984	29665
6560	26605
5408	25952
5472	19856
958	20053
777	20930
5544	25812
3527	29482
3866	23189
4975	29530
4452	21883
1915	20830
8787	26600
7370	21652
682	28790
1291	28367
1372	28654
3347	22099
9010	21305
3156	19793
6494	27741
4921	25997
8289	27641
5159	23272
3951	27296
3013	26002
8525	29545
9248	23903
8198	21224
566	24156
10460	28328
8003	20169
897	21753
4389	26562
8569	29745
10066	27496
6907	19831
5006	27969
2866	26945
7357	25608
4798	29407
3505	19636
6286	21636
3791	25851
4456	21676
5015	23179
5588	29008
4608	28536
3918	28688
1422	25226
9360	27278
62	25784
2653	27844
903	20896
2519	22133
2862	21157
9804	28334
1115	22357
4858	21807
8054	21846
3614	29602
3330	20061
6673	25525
3686	19428
8516	27351
8141	27624
8924	24271
5012	25193
6119	22685
9744	25307
9779	22824
11	21651
6006	20150
8702	22532
6919	26205
8078	25969
8842	26471
1124	25871
2961	23162
6625	20722
5606	21950
4458	21136
4041	27858
10452	27824
6589	21082
10210	19915
4639	21993
828	27438
7308	26126
5196	24202
7371	22942
9579	27700
5291	29122
430	28660
1676	29844
4008	25775
8164	20166
7438	24424
7089	29680
8748	25420
5948	21250
1927	22460
3227	21948
8796	20146
6574	29353
3626	29266
680	23089
6823	26776
2837	24592
7278	24655
8202	24268
5438	25639
10358	28477
813	24807
10298	28659
5677	27367
2673	23926
3044	19638
3389	22227
4172	20328
5563	21584
5604	22753
6751	23221
4967	28092
3468	25160
9648	19567
5362	19806
6079	28904
9856	29456
10133	22281
4839	25756
7671	26677
10175	24539
4719	28598
7229	21461
7697	20547
9288	29686
5693	23499
5814	28619
10102	20515
2001	28609
230	27767
9649	28459
10372	21182
3577	27717
4148	27427
143	21197
1284	23974
8484	19915
7975	26112
316	28310
6283	19967
9166	25021
9610	20183
2062	22925
4218	21037
9912	23561
10225	20577
3603	27733
398	26175
5630	24324
2812	28654
5985	22410
9345	20528
8264	29815
5174	29183
2887	24333
7464	24140
9241	22252
2056	24315
6675	24473
8249	22654
6082	21915
8513	29510
7144	25659
8479	21925
10087	27857
7187	22974
4324	22392
2144	29459
7711	28770
3226	20756
6736	28825
9817	22056
2833	22762
9727	21201
1452	27340
4361	23737
7499	19994
4770	20937
3821	28315
5011	27461
5907	23910
6213	28770
5232	19744
6708	29001
7440	23394
580	27805
2258	26445
6572	24565
3222	26004
2865	26374
4166	29754
2555	22569
6887	29076
5570	29572
7973	19665
2726	27335
3558	28880
1776	22434
5752	28839
8037	26937
4969	27717
2422	27945
9858	24120
848	25425
1999	22660
2665	25412
2760	21040
6037	22557
1203	24031
8915	24389
10131	23648
6101	21842
5866	19479
8601	21689
10398	22290
977	22901
4656	20702
574	27341
8563	19876
7540	28542
1997	22494
8491	19659
2545	19598
7665	25044
4001	22583
3695	29440
2126	24187
10347	23541
8524	28633
9009	21088
9370	22133
7902	22082
9719	29367
4306	21522
3710	26723
7647	26433
10429	21833
2463	25813
7815	26666
9652	26644
7349	24684
1096	28746
7387	25577
9822	20134
9323	22531
2040	23616
9739	23575
3895	28016
7986	21396
6010	26987
9028	19442
2376	22498
9955	24919
3005	21579
9814	24540
1615	21169
2702	25812
3194	21170
10044	24980
2713	28269
4956	23124
8969	22551
4202	26600
9568	24753
2299	24510
1237	20472
5380	25257
1972	26751
4524	21967
2891	29747
2586	29001
8504	25545
1576	26422
6294	19884
5639	23874
6606	27335
7087	20218
8322	24721
5537	24229
1868	27534
7637	25560
8302	23680
6809	19810
3137	21049
9669	26791
7	23370
1899	28828
1580	27689
7785	24839
972	28331
7978	23744
594	25911
8548	22971
4025	22855
5138	22908
5534	24845
297	21930
9437	21239
3038	19713
1016	29217
1706	29527
6742	25994
2025	21884
10373	28877
3958	26838
304	23994
965	26958
9137	26988
3190	22631
9906	22026
5412	22609
1575	28337
5858	25759
438	19416
2480	29266
1881	19512
2635	21996
6338	19769
1389	27702
9174	20658
9666	21441
2971	27305
4401	20484
5346	27378
5572	19676
2641	19442
7441	20871
9831	27862
3528	25835
7116	25019
3480	24324
8868	23509
911	25811
9259	29464
2820	28920
5179	21162
7356	19581
6891	20937
8134	19433
1657	28658
7701	21690
858	25902
6609	22826
5048	25597
3021	26512
6780	26986
8739	25836
7743	29362
783	25257
4795	27741
5741	29191
2125	24253
5928	26611
3456	28760
5394	29076
912	25639
8903	23078
8885	23485
10212	27368
10484	27408
8933	27387
9508	22910
6807	26755
6942	26175
5409	28656
8255	23649
10365	24537
9667	28306
2380	26838
704	29456
2955	23290
8767	28824
3042	24324
1720	26433
7200	27003
7551	23943
9853	22559
7394	25591
10311	19955
5787	27784
4380	20631
7458	29205
2724	23108
2693	20580
406	25361
7241	28203
9651	25328
1611	21820
8138	29007
7732	21988
8726	25220
4964	28572
8941	24592
7322	26320
9381	23305
1842	23934
10312	20048
6409	22043
3882	27717
3522	19884
9316	23784
8864	21689
7532	22311
1138	20997
3172	29747
1456	20658
8747	28484
1455	20637
2729	19514
1880	21915
3448	26175
10185	27353
2657	29545
8891	20881
5506	25506
3751	26254
1821	25653
9963	25789
8712	26987
3976	29283
1597	28926
5812	28577
7830	20150
8426	26210
771	28206
2509	25255
4254	25207
10038	24780
9372	20851
4468	22097
8072	20575
10222	21621
1598	20339
6797	20175
8985	29190
8958	23744
3823	21883
3534	26207
7025	26505
4385	26810
8629	21994
5632	22166
1001	21301
4787	19791
5329	24662
4335	27581
8116	29106
6186	25689
1204	20147
7942	25475
5993	20073
7325	27111
4137	21899
504	20506
875	20682
5690	25297
1621	24150
4420	29789
6408	20140
3240	29370
1919	19555
6394	29131
1198	29257
5727	26514
6300	23721
5708	25712
7834	24505
6827	29686
824	27756
2090	20578
6509	28555
4082	21994
667	29001
798	28891
3920	20642
1403	20573
302	29217
7122	24483
3470	24093
3781	23571
6489	28721
9755	26624
7575	19607
4904	20195
8051	27667
4004	20049
2041	25678
4429	24643
2188	28648
5348	25242
7428	24671
9220	21202
4523	21285
7898	27561
7162	27225
5840	28342
284	24541
9457	28727
8577	27571
2407	24429
862	22079
742	26298
8021	23190
8878	22934
10242	28660
9951	28735
1666	28108
2753	21460
1222	24860
5602	29023
8050	26514
9035	26624
1683	29122
2245	22963
3455	21134
10307	26846
7794	20044
6168	23348
4448	23342
4991	25919
1602	19560
4071	25273
3671	20918
5029	23575
587	29094
267	22814
1970	22244
1516	23399
4630	26466
810	25219
7318	25702
10099	27668
79	25525
883	22241
2811	21082
1872	24488
7592	28314
6845	21364
4246	29545
108	29239
1253	21752
3138	29707
8902	24447
9100	21221
4228	24719
9876	29410
5035	28691
5896	20486
9497	24992
2099	21049
3165	27094
4133	19976
4259	28935
4327	26881
1912	27500
8821	27368
5937	23420
928	26861
9104	24483
1210	27066
9387	23400
5650	24721
3230	24388
6062	29720
9596	27883
767	25702
8919	21889
2493	25600
6562	20513
9961	20201
836	27684
6185	26879
180	29380
5074	19810
5976	24148
1577	23452
9479	21548
3184	23762
1235	27286
9746	24288
1789	20565
3361	23701
10034	27687
5031	29023
7883	26382
5125	29578
8244	22223
339	26164
1087	19912
8539	22395
9202	22005
9944	27224
4030	29379
2602	25183
4346	27084
1819	25477
1686	28721
9038	25472
1628	22542
487	21745
9110	26318
10434	22798
5605	27694
7542	29344
8257	20044
7492	19570
856	25504
3187	23943
2149	23089
799	28403
3129	26725
4151	27791
4689	24812
577	24784
6349	21049
7332	21004
6402	20741
7330	27351
10141	21708
1659	21111
225	19957
1779	27364
9621	20098
4018	19538
4168	24747
1065	28922
5643	25893
8789	24814
7739	23922
1333	23150
982	27387
4866	24582
7716	26225
6255	20407
8829	21552
2027	28219
3299	20996
9726	26338
6880	21168
2684	26106
3103	24279
2128	23083
1448	24471
8804	26870
8457	22923
8407	20118
8711	27967
9763	25434
4229	28097
2193	27248
3674	20506
450	20298
1975	22758
10118	22317
5776	24853
129	28721
3740	24880
9312	20334
1787	22166
4572	20331
2131	24094
3795	24660
6903	21130
4840	22067
1588	22099
8708	19778
6135	26563
3841	23575
1517	20101
10341	23102
277	29885
696	28269
9887	24980
8482	28875
4677	26065
9691	25363
7674	28109
2942	20294
3364	29860
2975	23207
385	20092
9668	22133
9043	23288
10276	20326
2970	27953
5482	25828
632	21792
3236	25565
3202	25862
9073	26744
1585	21818
8428	22333
4330	19680
571	26222
7150	23089
8330	27886
5971	27940
10105	22835
3357	24808
3616	20397
5989	24818
317	26468
1792	21662
6019	20665
7246	29420
7813	26655
7364	26193
4926	27910
7012	23381
4548	24823
4890	24452
4660	28334
9616	23948
8241	25266
7338	26027
832	21157
5684	25969
3452	25517
8605	22317
8926	29549
4980	29545
1551	24009
6191	29309
5933	20007
8336	28384
9558	28542
8599	25694
7081	22123
4273	27556
7633	19676
3374	27596
10117	22942
5941	20506
1326	20174
5916	21116
1233	22017
1269	20049
9894	28154
7130	25418
9936	22979
7406	25117
2946	19455
169	23369
8481	23067
5445	25885
10433	26639
3718	25598
5702	20953
3784	22954
1723	28532
8884	28646
5656	20123
514	25142
3128	21803
8269	25531
5141	22762
10357	24937
3204	25571
5245	22519
177	23898
1956	24324
6177	21354
3991	28970
2922	23215
3742	28968
7837	26104
7885	25387
7851	25911
805	27938
1407	29402
5458	24187
3928	20450
4880	26730
5070	21523
6953	23709
1579	22102
9801	24948
3091	28108
2176	20694
578	25865
3844	23789
8147	21412
2706	24157
2898	26285
1857	28378
731	21489
7194	26397
9522	21309
8647	26254
1791	19859
5253	21692
7901	25720
6746	25897
9537	29835
9860	27410
414	26796
1033	23307
2241	27413
2571	22466
2943	26216
2903	25219
7717	26712
3459	21362
3183	21823
4377	21049
8055	22954
3666	26289
2467	28110
10182	29545
1828	27608
9464	19789
1790	21481
736	19409
8937	20386
6921	21471
893	20948
7030	27594
5540	19659
8583	28614
10200	20294
1990	20938
1440	28555
2669	28802
32	24649
4068	22449
3989	24178
7453	21022
8756	24369
5334	28882
1004	26686
9379	28882
1289	22190
1350	20580
6666	25694
1060	26163
8259	20418
8585	21791
1797	20506
3212	28494
235	21590
6147	20525
10017	23865
9722	21243
1937	29645
8505	20547
6357	25472
399	21894
6344	27283
8686	20215
4269	28799
1346	22163
8230	22855
2096	23326
5491	26987
741	28497
8557	19957
7549	26720
9263	19962
3045	22767
10430	24437
8554	28255
5917	28045
9177	23648
9609	19713
2214	22298
4243	24069
10217	29578
5598	25225
3473	28933
10471	24742
154	28053
8405	20086
9375	27046
8252	24712
7183	28610
7079	23148
313	23934
5674	25263
4489	19438
7679	26065
1526	22776
7951	21921
6593	26926
818	20047
6374	23225
4475	23363
6603	26944
6818	27195
519	20042
7962	25405
7936	27898
1128	27024
1724	28755
4647	20326
3075	25739
2171	23943
863	22473
7620	19442
5017	19934
6316	21731
3385	27817
7849	29784
9900	26825
10196	27675
8206	25026
6080	23363
162	19789
6229	23102
3550	27758
4230	27314
2484	29226
8694	21620
9907	28085
3400	20134
10481	28735
232	22902
1574	22131
8043	26600
9147	22536
10438	29078
8048	25803
2348	26577
4913	20918
8140	23026
8701	28625
8925	29587
2323	22344
4332	28022
7344	23590
7296	23287
7477	28551
9004	27044
3478	20434
4170	23189
550	28404
8044	26305
1202	24014
15	28736
5862	23143
4276	28920
7409	29237
6003	21889
7149	23312
8100	19989
251	27767
7683	23185
9405	19720
8209	26993
657	29486
4570	28239
70	25568
6763	21642
7842	29007
4318	29100
6383	27754
6254	26605
4855	20814
170	28337
4363	21489
2037	22392
10261	25227
6806	22098
10292	25828
4163	28642
6108	23221
3509	20232
4519	25238
9811	25828
4364	28899
7968	28751
5836	24673
8089	24106
2114	27717
1330	26810
397	22298
2084	24164
9940	24825
8335	25201
2558	23037
8873	24177
7450	21930
9024	24169
2881	29654
9605	22569
2784	23865
8970	25836
1822	25425
2155	20508
6872	28367
2520	20107
3828	21157
10233	21969
2049	22797
1032	29255
7547	29105
7572	21767
7509	29609
5512	19598
4408	26242
1200	26880
2404	25320
1521	23637
2255	23845
4132	25545
3394	20535
8475	25767
5451	23185
8791	20273
249	25965
7745	21715
8844	25756
5316	21857
1292	29743
8326	23423
8696	28691
1762	25799
10229	19570
536	26242
2737	23409
6063	22542
9199	24380
4802	23066
4491	25566
2692	25571
8083	23382
1353	27096
3209	29105
13	22531
5499	21610
7564	23363
8719	21354
8027	28944
5642	24421
3186	25926
10268	24146
1750	26849
55	26725
3440	25117
8266	26600
6668	26439
3290	22392
1642	29137
1658	22150
7737	22408
2461	20395
8613	29619
5068	24164
290	27439
26	25642
4094	23575
7171	19609
2771	27026
10204	27705
10037	20817
1599	25922
3948	28202
6074	24509
3872	27768
1582	26226
3567	23990
710	21883
4336	26202
5305	20575
10139	26004
6513	24784
7961	25244
1097	25028
9970	20535
9483	20294
4199	26611
5593	25258
2078	25604
3265	28151
9586	27758
2111	21956
9092	21889
83	23744
428	29314
4341	24895
530	24381
2276	29257
5052	24584
6375	29732
2550	23221
811	29739
6706	20294
3869	19556
1201	24601
6793	28968
6372	24333
256	19706
8231	23915
9823	28596
7930	23962
3763	26791
9748	28315
4701	23026
8362	22835
4021	22758
3340	20948
4938	29827
3840	24466
6070	21486
1081	28623
4582	20066
6352	22898
5302	28721
6754	21676
2877	21650
8595	23784
5700	20260
102	24885
9795	21056
3770	21689
4803	22397
8118	26804
6623	28610
3546	27919
8626	22519
9760	25653
2129	29883
706	23926
2054	20508
9394	28571
5622	20182
4780	20416
3998	28600
3173	23434
4356	27838
6064	29819
6996	21955
10086	26515
10239	29677
8018	23092
542	24318
3931	26580
10048	24149
9504	21667
9957	23576
8453	21333
3540	20535
1271	21791
201	28905
5769	28830
4588	19881
356	28300
6083	25531
727	26164
1339	23674
7606	25058
5497	26507
565	22934
8413	20775
10384	20334
7774	27530
7091	29789
228	24511
81	27945
6013	23584
1515	26132
8427	29179
1934	24501
782	25490
10094	27819
6643	20214
457	25251
5701	22506
2850	21992
3097	27957
5349	22281
1741	25568
10397	20606
6012	28053
4185	23050
7896	26482
3647	19682
5965	27229
8103	26528
10461	23594
6419	21833
8472	26577
10093	28200
3247	25628
5259	26321
8065	23630
2341	23600
3778	21791
10380	27937
12	27786
8042	27265
9050	27687
6987	24858
8916	25160
3078	26268
9398	28988
960	24488
8361	28091
2845	20527
3281	28435
1361	28502
2704	27862
2412	23389
1930	25911
4340	22766
4509	21438
1031	26253
2883	25315
6447	26061
448	26396
1675	21011
9921	22762
2237	22375
6836	27314
3940	27791
226	25071
1798	25201
5826	20535
3693	25471
6128	26962
8145	24458
7948	20191
5459	25776
9982	19480
123	20146
4851	29076
2437	21833
1458	22440
10168	25862
10390	23221
9256	23869
9417	23575
4366	20637
7632	21875
5521	22727
8836	26393
4503	24323
7206	25969
3377	27077
10257	23198
2081	25839
2306	25608
7748	27676
3792	22542
5373	25212
8592	23910
8245	25025
3779	26513
4454	27756
5115	22876
7497	22315
3903	28133
9697	23588
9060	22189
3214	20080
2540	23595
3175	20990
5098	19439
6972	25569
9269	21148
2738	21579
6417	20232
8951	24069
2183	27615
3700	22018
6007	19957
4953	20326
1617	21741
7941	24057
9025	25473
1805	21570
9885	25489
4753	19769
3310	24818
1845	25702
9258	19944
3953	19562
3380	25243
8611	22542
7502	23653
10388	21438
4175	28383
9827	20214
1473	25828
3109	21103
9953	27741
9813	26964
3428	25824
1427	22018
2145	23747
6583	28229
6773	22045
9033	20395
9551	19646
2427	25986
6188	25024
9266	28959
10324	29747
2455	24180
6315	27416
6691	29827
9396	22578
8688	27584
4744	23092
4106	21777
7207	21722
2711	25824
4508	22262
2824	20214
7191	23190
4684	23208
7375	22886
295	22333
104	28559
572	26993
2055	20675
7426	26376
2453	23033
6211	24935
8412	29468
6430	28106
1958	23807
6187	21650
4897	21651
7118	28177
2991	22566
4947	21621
2764	27585
9151	24974
4123	26375
6138	25676
8360	26051
336	27047
1637	19393
19	25784
9728	22774
3579	22743
3420	21217
458	22981
5802	23592
2143	24380
9087	23301
8913	27532
4089	25339
4727	24437
5848	20854
10045	21614
1323	25071
6570	20245
2003	24625
890	23348
3139	20675
8409	20048
337	27739
8142	22566
1752	23357
7166	25836
678	22016
10240	23262
53	27013
5719	27076
303	25479
974	27098
3280	22222
8830	20134
1976	23635
1646	24262
2372	24568
4502	21833
4029	28842
6445	21791
2384	26920
5411	21369
10245	19501
1714	23510
9084	22780
6401	28484
6078	21950
641	26065
10299	26533
3883	21970
9368	21621
4781	26320
3825	21461
2294	21998
2974	24818
3681	25350
10331	27817
4184	20147
7002	23270
5692	28571
1810	25239
9354	22416
7333	24592
115	23674
2763	27741
5523	24277
10285	27305
6900	21238
4379	20614
3019	23590
1394	20905
6750	26098
8250	19559
9415	22964
9639	22824
199	20253
4662	24473
319	26158
8136	19757
10340	24135
847	23323
5462	22628
2852	21250
1494	20049
1393	26694
7400	19801
2777	29851
6910	28867
5024	21157
4829	20967
7427	27534
5962	27201
1883	19757
2074	20814
3984	26355
8349	23653
2592	19879
3213	29489
3687	23475
3433	24339
2630	24376
5315	25998
3545	24319
8120	26821
8470	24095
5199	28631
350	26904
2204	25639
5102	20450
1612	20150
5466	20544
9412	21280
9411	20017
6028	26644
9363	28984
7201	27730
8723	27265
7752	22045
9036	26428
697	29002
9007	29677
3353	28354
1470	24880
9409	27365
9507	22022
145	27267
9767	21904
3020	28271
6457	25231
220	26141
3511	29276
9724	22498
9374	29076
1356	21473
6859	20086
3870	29237
7515	21348
9850	21220
8237	25320
5986	22227
7240	24388
5307	25885
2748	27577
4604	26334
4850	20942
5758	26271
8463	25815
10152	29109
10478	27611
10256	27624
2962	22164
6943	25019
6242	22594
5514	25357
3526	27681
6179	23629
5878	25439
8437	23423
9212	26797
34	26968
9910	27172
1587	26020
2087	20042
898	25799
1527	23066
3602	20326
690	28633
2535	25989
96	27578
6764	28237
4455	26142
4296	23221
3378	20628
6368	29677
459	25723
789	22704
5062	21913
10381	27741
4125	27625
6997	19829
7293	29532
4535	27859
9818	29789
4845	26755
237	23566
8465	22414
2897	29615
3338	26830
5281	20127
9251	27846
6601	23940
8665	26165
6612	23600
4773	24285
2768	23898
3371	25976
7577	19516
4511	21308
5601	24010
7759	25618
7983	27961
7224	19428
5823	21082
5390	23382
9768	26263
4877	22505
1538	23624
1853	28755
1673	22482
18	26644
4053	24331
8641	23934
1770	22010
7560	23411
5010	26011
9228	29128
7124	24225
3691	22683
2489	27069
5884	28367
7277	25639
814	23305
8859	21960
1812	20326
4316	28785
8981	21708
9893	25380
8893	23600
7660	24421
2894	24663
6279	24651
10474	24009
5195	21111
9485	24818
8382	25183
9556	22160
8819	23398
6737	24917
8132	24057
3730	26755
3056	28502
3050	21891
4761	26554
8625	27172
7921	26528
1688	29824
5414	21886
8177	27799
8332	27763
6998	21820
8615	28220
5984	28843
5894	29128
9357	23713
7369	29747
9952	22771
5082	27074
1193	26599
7804	25717
166	27992
8962	29255
2322	29303
6516	25152
7088	22015
5596	20560
8277	28288
8376	20289
344	22320
2778	23108
10144	26512
9786	29662
4594	22413
8988	28735
1282	29043
4791	20696
5375	21137
7889	22824
1327	25225
5331	27372
2488	21468
3158	28676
4670	27825
8755	19632
94	21103
2779	20229
3622	20551
5400	28953
6347	27767
1443	24446
7379	24789
516	19767
1188	27092
1316	29726
6792	21523
1858	22673
7006	21739
3803	24999
8181	20074
1277	20913
10060	29039
7202	26428
2495	23713
9048	29145
3182	25673
1046	27919
880	21937
6543	21250
6542	20231
5616	20918
7712	24009
511	23420
7608	26274
10130	27073
9247	24488
9446	24747
2744	20126
907	28161
5628	21632
7522	25471
4788	26679
5477	20096
7001	27969
1446	22569
3124	28930
7353	28882
1107	29361
1042	21650
2882	26175
7503	20256
5768	19749
1399	24055
1225	29494
287	27387
1109	21091
7264	22826
10142	27741
105	26236
962	20562
2920	29771
9197	25653
4723	24501
7493	20875
4404	26723
6469	25774
4571	19820
3048	21434
2888	23031
7339	27172
1111	27784
3093	22762
5922	24178
436	19608
9624	29144
9337	29468
8483	24760
1166	28555
7077	24509
494	25244
4351	19640
1653	19590
7090	27877
5219	27303
1689	28441
3582	24223
9419	28770
10083	27248
6936	23391
3151	24600
4499	23704
9627	21294
7865	24250
8032	29369
7861	20001
2319	20403
8334	23302
1078	25824
5489	19879
1396	20098
7396	23190
8607	24038
3605	24248
4478	29181
617	25639
707	20881
6822	26605
7407	28660
8987	25398
1641	24950
4771	21550
953	26135
786	25399
8467	19438
9529	27135
5953	27033
9148	24193
6564	24140
8128	29773
8099	28994
10157	28721
7297	24271
2958	26189
6216	21849
4290	29769
4323	27433
5180	23148
40	23284
7993	20249
9426	24721
2952	24818
4525	25815
4257	26599
77	23591
3607	19438
4737	29003
9948	25330
1481	21221
5295	23257
576	19416
10316	26274
4564	29547
6072	27919
6940	27741
2478	29337
1731	25423
1978	29391
9812	23097
8663	29076
1442	20810
6699	24825
10492	29260
5126	22071
5799	19995
9402	26184
8783	27182
1168	20701
8115	22855
5149	24723
1175	21142
9663	28746
2199	21644
8921	21238
4136	24108
8090	24099
8917	22227
4344	22099
8983	24987
5450	25332
9364	26121
849	26517
5388	21059
582	21707
8574	22445
7392	22026
9665	26055
8308	25822
7738	28063
6594	28440
7767	24670
6278	23874
2678	24261
9460	24501
242	22116
3758	23219
5367	19668
7505	22026
8632	28180
6561	28968
5398	20046
3254	24695
5641	25753
2223	25881
9064	21189
4307	20273
4985	28631
4984	24127
3467	25137
9865	20076
4992	25439
5019	28735
6004	19681
4039	25251
10450	19504
4696	23121
8371	22326
2627	28640
6944	21689
9487	23596
3054	21971
5891	23898
4284	25228
5027	25410
4793	21708
10009	29087
9673	25756
6227	20250
2153	19646
1502	26866
5561	28751
2112	26682
2277	20737
4313	25691
3328	21590
4867	26491
5845	26175
2347	23176
5623	25951
10306	25479
8541	20956
6966	28858
2213	20658
4264	26290
7650	29118
1146	23225
2448	21793
7323	24987
7899	29001
5610	29732
5030	25982
6791	25171
9833	26365
2754	27919
9604	26336
3896	21130
5343	26517
1818	26341
4979	23992
10085	29251
1058	23593
2899	26080
1733	24550
2158	26751
3812	23600
6043	28721
1849	29089
3403	22178
5242	20550
1514	23629
7607	25738
7215	19792
4268	23593
7317	27850
2009	21329
2631	20246
4726	20434
10184	29689
2589	24818
33	20907
5046	20848
6697	20256
6165	27999
5535	28396
5558	26810
9156	26817
564	22133
4355	26973
9742	22284
204	26703
3399	19600
5025	28802
2912	29829
1433	20450
3909	29335
423	23915
4617	29778
3608	22826
6676	27046
2597	22190
2219	24389
5447	22609
7934	22757
9310	24948
9555	24041
7188	25604
5208	26271
2548	24134
7623	22413
209	24320
1991	24319
2234	27016
3011	28820
5686	28201
6273	21590
5324	25814
451	23294
5918	22794
10213	26004
1694	27745
2075	22074
2156	23784
4225	25093
10096	21008
346	25453
3517	25473
5853	26146
631	29747
6810	27779
6106	21135
1266	25227
10280	21663
10232	25855
6535	21925
2823	28384
3262	23218
2167	26078
1092	21689
1270	28228
5133	27348
6115	27378
6145	22070
694	20862
111	25145
802	28356
2590	22092
3350	23176
5754	24814
9191	25851
2858	28327
1288	22146
4406	27482
2906	29334
160	26778
3193	25258
9716	22504
9914	25316
345	23590
5784	22737
2849	19881
8015	24452
1524	24609
8939	21810
6341	20851
8798	20438
1487	21277
39	23523
7359	29746
1968	27635
7672	28802
306	26397
9846	27027
6182	21531
1926	20854
8961	20921
8562	28269
7003	19434
6113	24048
1969	20215
5669	21739
3327	25316
3317	27013
10063	21785
10425	27121
7401	24125
7576	27333
820	27124
148	19939
1444	27501
2682	24407
8356	22569
1416	25307
5569	24147
6664	26704
9785	29609
9836	22870
3500	28750
3569	26401
8560	28557
934	23600
4058	29482
10054	19687
7350	22667
5108	19570
6765	27045
8022	20905
3179	21961
4283	27464
1804	26682
10248	20415
5559	24934
770	20684
6635	26320
5410	20909
673	19597
8698	20045
8735	27221
9076	27577
951	19659
10035	29053
8331	20001
10010	27563
7988	23272
9674	19739
2179	21733
2800	23541
837	23290
2787	22395
69	25993
676	23653
1562	21791
1137	23319
4019	21202
5734	22448
6194	28721
5844	22620
4096	21689
6682	23727
3321	22421
3401	20450
8861	19570
45	23366
2683	23480
9380	24807
7168	24035
9933	21439
4252	25425
6863	27080
348	25828
825	28409
6630	23759
5955	26323
3070	23856
6056	28136
7049	29196
184	24465
1044	22154
1236	25728
1023	22369
2927	22465
3306	26528
4640	20098
8086	20105
5999	24706
5440	24437
5996	25145
5595	29830
10080	20682
6250	24369
3504	22460
2386	29318
5297	24452
446	26175
3997	27943
8285	25227
7190	19437
7230	28194
5828	23260
8650	26076
938	27692
5852	28645
1914	26533
5589	21889
8555	21805
6526	29518
1360	24863
6568	29181
5977	28542
5434	23104
1589	28562
3249	22823
2670	19415
198	20368
6131	27919
10318	22160
4912	27534
10124	28721
8381	23593
679	28979
1632	22623
2668	21014
8095	25553
7286	24437
1623	26085
7839	23092
9797	28398
6637	26657
5484	25313
4635	19839
7343	26175
1071	23218
6857	26465
9319	26942
3469	24243
1484	23550
1337	28978
2481	24742
7205	24487
8623	28372
1740	24351
6448	28306
1727	19769
9448	22067
9636	24313
7495	26838
196	24595
6224	21397
1366	28609
7828	28652
5059	24561
2647	22692
9120	20395
1073	19894
7994	22542
896	20992
6041	29376
8226	28088
2861	21441
6929	25435
5583	21362
8186	22326
7857	23943
8879	25855
1435	28391
8321	22429
901	26594
10236	27090
6258	19820
1553	25147
7430	26298
5401	25981
8659	25850
5053	20486
4557	27691
4204	28315
2271	24935
4026	25478
3252	21130
4147	23089
5762	25628
151	21655
1965	21884
5112	21708
10113	20578
4222	28134
6794	26104
7420	20012
3026	29662
643	23249
6323	26000
8359	20326
8169	22711
1029	22822
2801	28295
3198	28640
7031	21277
6805	21294
7763	27217
4510	21597
9320	22613
4500	25513
253	27658
4725	25114
6053	23590
5520	26014
7610	25360
4721	27534
283	28882
10039	29370
477	19876
8294	21567
2257	29480
8416	22098
469	29271
2283	27717
9782	27741
3086	22252
1208	29864
10455	27191
9421	27805
7143	23097
7874	20594
4157	26499
6971	24330
10036	19567
7123	28017
2043	25580
1947	19694
2109	28212
5575	26861
3501	23468
8692	26120
8764	24455
5915	29545
6404	27667
8706	25399
2423	19409
5043	22631
6825	28265
6851	27777
7186	27279
238	27564
7900	29480
703	27400
4978	28855
5164	28918
3117	25678
4190	29456
9124	22468
5672	22827
4768	21095
6548	28161
5119	28328
5344	23234
8352	24597
6438	28690
2599	27565
2842	24396
2967	23457
10329	24452
10193	25844
2932	26321
5319	24510
2947	27505
4987	24023
3633	24742
10487	22674
1476	23653
3604	27700
2772	23882
4220	29573
36	23790
503	24673
7846	26175
8703	21073
968	21225
2293	28721
1701	24832
7875	24437
7908	24713
9044	24056
7981	20978
4274	29626
3625	26570
7448	22016
6376	28652
6461	27416
5177	24939
5577	25425
10400	27516
7833	28385
7728	21435
1830	25412
8477	23811
10228	19552
5730	22429
9340	22312
1946	27672
3620	23447
8896	23373
9932	26296
5060	24484
6048	28330
5337	23042
7740	24704
987	21970
2610	27074
10269	25886
3429	26021
9105	27080
2518	24059
1537	26803
9111	20178
5806	29262
908	26628
3574	19566
3734	28837
10377	23590
737	27267
1209	21514
8586	28383
9413	29829
6027	29789
7825	25818
4982	19484
6167	23597
1056	27596
7538	27919
3962	22284
2279	27857
7863	29376
7787	23125
2033	29420
6198	24575
1640	29248
5037	26214
206	19570
4436	21861
1196	29198
891	19403
3846	25087
3729	28642
2705	20942
8622	24332
10129	20195
6657	29662
5350	23184
7245	21531
8092	26447
4343	25046
1530	27500
8810	20769
1552	24483
7639	28631
1695	26898
7719	24095
6029	27325
10111	20561
5075	19762
2292	23915
6960	22303
5247	20631
4079	29161
9144	20689
4476	25647
6730	21636
3023	21272
10491	28653
8575	19881
5127	25180
7180	26453
4217	22790
7452	22613
3703	29464
7924	23780
2836	29408
8770	20247
5969	27080
2992	21548
8307	26292
6852	27516
465	25822
5454	25431
8728	27784
6452	27313
8071	19887
5379	25362
5502	20061
6783	26712
9731	20264
548	22388
8506	25875
9474	28499
2848	29028
9108	23233
558	22388
6095	27850
7038	21538
1773	20531
6069	25494
2730	22267
7114	22956
6133	29545
90	28858
6892	21708
3513	25170
2925	21688
1013	28609
7385	25117
7413	23399
1153	28843
1708	24161
4927	23323
9053	20705
9040	22369
4488	26259
2328	29554
8677	19514
1670	21821
338	21689
2988	21126
3320	23473
3365	27256
7690	20490
9501	25338
1228	23969
9210	20318
6720	28520
9720	20535
2148	25043
4223	21056
6555	22260
8020	25969
8256	26917
3815	24532
1935	26499
2650	25951
3414	25123
4461	19570
994	28092
1488	27026
9712	20648
2063	26490
8114	21167
2248	23236
3153	24485
6525	20132
2986	22673
3554	19680
4033	23997
4301	27919
6285	24010
942	29360
5893	29671
1390	28620
7225	28498
9915	24847
2159	27917
6503	23642
5182	21103
7656	28174
2044	20568
10490	19534
6620	28921
78	25640
1964	19989
2039	22779
2215	27919
9771	29776
3766	27082
859	23456
7537	22807
1987	26028
9311	25223
410	21904
4846	19890
1430	23252
9422	20319
27	20334
429	28109
4275	26796
9358	29057
4417	23471
1281	25359
4490	25461
6299	23715
6861	26253
8101	22783
245	29568
9227	20965
7955	26171
4579	29193
9613	23348
9488	29015
7956	20548
4441	28685
5562	29578
9233	29771
5676	24673
9780	27767
6486	21538
9689	24263
3217	27990
9388	24880
6263	28735
2719	19861
7788	29159
5680	25418
2047	22660
1342	22659
1809	19531
214	24059
3268	25608
3573	23856
5827	25723
7196	27378
1836	29677
9880	21313
554	22619
9526	28334
2211	21530
5382	29747
8911	27741
999	28920
6439	24909
3163	27087
1509	28126
1388	28520
10166	24791
2429	25406
3820	26258
2242	26010
7029	23423
7022	28155
240	24796
10061	28938
7302	27452
8392	26175
2523	29115
1931	21689
5571	29266
5743	27389
9209	23369
7179	28675
7783	23620
1417	19976
5300	26737
865	26248
1216	24810
10328	24488
7247	26361
7041	24133
51	24395
7919	25969
7340	23381
4733	28193
5797	25681
7982	23066
5166	25843
4587	27917
10018	20242
5160	23856
4087	29800
6582	19801
1624	22856
3449	26365
5202	29851
935	25702
6615	22711
8010	23598
8087	25919
8029	22583
5554	29044
197	25171
207	26762
7652	22701
8216	28755
9012	28109
6485	19725
638	20822
5215	23073
9444	29122
4024	22026
1084	21804
4648	26164
1539	26200
3027	21515
4298	25190
6992	20674
7624	26306
913	23179
6169	23083
8994	20262
2740	24069
3556	26690
3809	24002
6249	21111
2358	20060
9171	19798
9870	22797
9162	25996
2092	25334
527	26648
9721	27556
4879	27741
5226	29456
3617	29885
7823	24242
9685	21273
609	19800
9539	24766
4988	27452
6527	24133
9803	25739
1379	23259
726	28830
758	27889
7791	22609
9830	28264
3185	26409
9461	29608
3073	24213
9236	29028
1318	26433
8150	20359
1464	23129
3977	21250
6541	27607
10226	24385
3329	28561
7459	21211
2192	22882
9832	26379
340	21639
7410	19444
6757	25393
8445	29392
4103	21260
7197	29236
8033	29168
2661	27821
5163	21804
4522	24541
9625	24760
10415	21688
331	26285
376	28460
191	29824
6565	22704
8380	23376
7858	29251
7228	21534
9477	26817
3267	29170
2935	26382
6480	24786
4581	27862
1014	26220
900	21875
266	20743
4281	20326
1766	25225
7730	20497
2950	24174
4497	25386
1993	29718
2803	24033
6578	19870
9595	24576
2698	24475
1777	29609
4741	23782
622	24452
9658	23305
7976	21167
8886	21460
3912	27784
9090	28718
7594	29494
5425	25875
8716	24893
9966	22319
8057	28721
7996	26694
9088	19892
7352	26364
3507	20242
6753	23590
5323	27003
4919	25125
10326	21309
4695	29538
9654	26433
3992	21700
8340	21999
5829	22826
7005	29764
6114	23719
10301	29572
7104	28481
7073	26998
6610	19415
7838	22937
7589	24195
2549	28027
8247	20758
2512	25046
5796	25724
3284	25769
2732	28885
1345	27947
3206	25630
8801	26485
2880	19789
4814	22166
1678	25969
3437	24680
3629	29247
8208	28130
7260	19915
9891	21889
9601	26926
585	21010
4914	24968
6501	29545
1523	29845
2465	25856
4734	23949
298	26241
6065	29299
7169	21464
3039	19801
8718	25818
1378	27850
5431	28337
8856	22654
296	28212
7971	21889
766	25170
5696	21818
9754	23748
2265	19563
5227	26409
285	23190
10440	20515
6569	25694
6275	28703
996	24150
7110	23066
9133	25311
8185	23867
2004	26189
6619	25103
6631	22372
5479	21889
495	24386
1545	28706
1898	21489
869	27134
10394	25143
760	27500
10445	26719
7078	22281
2123	20694
9305	24974
252	26282
10031	28736
7725	29824
4245	21220
9158	25118
3276	19802
9790	24702
1467	25883
3654	28721
7878	23016
5405	25531
4882	26513
7826	29870
9330	23083
5970	25285
1918	21277
559	25239
6240	22480
7398	27710
10051	22388
3314	22849
10342	23716
8363	28735
1134	19609
8261	24673
7835	29285
5056	26723
991	25114
10172	25756
9960	24673
3538	24430
4900	29545
3069	28745
2591	19989
8288	22506
9895	25608
3672	21059
229	19650
9239	21011
10074	19590
6862	29626
7136	21358
122	23484
2029	19525
7819	26310
3660	23209
5366	25969
9335	22204
247	21689
3208	22530
4618	28553
4817	22162
6373	28318
6704	20127
9459	29862
8797	22168
1314	26725
9844	22797
840	19838
7285	21103
5063	29597
5882	28713
878	28370
7280	23940
373	24657
4743	21689
8521	21677
1610	21211
64	27921
3089	20377
2072	20251
9190	28792
8127	24456
3412	23608
2914	25562
3849	26358
6124	24093
7965	20290
4646	21636
6202	26889
7920	19723
183	28530
7937	21522
6965	28609
9638	25767
5004	29510
6423	21610
9549	25951
6559	23600
1696	22203
384	21305
3479	24362
6026	19597
99	20633
6771	26200
5968	21394
5846	25229
1382	24235
864	23007
5609	20990
7378	26825
1374	25836
5961	22721
208	20649
431	29538
4775	29119
603	24643
7935	24111
3769	29189
8262	29850
9075	23188
3474	26934
9698	26377
3207	20251
1121	27030
1280	21172
3867	25647
887	20567
6611	22048
5020	19566
1187	26433
7203	27784
6247	27805
6105	25210
8678	25756
6009	26316
1772	22644
4930	21095
3677	28053
2808	23395
9486	25118
2696	23503
8928	25387
4720	21672
1428	26222
4095	21976
9676	28124
9384	24721
7806	22803
8689	22266
9662	25526
6333	28609
4421	29545
4961	29475
7257	23865
7784	23348
4898	24541
8473	24716
3270	26512
3600	19922
9428	24202
10050	28151
1638	29420
8578	23037
4990	24261
10393	23744
3488	23837
6740	22569
5992	29166
10056	23882
10272	22685
8503	29299
5326	22462
579	26644
1011	28555
10379	19643
6260	28552
8947	26325
5688	22278
6803	29545
3337	24481
6700	27275
959	27705
7208	21994
976	22137
7510	21523
2720	26126
1756	28979
882	23236
3398	27957
149	26994
8104	23750
5071	20265
4560	25307
8224	21550
9109	26002
1863	21609
6839	24664
2374	22388
8204	27464
7972	22464
4831	22787
1381	22852
1113	24307
10375	22205
5778	28257
6465	26790
1469	22127
2919	25461
4437	24360
6435	19894
918	26144
6500	28703
10470	25412
10350	29175
6821	20694
4000	29118
6918	20661
2068	22448
5429	27684
5757	27410
7056	24339
2578	26270
1460	27667
8809	24602
7155	28626
2717	22548
5905	20415
9286	25390
1876	22648
7593	19758
1557	25766
4827	20440
8439	24937
24	23326
797	26611
9160	22581
10016	19765
1950	19877
5117	19477
2397	28948
7718	22388
7649	28028
1943	25684
608	23458
9042	27305
6511	21688
1834	27185
6466	27802
7137	28467
176	28177
7696	26723
10223	29047
4277	28234
7351	22460
164	25557
8660	21689
136	21530
5355	25885
3368	22262
9063	19778
327	19475
729	22389
9725	29824
1529	29187
3973	24093
5351	20475
8612	24432
10114	28269
734	27556
272	26446
2694	22388
8469	21302
3596	28716
7724	22665
2136	27377
4539	22357
3651	23420
2491	24818
5895	28691
7050	24022
3345	19825
2261	28555
6831	19566
4940	29133
4376	29355
952	26896
7451	22073
4	21354
7664	27456
7261	23597
5722	21605
4211	23977
8214	26942
2510	20883
662	26850
7173	29645
10188	29039
4526	22898
6517	23256
7300	22387
3978	28828
1536	27851
708	21413
2389	23577
1067	28168
4693	28315
7579	29545
4154	29867
4821	25008
5197	26647
1309	29213
4120	26735
5509	28950
8097	26982
2405	24437
3215	29475
10422	21157
8683	29118
1505	27154
1397	23429
1541	23965
6418	25969
10091	22111
9775	24141
7762	25847
4833	29469
7518	21960
10170	24643
10107	25235
7397	20164
3245	26112
3036	26999
9772	26381
9356	22879
8598	23348
7195	22283
5712	21045
5710	22907
9986	20415
2651	22657
9070	20007
7906	20024
7139	27116
1178	23886
4074	20918
61	27335
2483	21827
1179	25969
6454	26939
628	24396
5264	25990
2918	28868
4615	21515
6277	26428
2240	21468
9214	22505
9462	23948
1594	21603
10251	26639
4836	29798
5040	26447
4680	27896
9762	26014
6305	22177
6811	21222
7320	25210
6725	19957
2985	22644
7011	27608
374	28610
2770	26191
1732	20610
5387	28011
5582	29698
8806	20484
3242	27850
2440	28721
2911	23424
7778	27692
6212	22704
5526	24257
6702	27630
8642	20133
8655	24242
1025	24277
3637	20822
9998	21607
4180	29435
6450	24127
4127	28564
2414	20486
8196	22662
5707	25578
6939	28824
9182	21441
6089	23488
4848	28977
9181	26373
967	20214
1480	27745
7431	21805
3690	28968
4231	25445
66	25019
1713	29489
9632	28408
6152	25035
1227	25473
10255	29393
6693	21052
10064	24127
442	26962
9975	20147
1971	23755
8188	24981
2390	24111
722	23142
10459	21550
1613	23248
6422	20092
6382	22870
3682	29747
6221	24293
383	22779
4638	26811
546	22205
2296	24628
6711	23784
7873	28755
8685	21049
5265	25268
405	28174
10247	20259
9934	25875
9523	21394
6055	22070
4542	22275
3080	25608
4826	22252
7852	28538
9407	27805
10055	20907
4195	19696
9637	28354
8395	27347
779	19535
4251	22357
539	29832
9892	29876
656	21999
6924	23488
1091	24455
3871	20767
5687	25244
2200	24353
1660	29712
4262	23588
3532	20747
4358	19784
7432	21652
2318	26723
6365	22833
5603	26548
1955	28770
5746	28456
4173	25195
7480	28365
2743	29179
1252	26490
3768	28174
2267	22217
9939	23540
1083	26681
6761	25911
755	25807
8028	20074
4329	28592
8408	27568
3508	28744
417	22258
2157	29475
3907	20965
2402	27670
3744	27838
10033	21236
4145	27413
6015	21157
1908	24916
467	24455
6927	23087
1415	20352
9573	25756
1429	28342
3648	21426
8952	24499
314	23252
2209	27302
4470	25145
2071	24910
6519	21049
620	25402
4061	23962
3613	24932
8131	22608
1053	24529
4937	27741
7217	20570
8146	19870
4632	23348
2273	20098
1123	22206
5974	27125
1892	25413
4311	21804
8313	26077
5627	20606
9994	26920
2825	27648
3349	27452
9967	20080
7368	25114
4601	23957
4765	26276
4386	24541
1197	25543
2642	23744
152	20086
8572	23943
3805	25234
4924	22097
7628	21854
43	25784
3563	26191
5755	20415
6092	25484
9476	27128
8729	26402
3263	25012
1681	23328
1112	25390
7666	28937
998	24150
9730	21008
5636	29274
8608	19659
2154	21833
9423	19432
1704	21142
2982	24014
2059	25150
5716	24810
415	29642
8137	28352
4109	26587
6721	23499
5216	22654
9456	22613
10108	20069
3415	20577
8776	23415
956	24045
9918	19757
10189	22929
6659	27140
7237	28981
5128	28658
3512	23447
10173	20359
7268	21582
1286	22046
2574	20234
9471	20991
6281	28187
1398	19746
2117	22205
10274	25983
6267	22911
8016	22794
7384	26541
1795	24357
8682	25820
7599	24508
10288	23275
1962	25587
8377	27187
1711	24148
3683	22626
4431	20214
8036	24538
9276	28869
354	19562
10151	19727
10137	29692
5789	25370
3531	22640
1522	25593
597	19822
5835	21820
515	24189
1005	28155
10498	22111
4631	19447
5742	22290
6938	25389
8649	24484
4315	27482
9376	29636
10369	24510
4017	21854
7539	19560
6979	26187
586	28502
9194	27115
8217	21891
10264	24710
8324	23600
10294	25697
2646	25922
1869	26611
4114	20218
4303	20973
8974	22718
7699	26377
7950	20528
5967	24863
4105	25564
10399	22099
7802	26272
7032	24241
8670	25027
4578	26882
702	25247
3945	23046
7641	22393
9049	28860
6893	28564
2364	28542
2181	21708
9683	25266
6243	19908
4289	25297
67	20814
269	21049
426	29039
8761	23221
2725	25035
839	24069
995	29745
9091	25301
888	28685
10355	24413
6537	26866
4547	24539
8568	24568
3863	23865
1942	20997
4216	21394
6311	29437
10234	26714
7905	28330
9603	19716
2830	26726
2424	24571
9872	21881
8276	25035
9134	27416
7991	29692
9178	24716
8170	23022
666	22124
2585	28538
8600	28555
7074	27387
4871	26243
3999	25346
1276	28109
2794	20131
1728	19762
3426	24684
10227	28555
10449	26796
6321	24069
3955	22448
6360	29170
1273	23758
5417	23299
213	22227
1055	23311
8722	21313
139	24324
1090	20905
2450	25244
10104	29662
4280	26447
2652	22266
378	21103
939	24511
9626	28551
3159	27859
8320	23150
4713	28127
1158	26909
9629	27331
8807	20887
10469	28376
3132	20764
9037	27328
10396	21915
7534	20991
1239	28858
2857	29000
97	24916
8786	26604
10428	23504
9499	21821
2907	19612
8511	25320
6587	28456
8194	27433
10164	19923
756	20642
6042	28156
5094	27291
648	26205
1983	25425
2569	20379
6687	26065
5028	28735
7605	20294
3750	28660
7085	26421
2775	27919
8785	21284
2905	23590
7587	27641
9866	25856
4894	23221
6790	25047
9080	25828
5500	21693
7249	24259
443	28487
7864	23673
6875	28902
5732	29319
1380	24810
7881	22957
3147	28678
2435	22498
3017	27817
1656	26006
9163	23399
6686	27183
7489	29125
4002	27033
5777	23956
532	29364
4917	28843
10424	21217
2354	23645
3461	24315
10059	24156
2928	23608
634	26587
6290	23997
9032	29420
7094	27284
5515	21111
7019	21950
4016	24261
1265	26623
2118	21865
2505	20729
7362	27229
1760	23630
7080	27476
3860	22320
8444	20214
9882	23983
1164	21277
4131	22758
6363	20403
6833	29662
545	27570
7710	21355
4167	21036
5339	26591
10284	22071
10336	20302
8672	24240
5809	21220
3067	24814
6528	24297
192	19856
1755	22838
8808	29367
1293	20053
2042	19709
6154	22737
7466	28583
9855	28530
5230	25012
2889	25812
2024	20667
2253	29818
7262	24312
1352	22631
6731	23207
671	21157
8959	25114
2680	23799
655	26329
10466	27607
4760	29773
2854	29670
3969	29207
649	24043
8424	27437
3375	27694
4504	20294
3993	25201
10030	19424
5860	22252
9702	23922
7059	21238
691	19632
7254	27959
5293	25475
8976	22758
8552	25359
9525	20173
4005	22205
9365	23379
5449	27741
743	28755
2066	25235
1026	22764
1463	25307
1604	27095
8945	25266
9400	28203
7886	24025
9425	20905
7255	25117
4922	28377
7294	28274
3668	29260
5926	25182
646	25648
653	25266
874	21471
879	27064
5902	27753
1449	22835
6030	19846
8337	21993
6728	21675
5553	20869
9443	28938
6076	21839
5345	26343
6230	21784
5607	29166
9034	26699
1630	23400
7894	25803
5446	24010
1173	29047
3253	23433
2963	24674
2939	24499
365	25082
8793	24174
7288	27400
3663	21056
4789	21920
3801	21632
4365	25553
7771	26241
2701	22809
2601	20061
3824	20098
8995	26374
1072	23225
9295	22979
8343	24293
10047	26345
421	26682
1938	29545
7848	28721
5148	26369
3530	27982
3342	24576
9140	23597
1472	22802
7726	19438
10385	29597
1230	27969
8355	27368
4906	27341
6348	29139
7535	23400
6553	19789
1251	22896
9826	29032
2303	27808
3915	28394
95	26940
915	21806
3282	22327
7944	29292
8904	21441
5016	23472
10477	22762
570	23759
6102	25949
8243	22908
1295	27335
845	21535
7037	27015
1234	20572
3001	20117
5834	28555
8870	27045
9136	20044
8532	20045
3392	20046
4486	22753
8530	27302
3058	19560
4887	24663
6830	21126
7512	25211
10243	26920
7627	26474
10454	29578
6638	21135
4910	23161
5821	23387
1764	27303
8780	21408
9410	26664
8373	26313
7063	21975
7946	29625
186	21733
1174	23123
7844	23772
4046	20631
3126	26714
7071	26196
5189	28706
2625	29619
9620	20325
195	25911
185	26177
8435	28721
6362	24910
2339	29800
7017	25086
9840	22010
3286	22709
3443	25654
5808	22160
3694	23326
4487	21082
4459	26358
8193	22335
4101	19444
5090	20105
5709	25242
7239	29789
8328	21049
1512	23977
7309	28670
5342	22248
9279	23029
7836	20191
3472	26901
368	20061
2220	25791
8358	24324
7629	20885
5416	23962
5298	25890
9634	22177
9089	26849
2902	28287
9602	29057
1565	22709
2655	25170
6112	28721
250	19680
360	21930
5280	21650
3292	21676
796	26987
9553	23236
1548	27267
4442	20535
3113	25571
9784	21950
9984	24694
1648	27321
8963	21032
1478	25266
1913	24324
6785	26310
5088	25019
268	20725
7548	26920
6916	22252
4169	24818
3030	28176
9200	24015
5483	23290
461	22830
2369	19790
2458	22045
2579	25218
5415	24628
10135	27024
9679	22771
8454	19416
4678	20918
10183	25207
7603	23597
6049	22205
2870	26894
4691	27824
808	20147
3052	20741
3257	20477
924	24830
1643	25681
6234	28383
6491	22312
2722	29548
5167	25954
4966	23190
8493	28920
9992	26598
4410	23676
9224	24495
1939	19888
2132	20134
2656	19604
2793	28980
8778	24694
6146	26456
1860	25994
9503	25405
4250	28755
2603	26271
7381	23109
5818	21083
8494	29076
7299	23628
4597	29482
9062	21036
5327	24576
3114	23903
10116	27928
5228	20665
1495	28746
8956	24625
7814	24936
9917	25680
720	27581
8895	26320
8443	20607
4325	24804
971	26290
749	28502
8148	29660
2664	21885
7145	21302
8077	22153
3309	23933
3839	21983
8567	27209
8733	19489
10028	27969
3924	26537
7004	28918
1406	26241
6307	25221
387	27015
7704	22262
8254	22026
420	22820
9393	21937
2525	26029
10195	25820
2614	20899
9433	24257
3743	20134
3264	26694
6832	28306
3535	29059
8190	23301
10465	28788
748	24421
846	22204
4227	21710
2079	26679
9196	28462
3482	25330
1068	27850
3667	26376
4469	20084
4679	27579
1451	27496
9123	21842
3071	26964
10464	29101
5084	22583
988	24541
1814	25245
3747	29001
281	22952
6632	28609
5979	22252
9006	20256
9390	22099
6789	25151
9681	24259
8476	27482
6163	26115
1893	27128
6931	20996
3650	19976
1763	26313
1283	25297
4641	21355
7567	26707
9770	29630
10297	26984
986	24680
10004	29359
3127	26725
4923	24594
2238	22905
584	20862
8993	19686
2490	21790
6614	28497
9687	22102
6777	27717
9653	20339
4514	26776
2840	21696
3384	23108
9143	24818
8633	21814
1298	28243
9916	26730
1331	23415
2353	24067
6045	26638
4528	19673
8342	20307
8023	26276
6280	29578
2207	29000
5705	22284
5336	28721
4267	24459
7931	20765
8999	24553
3031	26708
6889	28208
985	28490
2933	25024
10489	24786
2382	19923
6121	29120
8523	24274
719	19839
4253	28176
5715	24331
8533	19464
9240	23734
2161	20764
7345	22654
4711	20907
8888	23190
4520	23753
9924	24612
2263	24259
4066	19644
7911	23597
5313	20268
4740	29072
5022	22435
4842	27784
3565	26336
1586	28969
4258	25633
1485	23798
3341	23673
10203	28385
4853	26762
2736	26316
2173	23749
9618	20458
2594	26561
4345	27648
7622	25266
7769	27140
3121	22709
8440	29423
8425	19780
551	24259
1503	24638
7912	27184
4403	29304
5433	27630
4034	27076
10451	20505
7932	26454
10134	23747
7174	22097
4530	19856
5424	19703
6909	25903
8880	25608
1996	27433
5873	25836
3367	27636
7251	21509
2227	25537
3291	28269
7158	23302
761	27961
10161	27283
2064	26889
4492	25008
4040	25242
2337	20327
6755	25311
3661	24157
7048	22205
8246	27407
3379	19778
5273	24488
6032	27052
1699	28134
3008	27903
5170	23590
1154	28825
1712	19822
10259	25285
3900	28642
10421	23596
8058	20997
3919	25147
7687	22798
9922	20047
10174	21201
10389	29832
5648	27073
3344	27975
3029	27394
5825	26126
1888	19976
4070	22665
449	26256
2978	25472
8398	21492
1650	20256
1948	28609
4963	28633
3012	20709
5617	20637
6040	23550
135	23754
630	22420
6571	24567
5007	25302
4405	22064
7634	21994
5073	27349
4425	25841
6683	21531
2662	21915
9480	22306
4559	27351
7313	25828
5041	20938
4942	25772
1900	28855
2626	25811
3584	23275
6123	25641
5285	24607
7020	22010
5069	29776
1843	29609
9243	25930
6312	26694
4291	23176
7417	23475
2285	23480
2843	21886
792	23283
5565	20461
6093	24919
5704	24839
4807	27927
2286	23140
7035	27135
2846	21283
700	22178
7068	25448
8710	28457
2278	24053
5921	20813
10313	21014
1785	19570
3297	19680
8265	19837
10426	28957
7727	23148
463	25717
5137	21186
3862	24243
4763	20854
5061	22683
2370	29545
8509	19952
6576	27368
6982	21771
5651	21471
2871	25702
8667	26602
7292	20242
3640	21717
629	28140
6073	23666
1328	23784
6097	21017
4203	29545
2053	28922
2456	28981
7042	29181
2198	20765
3950	25425
2421	26241
1006	23290
9056	27556
2844	27751
8059	24717
870	20653
8843	21170
1136	28219
1554	28884
6199	25528
2648	19438
4666	20404
3351	29545
1420	19438
2695	26342
1595	29163
7113	20388
8267	22166
419	21061
1373	29102
1705	24679
9127	22569
10125	28337
2716	28053
1520	27550
6276	26374
860	21621
7557	21708
10198	24580
4611	24845
2184	26320
6741	25301
8391	25520
9962	28063
2360	29168
7248	28721
842	29242
6161	28735
4434	20991
4816	27441
9146	29747
9315	27214
9003	23713
4584	21170
4139	23104
1940	24471
4960	23497
2671	21621
3458	24818
713	22222
1238	26485
1698	26515
4334	24471
4699	24263
2269	20261
10058	23023
3676	23628
4069	23586
110	28802
1873	24786
8030	29404
2821	21646
9978	29259
3771	26065
10363	26111
4885	20243
5842	28310
6034	21040
834	21833
2018	29602
4593	27741
683	20901
1571	27335
4889	26905
1259	29038
589	22743
7418	23484
440	23703
5517	22823
5713	22026
8759	19657
3043	29796
9170	19778
4304	26048
1445	24818
8781	28255
10456	26764
904	21056
4838	21895
1848	25001
3845	25847
547	27919
6052	22609
2798	28169
10323	27302
8898	25969
1866	22663
2444	28823
4567	23399
4609	19976
2195	29260
3685	22130
10006	22388
10120	20098
9	29287
3246	29671
10169	29469
4873	19765
5463	19495
3446	22771
2539	19989
5243	27351
7069	20002
1864	26323
7850	29348
3502	26051
4783	29081
1241	29414
5920	25757
5132	22907
452	21270
8200	21776
10121	28746
10003	29076
2750	27808
2617	27707
9334	27569
8130	21554
6345	25803
371	25255
4674	23861
1145	20204
2529	19393
37	28985
510	20077
769	26820
7525	29645
636	25149
3829	26270
3495	22332
4398	20106
74	26265
300	29217
8168	23129
4446	20154
5054	24554
7399	27215
6798	29364
5308	29007
9291	19405
7204	29671
4550	26946
9272	19518
3393	23648
1506	23550
2546	19831
1748	26890
8135	25935
321	29388
9187	26712
9230	24969
1890	27786
7574	28735
6647	29545
7790	21575
5995	28718
8390	26540
1936	28918
7062	27758
366	24484
8731	22790
5258	23915
7661	24324
6710	24215
7609	21621
6506	22364
5066	22817
5488	28691
1142	28176
1247	25889
6618	19767
8354	19479
5474	26120
4903	27756
329	26620
2392	24245
2536	23003
5439	23272
4805	22010
8746	20938
3619	21745
9692	23641
1160	27824
4031	22472
485	19752
9046	28559
2012	25610
4471	21180
1528	27335
6738	20326
270	24987
2761	25427
8795	24612
5154	29105
3642	29217
254	21168
6214	20215
352	25765
757	20060
8620	27919
3606	26611
6217	22304
10241	26810
4270	20997
7733	29175
6117	21471
6585	26471
4870	23528
10192	22970
6110	21901
6498	26274
6151	27135
3813	26010
9699	26014
7999	28288
5081	24377
434	24742
7757	23974
8673	25678
2832	25239
3967	20975
8173	20975
4162	27177
9741	23943
173	21960
4762	24052
217	25200
1465	20492
7496	27463
9045	28627
5023	22136
615	24937
5731	27481
1725	28882
5124	24825
1839	22380
9574	27576
9554	21575
3451	27230
9355	23139
1059	27692
1217	26639
1041	26942
2363	29545
9386	20242
8418	25275
6915	28236
9968	27668
3761	24786
10150	22466
4534	28206
2828	22421
4516	29076
9359	24537
6530	21036
3549	26779
3203	23328
4747	26058
9920	24818
1759	25990
2291	26569
5771	25360
3983	28610
9454	22038
2122	20628
9442	24119
8914	23423
8080	19822
4804	24102
2677	23312
362	21795
10361	25889
10244	27607
4183	27167
1099	28800
7469	28750
8998	21864
3646	28505
9416	19438
7346	25902
9928	21157
8397	25935
523	23348
768	22987
2587	21716
341	21875
4653	26340
6355	29057
5389	25658
3343	25066
5275	23591
9159	24184
2067	23713
8887	22152
2473	29715
5461	23305
10024	19955
3898	29078
5869	26596
10483	21079
7372	20134
8338	27410
2139	28372
2385	28168
3161	23539
5032	25858
1085	23511
1625	24937
6405	27464
850	21135
10473	19720
3850	20334
9229	19870
3916	28938
4652	22632
5960	26890
2807	25182
4598	27558
6265	19884
3673	25514
10043	23308
5522	25954
9203	22654
7142	22460
10344	26119
1559	28126
1231	27405
7376	22392
5131	23423
4916	22757
7015	21426
3241	23207
5223	23710
7140	23526
8205	23575
4141	20729
2247	21511
127	21968
6600	24778
1319	29223
7185	21114
8507	29161
2649	29796
5811	21157
216	23747
6220	29739
7867	23423
4549	25803
8417	29381
1050	25307
8487	19518
10270	27883
8253	29064
2185	19954
8571	22774
8658	21486
4650	27128
3404	26298
4811	24396
3090	22231
4932	19416
2563	27877
3544	23590
3618	23964
6788	21118
1268	21445
6896	27656
2534	28269
9424	29545
9945	23221
1835	25811
7562	25264
10374	26442
5404	26244
1159	21689
8311	22703
9292	23573
8081	20098
9219	26296
3856	21882
4714	24880
5516	26065
10194	26376
3551	27674
6237	24663
2810	21186
140	21461
6304	29864
3248	19918
2575	27609
6116	29518
7927	29364
5311	21402
9404	21515
88	24494
5597	25452
2470	24818
9302	23932
4445	21937
2847	28957
4357	23819
7443	26942
243	21603
6567	21461
9942	28277
2757	23975
9686	19920
8471	24108
3346	19680
3733	29752
4271	20567
4861	21141
7047	27676
507	20048
4628	28582
8282	28891
1841	22905
526	19778
8690	20294
10423	21864
1561	24814
2700	22307
6557	26202
4849	19429
5026	27367
259	20469
8125	24529
1459	29626
5888	27368
9890	23085
793	21948
981	25719
1322	21590
4193	21910
9117	25220
6226	23339
6118	27463
6804	27756
6629	28760
8822	27351
3057	19682
9711	26147
3259	29295
6607	26076
347	25799
445	26175
3303	28555
1104	22877
1953	23560
7995	23104
9005	25626
9094	24999
8026	21397
635	26838
9954	21922
8497	28154
5101	26553
6951	23420
8518	27692
2321	23593
6552	27177
8545	29287
1672	29734
7907	25155
4755	22744
8860	20450
1125	23898
486	23628
9098	19442
3035	24742
260	19710
14	19887
3085	26611
2735	25562
645	22429
4908	28617
7595	23323
8576	22097
9029	20002
4399	27097
8393	19623
9781	22817
7172	23348
3580	22934
8223	28002
466	21515
9567	22865
2447	22456
2235	20935
5874	27680
1952	28053
9546	22802
10250	24919
9116	25280
9349	25937
2103	27901
5820	24542
899	22901
5173	24447
271	20339
3237	21554
1784	24851
7722	25949
6719	20813
8492	26205
1929	24011
10159	24744
6749	22704
9989	23748
5579	26995
6592	27639
6391	19778
819	27903
1716	23915
6769	29827
7892	22675
9753	23218
86	25847
4479	22743
9054	23084
9041	21374
2101	25929
8298	26364
10317	21845
9344	29819
9718	28258
5733	26428
7721	19765
16	24078
7818	21649
5783	29137
3980	27499
5312	21857
3929	29102
1717	20124
6453	28564
9449	29676
5904	26339
6272	26765
10040	21675
4238	27462
1593	28792
7876	28460
9999	23230
2957	29208
424	22018
2697	21640
1194	20160
1285	29829
7265	27172
6393	26259
2169	20963
5663	27273
8234	29475
10293	25892
5407	24922
6241	28755
8155	19732
4453	27351
8213	28641
8720	19694
2860	27741
3959	25006
8920	22267
10186	21277
9389	23411
10339	25439
5322	26528
221	25815
8111	24119
2266	27041
5072	25504
6580	28743
803	19464
8346	27410
1957	20575
5244	21017
3425	23047
8619	26767
7060	29137
3180	28396
7893	19782
508	27741
9848	27450
5229	22010
1800	27082
6235	29545
10366	26111
7274	19453
8179	20631
4934	24950
4698	27652
8908	26207
8957	19570
2116	22657
8638	28721
7801	29236
5092	24452
581	24659
7964	27813
10119	27335
9515	26490
8944	25896
2885	28234
6835	19920
9223	23198
9863	29472
473	28134
7243	21181
3904	29120
2500	22855
4134	29356
7486	19850
3131	24633
8540	25824
1141	23104
3529	25911
9518	23590
2250	23104
3772	28755
7007	28355
3348	20991
6745	26893
738	25307
4192	26201
3102	22227
3082	21516
6328	19943
4099	25065
5089	25299
4328	21313
10053	20044
7824	26077
9185	20747
2225	27024
9661	19746
4414	27410
8122	28760
8824	19458
9845	27445
5525	21394
1165	23322
257	19570
6361	20611
8384	27978
5913	25993
9095	21861
2324	26163
553	23926
1644	29764
9800	22849
9902	24156
4810	20017
1221	20407
4196	19769
474	23608
8942	27293
2028	20147
8199	28306
4664	22371
5385	28161
10090	20450
3059	20510
5402	26262
1191	22796
6127	28269
2499	26861
4785	25843
3956	22788
10496	21786
9807	27408
7947	24483
2916	25026
1290	28918
10011	26341
6207	28852
4221	25889
4091	19831
2141	28735
1192	26915
3196	28555
2228	28877
9059	21078
1519	26790
1871	28269
3205	29333
5304	19687
3731	21078
7170	20675
6712	27102
3098	21854
9119	22026
8316	21782
8448	20059
73	29578
5587	28564
5077	28735
3588	26207
3130	23715
1647	28385
3274	25597
10402	21158
205	26175
7904	29260
2965	23060
2482	20572
8438	25901
10095	20310
3524	26191
8447	23575
4865	24553
8383	26690
9085	24187
4823	22082
5395	25035
2260	21167
3925	22274
6141	28684
2977	28685
7226	25896
8085	28616
4977	22281
7436	24485
4042	21295
4072	19620
3096	27295
3104	26902
10165	21999
9284	25244
8618	29385
1603	19943
1351	29747
10279	24393
5725	23203
7869	28721
1824	29177
4766	28243
8228	27238
10027	21969
9377	29272
8286	21140
4808	25608
10216	27450
5363	29602
9207	28721
3065	24499
513	21049
3548	26890
9991	24413
2814	29448
6326	22488
4857	22292
9016	24127
2755	22940
5612	29747
5529	21885
7053	26657
9466	26765
8460	22551
1367	24446
6334	28140
3644	21270
6081	29111
2514	26254
2995	26323
234	26946
4256	23849
1151	24225
5002	21114
6077	22644
5051	22654
2019	28288
8290	28109
1130	25477
3229	27852
8543	27322
7355	23086
5121	26465
9710	24277
4658	20637
9521	24220
1258	20810
1767	27091
8661	22654
9101	22942
2106	29181
5780	23790
6443	27666
6639	29739
3166	20283
10413	28920
6627	21277
8943	27259
5249	19570
7580	28552
8366	19516
6433	27296
5235	20643
1301	21111
310	20515
5785	26900
6802	21049
7909	21202
3749	29510
2272	24728
2187	22018
4161	23660
7980	21075
6472	25991
8153	24304
4872	23184
8907	27154
2909	27481
7222	28755
349	20187
3857	28519
3942	26809
5654	24918
155	22931
9153	28914
3702	24307
3822	25766
4813	23987
1047	20214
4472	19488
4948	28610
9078	22620
3243	21073
3503	21861
5513	29194
10309	25531
916	21680
4596	22257
3927	22205
9314	26310
9565	26899
8229	21791
1163	22775
3974	26536
9700	21399
9149	20044
8890	29626
4533	19526
4215	21724
9469	20948
7358	27235
3576	27005
6104	19976
3656	29270
7974	28564
4676	25303
7667	22292
4043	26913
1555	28573
1385	26793
1439	29033
2089	25653
4178	29569
4545	21570
6596	27784
2249	27061
1782	26293
6175	21814
5798	22762
9152	27624
5892	20172
7536	26247
5536	22498
8779	29461
531	23590
9346	21657
2855	26777
4561	22770
8515	21250
3557	23653
5788	21997
6403	22909
3835	28633
8565	25604
5284	22079
9112	25421
9175	28095
2573	21295
3516	29298
5501	19438
4108	23139
6990	23352
6546	22882
6446	25651
7383	24264
5786	26109
1335	25861
8725	28884
3255	26939
610	21486
8645	28405
2431	26620
4835	23582
8374	24638
6339	26175
4941	28409
6642	25507
4104	23415
3079	25145
6658	25577
6772	27335
7287	27758
8388	21793
9427	27534
481	22949
647	28906
9432	27143
1634	26373
8040	25117
4297	26460
7467	21474
10485	27344
3615	25019
3269	25494
9193	26990
1299	27235
7303	19687
1684	25242
4580	29057
954	25330
2492	24534
389	22453
1336	22675
8743	25537
1979	25476
9544	19944
9684	22909
1852	25513
10128	29197
4616	25453
10140	21805
3273	21662
7076	29102
5218	27424
6529	21180
10282	21899
9794	26175
274	25544
5317	19405
583	24345
1009	20548
8753	21203
8195	26205
9531	24083
4113	21642
9766	27539
10262	26268
8777	27314
8452	26988
4717	26651
5906	22307
2452	22252
5574	29567
3427	26654
1156	24014
1213	29076
8348	28685
10359	27410
8297	21593
3886	26341
3088	19538
2077	21482
4295	19825
4093	24844
2517	21136
1320	23096
6201	25207
7707	19444
42	25244
1080	23089
512	24421
138	26633
9322	26679
1275	26962
9350	25837
1850	21156
4213	28760
5685	22588
1803	21347
4997	20415
9577	28691
4048	29662
1240	22787
788	28968
6713	20219
391	28477
3223	24409
8874	28760
4144	20142
892	28787
6952	28014
2410	23653
8500	27675
4834	28950
4156	24036
6878	20084
5568	22450
826	23819
5864	28356
5377	19635
7713	25846
7434	19425
10441	19763
5384	25063
10208	22286
10000	22477
763	29554
3391	27281
9391	22511
2593	29620
1126	22531
8744	27367
4959	19778
8394	19408
9287	23934
2538	29789
7156	25275
7601	28476
6923	28589
1904	22519
4086	28935
2147	23121
2206	29284
6550	27047
6437	26902
3968	27515
5254	25947
8271	29693
9815	29329
2791	20580
3888	22578
3586	28620
10367	28700
4663	24935
8325	23721
2959	21354
835	29315
9703	28269
10444	21925
7108	27909
505	28025
7442	26193
2699	24511
590	25280
2516	28959
2224	28283
979	25243
2565	19661
3939	24823
4634	20061
2416	28323
7102	23648
4918	21779
5695	22010
5480	29139
1410	21969
5717	29360
241	26614
3816	20885
1066	22239
9351	23046
1679	29115
2334	21103
181	27346
5532	29554
5883	22352
125	23214
772	23067
2580	27734
8191	23168
2783	26077
2230	28324
2005	28220
5140	20169
395	25784
4285	27386
10082	26615
6752	29094
3793	24280
5547	27140
6977	22227
7484	26644
4171	27625
6400	28609
5142	25553
8432	26170
9336	20991
4208	24060
2747	26888
10468	22903
5114	26886
6650	19727
2521	25944
7854	28792
4392	26320
1992	27857
6330	26641
3308	29545
6244	22654
9923	25836
1310	20134
990	22497
8034	21010
2045	21250
4643	25320
263	26090
2531	25608
3669	28658
2015	25415
7526	20997
9039	28930
3487	24909
5945	20209
6153	27544
2796	19491
9343	21625
9535	20954
5234	25897
2765	24529
9707	26869
642	22569
7992	22766
3878	20428
575	25164
5744	26000
5354	20916
8636	28118
4752	22442
2387	23997
3366	19822
10479	19682
6679	19778
1140	24481
1132	25134
8900	27387
1745	23845
5800	22596
215	28215
8364	29620
10147	24895
2968	28869
4206	29773
8517	27125
3471	24510
3853	23800
7811	26222
4155	26207
552	28274
8013	21461
4537	25113
5839	22931
7414	21471
3678	28336
8067	20258
1256	29440
5963	25025
1963	23861
4466	23043
323	20824
2809	27500
2137	26411
5418	24801
1020	19983
714	26349
3679	26254
3387	21302
7866	28528
605	29463
6510	20195
1100	22177
1507	25659
6715	29081
9879	25183
5703	28750
5233	28882
5267	29185
6094	28631
6325	26693
1846	27302
2994	21313
2873	24928
9325	23136
10271	24670
4464	20995
2189	25390
265	28022
231	29353
2115	25363
3930	23590
7772	21857
6474	19976
1375	26577
10296	29662
6533	22344
6397	29737
8699	20508
8004	27851
2623	26377
8750	24396
7693	24042
9161	19393
4999	27433
8063	26995
6155	27919
4450	28376
1369	28971
4569	22258
10145	27753
3068	23235
6980	20506
7425	29367
3146	26148
5109	24013
6139	24796
2007	26434
6054	20006
82	27140
969	23653
5830	24743
7072	25137
1697	28676
5671	22613
6371	26032
8734	24859
1786	24501
8853	20326
5161	26600
7611	26651
1718	27209
7847	25169
9512	26121
8923	26611
4065	23111
9538	20631
10348	21302
4864	27433
2917	27368
3174	23926
8992	19508
6957	27400
2315	29841
5106	27561
8060	20307
5667	27824
2400	25345
1250	24609
6669	29799
989	20458
8502	29314
9081	21554
723	22284
7776	26611
5347	23323
10072	25769
9067	26723
9082	23591
2485	28610
1321	28243
9821	23339
7754	25266
501	22441
9527	26209
592	22571
8410	21301
3149	21920
4135	20631
6184	25363
5134	21551
57	26810
5538	21936
2993	21157
7182	22097
7284	25125
2290	24605
4234	24836
715	25828
4036	23600
4920	20694
7779	22757
9294	28721
8222	23272
2246	26440
10315	26080
4806	26490
7676	23731
35	20192
2420	27591
2718	21097
3739	28369
1498	20822
3726	27140
6346	29827
922	20178
9969	22990
7741	19878
4558	26894
5859	19609
9805	26018
6358	22166
7882	28701
8129	29140
2560	29585
5294	21960
5432	20345
1370	25183
6829	26665
9816	25849
5487	22799
1412	19460
8273	25604
9275	22177
3884	27080
7770	26346
6399	21582
4962	25393
71	28645
4337	21676
5890	26866
8011	24719
5657	22099
7570	23871
10278	27709
6698	28564
10075	26845
10148	27013
809	22252
6228	27604
8671	27067
730	20127
10435	20259
4722	27969
9157	22585
8041	27527
4712	20371
1744	25652
2002	25924
8707	28701
8387	25965
8929	27057
8730	25290
555	20991
6584	21700
7954	24717
7553	25363
8715	25990
2989	29546
3701	29289
8378	27889
3645	21026
2378	23709
3817	22094
2121	27286
6021	25127
2834	26886
10154	24245
9447	21481
7705	20072
10201	22278
5270	29489
8931	20417
3922	25803
6268	28029
7670	19790
7550	21595
2038	19696
1739	27648
7507	28376
10304	27458
1223	23423
8527	29429
6518	26577
7584	22538
6690	26973
4050	28785
2930	24060
2940	20701
2605	28678
8564	22981
246	22406
2566	27969
447	26569
7281	20477
6302	26065
6440	26445
538	24001
5682	19890
8310	28411
1048	26346
1614	27289
1364	25598
1667	20024
7588	21140
10162	28518
9566	24402
6327	27741
3430	26723
9420	20630
8991	19489
693	29725
7581	27447
4463	26433
9445	26077
7328	19878
478	27296
7760	26268
2886	27498
5773	22673
7419	25290
7977	21621
4076	22150
4287	25032
1441	25412
1447	27544
2508	22877
10437	21805
1583	29168
8986	29076
7631	24313
781	29376
47	21481
6170	25756
7613	22388
8441	20918
7213	21063
9208	26976
675	20154
9027	25685
10302	28977
279	28324
3807	29248
7563	29852
7096	25739
6142	29699
5210	23221
8680	26764
10333	27564
1928	28036
6672	29885
3463	27707
568	21693
6126	25732
6884	19822
10334	27315
8889	23154
7093	25791
1199	22621
6520	22162
3732	29670
363	22498
187	22761
5435	25266
8760	23785
894	20327
7600	24750
9192	20011
453	27091
1000	25435
7084	24721
2802	28721
1324	28937
6999	29800
9925	29502
10273	21269
10295	22531
735	29577
6493	25638
5508	23681
351	28732
119	21868
10401	20799
1182	24213
601	20575
3564	24940
2236	29671
7271	27230
2097	24452
9122	27351
8305	22248
355	23348
5283	24858
7635	29754
562	26191
2152	28796
7916	21756
8639	26222
3099	25893
5105	27607
4107	28026
10291	26947
2120	27481
2016	20388
8434	25872
1387	29012
6613	25608
6707	21471
4102	29154
8172	20608
8657	25925
2666	23709
4226	25383
2309	26438
7604	25513
2910	21394
2980	27793
5178	27298
3015	28833
3417	22664
8210	26317
2476	23936
5014	23092
8442	27512
3786	20747
5332	28485
5843	25845
3094	24188
3150	20290
6779	28366
2663	29549
3315	25126
4859	26077
9047	21270
10001	28140
7121	21632
5954	24899
3322	20572
4710	24026
3627	26089
2459	21885
8403	21534
4707	21543
3990	20725
1765	24628
8446	23097
2819	19846
9950	29641
4518	25251
6959	23190
1746	27094
3016	22239
6178	26657
6586	26274
8485	27552
10448	24170
4603	24138
9441	23596
1074	20133
1343	23809
9274	23963
1974	25638
1386	19389
8526	29179
8007	23305
614	27022
9301	28676
6914	22830
1249	22762
4485	25266
1305	25614
8922	21818
10023	26943
3720	21575
2442	19504
2104	24506
1501	24696
2675	23198
10457	20436
2896	25099
8400	27458
3300	20273
3356	20682
10420	23399
3936	25659
4110	26049
5186	27040
6898	20470
9996	27364
4886	21833
4754	28204
6313	19856
8857	27388
4682	28151
312	22413
9585	20990
7764	25775
5091	28627
3143	26070
1279	27535
10494	23934
174	24580
2216	21498
4451	19967
364	23571
4540	28678
9758	26409
5246	21157
4129	28830
9701	26401
411	29053
902	26714
3462	26906
3457	23322
7695	23575
4062	25784
10417	26644
712	23399
7662	25828
2119	21960
1002	27745
4249	26792
5493	19644
8651	25019
9296	20810
8459	22674
3484	21273
2259	20761
4349	21146
4566	20631
5793	29400
4119	29648
7151	27779
621	23589
6507	23323
6284	20907
9678	22278
9598	27953
6573	28732
5042	20140
3630	23480
109	25858
1833	23164
3432	20134
3547	29648
5675	24772
7199	24554
4614	29518
886	27474
984	21220
7220	26867
745	25179
7533	24272
10337	28564
7880	20134
6496	28365
4310	23721
5761	20593
2349	20517
6795	25892
1255	26567
2795	25201
4649	28790
6685	24471
4888	22465
4320	22519
8344	25160
4565	27968
599	26626
2613	19780
1371	22098
949	25935
178	26639
4236	27066
2320	26600
6059	25183
4732	29066
7597	27958
2464	27185
6222	21632
9536	19590
6157	26400
4416	26914
7700	29885
5260	27500
8218	25050
7176	21507
5251	24910
6310	21243
10482	23424
868	26085
4314	19610
699	25071
5519	28281
9593	29747
2032	26175
2408	26316
1431	21043
6351	28257
1490	26973
7591	27599
668	27919
8610	21716
189	20469
8997	25705
3476	23735
1581	25363
6096	21988
9013	19739
10219	29518
4830	20336
9482	23674
5898	20253
10310	26030
7888	24396
6488	28665
5248	26218
1017	21022
10057	21049
8117	22776
7321	20887
4003	22494
7731	28289
3655	28467
6205	27687
2805	25307
7061	26191
2436	22319
978	25137
9065	29555
5168	26346
1348	25058
10432	21948
6651	25035
9440	22681
4949	20883
5646	28212
10352	29488
7602	25002
