285	20099
4206	24020
5140	24954
4452	24266
10055	29869
7651	27465
7157	26971
4031	23845
4690	24504
9985	29799
5063	24877
5173	24987
1723	21537
1868	21682
6404	26218
3313	23127
6772	26586
1538	21352
9470	29284
6920	26734
6327	26141
1904	21718
3243	23057
7450	27264
796	20610
9721	29535
5473	25287
1593	21407
4209	24023
1896	21710
2516	22330
7239	27053
2980	22794
6634	26448
9493	29307
4457	24271
5426	25240
2733	22547
5811	25625
2237	22051
2839	22653
3214	23028
10411	30225
3537	23351
2279	22093
4359	24173
3519	23333
7099	26913
3603	23417
9438	29252
9434	29248
6089	25903
861	20675
8841	28655
7123	26937
1326	21140
9944	29758
7415	27229
4264	24078
3292	23106
127	19941
6657	26471
5262	25076
535	20349
4721	24535
2414	22228
4427	24241
8571	28385
8752	28566
6749	26563
4543	24357
3203	23017
4101	23915
1113	20927
9452	29266
8769	28583
9771	29585
4688	24502
4027	23841
42	19856
1074	20888
4408	24222
4692	24506
7758	27572
3154	22968
6541	26355
10304	30118
8172	27986
1529	21343
6172	25986
6345	26159
4816	24630
9443	29257
9049	28863
0	19814
311	20125
7148	26962
9176	28990
8996	28810
3376	23190
4654	24468
2978	22792
9002	28816
3935	23749
1581	21395
9833	29647
9873	29687
4035	23849
3931	23745
4464	24278
5261	25075
1808	21622
7936	27750
1370	21184
6093	25907
10372	30186
10470	30284
7034	26848
7203	27017
9625	29439
10486	30300
7384	27198
2984	22798
6128	25942
565	20379
7176	26990
2806	22620
5388	25202
6314	26128
8616	28430
4439	24253
8634	28448
8524	28338
7155	26969
1785	21599
6616	26430
3128	22942
4728	24542
276	20090
6888	26702
9502	29316
6196	26010
5914	25728
4873	24687
7947	27761
4463	24277
6309	26123
7590	27404
2645	22459
7815	27629
2526	22340
9758	29572
1167	20981
2920	22734
6368	26182
7913	27727
6083	25897
2789	22603
8717	28531
3699	23513
6213	26027
6861	26675
3435	23249
279	20093
6520	26334
4982	24796
949	20763
4796	24610
5259	25073
7374	27188
5989	25803
10466	30280
6357	26171
1656	21470
5928	25742
4133	23947
8295	28109
1637	21451
2341	22155
3626	23440
1148	20962
4641	24455
869	20683
3706	23520
4184	23998
3891	23705
4017	23831
9900	29714
2730	22544
836	20650
2732	22546
5684	25498
4696	24510
8749	28563
8107	27921
6466	26280
6946	26760
2572	22386
490	20304
3099	22913
5011	24825
7810	27624
2170	21984
2993	22807
1598	21412
3019	22833
7418	27232
7657	27471
7764	27578
5936	25750
5355	25169
902	20716
8855	28669
2943	22757
8625	28439
10018	29832
2025	21839
1216	21030
6907	26721
9444	29258
10492	30306
6735	26549
10116	29930
2423	22237
3670	23484
2650	22464
4221	24035
7354	27168
6087	25901
2229	22043
9860	29674
8311	28125
8754	28568
8389	28203
8447	28261
8390	28204
3325	23139
8039	27853
4039	23853
8816	28630
4502	24316
102	19916
1343	21157
9648	29462
852	20666
9823	29637
6874	26688
4202	24016
7291	27105
8110	27924
241	20055
5078	24892
3770	23584
132	19946
1814	21628
4524	24338
1166	20980
5114	24928
1672	21486
8486	28300
5487	25301
7404	27218
2273	22087
6852	26666
5168	24982
1574	21388
4092	23906
4507	24321
147	19961
3073	22887
6219	26033
8732	28546
4303	24117
913	20727
210	20024
3237	23051
2812	22626
3959	23773
3248	23062
4488	24302
5710	25524
6320	26134
3285	23099
7067	26881
10143	29957
10235	30049
5103	24917
4551	24365
5841	25655
3378	23192
9769	29583
625	20439
9	19823
979	20793
1865	21679
4553	24367
6892	26706
4520	24334
5732	25546
3300	23114
10291	30105
3387	23201
3579	23393
3153	22967
5273	25087
10272	30086
9885	29699
7411	27225
5821	25635
5409	25223
9140	28954
9496	29310
6017	25831
9307	29121
8915	28729
160	19974
5459	25273
1813	21627
478	20292
6667	26481
1990	21804
2653	22467
1458	21272
3267	23081
6055	25869
6407	26221
9309	29123
8062	27876
1591	21405
3421	23235
4558	24372
703	20517
6406	26220
1482	21296
993	20807
6326	26140
6766	26580
9294	29108
5119	24933
3233	23047
101	19915
8403	28217
8165	27979
9664	29478
1286	21100
200	20014
7971	27785
786	20600
9551	29365
598	20412
9992	29806
3210	23024
2508	22322
5318	25132
9234	29048
3894	23708
1231	21045
10123	29937
7007	26821
10387	30201
9121	28935
7552	27366
10453	30267
3800	23614
3734	23548
9680	29494
7478	27292
885	20699
8055	27869
8887	28701
4494	24308
6449	26263
10472	30286
8583	28397
6845	26659
417	20231
651	20465
2183	21997
3856	23670
1962	21776
6111	25925
8618	28432
3602	23416
970	20784
3007	22821
1094	20908
7964	27778
9581	29395
1039	20853
6217	26031
8382	28196
8833	28647
2061	21875
10182	29996
8991	28805
4295	24109
8934	28748
3969	23783
3535	23349
4777	24591
1981	21795
7816	27630
9439	29253
2853	22667
5845	25659
8675	28489
10112	29926
7835	27649
1159	20973
4048	23862
4161	23975
740	20554
7188	27002
4369	24183
8068	27882
9579	29393
7803	27617
10	19824
7884	27698
4121	23935
6536	26350
6606	26420
9480	29294
3174	22988
1204	21018
1504	21318
724	20538
10309	30123
3108	22922
635	20449
9229	29043
9050	28864
4917	24731
1107	20921
1092	20906
3763	23577
9764	29578
7674	27488
7425	27239
792	20606
5686	25500
547	20361
9816	29630
10020	29834
5596	25410
4036	23850
6294	26108
795	20609
1943	21757
7846	27660
1823	21637
8952	28766
10127	29941
2872	22686
9273	29087
9869	29683
1135	20949
6781	26595
9355	29169
1261	21075
107	19921
8904	28718
3016	22830
1563	21377
10447	30261
9377	29191
4950	24764
4983	24797
2402	22216
5977	25791
496	20310
4890	24704
6958	26772
3803	23617
4846	24660
2033	21847
6957	26771
2129	21943
9282	29096
9876	29690
5917	25731
1438	21252
6728	26542
8220	28034
6181	25995
419	20233
2091	21905
8439	28253
10367	30181
476	20290
9608	29422
1871	21685
10037	29851
3550	23364
8417	28231
1417	21231
10117	29931
8909	28723
5963	25777
1534	21348
6012	25826
1548	21362
1023	20837
3343	23157
3930	23744
8546	28360
6741	26555
3354	23168
9085	28899
6221	26035
6487	26301
1120	20934
736	20550
9151	28965
1420	21234
9478	29292
4100	23914
5202	25016
9901	29715
4306	24120
5190	25004
5420	25234
4505	24319
8715	28529
8235	28049
1960	21774
9785	29599
4532	24346
4194	24008
1886	21700
1704	21518
1989	21803
3251	23065
5221	25035
5233	25047
3876	23690
128	19942
4821	24635
7287	27101
7601	27415
10442	30256
8535	28349
9777	29591
2355	22169
9277	29091
7276	27090
4445	24259
4975	24789
10043	29857
8399	28213
7580	27394
152	19966
3352	23166
8744	28558
7460	27274
2584	22398
10468	30282
10441	30255
4779	24593
9422	29236
7923	27737
4928	24742
116	19930
2507	22321
1049	20863
7849	27663
8152	27966
7595	27409
4011	23825
5522	25336
3968	23782
8362	28176
7133	26947
2849	22663
10343	30157
9916	29730
1282	21096
3764	23578
956	20770
8722	28536
2407	22221
5449	25263
1525	21339
5504	25318
3093	22907
4400	24214
1368	21182
5481	25295
2825	22639
4836	24650
8795	28609
5308	25122
7614	27428
6330	26144
3312	23126
4367	24181
865	20679
1753	21567
5294	25108
10095	29909
8056	27870
7604	27418
432	20246
561	20375
9991	29805
9568	29382
9586	29400
2003	21817
2979	22793
6816	26630
4808	24622
6646	26460
7171	26985
361	20175
9824	29638
612	20426
9400	29214
2349	22163
3358	23172
8387	28201
6355	26169
9157	28971
2729	22543
6133	25947
3209	23023
5064	24878
8027	27841
5775	25589
9782	29596
7117	26931
2347	22161
10315	30129
4062	23876
4800	24614
2300	22114
1771	21585
10364	30178
10230	30044
8906	28720
9218	29032
1514	21328
121	19935
10078	29892
4378	24192
1995	21809
7948	27762
9724	29538
7273	27087
1457	21271
7544	27358
1260	21074
4802	24616
7100	26914
2126	21940
3184	22998
8821	28635
755	20569
3700	23514
4090	23904
7878	27692
3587	23401
4652	24466
5703	25517
6618	26432
8012	27826
4142	23956
9611	29425
1173	20987
8643	28457
7333	27147
7434	27248
8086	27900
2312	22126
7981	27795
8600	28414
7300	27114
3804	23618
5696	25510
2512	22326
4883	24697
7442	27256
5772	25586
3747	23561
3276	23090
7541	27355
8115	27929
4001	23815
5826	25640
2750	22564
9959	29773
8543	28357
5759	25573
1237	21051
3872	23686
6152	25966
2583	22397
9437	29251
5604	25418
671	20485
6815	26629
10275	30089
2275	22089
2307	22121
454	20268
9866	29680
2963	22777
864	20678
9116	28930
7158	26972
4738	24552
4366	24180
4467	24281
6141	25955
9153	28967
7888	27702
1987	21801
8502	28316
7889	27703
7896	27710
2044	21858
5975	25789
5057	24871
259	20073
3221	23035
4257	24071
4377	24191
856	20670
4155	23969
307	20121
9436	29250
95	19909
3986	23800
2930	22744
3293	23107
254	20068
7684	27498
10013	29827
906	20720
3802	23616
6672	26486
5746	25560
97	19911
1164	20978
1617	21431
2111	21925
6751	26565
4546	24360
4869	24683
6548	26362
202	20016
9589	29403
2026	21840
391	20205
10398	30212
5560	25374
9105	28919
4114	23928
5919	25733
1336	21150
10129	29943
261	20075
6458	26272
3338	23152
1576	21390
1744	21558
1978	21792
626	20440
5165	24979
6806	26620
6499	26313
10097	29911
8048	27862
4006	23820
4301	24115
6723	26537
9409	29223
6268	26082
3705	23519
526	20340
3779	23593
8308	28122
430	20244
93	19907
4905	24719
520	20334
7834	27648
5667	25481
1330	21144
9474	29288
3061	22875
2531	22345
9518	29332
7129	26943
4639	24453
4793	24607
5901	25715
787	20601
333	20147
4154	23968
8275	28089
1190	21004
6590	26404
6626	26440
4138	23952
4989	24803
1833	21647
8347	28161
9316	29130
8998	28812
322	20136
1321	21135
7258	27072
8501	28315
475	20289
6023	25837
3778	23592
9397	29211
5479	25293
983	20797
3623	23437
8150	27964
4405	24219
2903	22717
4601	24415
8271	28085
201	20015
7132	26946
8989	28803
1124	20938
9456	29270
8078	27892
3713	23527
6553	26367
9797	29611
401	20215
2964	22778
1537	21351
10426	30240
7240	27054
3065	22879
7909	27723
3138	22952
6581	26395
10109	29923
4851	24665
7819	27633
1585	21399
7093	26907
7235	27049
1026	20840
9062	28876
2624	22438
1178	20992
8716	28530
1242	21056
3973	23787
5144	24958
1761	21575
7400	27214
9827	29641
1487	21301
2894	22708
5694	25508
6550	26364
2605	22419
5023	24837
8485	28299
9751	29565
2686	22500
6073	25887
9113	28927
4537	24351
10497	30311
4186	24000
7318	27132
6839	26653
3765	23579
9481	29295
5609	25423
1993	21807
524	20338
1325	21139
2898	22712
9961	29775
860	20674
9700	29514
9300	29114
8636	28450
5981	25795
6504	26318
1087	20901
10186	30000
9521	29335
7357	27171
5659	25473
4923	24737
4426	24240
6560	26374
7914	27728
5702	25516
7070	26884
4842	24656
3327	23141
7153	26967
1680	21494
2640	22454
163	19977
1914	21728
618	20432
48	19862
1791	21605
677	20491
5163	24977
590	20404
5682	25496
7572	27386
8428	28242
3781	23595
7851	27665
3186	23000
1014	20828
2466	22280
9954	29768
7309	27123
9938	29752
2927	22741
9573	29387
6113	25927
3308	23122
8734	28548
422	20236
57	19871
1732	21546
9658	29472
1592	21406
7135	26949
8807	28621
8886	28700
6056	25870
5062	24876
7586	27400
5744	25558
7767	27581
5293	25107
1412	21226
6207	26021
1381	21195
7880	27694
5467	25281
10108	29922
5033	24847
4907	24721
3782	23596
10141	29955
7368	27182
5229	25043
7356	27170
10165	29979
8748	28562
318	20132
9145	28959
237	20051
8740	28554
7473	27287
8222	28036
3178	22992
9156	28970
6739	26553
3457	23271
6239	26053
9181	28995
3653	23467
6424	26238
2960	22774
6611	26425
718	20532
6472	26286
5519	25333
8176	27990
1037	20851
9477	29291
3945	23759
3887	23701
5542	25356
2253	22067
5493	25307
9255	29069
6860	26674
9265	29079
8357	28171
8503	28317
10202	30016
9706	29520
854	20668
7215	27029
4599	24413
425	20239
3634	23448
3191	23005
3659	23473
2260	22074
3499	23313
9971	29785
8659	28473
3911	23725
9012	28826
7090	26904
2176	21990
1522	21336
167	19981
2896	22710
1596	21410
5123	24937
6260	26074
1288	21102
7304	27118
641	20455
2021	21835
2215	22029
6050	25864
2485	22299
7285	27099
2688	22502
9459	29273
2899	22713
8859	28673
1263	21077
571	20385
5937	25751
9547	29361
7367	27181
3532	23346
7915	27729
1688	21502
6962	26776
1195	21009
991	20805
7599	27413
3936	23750
302	20116
5382	25196
271	20085
6210	26024
4548	24362
1313	21127
2056	21870
5700	25514
1130	20944
3410	23224
8383	28197
9696	29510
10215	30029
1715	21529
8739	28553
10450	30264
9972	29786
3404	23218
3542	23356
9458	29272
1700	21514
4916	24730
5031	24845
4141	23955
6526	26340
5368	25182
6986	26800
1958	21772
5321	25135
2343	22157
932	20746
1842	21656
3507	23321
8016	27830
617	20431
10002	29816
816	20630
9348	29162
2788	22602
7496	27310
9134	28948
234	20048
5946	25760
684	20498
9719	29533
8615	28429
3785	23599
5158	24972
1089	20903
4856	24670
5461	25275
5180	24994
5446	25260
8905	28719
759	20573
2118	21932
5602	25416
9319	29133
5856	25670
4840	24654
9753	29567
1339	21153
4996	24810
9198	29012
3960	23774
5148	24962
8169	27983
229	20043
7323	27137
3754	23568
2874	22688
6722	26536
8184	27998
694	20508
8233	28047
5172	24986
3134	22948
2913	22727
4753	24567
7184	26998
2713	22527
2887	22701
800	20614
6813	26627
2517	22331
5547	25361
5429	25243
6542	26356
2400	22214
837	20651
2370	22184
9375	29189
8756	28570
1589	21403
1277	21091
3793	23607
1096	20910
2039	21853
2127	21941
5109	24923
6025	25839
2897	22711
7519	27333
2585	22399
1058	20872
7603	27417
491	20305
5556	25370
3996	23810
10379	30193
8688	28502
157	19971
5991	25805
4511	24325
10341	30155
5636	25450
9775	29589
4384	24198
2495	22309
2749	22563
667	20481
6593	26407
1720	21534
3083	22897
1266	21080
9318	29132
5166	24980
6637	26451
3084	22898
1405	21219
1881	21695
1848	21662
4867	24681
2836	22650
1783	21597
8581	28395
358	20172
8847	28661
722	20536
3224	23038
2673	22487
45	19859
9610	29424
7243	27057
6544	26358
5047	24861
7474	27288
8369	28183
2235	22049
5921	25735
9671	29485
7177	26991
3719	23533
8258	28072
8856	28670
6757	26571
5367	25181
2602	22416
9303	29117
4569	24383
3122	22936
5416	25230
2867	22681
9728	29542
4519	24333
5970	25784
3353	23167
1910	21724
891	20705
8042	27856
2177	21991
6537	26351
1694	21508
8938	28752
5685	25499
8776	28590
721	20535
857	20671
6792	26606
10247	30061
1929	21743
5785	25599
8446	28260
8340	28154
8699	28513
231	20045
6222	26036
814	20628
2459	22273
4860	24674
2226	22040
5931	25745
1724	21538
2793	22607
296	20110
10459	30273
4766	24580
1565	21379
6126	25940
5028	24842
184	19998
2635	22449
5099	24913
5270	25084
5101	24915
7950	27764
4640	24454
6750	26564
1619	21433
9076	28890
7726	27540
9130	28944
4441	24255
5346	25160
7319	27133
7925	27739
3797	23611
980	20794
1150	20964
6620	26434
4885	24699
8014	27828
7515	27329
10196	30010
10068	29882
3428	23242
1308	21122
452	20266
3322	23136
9484	29298
6982	26796
7770	27584
10334	30148
8296	28110
8936	28750
7372	27186
6975	26789
7020	26834
8452	28266
6279	26093
7092	26906
5352	25166
6857	26671
6135	25949
9135	28949
6989	26803
7879	27693
2611	22425
7015	26829
9230	29044
90	19904
1832	21646
9590	29404
2440	22254
10157	29971
1496	21310
7691	27505
1060	20874
3225	23039
2593	22407
8602	28416
3169	22983
3458	23272
3714	23528
4675	24489
3390	23204
3629	23443
2910	22724
5061	24875
518	20332
8047	27861
8133	27947
5778	25592
4530	24344
6251	26065
4348	24162
10111	29925
10254	30068
6679	26493
939	20753
6854	26668
3244	23058
10010	29824
9660	29474
6782	26596
7317	27131
528	20342
3721	23535
3047	22861
5835	25649
9312	29126
2642	22456
9966	29780
3664	23478
1492	21306
6654	26468
6381	26195
183	19997
178	19992
9310	29124
4987	24801
329	20143
2764	22578
2464	22278
9699	29513
5548	25362
5807	25621
6493	26307
2285	22099
7850	27664
7694	27508
3821	23635
3170	22984
8682	28496
7911	27725
6365	26179
8862	28676
2318	22132
4311	24125
170	19984
1447	21261
1222	21036
6734	26548
5095	24909
10064	29878
5379	25193
6643	26457
7424	27238
7124	26938
6393	26207
3536	23350
5017	24831
9516	29330
9323	29137
8953	28767
7250	27064
10337	30151
4195	24009
8253	28067
6622	26436
6840	26654
5036	24850
3253	23067
799	20613
2371	22185
4105	23919
10358	30172
6736	26550
8981	28795
1038	20852
7069	26883
429	20243
554	20368
8317	28131
1101	20915
1580	21394
6850	26664
4973	24787
3949	23763
1776	21590
6615	26429
8034	27848
8286	28100
3479	23293
7868	27682
2805	22619
8907	28721
7502	27316
9454	29268
9385	29199
10014	29828
2015	21829
761	20575
6607	26421
3396	23210
353	20167
3350	23164
326	20140
782	20596
9122	28936
10340	30154
614	20428
3049	22863
10409	30223
6711	26525
6689	26503
10119	29933
4388	24202
9304	29118
7351	27165
7645	27459
4574	24388
2461	22275
6069	25883
2287	22101
8259	28073
7817	27631
104	19918
569	20383
4939	24753
4144	23958
1386	21200
7798	27612
7251	27065
1844	21658
8468	28282
7295	27109
179	19993
5872	25686
1131	20945
2409	22223
3909	23723
5219	25033
3022	22836
7163	26977
8893	28707
2707	22521
7989	27803
1057	20871
6601	26415
3762	23576
8040	27854
2781	22595
1084	20898
3012	22826
7808	27622
7088	26902
1331	21145
8455	28269
8760	28574
1603	21417
4881	24695
7401	27215
1256	21070
4234	24048
3215	23029
8117	27931
2560	22374
4955	24769
7916	27730
3658	23472
655	20469
1829	21643
6614	26428
5546	25360
2942	22756
3258	23072
9829	29643
10030	29844
3633	23447
801	20615
6434	26248
7446	27260
7271	27085
2426	22240
3506	23320
3137	22951
2744	22558
8118	27932
7978	27792
10302	30116
4363	24177
5750	25564
6002	25816
5863	25677
4954	24768
8787	28601
8153	27967
7227	27041
8405	28219
9155	28969
2565	22379
2987	22801
5798	25612
4781	24595
6147	25961
2378	22192
3384	23198
399	20213
4085	23899
1880	21694
4620	24434
8011	27825
3079	22893
1212	21026
260	20074
10369	30183
5677	25491
5716	25530
4288	24102
6906	26720
7511	27325
1691	21505
2667	22481
8136	27950
2973	22787
2059	21873
2139	21953
8324	28138
8870	28684
6896	26710
2348	22162
2267	22081
3425	23239
10173	29987
5994	25808
7214	27028
1347	21161
1232	21046
35	19849
1870	21684
9935	29749
8550	28364
4872	24686
6811	26625
7014	26828
1274	21088
10140	29954
2588	22402
6835	26649
2479	22293
10211	30025
7723	27537
10346	30160
7311	27125
4444	24258
3566	23380
1111	20925
6939	26753
7622	27436
8420	28234
4631	24445
1406	21220
69	19883
5916	25730
2939	22753
3830	23644
10384	30198
10431	30245
9288	29102
5354	25168
8496	28310
3136	22950
8495	28309
3003	22817
9799	29613
5683	25497
5503	25317
6183	25997
8533	28347
5782	25596
1777	21591
2632	22446
5674	25488
6951	26765
7259	27073
7073	26887
5403	25217
2922	22736
9673	29487
6991	26805
9152	28966
2090	21904
3715	23529
2712	22526
538	20352
9146	28960
7326	27140
9840	29654
9550	29364
1754	21568
6847	26661
7328	27142
8835	28649
7663	27477
6936	26750
7349	27163
5013	24827
7453	27267
9988	29802
5394	25208
6886	26700
8240	28054
8563	28377
6020	25834
9495	29309
5940	25754
10174	29988
9571	29385
915	20729
23	19837
7490	27304
9172	28986
96	19910
5647	25461
474	20288
185	19999
7185	26999
7922	27736
8658	28472
2198	22012
9862	29676
58	19872
8696	28510
9752	29566
4813	24627
308	20122
7702	27516
4809	24623
162	19976
1219	21033
5544	25358
7559	27373
2524	22338
4335	24149
2352	22166
3287	23101
8270	28084
6690	26504
7217	27031
4019	23833
3029	22843
532	20346
5664	25478
4237	24051
9977	29791
235	20049
10402	30216
304	20118
7830	27644
7032	26846
2209	22023
4220	24034
4489	24303
9192	29006
9720	29534
793	20607
6908	26722
2905	22719
8114	27928
6561	26375
775	20589
1612	21426
8441	28255
4568	24382
5026	24840
1138	20952
3524	23338
5639	25453
818	20632
6436	26250
7392	27206
8213	28027
7740	27554
4208	24022
1586	21400
2265	22079
3884	23698
4339	24153
1843	21657
1836	21650
5615	25429
9906	29720
4986	24800
3335	23149
5348	25162
1246	21060
1439	21253
3383	23197
8175	27989
563	20377
8881	28695
7286	27100
4562	24376
9513	29327
5046	24860
1007	20821
3272	23086
9730	29544
8301	28115
8143	27957
2256	22070
3489	23303
2340	22154
3796	23610
5680	25494
3937	23751
8714	28528
441	20255
5398	25212
3645	23459
3091	22905
5754	25568
3250	23064
1440	21254
8033	27847
3615	23429
8775	28589
10424	30238
1473	21287
6361	26175
4597	24411
10124	29938
7634	27448
7828	27642
9618	29432
211	20025
593	20407
3068	22882
10265	30079
9420	29234
7517	27331
4193	24007
9956	29770
5217	25031
6417	26231
1017	20831
9368	29182
8082	27896
6121	25935
2540	22354
2816	22630
2855	22669
4557	24371
9669	29483
9891	29705
9941	29755
3351	23165
3472	23286
6692	26506
2140	21954
5894	25708
10089	29903
7626	27440
6507	26321
2113	21927
2596	22410
7375	27189
9949	29763
6597	26411
5324	25138
4628	24442
1726	21540
825	20639
7126	26940
7839	27653
8871	28685
5952	25766
4745	24559
1710	21524
5159	24973
1999	21813
1651	21465
7475	27289
6392	26206
8519	28333
1127	20941
2070	21884
2881	22695
8320	28134
7253	27067
8223	28037
1512	21326
7942	27756
6518	26332
3600	23414
2055	21869
4216	24030
8597	28411
6706	26520
3880	23694
8978	28792
2315	22129
5132	24946
6701	26515
10371	30185
6565	26379
7468	27282
4175	23989
7417	27231
9930	29744
3365	23179
8142	27956
4438	24252
9047	28861
826	20640
4945	24759
3468	23282
3517	23331
8342	28156
7194	27008
5482	25296
1196	21010
1075	20889
3331	23145
2826	22640
3678	23492
660	20474
3200	23014
4609	24423
7257	27071
2201	22015
8094	27908
9280	29094
5271	25085
4212	24026
4284	24098
8965	28779
5343	25157
2671	22485
1517	21331
110	19924
1973	21787
5257	25071
4199	24013
10251	30065
8366	28180
5436	25250
4041	23855
9488	29302
8248	28062
3424	23238
2078	21892
1279	21093
5524	25338
5654	25468
5786	25600
6584	26398
1137	20951
10257	30071
5699	25513
3874	23688
4876	24690
8825	28639
9695	29509
6928	26742
2009	21823
1	19815
4281	24095
6732	26546
1380	21194
4289	24103
4820	24634
3601	23415
2715	22529
5288	25102
4535	24349
3543	23357
3901	23715
6238	26052
1851	21665
9029	28843
6609	26423
1291	21105
969	20783
8576	28390
7581	27395
2970	22784
6496	26310
8226	28040
10444	30258
3521	23335
9667	29481
8866	28680
9511	29325
5792	25606
1375	21189
1454	21268
1369	21183
9008	28822
1931	21745
502	20316
7024	26838
9629	29443
2474	22288
1622	21436
5942	25756
1957	21771
8972	28786
2974	22788
628	20442
4898	24712
5956	25770
8470	28284
448	20262
8290	28104
9657	29471
7563	27377
6332	26146
4166	23980
9510	29324
8212	28026
8654	28468
5183	24997
3666	23480
8924	28738
6955	26769
8540	28354
5489	25303
4686	24500
2545	22359
4780	24594
1122	20936
4316	24130
771	20585
7804	27618
5220	25034
3063	22877
531	20345
3581	23395
9649	29463
115	19929
4156	23970
1115	20929
9395	29209
7168	26982
645	20459
5943	25757
3172	22986
5325	25139
7263	27077
9796	29610
7338	27152
4047	23861
239	20053
2865	22679
7170	26984
7553	27367
6114	25928
9261	29075
9897	29711
1515	21329
1935	21749
4830	24644
9174	28988
9427	29241
7887	27701
4215	24029
4226	24040
9180	28994
4446	24260
8511	28325
1937	21751
7048	26862
4402	24216
2601	22415
6235	26049
6976	26790
5021	24835
2062	21876
4651	24465
4938	24752
9479	29293
4077	23891
9767	29581
7721	27535
8712	28526
8891	28705
10266	30080
5758	25572
447	20261
3556	23370
768	20582
1803	21617
10248	30062
7292	27106
8683	28497
7042	26856
2134	21948
5484	25298
9870	29684
578	20392
8092	27906
9275	29089
4469	24283
5230	25044
8067	27881
1992	21806
9138	28952
8830	28644
7322	27136
4310	24124
6812	26626
827	20641
1738	21552
6489	26303
3712	23526
4136	23950
2747	22561
5276	25090
7059	26873
4060	23874
9594	29408
2888	22702
8611	28425
3992	23806
7245	27059
3783	23597
3420	23234
8947	28761
6267	26081
4347	24161
5090	24904
883	20697
4829	24643
1119	20933
9366	29180
5953	25767
5828	25642
9169	28983
927	20741
3290	23104
461	20275
8844	28658
4718	24532
859	20673
7131	26945
8499	28313
4243	24057
896	20710
1295	21109
5073	24887
8829	28643
7191	27005
3611	23425
7423	27237
6117	25931
9927	29741
9259	29073
8724	28538
2289	22103
2336	22150
6214	26028
1016	20830
5167	24981
4327	24141
9846	29660
9713	29527
6641	26455
527	20341
493	20307
7845	27659
3218	23032
9644	29458
6419	26233
5019	24833
4357	24171
280	20094
10077	29891
9894	29708
6563	26377
3246	23060
6902	26716
6743	26557
6340	26154
4099	23913
158	19972
5244	25058
6827	26641
3926	23740
8824	28638
4352	24166
2250	22064
1052	20866
9798	29612
4794	24608
9362	29176
9628	29442
5976	25790
3198	23012
4198	24012
9601	29415
647	20461
1149	20963
907	20721
1915	21729
5671	25485
1546	21360
213	20027
5834	25648
4600	24414
1035	20849
9056	28870
7282	27096
9188	29002
8848	28662
6329	26143
8860	28674
919	20733
1484	21298
5245	25059
11	19825
4056	23870
7606	27420
541	20355
5365	25179
10181	29995
7174	26988
2915	22729
5299	25113
4792	24606
8065	27879
7320	27134
2305	22119
10320	30134
9707	29521
273	20087
10040	29854
6764	26578
6047	25861
2178	21992
4534	24348
233	20047
7103	26917
2322	22136
8720	28534
255	20069
2345	22159
6377	26191
6295	26109
650	20464
7907	27721
1177	20991
848	20662
6100	25914
9468	29282
3467	23281
10449	30263
8231	28045
3918	23732
3347	23161
9272	29086
2506	22320
4862	24676
3870	23684
1735	21549
4740	24554
2946	22760
9428	29242
846	20660
136	19950
10282	30096
458	20272
5578	25392
444	20258
1015	20829
1971	21785
760	20574
8529	28343
8537	28351
4958	24772
187	20001
8211	28025
2438	22252
6894	26708
1897	21711
4362	24176
125	19939
2995	22809
7362	27176
9334	29148
9703	29517
7761	27575
450	20264
613	20427
8255	28069
9698	29512
8209	28023
2443	22257
2433	22247
2685	22499
2045	21859
9526	29340
195	20009
2131	21945
4797	24611
3380	23194
519	20333
2553	22367
7213	27027
6438	26252
2359	22173
9289	29103
9636	29450
850	20664
6905	26719
1493	21307
1323	21137
8884	28698
6810	26624
5889	25703
9466	29280
3180	22994
2684	22498
4032	23846
2128	21942
1376	21190
8801	28615
5083	24897
10438	30252
6979	26793
9499	29313
551	20365
7497	27311
9058	28872
5076	24890
7298	27112
7555	27369
2167	21981
8547	28361
6061	25875
85	19899
10293	30107
1946	21760
7832	27646
2823	22637
6405	26219
6122	25936
576	20390
5128	24942
10164	29978
2468	22282
9996	29810
2156	21970
1786	21600
10467	30281
4774	24588
6771	26585
2354	22168
1019	20833
8946	28760
6168	25982
5378	25192
5425	25239
5462	25276
6263	26077
2125	21939
3922	23736
2813	22627
252	20066
3890	23704
8552	28366
1816	21630
10033	29847
1494	21308
8954	28768
9258	29072
381	20195
8730	28544
2427	22241
5833	25647
1679	21493
5410	25224
6278	26092
5566	25380
7086	26900
2325	22139
5113	24927
3171	22985
4783	24597
1820	21634
615	20429
7776	27590
880	20694
4481	24295
6497	26311
851	20665
10284	30098
4602	24416
7935	27749
7387	27201
8242	28056
6533	26347
5762	25576
9079	28893
7547	27361
4759	24573
8982	28796
9292	29106
6677	26491
2092	21906
9812	29626
3348	23162
601	20415
4619	24433
10270	30084
968	20782
1013	20827
6802	26616
6166	25980
10158	29972
3010	22824
7855	27669
6256	26070
7121	26935
2696	22510
9854	29668
10382	30196
10024	29838
3729	23543
7628	27442
7749	27563
298	20112
780	20594
7809	27623
5726	25540
8941	28755
2011	21825
7641	27455
3027	22841
10090	29904
3605	23419
6383	26197
6313	26127
5170	24984
6394	26208
8786	28600
9205	29019
7636	27450
9204	29018
4737	24551
10418	30232
9736	29550
6865	26679
3317	23131
10229	30043
15	19829
7050	26864
365	20179
9760	29574
5136	24950
5004	24818
764	20578
7072	26886
7892	27706
9347	29161
7829	27643
224	20038
3980	23794
4453	24267
8400	28214
8687	28501
668	20482
6831	26645
6054	25868
282	20096
1684	21498
5469	25283
6253	26067
1255	21069
4267	24081
878	20692
9233	29047
1518	21332
555	20369
8093	27907
5711	25525
6645	26459
2489	22303
7985	27799
1717	21531
2160	21974
5310	25124
7516	27330
7780	27594
1749	21563
4448	24262
9643	29457
8553	28367
10220	30034
8018	27832
4256	24070
3820	23634
6977	26791
9432	29246
10232	30046
7792	27606
8289	28103
4432	24246
8030	27844
7183	26997
4023	23837
8015	27829
9408	29222
1210	21024
812	20626
4588	24402
6413	26227
1927	21741
7329	27143
10142	29956
6807	26621
2737	22551
3247	23061
4817	24631
9921	29735
10377	30191
1162	20976
10406	30220
9314	29128
2677	22491
2429	22243
9335	29149
6118	25932
2614	22428
6211	26025
6220	26034
7314	27128
871	20685
3392	23206
3367	23181
1511	21325
5881	25695
6557	26371
2656	22470
9947	29761
9133	28947
4582	24396
5988	25802
5959	25773
7518	27332
5362	25176
287	20101
3952	23766
10353	30167
9373	29187
5400	25214
6875	26689
340	20154
4302	24116
4292	24106
7961	27775
4573	24387
7918	27732
373	20187
8598	28412
495	20309
2081	21895
7748	27562
4490	24304
6570	26384
10118	29932
4174	23988
1918	21732
2418	22232
387	20201
6768	26582
8437	28251
5305	25119
5701	25515
6980	26794
4894	24708
4460	24274
76	19890
3344	23158
8589	28403
7682	27496
1047	20861
1965	21779
7999	27813
8957	28771
711	20525
3202	23016
7778	27592
959	20773
1577	21391
3305	23119
8394	28208
2580	22394
6574	26388
8182	27996
2957	22771
9238	29052
5485	25299
1078	20892
3950	23764
6635	26449
10363	30177
1174	20988
8263	28077
36	19850
7035	26849
2037	21851
2921	22735
10236	30050
3614	23428
4677	24491
1293	21107
6459	26273
1942	21756
2420	22234
8927	28741
9619	29433
4389	24203
2518	22332
5656	25470
3109	22923
4716	24530
2578	22392
5619	25433
10041	29855
8781	28595
1421	21235
9803	29617
6730	26544
1467	21281
1516	21330
7321	27135
3466	23280
7811	27625
9974	29788
1661	21475
8685	28499
9602	29416
10355	30169
1320	21134
376	20190
5049	24863
5672	25486
2196	22010
6514	26328
451	20265
7422	27236
725	20539
366	20180
3144	22958
10488	30302
1828	21642
7341	27155
6446	26260
2380	22194
8250	28064
3919	23733
3310	23124
7673	27487
2119	21933
312	20126
2376	22190
9027	28841
4610	24424
8800	28614
5907	25721
2421	22235
3942	23756
7324	27138
8666	28480
1921	21735
1304	21118
3662	23476
3893	23707
5458	25272
5853	25667
7380	27194
5075	24889
3663	23477
6433	26247
7413	27227
8116	27930
8330	28144
8582	28396
2375	22189
2748	22562
3430	23244
5001	24815
1979	21793
3440	23254
2333	22147
674	20488
4271	24085
2676	22490
4703	24517
2986	22800
7959	27773
83	19897
6443	26257
301	20115
8187	28001
3055	22869
4496	24310
8386	28200
845	20659
7449	27263
1085	20899
6095	25909
4235	24049
2483	22297
2185	21999
3168	22982
1542	21356
5313	25127
9212	29026
5450	25264
10429	30243
9384	29198
1759	21573
6818	26632
2493	22307
7838	27652
4732	24546
9633	29447
3657	23471
8569	28383
130	19944
5983	25797
5599	25413
4111	23925
2470	22284
7427	27241
9817	29631
1963	21777
9298	29112
489	20303
8757	28571
9926	29740
4272	24086
7196	27010
10318	30132
873	20687
4308	24122
5066	24880
7976	27790
3681	23495
1809	21623
675	20489
2123	21937
2083	21897
4750	24564
4653	24467
8491	28305
154	19968
3582	23396
8974	28788
1158	20972
9336	29150
819	20633
6138	25952
1214	21028
5990	25804
8189	28003
4655	24469
4349	24163
7727	27541
6789	26603
3336	23150
4309	24123
4203	24017
7412	27226
1653	21467
1141	20955
504	20318
363	20177
4795	24609
4648	24462
10292	30106
8148	27962
1209	21023
8204	28018
9223	29037
982	20796
2705	22519
8609	28423
9968	29782
1513	21327
1665	21479
7852	27666
4970	24784
4336	24150
134	19948
2568	22382
3484	23298
9483	29297
9038	28852
8711	28525
4824	24638
8363	28177
9732	29546
1718	21532
3397	23211
7556	27370
7956	27770
7116	26930
9683	29497
3482	23296
4706	24520
10136	29950
5037	24851
10368	30182
3987	23801
5538	25352
10277	30091
3854	23668
1956	21770
5973	25787
5614	25428
7542	27356
9858	29672
3043	22857
7762	27576
778	20592
6391	26205
7799	27613
958	20772
9747	29561
2109	21923
7303	27117
7582	27396
10344	30158
7166	26980
8585	28399
5527	25341
3528	23342
443	20257
7638	27452
7344	27158
8303	28117
2948	22762
9718	29532
6623	26437
3708	23522
950	20764
7089	26903
2916	22730
10278	30092
7111	26925
6552	26366
2179	21993
1802	21616
1561	21375
3689	23503
7945	27759
7212	27026
1129	20943
1736	21550
7543	27357
10362	30176
7064	26878
5687	25501
908	20722
4480	24294
3077	22891
221	20035
3674	23488
1789	21603
1936	21750
5472	25286
4214	24028
2534	22348
2917	22731
10057	29871
5442	25256
2434	22248
2439	22253
998	20812
514	20328
638	20452
5878	25692
603	20417
6556	26370
862	20676
8282	28096
10096	29910
8096	27910
1649	21463
2655	22469
8818	28632
6171	25985
9543	29357
8649	28463
7087	26901
794	20608
4124	23938
4246	24060
9929	29743
4476	24290
7944	27758
3391	23205
6694	26508
6395	26209
7679	27493
7009	26823
5708	25522
3222	23036
2523	22337
2681	22495
6921	26735
2982	22796
8494	28308
6071	25885
4666	24480
7389	27203
8710	28524
7938	27752
1967	21781
6008	25822
3962	23776
10175	29989
5832	25646
1239	21053
120	19934
2821	22635
10388	30202
8562	28376
4927	24741
7266	27080
1180	20994
106	19920
3139	22953
4570	24384
4775	24589
2412	22226
9489	29303
8518	28332
9115	28929
6947	26761
5877	25691
442	20256
5419	25233
8590	28404
8813	28627
2042	21856
5788	25602
9811	29625
6639	26453
3780	23594
274	20088
4710	24524
2861	22675
10234	30048
3594	23408
1590	21404
398	20212
976	20790
3769	23583
10271	30085
8365	28179
5081	24895
8808	28622
695	20509
7777	27591
5358	25172
6761	26575
402	20216
6776	26590
8751	28565
6019	25833
1934	21748
866	20680
3737	23551
1601	21415
5029	24843
3725	23539
2608	22422
379	20193
7331	27145
2544	22358
4022	23836
2455	22269
5966	25780
9061	28875
10238	30052
2582	22396
8237	28051
9389	29203
1076	20890
7118	26932
4065	23879
5939	25753
7330	27144
4591	24405
4768	24582
2951	22765
2876	22690
2700	22514
6030	25844
3828	23642
8036	27850
8465	28279
3777	23591
9970	29784
3207	23021
1018	20832
47	19861
10322	30136
5600	25414
7642	27456
10396	30210
206	20020
5213	25027
9346	29160
84	19898
7751	27565
9832	29646
6828	26642
7308	27122
6648	26462
2912	22726
6793	26607
77	19891
9475	29289
2295	22109
8868	28682
4341	24155
3896	23710
6866	26680
7629	27443
3319	23133
7327	27141
8959	28773
5003	24817
6972	26786
9350	29164
749	20563
10440	30254
3082	22896
1445	21259
6564	26378
8106	27920
1817	21631
7002	26816
9378	29192
2775	22589
3696	23510
5468	25282
8229	28043
9077	28891
9150	28964
8001	27815
8411	28225
644	20458
10054	29868
7144	26958
9784	29598
8327	28141
5372	25186
8723	28537
5418	25232
7752	27566
10122	29936
5478	25292
5235	25049
6713	26527
7284	27098
7755	27569
4823	24637
2934	22748
6760	26574
5925	25739
78	19892
7561	27375
315	20129
8969	28783
6598	26412
2537	22351
9850	29664
1888	21702
7159	26973
5366	25180
4425	24239
4847	24661
10373	30187
5608	25422
3337	23151
3627	23441
5363	25177
632	20446
5290	25104
708	20522
4596	24410
1307	21121
3568	23382
7998	27812
2337	22151
2063	21877
1605	21419
1040	20854
7669	27483
8488	28302
7757	27571
1674	21488
8252	28066
6872	26686
6567	26381
3492	23306
8747	28561
8544	28358
10482	30296
9801	29615
7857	27671
5175	24989
7943	27757
7346	27160
5999	25813
4712	24526
3052	22866
5390	25204
7019	26833
7983	27797
9098	28912
9994	29808
10067	29881
6540	26354
6364	26178
3591	23405
2136	21950
8557	28371
289	20103
2918	22732
1878	21692
3119	22933
8572	28386
7791	27605
10092	29906
4612	24426
8962	28776
4566	24380
1034	20848
1309	21123
6351	26165
3604	23418
2574	22388
10204	30018
10448	30262
1855	21669
1970	21784
8850	28664
6480	26294
7141	26955
9311	29125
10495	30309
5729	25543
8554	28368
5246	25060
4358	24172
8484	28298
6747	26561
7294	27108
1976	21790
1351	21165
5690	25504
6511	26325
10084	29898
8966	28780
10261	30075
1199	21013
449	20263
9741	29555
9491	29305
2204	22018
7130	26944
2004	21818
4165	23979
6484	26298
2344	22158
9066	28880
867	20681
9320	29134
882	20696
648	20462
2529	22343
7738	27552
4767	24581
838	20652
2911	22725
5444	25258
5927	25741
8089	27903
5852	25666
3569	23383
4976	24790
4107	23921
8234	28048
6281	26095
2157	21971
4098	23912
1621	21435
4993	24807
7491	27305
9574	29388
9952	29766
9583	29397
9612	29426
3694	23508
6305	26119
8084	27898
4626	24440
7864	27678
357	20171
2294	22108
7806	27620
6870	26684
1314	21128
4594	24408
3408	23222
5320	25134
2706	22520
7873	27687
5110	24924
8702	28516
3323	23137
3859	23673
1489	21303
4247	24061
6978	26792
7813	27627
9216	29030
3531	23345
3062	22876
8354	28168
7538	27352
9190	29004
6052	25866
5951	25765
4089	23903
8278	28092
2776	22590
3129	22943
1826	21640
5665	25479
8823	28637
7793	27607
2884	22698
2924	22738
5438	25252
6631	26445
5454	25268
2761	22575
6703	26517
1527	21341
2106	21920
2598	22412
2785	22599
2757	22571
4282	24096
5280	25094
6299	26113
8472	28286
7383	27197
4906	24720
5502	25316
3809	23623
2666	22480
7953	27767
10134	29948
4473	24287
4733	24547
5641	25455
9356	29170
8875	28689
2981	22795
6744	26558
2594	22408
1385	21199
4683	24497
8542	28356
2103	21917
5137	24951
5421	25235
2263	22077
6883	26697
2801	22615
2165	21979
8156	27970
8091	27905
8306	28120
9006	28820
7960	27774
9577	29391
9570	29384
1296	21110
6139	25953
4914	24728
5457	25271
7991	27805
6245	26059
745	20559
3944	23758
9328	29142
9476	29290
2768	22582
3256	23070
2589	22403
68	19882
9301	29115
2846	22660
7958	27772
6427	26241
29	19843
5210	25024
4910	24724
6280	26094
6033	25847
10228	30042
3966	23780
9925	29739
4228	24042
8707	28521
9761	29575
5506	25320
1042	20856
5351	25165
6578	26392
4618	24432
10460	30274
10046	29860
3958	23772
7470	27284
6254	26068
1602	21416
9276	29090
3304	23118
9920	29734
1153	20967
10183	29997
8926	28740
7313	27127
7110	26924
4765	24579
8145	27959
863	20677
7858	27672
9504	29318
4527	24341
3500	23314
10029	29843
3455	23269
7495	27309
7934	27748
6733	26547
2308	22122
16	19830
6971	26785
5397	25211
8607	28421
750	20564
8123	27937
2683	22497
4000	23814
6062	25876
2502	22316
1509	21323
1203	21017
6775	26589
295	20109
3277	23091
9908	29722
3254	23068
7844	27658
10121	29935
9945	29759
2607	22421
3111	22925
4804	24618
3132	22946
2302	22116
1220	21034
3411	23225
9656	29470
5584	25398
4755	24569
4702	24516
1835	21649
2314	22128
3920	23734
1480	21294
6829	26643
1945	21759
7156	26970
4418	24232
8489	28303
10494	30308
8558	28372
8638	28452
4397	24211
9055	28869
8304	28118
5317	25131
6453	26267
8908	28722
10417	30231
9853	29667
5157	24971
898	20712
9391	29205
2863	22677
4540	24354
10483	30297
10416	30230
1435	21249
7527	27341
6851	26665
1000	20814
3399	23213
8249	28063
3279	23093
6834	26648
3642	23456
2796	22610
5328	25142
3691	23505
3001	22815
3150	22964
5565	25379
7091	26905
3643	23457
1907	21721
7967	27781
9750	29564
8266	28080
9528	29342
3135	22949
8575	28389
3621	23435
6378	26192
7744	27558
8185	27999
10066	29880
4170	23984
9848	29662
4049	23863
5495	25309
3058	22872
3262	23076
4443	24257
9779	29593
8960	28774
3124	22938
802	20616
6270	26084
1418	21232
5174	24988
7260	27074
1737	21551
3283	23097
8134	27948
4541	24355
3101	22915
1396	21210
1070	20884
2110	21924
5576	25390
3838	23652
6479	26293
9987	29801
653	20467
293	20107
8588	28402
165	19979
2791	22605
963	20777
766	20580
7680	27494
6490	26304
4461	24275
2646	22460
6619	26433
2100	21914
5756	25570
6422	26236
1687	21501
9015	28829
6602	26416
9401	29215
4580	24394
8178	27992
7115	26929
10421	30235
8584	28398
767	20581
681	20495
9515	29329
240	20054
5643	25457
3038	22852
1443	21257
8743	28557
2013	21827
5589	25403
9793	29607
3230	23044
2771	22585
1905	21719
7095	26909
1983	21797
1528	21342
9584	29398
1217	21031
8312	28126
9621	29435
8174	27988
2007	21821
148	19962
5314	25128
9951	29765
370	20184
50	19864
9548	29362
9877	29691
6994	26808
6502	26316
8551	28365
6721	26535
4472	24286
3624	23438
2520	22334
6720	26534
8208	28022
10223	30037
4351	24165
164	19978
8586	28400
7492	27306
1984	21798
3190	23004
354	20168
4723	24537
9285	29099
6691	26505
8497	28311
4275	24089
10139	29953
2031	21845
216	20030
4280	24094
6110	25924
3370	23184
439	20253
3631	23445
1356	21170
7498	27312
3559	23373
1009	20823
6090	25904
2944	22758
5133	24947
5302	25116
4699	24513
2782	22596
3841	23655
5225	25039
3999	23813
414	20228
1411	21225
4299	24113
9235	29049
5787	25601
5938	25752
895	20709
1230	21044
7399	27213
1001	20815
8103	27917
6726	26540
5653	25467
8029	27843
1913	21727
3197	23011
8057	27871
7036	26850
1051	20865
746	20560
7512	27326
5903	25717
5514	25328
1430	21244
4561	24375
1807	21621
6411	26225
9182	28996
8396	28210
2840	22654
9411	29225
9814	29628
404	20218
8753	28567
219	20033
6596	26410
553	20367
7696	27510
6702	26516
8770	28584
3112	22926
5605	25419
6338	26152
9939	29753
7900	27714
9486	29300
6262	26076
7280	27094
7685	27499
6759	26573
9839	29653
9593	29407
8480	28294
9358	29172
733	20547
5094	24908
6163	25977
5688	25502
9203	29017
1795	21609
9467	29281
2243	22057
2795	22609
10415	30229
9302	29116
1763	21577
7467	27281
1572	21386
6021	25835
4261	24075
1169	20983
3882	23696
5341	25155
3349	23163
5620	25434
397	20211
10395	30209
2810	22624
5860	25674
5195	25009
3407	23221
6421	26235
6535	26349
7714	27528
8355	28169
2547	22361
4087	23901
253	20067
6029	25843
2210	22024
5477	25291
6576	26390
5768	25582
8599	28413
8010	27824
7104	26918
2271	22085
6999	26813
7205	27019
4217	24031
346	20160
3612	23426
8151	27965
4669	24483
7443	27257
8726	28540
1668	21482
7618	27432
204	20018
7173	26987
5670	25484
7929	27743
111	19925
4682	24496
9242	29056
597	20411
2146	21960
2286	22100
6038	25852
2441	22255
1446	21260
661	20475
4014	23828
776	20590
82	19896
4177	23991
5802	25616
3885	23699
9473	29287
7979	27793
9266	29080
7903	27717
6644	26458
5838	25652
8999	28813
2623	22437
3617	23431
4711	24525
7136	26950
7986	27800
4294	24108
4623	24437
2842	22656
7866	27680
7062	26876
8796	28610
8961	28775
4433	24247
7376	27190
2695	22509
1495	21309
7180	26994
5597	25411
1793	21607
1690	21504
5870	25684
8526	28340
1926	21740
10283	30097
2208	22022
8132	27946
1980	21794
3107	22921
4538	24352
9339	29153
5738	25552
10044	29858
1883	21697
540	20354
9759	29573
4491	24305
10072	29886
3088	22902
350	20164
9984	29798
8630	28444
3858	23672
462	20276
6485	26299
2216	22030
243	20057
5491	25305
9154	28968
5189	25003
10348	30162
7898	27712
7264	27078
4663	24477
6929	26743
4265	24079
7204	27018
2953	22767
5002	24816
10147	29961
930	20744
3478	23292
9810	29624
9287	29101
10179	29993
4498	24312
5809	25623
6794	26608
600	20414
2901	22715
4616	24430
7352	27166
9979	29793
1290	21104
2422	22236
649	20463
3889	23703
1205	21019
10399	30213
137	19951
1635	21449
9114	28928
9374	29188
1566	21380
6243	26057
9364	29178
8019	27833
935	20749
8162	27976
2941	22755
5803	25617
8046	27860
3677	23491
3816	23630
8559	28373
9757	29571
6494	26308
2938	22752
1348	21162
4770	24584
2332	22146
10325	30139
4708	24522
9616	29430
8163	27977
6468	26282
1571	21385
894	20708
624	20438
3369	23183
7774	27588
9879	29693
1799	21613
59	19873
325	20139
9048	28862
4915	24729
8876	28690
3269	23083
4990	24804
182	19996
9171	28985
1054	20868
6909	26723
2281	22095
7698	27512
4059	23873
9403	29217
2577	22391
673	20487
6889	26703
2398	22212
6001	25815
10328	30142
1300	21114
7461	27275
7225	27039
472	20286
3560	23374
3056	22870
3903	23717
4385	24199
9341	29155
9167	28981
1398	21212
7077	26891
5520	25334
466	20280
8367	28181
4070	23884
2153	21967
5437	25251
7611	27425
5797	25611
4674	24488
3826	23640
55	19869
1419	21233
2481	22295
3646	23460
9704	29518
5559	25373
7616	27430
1254	21068
8788	28602
8453	28267
558	20372
4868	24682
7210	27024
9662	29476
8504	28318
6136	25950
2501	22315
7238	27052
4832	24646
9790	29604
1553	21367
6011	25825
7175	26989
6142	25956
9109	28923
6409	26223
9774	29588
4579	24393
9449	29263
3423	23237
8528	28342
6431	26245
960	20774
1750	21564
9861	29675
3981	23795
8805	28619
477	20291
1041	20855
4731	24545
4707	24521
9627	29441
4715	24529
7146	26960
3020	22834
6719	26533
1044	20858
9379	29193
1625	21439
3133	22947
7848	27662
9387	29201
249	20063
8135	27949
8225	28039
2753	22567
5655	25469
8911	28725
1067	20881
1233	21047
1755	21569
4140	23954
265	20079
9160	28974
2163	21977
8336	28150
9842	29656
10258	30072
2754	22568
1142	20956
6998	26812
5644	25458
6212	26026
3329	23143
8004	27818
9417	29231
3263	23077
4854	24668
1863	21677
1752	21566
689	20503
5311	25125
8267	28081
9406	29220
6189	26003
9465	29279
1894	21708
9756	29570
9902	29716
3954	23768
6218	26032
86	19900
427	20241
3580	23394
9274	29088
2659	22473
3105	22919
4811	24625
3342	23156
4428	24242
8523	28337
4010	23824
3788	23602
7081	26895
4972	24786
7871	27685
7550	27364
2330	22144
9360	29174
6575	26389
9256	29070
7825	27639
2135	21949
3266	23080
9083	28897
5054	24868
9117	28931
6876	26690
3274	23088
3979	23793
6031	25845
3403	23217
2904	22718
8560	28374
3193	23007
3204	23018
5465	25279
3564	23378
4478	24292
5268	25082
1474	21288
5018	24832
6432	26246
306	20120
7571	27385
2679	22493
6669	26483
8973	28787
7662	27476
2008	21822
8793	28607
10432	30246
4016	23830
4005	23819
1739	21553
1030	20844
1080	20894
7635	27449
6145	25959
6846	26660
10207	30021
8368	28182
4113	23927
566	20380
2093	21907
4500	24314
9540	29354
10023	29837
10218	30032
6617	26431
6582	26396
1028	20842
1466	21280
10110	29924
7818	27632
1319	21133
208	20022
9447	29261
5005	24819
3239	23053
2161	21975
877	20691
8273	28087
8509	28323
1666	21480
5712	25526
7229	27043
5731	25545
3097	22911
303	20117
9710	29524
1719	21533
7573	27387
9239	29053
2403	22217
7524	27338
5223	25037
1613	21427
5463	25277
9448	29262
9609	29423
5697	25511
5650	25464
989	20803
7414	27228
3774	23588
3904	23718
4064	23878
5422	25236
790	20604
5630	25444
9552	29366
2719	22533
2487	22301
7949	27763
6094	25908
4044	23858
227	20041
10050	29864
3971	23785
2648	22462
6709	26523
10435	30249
2600	22414
8614	28428
8217	28031
7370	27184
3459	23273
8467	28281
1433	21247
9818	29632
9585	29399
4693	24507
9787	29601
9890	29704
8071	27885
7247	27061
4052	23866
8577	28391
2551	22365
7824	27638
7870	27684
6274	26088
8458	28272
5794	25608
10349	30163
5194	25008
2491	22305
3562	23376
3306	23120
411	20225
3529	23343
6562	26376
5134	24948
987	20801
362	20176
3414	23228
1503	21317
5269	25083
4560	24374
4691	24505
5911	25725
5241	25055
6546	26360
1341	21155
8425	28239
9201	29015
6506	26320
10120	29934
3760	23574
10461	30275
5660	25474
3620	23434
6591	26405
4179	23993
7252	27066
7602	27416
1961	21775
5374	25188
8939	28753
8338	28152
9440	29254
4834	24648
8784	28598
6384	26198
9711	29525
7249	27063
6700	26514
10187	30001
4187	24001
10113	29927
1721	21535
4254	24068
6699	26513
8843	28657
3377	23191
6745	26559
4123	23937
9425	29239
6663	26477
4364	24178
5715	25529
6539	26353
9352	29166
9624	29438
8321	28135
5960	25774
3639	23453
1247	21061
4038	23852
5176	24990
4994	24808
4188	24002
6944	26758
7082	26896
9331	29145
3104	22918
2494	22308
9634	29448
6096	25910
679	20493
8951	28765
875	20689
4689	24503
2815	22629
7310	27124
5505	25319
3398	23212
4095	23909
1387	21201
4249	24063
7078	26892
4937	24751
8167	27981
4355	24169
4051	23865
5918	25732
3486	23300
3071	22885
4054	23868
6653	26467
1541	21355
2408	22222
3555	23369
1569	21383
7381	27195
1669	21483
2137	21951
4350	24164
10493	30307
8914	28728
2532	22346
5455	25269
1657	21471
10038	29852
8637	28451
2189	22003
8923	28737
4649	24463
7966	27780
10001	29815
4787	24601
6276	26090
4863	24677
4857	24671
9766	29580
3311	23125
3474	23288
5530	25344
6455	26269
3464	23278
3740	23554
4132	23946
2778	22592
1780	21594
1223	21037
6372	26186
9177	28991
7739	27553
5954	25768
5579	25393
4826	24640
7995	27809
4167	23981
6710	26524
10137	29951
3487	23301
7416	27230
3454	23268
9071	28885
6293	26107
2335	22149
2687	22501
5996	25810
5024	24838
4559	24373
9451	29265
4313	24127
5177	24991
9040	28854
9101	28915
1236	21050
4103	23917
8613	28427
1434	21248
2586	22400
2174	21988
7234	27048
3875	23689
7179	26993
9575	29389
6208	26022
7610	27424
3711	23525
5464	25278
175	19989
8192	28006
7667	27481
2194	22008
9054	28868
7031	26845
9394	29208
1258	21072
6742	26556
8113	27927
359	20173
9770	29584
4611	24425
723	20537
3736	23550
6837	26651
5610	25424
9003	28817
1606	21420
7992	27806
10058	29872
3432	23246
1371	21185
1415	21229
7853	27667
10101	29915
9668	29482
7108	26922
6912	26726
6060	25874
1614	21428
3074	22888
4390	24204
7125	26939
4068	23882
7826	27640
1709	21523
10286	30100
10203	30017
3021	22835
2124	21938
2088	21902
2871	22685
855	20669
10276	30090
8656	28470
2246	22060
5555	25369
8058	27872
6109	25923
2649	22463
1436	21250
3994	23808
663	20477
3057	22871
3405	23219
8819	28633
228	20042
7877	27691
629	20443
3036	22850
3847	23661
9905	29719
5456	25270
702	20516
94	19908
383	20197
5791	25605
5169	24983
3928	23742
2105	21919
820	20634
7045	26859
2203	22017
9559	29373
4726	24540
2630	22444
6684	26498
372	20186
109	19923
3301	23115
1091	20905
5055	24869
1941	21755
5593	25407
3261	23075
7336	27150
9100	28914
1947	21761
412	20226
4656	24470
7274	27088
479	20293
6131	25945
7454	27268
8183	27997
10336	30150
2401	22215
9123	28937
2908	22722
8442	28256
1584	21398
8349	28163
2175	21989
2233	22047
6589	26403
8879	28693
9424	29238
7405	27219
5598	25412
6686	26500
9159	28973
1388	21202
4858	24672
630	20444
3231	23045
5476	25290
1697	21511
9836	29650
8610	28424
10290	30104
4554	24368
5091	24905
2148	21962
8665	28479
7687	27501
1567	21381
5337	25151
6877	26691
2612	22426
9472	29286
10298	30112
8444	28258
8612	28426
2458	22272
7653	27467
3296	23110
6481	26295
64	19878
8074	27888
4191	24005
8836	28650
2961	22775
9291	29105
3929	23743
9922	29736
2643	22457
754	20568
7579	27393
712	20526
3481	23295
5483	25297
7208	27022
10224	30038
4213	24027
331	20145
487	20301
4962	24776
9396	29210
497	20311
1923	21737
9251	29065
2486	22300
10451	30265
986	20800
4387	24201
3127	22941
8741	28555
67	19881
9914	29728
5796	25610
3865	23679
1733	21547
8804	28618
8633	28447
10359	30173
2478	22292
9933	29747
7528	27342
3609	23423
8331	28145
10280	30094
6873	26687
6795	26609
8733	28547
8245	28059
4104	23918
5590	25404
2742	22556
1629	21443
9702	29516
7487	27301
8344	28158
3483	23297
9306	29120
343	20157
420	20234
3718	23532
3081	22895
2571	22385
8149	27963
9626	29440
2448	22262
7946	27760
2809	22623
4430	24244
1012	20826
3024	22838
10469	30283
4516	24330
3523	23337
8419	28233
804	20618
3213	23027
5866	25680
633	20447
6005	25819
6820	26634
5282	25096
10210	30024
144	19958
6571	26385
2976	22790
664	20478
3576	23390
886	20700
4084	23898
309	20123
6697	26511
4462	24276
3948	23762
7385	27199
2728	22542
9431	29245
6125	25939
4211	24025
377	20191
9286	29100
6675	26489
8935	28749
7138	26952
1025	20839
2238	22052
1837	21651
6018	25832
6334	26148
2097	21911
533	20347
6911	26725
9691	29505
3160	22974
5512	25326
631	20445
5106	24920
6318	26132
5753	25567
5406	25220
9545	29359
1900	21714
4043	23857
2857	22671
7631	27445
1501	21315
8112	27926
5640	25454
6418	26232
10015	29829
10198	30012
1728	21542
236	20050
3879	23693
8780	28594
6477	26291
8070	27884
4414	24228
7980	27794
7982	27796
3864	23678
4058	23872
4629	24443
7004	26818
3514	23328
4904	24718
8268	28082
6680	26494
9293	29107
9462	29276
7510	27324
8842	28656
3724	23538
6271	26085
9088	28902
7140	26954
6451	26265
8210	28024
8545	28359
5381	25195
6995	26809
7711	27525
9884	29698
2392	22206
3807	23621
9592	29406
5082	24896
87	19901
7441	27255
9865	29679
10357	30171
410	20224
1856	21670
6304	26118
3158	22972
9542	29356
1892	21706
4735	24549
7646	27460
7842	27656
9507	29321
5266	25080
9837	29651
3196	23010
5279	25093
7465	27279
9738	29552
4529	24343
8885	28699
7083	26897
7485	27299
10114	29928
5	19819
666	20480
2860	22674
4943	24757
2521	22335
3118	22932
3598	23412
5507	25321
5799	25613
8318	28132
413	20227
4662	24476
7609	27423
9508	29322
9923	29737
2940	22754
6346	26160
2038	21852
7463	27277
5705	25519
6053	25867
4741	24555
685	20499
10245	30059
9892	29706
6374	26188
1872	21686
1985	21799
10102	29916
7977	27791
2966	22780
4953	24767
7350	27164
9663	29477
7703	27517
7010	26824
9390	29204
2497	22311
3527	23341
8798	28612
3742	23556
1476	21290
7236	27050
9262	29076
5412	25226
4404	24218
7482	27296
3438	23252
6155	25969
8099	27913
428	20242
8100	27914
1400	21214
9361	29175
7756	27570
2952	22766
1183	20997
8555	28369
8832	28646
4304	24118
2559	22373
8493	28307
2383	22197
5079	24893
393	20207
10107	29921
8967	28781
1428	21242
1132	20946
5380	25194
3596	23410
9537	29351
1662	21476
4412	24226
3491	23305
8431	28245
2873	22687
8473	28287
6826	26640
3278	23092
1608	21422
5769	25583
3422	23236
5441	25255
3848	23662
6849	26663
8709	28523
4298	24112
8578	28392
5721	25535
9530	29344
9445	29259
3066	22880
345	20159
9670	29484
6387	26201
6919	26733
1002	20816
10295	30109
9960	29774
6987	26801
7613	27427
2661	22475
5912	25726
1272	21086
5206	25020
8401	28215
697	20511
521	20335
4572	24386
3988	23802
3608	23422
1133	20947
2557	22371
9566	29380
3173	22987
6981	26795
7847	27661
4180	23994
5961	25775
3786	23600
9033	28847
5258	25072
8719	28533
10335	30149
8072	27886
8199	28013
5645	25459
31	19845
5156	24970
5393	25207
5357	25171
7456	27270
5581	25395
8407	28221
1794	21608
957	20771
9226	29040
9093	28907
9632	29446
6161	25975
1831	21645
