need:	[5403, 677, 42]	[25217, 1390, 32026],delete:
need:	[3263, 1047, 12046]	[23077, 1502, 31860],delete:
need:	[7907, 322, 8225],delete:
need:	[27825, 1880, 30983]	[8011, 1252, 4432],delete:
need:	[9475, 322, 16547]	[31716, 1683, 29289],delete:
need:	[2775, 351, 9285]	[22589, 1805, 39583],delete:
need:,delete:
need:	[667, 939, 3723]	[3723, 971, 667],delete:
need:	[4346, 537, 2423]	[31169, 1458, 22237],delete:
need:	[26924, 1839, 33990]	[7110, 653, 12280],delete:
need:	[34510, 1424, 26564]	[26564, 1503, 32608]	[14696, 286, 6750],delete:
need:	[3935, 377, 12887]	[25240, 1795, 23749],delete:
need:	[23958, 2132, 35139]	[4144, 872, 16989]	[4144, 1243, 15205]	[23958, 1655, 20231],delete:
need:	[32203, 1818, 24253]	[9832, 122, 4439]	[12389, 519, 4439],delete:
need:	[8248, 420, 14871]	[8248, 420, 410]	[20120, 1535, 28062]	[28062, 1719, 28748],delete:
need:	[27767, 1847, 31677]	[7953, 548, 11863],delete:
need:	[24720, 1466, 21542],delete:
need:	[7873, 420, 11944]	[14041, 90, 7873]	[28823, 1389, 27687],delete:
need:	[8151, 642, 12143]	[24893, 1390, 27965],delete:
need:	[12717, 537, 8743]	[28557, 1481, 31167],delete:
need:	[26640, 1621, 24405]	[4591, 167, 9282],delete:
need:	[24425, 1621, 28267]	[959, 322, 4611],delete:
need:	[11270, 204, 8419]	[31084, 1544, 28233],delete:
need:	[24445, 1713, 19993],delete:
need:,delete:
need:	[12644, 600, 1070]	[2977, 78, 1070]	[1070, 1147, 12644]	[32458, 1549, 20884]	[20884, 1628, 32458]	[20884, 1439, 24027]	[20884, 1458, 32458],delete:
need:,delete:
need:	[4656, 1162, 13380]	[29447, 1439, 24470],delete:
need:	[27137, 1836, 34490]	[14676, 159, 7323],delete:
need:	[6826, 384, 6626]	[6626, 384, 10884],delete:
need:	[3670, 11, 1605],delete:
need:	[6518, 179, 8229],delete:
need:	[20256, 1320, 35244]	[442, 812, 18742],delete:
need:	[27528, 1549, 21109]	[12767, 250, 7714],delete:
need:	[6062, 1162, 10593]	[25876, 1696, 30407],delete:
need:,delete:
need:	[20120, 1719, 34685]	[20120, 1719, 20224],delete:
need:	[20488, 1719, 21950]	[674, 485, 10304]	[20488, 1719, 28225],delete:
need:	[9644, 119, 4092]	[23906, 1621, 29458],delete:
need:	[8146, 101, 2105]	[12646, 101, 2105]	[21438, 1725, 21919]	[11063, 883, 2105],delete:
need:	[21122, 1390, 20972],delete:
need:	[8585, 494, 4915]	[28399, 1793, 24729],delete:
need:	[3500, 167, 2031]	[2031, 506, 5128],delete:
need:	[6168, 209, 8850]	[6168, 257, 14610],delete:
need:	[12276, 1222, 3365]	[32090, 1578, 23179],delete:
need:	[5024, 420, 9192]	[24838, 1719, 29006]	[5024, 420, 410],delete:
need:	[33986, 1406, 25945]	[6131, 420, 3277]	[25945, 1719, 21950]	[6131, 420, 2136],delete:
need:	[2153, 204, 7208]	[32605, 1503, 27022],delete:
need:	[6539, 768, 14082]	[26353, 2130, 23517],delete:
need:	[20449, 1478, 28452]	[635, 384, 10691],delete:
need:	[34033, 1406, 26735]	[14219, 107, 6921],delete:
need:	[14565, 204, 8282]	[28096, 1719, 24326],delete:
need:	[26993, 1805, 32501]	[12687, 441, 7179],delete:
need:	[22630, 1390, 34118],delete:
need:	[28114, 1650, 25034]	[5220, 179, 11634],delete:
need:	[8586, 286, 11770]	[31584, 1795, 28400],delete:
need:	[32989, 1740, 23349]	[9954, 384, 3535],delete:
need:	[45, 420, 4727]	[14992, 485, 45]	[19859, 1719, 19951],delete:
need:	[30809, 1858, 23194]	[3380, 760, 10995],delete:
need:	[32249, 1915, 20927],delete:
need:	[21514, 1458, 26148]	[1700, 159, 6334],delete:
need:	[11807, 602, 7864]	[27678, 1858, 31621],delete:
need:,delete:
need:	[28876, 1544, 29521]	[28876, 1503, 34529],delete:
need:	[28125, 1740, 28135],delete:
need:	[9346, 1162, 9780],delete:
need:,delete:
need:	[7776, 198, 1299]	[8615, 90, 7776],delete:
need:	[10277, 386, 10597],delete:
need:	[26107, 1950, 39296],delete:
need:	[4338, 329, 3909]	[23723, 1836, 37626],delete:
need:	[3432, 1199, 10414]	[23246, 1719, 29006],delete:
need:	[22464, 1836, 29932]	[3632, 159, 2650],delete:
need:	[34812, 1683, 20345]	[531, 384, 547],delete:
need:	[22775, 1650, 24549]	[2961, 351, 4735],delete:
need:	[443, 420, 14871]	[443, 420, 1904]	[20257, 1719, 34685],delete:
need:	[33943, 1549, 26801]	[4352, 794, 6987],delete:
need:	[3124, 903, 5780],delete:
need:	[5832, 939, 8048]	[5832, 1173, 16659],delete:
need:	[8537, 506, 7857],delete:
need:	[21452, 1628, 20537]	[22563, 1836, 20537],delete:
need:	[34621, 1795, 23023]	[3209, 286, 14807]	[3209, 420, 1182]	[23023, 1585, 34621],delete:
need:	[29578, 1457, 32254]	[9764, 1105, 12440],delete:
need:	[28637, 1401, 33264],delete:
need:	[2729, 322, 880]	[880, 506, 10372],delete:
need:	[10534, 19, 4166]	[11592, 19, 4166],delete:
need:,delete:
need:	[8255, 35, 11452],delete:
need:,delete:
need:	[29588, 1847, 34201]	[14387, 153, 9774],delete:
need:	[3658, 261, 10323]	[24075, 1345, 23472]	[3658, 261, 9761]	[23472, 1752, 22747],delete:
need:	[8636, 441, 3492]	[10762, 179, 8636],delete:
need:	[32025, 1505, 26642]	[6828, 322, 2181],delete:
need:,delete:
need:	[34495, 1805, 21235],delete:
need:,delete:
need:	[10072, 420, 1653]	[29886, 1719, 21467],delete:
need:	[29145, 1583, 33443]	[26342, 1583, 29145],delete:
need:,delete:
need:	[8382, 920, 13799]	[28196, 1590, 33613],delete:
need:	[9285, 506, 4568],delete:
need:	[31665, 1458, 20280]	[20280, 1437, 38014],delete:
need:	[33002, 1804, 24532]	[4718, 951, 7191]	[13188, 505, 4718],delete:
need:,delete:
need:	[21827, 1388, 23952]	[21827, 1318, 35591],delete:
need:	[29589, 1478, 34717]	[9775, 322, 9350],delete:
need:	[3458, 653, 3160]	[33434, 1457, 22974],delete:
need:	[3310, 883, 10702]	[23124, 2250, 30516],delete:
need:	[32803, 1738, 25319],delete:
need:	[5374, 114, 17421]	[11608, 0, 5374]	[5374, 84, 14282]	[25188, 1413, 38799]	[31422, 1299, 25188]	[34096, 1299, 25188],delete:
need:	[9657, 496, 8270],delete:
need:	[9352, 441, 6560],delete:
need:	[5759, 790, 6831],delete:
need:	[11727, 1017, 8550]	[28364, 1923, 32529],delete:
need:,delete:
need:	[5565, 963, 8848]	[28662, 1345, 34217]	[1035, 453, 8848],delete:
need:	[26997, 1481, 24525],delete:
need:,delete:
need:,delete:
need:	[27757, 1488, 27835],delete:
need:	[14755, 325, 4005],delete:
need:	[130, 1294, 13653]	[33467, 1578, 19944],delete:
need:	[23927, 1570, 29504]	[9930, 1097, 4113],delete:
need:	[14920, 496, 10371]	[34734, 1795, 30185],delete:
need:	[6552, 529, 5190],delete:
need:	[32654, 1650, 22796],delete:
need:	[12083, 464, 956]	[20770, 1503, 30652],delete:
need:	[21607, 1739, 35229],delete:
need:	[8252, 687, 11843],delete:
need:	[5330, 90, 7180]	[19878, 1389, 26994],delete:
need:	[8598, 768, 17864]	[11066, 768, 8598],delete:
need:	[6391, 384, 8751],delete:
need:	[10409, 834, 1899],delete:
need:	[28805, 1675, 36645]	[12770, 19, 8991],delete:
need:	[31264, 1621, 28411],delete:
need:	[949, 179, 1752],delete:
need:	[31423, 1389, 27443]	[7629, 90, 2062]	[25170, 1389, 27443]	[27443, 1730, 33680],delete:
need:	[6981, 344, 877]	[6981, 261, 6591]	[6981, 261, 5354]	[26795, 1560, 26405]	[26795, 1560, 25168],delete:
need:	[26298, 1836, 33351]	[13537, 159, 6484],delete:
need:	[29397, 1650, 25875]	[29397, 1478, 21531],delete:
need:	[34365, 1503, 29593]	[9779, 420, 1830]	[14551, 204, 9779],delete:
need:,delete:
need:	[10870, 322, 2730]	[20233, 1418, 22544],delete:
need:	[7001, 261, 5354]	[26302, 1560, 25168],delete:
need:	[34679, 1621, 24731]	[4917, 351, 12239],delete:
need:	[11668, 885, 10158],delete:
need:	[1057, 1226, 1030]	[20871, 1549, 20844],delete:
need:	[9171, 179, 14839],delete:
need:	[4972, 464, 12118]	[24786, 1795, 38215],delete:
need:	[3882, 420, 14810]	[23696, 1719, 34187],delete:
need:	[24112, 1424, 24616]	[10009, 286, 4802],delete:
need:	[4211, 179, 15851]	[24025, 1418, 37132],delete:
need:	[33479, 1719, 25986],delete:
need:	[25955, 1902, 35983],delete:
need:	[7657, 414, 7482],delete:
need:	[10935, 245, 9753]	[30749, 1544, 29567],delete:
need:	[26028, 1625, 33547]	[6214, 277, 7961]	[26028, 1576, 27775],delete:
need:	[23145, 1643, 33859],delete:
need:	[31973, 1389, 28376]	[1851, 90, 8562]	[8562, 236, 5417],delete:
need:	[21623, 1401, 27002]	[1809, 217, 14904],delete:
need:	[5245, 339, 373]	[25059, 1638, 20187],delete:
need:	[8696, 325, 10388]	[28510, 1795, 30202],delete:
need:	[26680, 1466, 34294]	[6866, 167, 14480],delete:
need:	[2911, 441, 6340]	[26154, 1418, 22010],delete:
need:	[10145, 339, 4217],delete:
need:	[8266, 485, 14512]	[34326, 1399, 28080]	[14512, 100, 8266],delete:
need:	[195, 87, 10750]	[30564, 1738, 20009],delete:
need:	[633, 439, 8883]	[633, 87, 14001],delete:
need:,delete:
need:	[21486, 1570, 20722],delete:
need:	[20773, 1683, 30391],delete:
need:	[26118, 1432, 30934],delete:
need:	[31940, 1631, 25428]	[12126, 704, 5614],delete:
need:	[24001, 1406, 33476]	[23241, 1795, 24001]	[24001, 1413, 32213],delete:
need:	[27241, 1549, 24594]	[27241, 1423, 21104],delete:
need:	[9061, 1159, 960]	[20061, 1725, 28875],delete:
need:	[23141, 1549, 32701]	[3327, 653, 3935],delete:
need:	[6235, 119, 18641]	[33098, 1650, 26049],delete:
need:	[2185, 286, 11507]	[2185, 406, 7066]	[31321, 1795, 21999]	[21999, 1503, 32197]	[21999, 1585, 31321],delete:
need:,delete:
need:	[7641, 828, 14871]	[27455, 1719, 34685],delete:
need:,delete:
need:	[28047, 1719, 26719]	[8233, 485, 3093]	[28047, 1719, 21467],delete:
need:	[7606, 768, 16526]	[27420, 2130, 35801],delete:
need:	[8613, 167, 1581],delete:
need:	[24219, 1478, 24304]	[24304, 1805, 35482],delete:
need:	[29178, 1866, 33444]	[9364, 880, 13630],delete:
need:	[28156, 1413, 38799],delete:
need:	[20610, 1675, 33615]	[10956, 677, 796],delete:
need:	[673, 322, 3929],delete:
need:	[22994, 1803, 20182],delete:
need:	[13296, 717, 9944]	[33110, 1872, 29758],delete:
need:	[794, 245, 13247]	[20608, 1544, 33061],delete:
need:	[3250, 537, 11517]	[23064, 1549, 31331]	[31331, 1458, 23064],delete:
need:	[7239, 537, 14141]	[33955, 1628, 27053],delete:
need:	[4728, 159, 14679],delete:
need:	[5180, 1015, 6779],delete:
need:	[25903, 1676, 35216]	[6089, 934, 13332],delete:
need:	[20027, 1684, 22660],delete:
need:	[29923, 1535, 31230]	[10109, 236, 11416],delete:
need:	[11454, 384, 5202],delete:
need:,delete:
need:	[3487, 125, 1855]	[23301, 1503, 33203]	[3487, 420, 9192]	[23301, 1719, 29006],delete:
need:	[613, 768, 18751]	[33877, 2130, 20427],delete:
need:	[26906, 1458, 26208]	[6394, 537, 7092],delete:
need:	[30162, 1339, 36330]	[8657, 663, 10348]	[12604, 566, 10348]	[3077, 740, 10348]	[405, 566, 10348]	[34381, 1865, 30162],delete:
need:	[24787, 1684, 20105]	[4973, 385, 7231],delete:
need:	[11757, 714, 3762]	[31571, 1858, 23576],delete:
need:	[8320, 548, 669]	[28134, 1847, 31092],delete:
need:	[9203, 322, 6537]	[26351, 1650, 26514],delete:
need:,delete:
need:,delete:
need:	[29242, 1888, 22099],delete:
need:	[21385, 1650, 35085],delete:
need:	[13349, 378, 4306]	[13809, 288, 4306],delete:
need:,delete:
need:	[1826, 351, 14808],delete:
need:	[5029, 438, 17421]	[25076, 1413, 24843],delete:
need:	[814, 537, 10258]	[20628, 1549, 30072],delete:
need:	[7857, 506, 8638]	[28452, 1621, 32407],delete:
need:	[20132, 1991, 21225]	[14731, 1078, 318]	[20132, 1978, 34545]	[318, 1078, 14731],delete:
need:	[13776, 341, 8625]	[33590, 1640, 28439],delete:
need:	[25510, 1478, 32469],delete:
need:	[33697, 1675, 26467]	[6653, 736, 13883],delete:
need:	[31239, 1696, 24751]	[11425, 1162, 4937],delete:
need:	[30619, 1818, 27194]	[7380, 841, 7088]	[10805, 1062, 7380],delete:
need:	[25530, 1705, 26875]	[5716, 204, 14939],delete:
need:	[7424, 699, 9048],delete:
need:	[4554, 420, 2136]	[4554, 485, 14086]	[22220, 1795, 24368]	[26940, 1795, 24368]	[24368, 1424, 26940],delete:
need:	[2402, 1017, 11994]	[22216, 1390, 22643],delete:
need:,delete:
need:	[25488, 2438, 28414],delete:
need:	[29399, 1400, 30617],delete:
need:	[1067, 351, 2964]	[22778, 1650, 31082],delete:
need:	[8405, 542, 13513]	[33327, 1696, 28219],delete:
need:	[9335, 105, 14385]	[34199, 1609, 29149]	[29149, 1404, 34199]	[29149, 1799, 32597],delete:
need:	[5649, 1235, 3171],delete:
need:	[3052, 750, 3350]	[3052, 750, 9451]	[22866, 2183, 29265],delete:
need:	[12669, 406, 10147]	[29961, 1406, 27267],delete:
need:	[5753, 322, 7913]	[6468, 441, 5753],delete:
need:	[2175, 920, 15626]	[2175, 1294, 7957],delete:
need:	[3276, 1293, 4213]	[3276, 600, 16524]	[3276, 1147, 13808]	[13808, 600, 3276]	[33622, 1549, 23090],delete:
need:	[25260, 1740, 20462],delete:
need:	[27127, 2342, 38835],delete:
need:,delete:
need:	[22861, 1645, 28646],delete:
need:	[30106, 1478, 25674]	[30106, 1418, 25127],delete:
need:	[5436, 506, 14449]	[33508, 1683, 25250],delete:
need:	[29597, 1570, 23357]	[32687, 1575, 23357],delete:
need:	[23657, 1650, 29956]	[4570, 101, 10142],delete:
need:	[3879, 717, 412]	[10694, 563, 412]	[30508, 1862, 20226]	[30882, 1872, 20226],delete:
need:	[2520, 537, 10970],delete:
need:	[5672, 420, 6905]	[5672, 90, 10675]	[25486, 1389, 30489],delete:
need:	[1319, 384, 17991]	[33840, 1466, 21133],delete:
need:	[6563, 384, 8078]	[26263, 1805, 26377],delete:
need:	[4648, 967, 16400]	[24462, 1872, 30922],delete:
need:	[34456, 1650, 21153]	[21153, 1650, 34007],delete:
need:	[28858, 1677, 25837]	[25837, 1318, 30245],delete:
need:	[29680, 1466, 26070]	[32474, 1740, 29680],delete:
need:	[9044, 794, 1]	[19815, 1481, 30490],delete:
need:,delete:
need:	[804, 322, 9683]	[29497, 1418, 20618],delete:
need:	[8082, 479, 2279]	[27896, 1778, 22093],delete:
need:,delete:
need:	[33629, 1481, 26334]	[6520, 1031, 9508],delete:
need:	[13191, 64, 9608]	[33005, 1505, 29422],delete:
need:	[26594, 1738, 28180]	[8366, 87, 1307],delete:
need:	[1219, 406, 12681]	[21033, 1795, 32495],delete:
need:	[4846, 384, 2920]	[24660, 1805, 21939],delete:
need:	[3475, 556, 7087],delete:
need:	[33171, 1805, 23394]	[3568, 322, 3580],delete:
need:	[4699, 159, 8790]	[9244, 939, 4699],delete:
need:	[1937, 1010, 12093]	[1937, 589, 6886]	[1937, 589, 14304],delete:
need:	[25264, 1805, 39175]	[5450, 119, 1291],delete:
need:	[7115, 537, 3860],delete:
need:	[5835, 717, 16233],delete:
need:	[2087, 167, 165],delete:
need:	[32499, 1645, 24972],delete:
need:	[4443, 1173, 18962]	[21323, 1379, 24257],delete:
need:	[10179, 420, 1653]	[10179, 420, 9192],delete:
need:	[21550, 1621, 33690]	[1736, 441, 1258],delete:
need:	[30031, 2130, 26395]	[6581, 768, 10723],delete:
need:	[3352, 90, 14997]	[23166, 1389, 34811],delete:
need:	[21514, 1458, 26148]	[1700, 159, 6334],delete:
need:	[31297, 1850, 23190]	[11483, 1225, 3376],delete:
need:	[26074, 1418, 23828]	[6260, 506, 12546],delete:
need:	[26421, 1628, 28386]	[8572, 496, 12516],delete:
need:	[29344, 1390, 36565]	[9530, 91, 15046],delete:
need:	[7964, 179, 10140]	[21252, 1418, 27778],delete:
need:	[10763, 717, 5355]	[25169, 1696, 23870]	[30577, 1872, 25169],delete:
need:,delete:
need:	[1223, 784, 14818]	[21037, 2072, 34632],delete:
need:	[26505, 1497, 31875]	[8425, 90, 6691]	[6691, 198, 12061]	[6691, 198, 2481],delete:
need:	[33937, 1819, 22953]	[14123, 159, 3139],delete:
need:	[11534, 288, 3872]	[31348, 1609, 23686]	[23686, 1404, 31348],delete:
need:	[9636, 420, 9192]	[29450, 1389, 30413]	[9636, 90, 10599]	[30413, 1535, 29450],delete:
need:	[6453, 496, 1003],delete:
need:	[5463, 420, 4512]	[5463, 420, 1653]	[25277, 1719, 21467]	[25277, 1719, 24326],delete:
need:	[12044, 1072, 1865]	[31858, 2101, 21679],delete:
need:,delete:
need:	[24845, 1519, 20853]	[7296, 159, 5031],delete:
need:	[12469, 1252, 4212]	[24026, 1872, 32283],delete:
need:	[7412, 420, 9192]	[11834, 125, 7412]	[31648, 1424, 27226]	[27226, 1406, 20655],delete:
need:	[3244, 101, 13215]	[23058, 1400, 33029],delete:
need:	[5230, 537, 9147],delete:
need:	[7212, 698, 105],delete:
need:	[29801, 1418, 28523],delete:
need:	[4448, 204, 15675]	[32625, 1638, 24262],delete:
need:	[34220, 1503, 26734]	[12544, 204, 6920]	[13020, 204, 6920],delete:
need:	[30969, 1388, 21232],delete:
need:	[1907, 286, 6718]	[21721, 1503, 34449],delete:
need:	[23028, 1413, 32213],delete:
need:	[14868, 167, 9865],delete:
need:	[20048, 1668, 29351]	[10891, 288, 234],delete:
need:	[5863, 768, 15997]	[25677, 2130, 39192],delete:
need:,delete:
need:	[34261, 1631, 28595]	[14447, 901, 8781],delete:
need:	[538, 420, 8369]	[538, 420, 8194],delete:
need:	[9691, 1222, 8488]	[29740, 1363, 28302],delete:
need:,delete:
need:	[6489, 939, 9841]	[12892, 537, 6489],delete:
need:,delete:
need:	[23478, 1713, 30480]	[3664, 414, 7868],delete:
need:	[30677, 1628, 24923]	[5109, 537, 7851],delete:
need:	[10103, 159, 3663],delete:
need:	[22132, 1706, 20179],delete:
need:	[22469, 1621, 31101]	[22469, 1418, 28342],delete:
need:	[20535, 1650, 35628]	[721, 351, 15154],delete:
need:	[9358, 420, 2136]	[9358, 107, 4621]	[9358, 204, 6050]	[29172, 1544, 33958]	[20211, 1795, 29172]	[22306, 1795, 29172]	[29172, 1406, 24435]	[29172, 1406, 32235],delete:
need:	[1513, 406, 696]	[28878, 1795, 21327],delete:
need:	[20600, 1481, 21558]	[786, 939, 10039],delete:
need:	[33642, 1452, 29282]	[13828, 153, 9468],delete:
need:	[26688, 1516, 35123]	[33782, 1820, 26688],delete:
need:	[12162, 870, 6387]	[31976, 1566, 26201],delete:
need:	[1007, 885, 17995]	[33752, 1390, 20821],delete:
need:	[9489, 939, 7892]	[29290, 1628, 27706],delete:
need:	[1593, 87, 12748],delete:
need:	[24316, 1650, 26070],delete:
need:	[711, 87, 1593]	[21407, 1738, 20525],delete:
need:	[8493, 537, 11531]	[28307, 1836, 31345],delete:
need:	[9516, 236, 12122]	[31936, 1389, 29330],delete:
need:	[9206, 653, 8707]	[28948, 1795, 28521],delete:
need:	[21024, 2150, 34785]	[1210, 1066, 14971],delete:
need:	[24066, 2242, 23861],delete:
need:	[26084, 1684, 20880]	[7600, 62, 6270],delete:
need:	[13279, 521, 4438]	[33093, 1820, 24252],delete:
need:	[14013, 286, 5229]	[33827, 1424, 25043],delete:
need:	[8741, 107, 19481]	[28555, 1795, 26948],delete:
need:	[3421, 485, 19406],delete:
need:	[29199, 1503, 31392]	[34620, 1795, 29199],delete:
need:	[11662, 356, 9568]	[29382, 1820, 31476],delete:
need:	[23342, 1805, 24154]	[3528, 351, 8751],delete:
need:,delete:
need:,delete:
need:	[27184, 1570, 29292],delete:
need:	[8220, 420, 9192]	[8220, 189, 6077]	[8220, 420, 410]	[28034, 1719, 29006]	[28122, 1389, 28034]	[28034, 1389, 38711]	[28034, 1719, 20224],delete:
need:	[34180, 1713, 26232]	[6418, 414, 8296],delete:
need:,delete:
need:	[29250, 1740, 23126]	[3312, 322, 8800],delete:
need:	[3153, 725, 12102]	[22967, 1618, 31916],delete:
need:,delete:
need:,delete:
need:	[27563, 1839, 38593]	[7749, 653, 12440],delete:
need:	[22784, 1418, 30708]	[1053, 506, 2970],delete:
need:	[29137, 1621, 25405]	[29137, 1740, 20621],delete:
need:	[23981, 1858, 37972]	[4167, 636, 10336],delete:
need:	[28933, 1605, 25844]	[6030, 426, 7235]	[25696, 1818, 25844]	[25844, 1725, 23813],delete:
need:	[21941, 1859, 34828],delete:
need:	[7870, 119, 14681]	[27684, 1650, 22278],delete:
need:,delete:
need:	[21669, 2274, 38799],delete:
need:	[5639, 540, 1832],delete:
need:	[22752, 1395, 23488]	[22752, 1579, 28808],delete:
need:	[1649, 119, 13855]	[21463, 1725, 34618],delete:
need:	[1316, 159, 6394],delete:
need:	[32472, 1840, 25940],delete:
need:	[24355, 1424, 31856]	[24355, 1406, 24180],delete:
need:	[1915, 109, 19496]	[21729, 1525, 30315],delete:
need:	[32465, 1650, 19849]	[35, 179, 12651],delete:
need:	[28450, 1805, 22519]	[2705, 167, 12158],delete:
need:,delete:
need:	[26955, 1888, 20966],delete:
need:	[30734, 1858, 26809]	[6995, 1017, 15142],delete:
need:	[3134, 420, 2100]	[3134, 420, 6905]	[22948, 1719, 21914],delete:
need:	[23801, 2009, 31387]	[3987, 852, 6997],delete:
need:	[22121, 1683, 38365],delete:
need:	[128, 420, 2136]	[31161, 1544, 19942]	[33750, 1544, 19942],delete:
need:	[5391, 537, 3063]	[20410, 1549, 22877],delete:
need:	[11304, 1255, 237],delete:
need:	[28161, 1836, 22312]	[7045, 159, 8347]	[28161, 1549, 26859],delete:
need:	[33921, 1761, 29485]	[14107, 462, 9671],delete:
need:,delete:
need:	[14114, 90, 7095],delete:
need:	[1266, 537, 5922]	[21080, 1836, 25736],delete:
need:	[24373, 1683, 29785]	[29869, 1805, 29785],delete:
need:	[27311, 1413, 38799],delete:
need:	[11259, 89, 4938]	[31073, 1388, 24752],delete:
need:	[14254, 159, 6894]	[34068, 1628, 26708],delete:
need:	[4780, 760, 2975],delete:
need:	[31966, 1650, 26616],delete:
need:,delete:
need:,delete:
need:	[4842, 141, 19706]	[4842, 420, 6445]	[24656, 1390, 27049]	[24656, 1390, 36724],delete:
need:	[28181, 1683, 26716],delete:
need:	[2383, 189, 12616]	[22197, 1389, 28930],delete:
need:	[9220, 537, 9840]	[9840, 159, 9220],delete:
need:	[29744, 2311, 23927],delete:
need:	[8751, 351, 6391]	[28565, 1650, 26205],delete:
need:	[30104, 1725, 25455]	[10669, 64, 10290],delete:
need:	[26524, 1836, 30907]	[6710, 537, 11093],delete:
need:	[6392, 261, 504],delete:
need:	[5264, 337, 2789]	[22603, 1413, 38799],delete:
need:	[28179, 1805, 28087]	[28087, 1621, 28179],delete:
need:	[5495, 1048, 15655],delete:
need:	[7093, 274, 16360],delete:
need:	[9117, 494, 6541],delete:
need:	[7488, 217, 7780]	[31043, 1516, 27594],delete:
need:	[20659, 1640, 21801],delete:
need:	[4413, 90, 10384]	[5657, 90, 10384]	[8045, 90, 10384]	[10384, 485, 17969],delete:
need:	[679, 141, 19706],delete:
need:	[13118, 537, 4209]	[24023, 1481, 35702],delete:
need:	[3820, 322, 16658]	[23634, 1740, 37798],delete:
need:	[12516, 794, 1107]	[20921, 1628, 27260],delete:
need:	[7259, 159, 7077]	[26421, 1565, 26891],delete:
need:	[29032, 1740, 26740]	[9218, 441, 13239],delete:
need:	[8540, 1252, 12799]	[32613, 1432, 28354],delete:
need:	[22675, 2145, 34947],delete:
need:	[22835, 1650, 20143],delete:
need:	[6861, 159, 7183],delete:
need:	[25770, 1836, 26307]	[12253, 537, 5956],delete:
need:	[27077, 1740, 33158]	[27077, 1650, 34987],delete:
need:	[987, 372, 4025]	[20801, 1523, 26036]	[20801, 1390, 26700],delete:
need:	[31053, 1466, 24827]	[24827, 1640, 36075],delete:
need:	[7463, 236, 12145]	[7463, 431, 16491],delete:
need:	[2656, 89, 19625]	[22470, 1388, 38967],delete:
need:	[24292, 1570, 31922],delete:
need:	[20018, 1386, 22228],delete:
need:	[2518, 161, 5586]	[24508, 1424, 22332]	[2518, 204, 7314],delete:
need:	[6607, 537, 6917],delete:
need:	[23036, 1836, 30863]	[3222, 159, 1268],delete:
need:	[10014, 1243, 8816]	[8816, 872, 10014]	[29828, 2104, 28630],delete:
need:	[7025, 1050, 5610]	[26839, 1731, 25424]	[5610, 410, 11247],delete:
need:	[28026, 1439, 21784]	[8212, 688, 1970],delete:
need:	[28991, 1386, 26920],delete:
need:	[25027, 1481, 30176]	[5213, 653, 8338],delete:
need:	[25128, 1418, 32043]	[12229, 322, 5314],delete:
need:,delete:
need:	[6834, 883, 14670]	[26648, 1725, 34484],delete:
need:	[1608, 653, 1487]	[2432, 885, 1608],delete:
need:	[33333, 1418, 25956]	[6025, 179, 6142],delete:
need:	[22898, 1683, 24426]	[24426, 1650, 22898],delete:
need:	[8847, 537, 8096]	[10952, 329, 8096],delete:
need:	[24547, 1389, 27940]	[4733, 420, 9679]	[4733, 420, 3430]	[31338, 1730, 24547],delete:
need:	[14803, 159, 6631],delete:
need:	[7035, 420, 3639]	[7035, 420, 11062],delete:
need:	[25362, 1570, 32905],delete:
need:	[23522, 1858, 21978]	[23522, 1337, 31695],delete:
need:	[29630, 1795, 28657]	[12045, 885, 9816],delete:
need:	[22777, 2037, 22122]	[2963, 280, 4123],delete:
need:	[27228, 1413, 38799],delete:
need:	[22330, 1650, 32173],delete:
need:	[32889, 2159, 25020]	[25653, 2159, 25020]	[27788, 2159, 25020],delete:
need:	[29070, 1857, 26578],delete:
need:	[21925, 1795, 24199]	[31479, 1457, 24199],delete:
need:	[14330, 159, 449]	[34144, 1458, 20263],delete:
need:	[12361, 479, 6451]	[26265, 1645, 32175],delete:
need:	[1908, 537, 58]	[31204, 1675, 19872],delete:
need:	[33960, 1389, 20782]	[968, 420, 6906]	[11392, 90, 968]	[30946, 1389, 20782],delete:
need:,delete:
need:	[25698, 1628, 26477],delete:
need:	[9795, 62, 9718]	[33321, 1819, 29532]	[29532, 1684, 27045],delete:
need:	[1108, 1047, 5990]	[3954, 1047, 5990]	[25804, 1797, 23187]	[23768, 1502, 25804],delete:
need:	[26458, 1378, 33150]	[6644, 1152, 13336],delete:
need:,delete:
need:	[24618, 1740, 22300]	[5584, 351, 4804],delete:
need:	[22688, 1418, 34771]	[14957, 441, 2874],delete:
need:	[8288, 939, 6951],delete:
need:	[8996, 384, 1120]	[28810, 1683, 20934],delete:
need:	[9555, 250, 3611]	[9555, 537, 3611]	[27229, 1628, 23425],delete:
need:	[27963, 1418, 39092],delete:
need:	[6163, 431, 6646]	[6163, 420, 137]	[25977, 1730, 26460],delete:
need:	[28423, 1478, 30998],delete:
need:	[2336, 414, 820],delete:
need:	[7153, 1226, 10859]	[26967, 1858, 34002],delete:
need:	[7251, 1105, 4352]	[27065, 1457, 24166],delete:
need:	[4614, 698, 5746]	[9443, 563, 5746]	[5746, 1222, 2615]	[26301, 1872, 25560]	[25560, 1578, 22429]	[26062, 1872, 25560]	[26673, 1566, 25560],delete:
need:	[10315, 87, 6073]	[10315, 87, 2354],delete:
need:	[1091, 384, 9040]	[28854, 1418, 37022],delete:
need:,delete:
need:	[20369, 2104, 30351]	[10537, 872, 555],delete:
need:	[26513, 1549, 26484]	[6699, 653, 5985],delete:
need:	[3649, 772, 1096],delete:
need:	[632, 441, 235]	[20049, 1683, 31953],delete:
need:	[11310, 19, 5966]	[21958, 1318, 25780],delete:
need:	[21622, 1466, 36353]	[8800, 351, 1808],delete:
need:	[22873, 1857, 26434]	[6620, 449, 4113],delete:
need:	[2271, 250, 6413],delete:
need:	[571, 420, 9192]	[571, 189, 8828]	[571, 485, 10369]	[20385, 1488, 27835]	[23982, 1406, 20385],delete:
need:	[10748, 466, 1761]	[30562, 1641, 21575],delete:
need:	[3666, 108, 6886],delete:
need:	[14819, 687, 4327]	[4327, 1222, 12520]	[34633, 1862, 24141],delete:
need:	[21234, 1719, 26719]	[21234, 1730, 34546]	[1420, 420, 1550],delete:
need:	[14451, 883, 5960]	[33246, 1725, 25774]	[25774, 1363, 33246],delete:
need:	[27074, 1628, 27612]	[7798, 653, 9245],delete:
need:	[11660, 729, 4862]	[31474, 1390, 24676],delete:
need:	[2375, 431, 14101]	[14336, 90, 2375]	[28024, 1389, 22189],delete:
need:	[20201, 1389, 31740]	[387, 420, 3639]	[22532, 1389, 20201],delete:
need:	[1586, 677, 6438]	[32965, 1893, 26252],delete:
need:	[24580, 2130, 36819]	[4766, 768, 19008],delete:
need:	[10020, 420, 6905]	[29834, 1719, 29159],delete:
need:	[11758, 119, 9054]	[28868, 1621, 31572],delete:
need:	[2586, 119, 5057]	[30552, 1683, 24871],delete:
need:	[9444, 537, 12302]	[29258, 1458, 29716],delete:
need:	[28524, 1413, 38799]	[22111, 1719, 28524],delete:
need:	[21853, 1458, 26436]	[6622, 159, 9449],delete:
need:	[22184, 1683, 23306]	[6751, 322, 2370],delete:
need:	[21436, 1413, 38799],delete:
need:,delete:
need:	[935, 453, 219]	[219, 824, 11935],delete:
need:	[2265, 714, 4472],delete:
need:	[7282, 418, 13340]	[27096, 1570, 31147],delete:
need:	[33164, 1478, 29857],delete:
need:	[28621, 1725, 35574]	[14779, 384, 8807],delete:
need:,delete:
need:	[6916, 309, 6609],delete:
need:	[29297, 1466, 33193]	[29297, 1418, 35148],delete:
need:	[20417, 1805, 23152],delete:
need:	[22989, 1458, 24800]	[4986, 537, 3175],delete:
need:	[30958, 1639, 23772]	[3958, 91, 17005],delete:
need:	[1194, 1064, 6978],delete:
need:	[8496, 384, 18643]	[28310, 1650, 33894],delete:
need:	[208, 1162, 6746],delete:
need:,delete:
need:,delete:
need:	[21109, 2379, 19935]	[19935, 1559, 20179],delete:
need:	[4175, 84, 14538]	[34352, 2005, 23989],delete:
need:	[31193, 1418, 25179]	[5365, 351, 8311],delete:
need:	[25090, 1735, 34754],delete:
need:	[1911, 204, 7322]	[27136, 1719, 27415],delete:
need:	[21538, 1805, 21339]	[3150, 441, 1525],delete:
need:	[5943, 420, 10414]	[5943, 90, 13905],delete:
need:,delete:
need:,delete:
need:,delete:
need:	[30283, 1683, 21813]	[21813, 1650, 30283],delete:
need:	[20431, 1719, 22236]	[12114, 339, 617]	[617, 406, 12114]	[20431, 1719, 30228],delete:
need:	[2042, 1017, 3200]	[21856, 1337, 23014],delete:
need:	[28171, 1834, 21827]	[8357, 19, 4005],delete:
need:	[6133, 1162, 10084]	[25947, 1696, 29898],delete:
need:	[33799, 1481, 21018],delete:
need:	[20972, 1304, 23119],delete:
need:	[2464, 119, 5090]	[1923, 322, 5090],delete:
need:,delete:
need:	[6987, 89, 9029]	[27556, 1388, 28843]	[33943, 1388, 28843],delete:
need:	[33977, 1418, 19862]	[10790, 119, 48],delete:
need:	[998, 768, 12771]	[20812, 2130, 36914],delete:
need:	[26873, 1491, 26256],delete:
need:	[23007, 2181, 26312],delete:
need:	[10901, 167, 1454]	[19849, 1805, 21268],delete:
need:	[3529, 801, 7235]	[12849, 231, 3529]	[3529, 159, 18011]	[32663, 2287, 23343]	[23343, 1839, 32663]	[23343, 1836, 25076]	[23343, 1880, 32663],delete:
need:	[11448, 872, 6427]	[26241, 2104, 31262],delete:
need:	[26659, 1683, 26065]	[6251, 167, 6845],delete:
need:	[32969, 1549, 20172]	[470, 1017, 358],delete:
need:	[23303, 2132, 38667]	[3489, 872, 15190]	[23303, 1655, 20231],delete:
need:	[20464, 1752, 25455],delete:
need:	[8161, 125, 2706]	[22520, 1795, 32445],delete:
need:	[2588, 339, 12694]	[22402, 1719, 20224],delete:
need:	[2987, 537, 7280],delete:
need:	[4351, 286, 4714]	[24165, 1585, 24528],delete:
need:	[4932, 496, 9452]	[2795, 361, 9452]	[9452, 841, 10499]	[27510, 1861, 29266]	[24051, 1718, 29266]	[4509, 20, 9452]	[13965, 801, 9452],delete:
need:	[20486, 2311, 22394],delete:
need:	[10700, 407, 5870]	[30514, 1706, 25684],delete:
need:	[26586, 1457, 32724]	[6772, 885, 1037],delete:
need:	[2139, 554, 549]	[21953, 1853, 32721],delete:
need:	[1217, 356, 10694]	[7567, 1183, 1217]	[1217, 102, 6955]	[21031, 1655, 30508]	[30508, 1820, 21031],delete:
need:	[1803, 420, 8934]	[1803, 420, 14871],delete:
need:	[6611, 1239, 10348],delete:
need:	[27717, 1628, 37529]	[29407, 1458, 27717],delete:
need:	[20640, 1872, 27593],delete:
need:	[27468, 1683, 27063],delete:
need:	[1155, 760, 8312],delete:
need:	[21482, 1621, 20462],delete:
need:	[24979, 1683, 29239]	[9425, 351, 5165],delete:
need:,delete:
need:	[1205, 653, 5694]	[21019, 1795, 30732],delete:
need:	[26689, 2159, 23234]	[6875, 1234, 11615],delete:
need:	[32677, 1804, 20827]	[12863, 1139, 1013],delete:
need:,delete:
need:	[13648, 105, 4588]	[3802, 1050, 4588]	[4588, 109, 17100],delete:
need:	[25567, 1621, 27727]	[7913, 119, 5753],delete:
need:	[20043, 1413, 38799],delete:
need:	[29309, 1719, 21914]	[29309, 1719, 30228],delete:
need:	[6780, 439, 8611],delete:
need:	[20143, 1650, 23313]	[3499, 322, 14642],delete:
need:	[28120, 2425, 21250]	[21250, 1363, 26549]	[1436, 1127, 6735],delete:
need:	[5712, 167, 2768]	[13522, 351, 5712],delete:
need:	[10266, 159, 12624]	[30080, 1390, 31706],delete:
need:	[34495, 1683, 22490]	[6730, 441, 2676],delete:
need:	[30855, 1650, 22024]	[2210, 322, 13772],delete:
need:	[10308, 439, 3007]	[3007, 166, 13502],delete:
need:	[12199, 245, 3202]	[3673, 245, 3202],delete:
need:	[22887, 1481, 32620]	[22887, 1481, 25969],delete:
need:,delete:
need:	[21981, 1719, 26567],delete:
need:	[10174, 206, 6610]	[22811, 1725, 29988],delete:
need:	[20191, 1585, 32865]	[377, 107, 13100],delete:
need:	[8469, 639, 915],delete:
need:	[32016, 1389, 20293]	[479, 90, 12202]	[479, 420, 14475],delete:
need:	[30392, 1705, 28695]	[8881, 204, 14939],delete:
need:,delete:
need:	[9824, 261, 19001]	[9824, 261, 3740]	[9824, 261, 3103]	[29638, 1643, 33859]	[29638, 1332, 24222],delete:
need:	[14186, 204, 8796]	[28610, 1719, 30524]	[8796, 236, 13444],delete:
need:	[21288, 1621, 31250]	[31250, 1466, 21288],delete:
need:	[9134, 653, 12178],delete:
need:	[26702, 1719, 20224],delete:
need:	[441, 90, 6274]	[6375, 431, 441]	[33625, 1730, 20255]	[20255, 1719, 20224]	[20255, 1389, 26088],delete:
need:	[23505, 1835, 35229]	[23505, 1739, 35229],delete:
need:	[24987, 1590, 33742]	[24987, 1507, 33742],delete:
need:	[25018, 1503, 29509]	[21020, 1503, 29509],delete:
need:,delete:
need:	[30191, 1683, 32760]	[31433, 1683, 30191],delete:
need:	[33002, 1645, 22637]	[30701, 1501, 22637],delete:
need:	[13213, 653, 93]	[33027, 1624, 19907],delete:
need:	[30830, 1549, 24595]	[4781, 537, 3464],delete:
need:,delete:
need:	[8835, 330, 10786],delete:
need:	[5156, 537, 7877],delete:
need:	[23591, 1386, 31141]	[3777, 899, 7034],delete:
need:	[5118, 159, 4558]	[24932, 1458, 24372],delete:
need:	[30048, 1481, 23182],delete:
need:	[21745, 1576, 33245]	[13431, 628, 1931],delete:
need:	[6576, 420, 14871]	[13508, 90, 6576]	[33322, 1389, 26390]	[26390, 1389, 26092],delete:
need:	[663, 179, 10837]	[33880, 1683, 20477],delete:
need:	[31556, 1872, 20485]	[20485, 1696, 23561]	[11742, 717, 671],delete:
need:	[12969, 159, 569]	[20383, 1836, 32783],delete:
need:,delete:
need:	[20020, 1375, 26492],delete:
need:	[29114, 1719, 21364]	[29114, 1719, 20224]	[9300, 420, 410],delete:
need:,delete:
need:	[22475, 1401, 33188]	[2661, 563, 13374],delete:
need:	[27962, 1588, 20912],delete:
need:	[20109, 1466, 25411]	[5597, 179, 295],delete:
need:	[8326, 870, 8724]	[14108, 563, 8724]	[33922, 1862, 28538],delete:
need:	[25316, 1560, 36716]	[25316, 1560, 33755]	[5502, 261, 13941]	[33755, 1595, 25316],delete:
need:	[31103, 1389, 24516],delete:
need:	[25021, 1836, 22158]	[2344, 306, 2344]	[4219, 959, 2344],delete:
need:	[1843, 717, 10230]	[21657, 1872, 34373]	[21657, 1872, 30044]	[21657, 1872, 31512],delete:
need:	[10714, 496, 5794],delete:
need:	[6570, 384, 258]	[24255, 1418, 26384],delete:
need:	[4502, 119, 11431],delete:
need:	[13653, 1162, 4869]	[33467, 1696, 24683],delete:
need:	[1709, 717, 13012],delete:
need:	[21741, 1795, 32508]	[1927, 496, 12694]	[21741, 1795, 20599],delete:
need:	[25055, 1740, 35935]	[11070, 441, 5241],delete:
need:	[24303, 1457, 36818]	[4489, 931, 17711],delete:
need:	[1130, 322, 8311],delete:
need:	[31922, 1888, 28214],delete:
need:	[31149, 1452, 30209]	[10395, 284, 11335]	[11335, 153, 10395],delete:
need:	[12993, 426, 5527]	[25341, 1725, 30964],delete:
need:	[3492, 506, 8636]	[31716, 1466, 23306],delete:
need:	[21686, 1528, 30667]	[10853, 229, 1872],delete:
need:	[28258, 1562, 32682]	[28258, 1549, 33800],delete:
need:	[2042, 760, 13285]	[21856, 1549, 33099],delete:
need:	[11383, 768, 10442]	[30256, 2130, 36781],delete:
need:	[22762, 1795, 25608]	[2948, 653, 14248],delete:
need:	[27754, 1481, 20338]	[524, 537, 12420],delete:
need:	[138, 159, 10096]	[29910, 1628, 34274],delete:
need:	[2516, 322, 461]	[20275, 1466, 32173],delete:
need:,delete:
need:	[2119, 1261, 7495],delete:
need:,delete:
need:	[2927, 529, 11721]	[31535, 1725, 22741],delete:
need:	[29705, 1418, 34089]	[31528, 1650, 29705],delete:
need:	[3510, 286, 4690]	[23324, 1424, 24504],delete:
need:	[5422, 927, 1252],delete:
need:	[13054, 306, 5166]	[32868, 1605, 24980],delete:
need:	[14421, 182, 7078]	[26892, 1549, 28607],delete:
need:	[21306, 1458, 35173]	[1492, 159, 17867],delete:
need:	[7210, 420, 2136],delete:
need:	[31726, 1549, 28622]	[8808, 159, 11912],delete:
need:	[31262, 2104, 30068]	[11448, 1243, 10254],delete:
need:	[11812, 159, 9360],delete:
need:	[2131, 322, 2479]	[20539, 1478, 21945],delete:
need:	[7487, 439, 675]	[7487, 87, 675],delete:
need:	[22774, 2281, 26796]	[6982, 1122, 14995]	[14730, 84, 6982],delete:
need:	[22748, 1796, 30923]	[2934, 1054, 11109],delete:
need:	[8233, 485, 3093]	[24347, 1784, 22907]	[28047, 1784, 22907],delete:
need:	[25165, 1719, 29006]	[5351, 420, 6445]	[5351, 420, 9192],delete:
need:	[30976, 1628, 26883]	[30789, 1549, 26883],delete:
need:	[26887, 2037, 25637]	[7073, 155, 3614],delete:
need:	[2363, 824, 3893],delete:
need:	[3634, 351, 12093]	[30525, 1418, 23448],delete:
need:	[8150, 1165, 13369]	[33183, 1814, 27964],delete:
need:	[7273, 939, 9262],delete:
need:	[28100, 1466, 22374]	[22374, 1650, 37091],delete:
need:	[6727, 537, 5094]	[26541, 1836, 24908],delete:
need:	[8583, 322, 1710]	[21524, 1466, 39033],delete:
need:	[10704, 496, 8654]	[10380, 496, 8654],delete:
need:	[23679, 1466, 27112],delete:
need:	[8633, 1105, 6089]	[6488, 453, 8633],delete:
need:	[31144, 1738, 20291]	[26127, 1386, 20291],delete:
need:	[3793, 786, 14537]	[23607, 1318, 34351],delete:
need:	[946, 537, 2376]	[20760, 1549, 22190],delete:
need:	[14337, 286, 7519]	[27333, 1719, 24008]	[7519, 420, 7496]	[27333, 1719, 22236],delete:
need:	[5378, 1182, 10561]	[25192, 1949, 30375],delete:
need:	[6736, 939, 5615]	[6736, 496, 2596],delete:
need:,delete:
need:	[21352, 1719, 34685]	[1538, 420, 9679],delete:
need:	[26627, 1781, 24108]	[6813, 653, 8534],delete:
need:	[24154, 1478, 24124]	[24124, 1466, 24154],delete:
need:	[26829, 1585, 32972]	[3371, 339, 7015],delete:
need:	[5026, 339, 13601]	[33415, 1705, 24840],delete:
need:	[2788, 167, 9114]	[9860, 441, 9114],delete:
need:	[24424, 1628, 34164]	[8068, 250, 4610],delete:
need:	[22222, 1730, 24568]	[13227, 90, 2408]	[22222, 1730, 33041],delete:
need:	[29405, 1628, 29610],delete:
need:	[10090, 159, 886],delete:
need:	[27320, 2344, 20301]	[27119, 1318, 20301],delete:
need:	[14806, 161, 8067]	[34620, 1460, 27881],delete:
need:	[3348, 351, 12211]	[3348, 119, 475],delete:
need:	[13571, 537, 2984]	[22645, 1481, 22798],delete:
need:,delete:
need:	[6238, 283, 13259]	[26780, 1467, 26052],delete:
need:	[3458, 250, 3293]	[23272, 1481, 28176],delete:
need:	[26793, 1650, 27927],delete:
need:	[6477, 406, 1409]	[6477, 339, 11410],delete:
need:	[23808, 2130, 36205]	[12409, 768, 3994],delete:
need:	[8073, 179, 2125],delete:
need:	[22234, 1386, 30265]	[2420, 87, 10451],delete:
need:	[223, 90, 6122]	[6122, 236, 5772]	[4733, 90, 6122],delete:
need:	[9320, 167, 9627]	[22982, 1650, 29134],delete:
need:	[23429, 1753, 31266],delete:
need:	[20474, 1621, 24070]	[4256, 506, 660],delete:
need:,delete:
need:	[12769, 351, 593]	[32583, 1650, 20407],delete:
need:	[4934, 1247, 6365],delete:
need:	[21030, 1640, 22487]	[25072, 1740, 21030],delete:
need:	[23868, 1406, 33501]	[23868, 1406, 31131],delete:
need:	[6535, 506, 11375]	[26349, 1621, 33382],delete:
need:	[6827, 1252, 78],delete:
need:	[5455, 872, 13913]	[33727, 2104, 25269],delete:
need:	[5438, 274, 7141],delete:
need:	[27364, 1560, 29575]	[23472, 1560, 29575],delete:
need:	[2653, 339, 19015]	[31188, 1638, 22467],delete:
need:	[2322, 704, 11660]	[22136, 1631, 31474],delete:
need:	[29048, 2123, 31935],delete:
need:	[20614, 1424, 31030]	[30908, 1795, 20614],delete:
need:	[9575, 198, 19424]	[29389, 1784, 21419]	[29389, 1784, 33900],delete:
need:	[9902, 537, 9444],delete:
need:	[20112, 1458, 31093]	[298, 537, 887],delete:
need:	[8056, 280, 4123],delete:
need:,delete:
need:	[8355, 384, 2586],delete:
need:	[28287, 1804, 30329]	[8473, 505, 10515]	[28287, 1647, 30329]	[28287, 1804, 31099],delete:
need:	[28553, 1650, 34602],delete:
need:	[8057, 356, 3747]	[27871, 1655, 23561]	[23561, 1820, 27871],delete:
need:	[25618, 1458, 24815],delete:
need:	[29650, 1466, 31585]	[32940, 1805, 29650],delete:
need:	[32255, 1795, 26971]	[7157, 286, 12441],delete:
need:	[14708, 496, 6596]	[6282, 1085, 6596],delete:
need:	[558, 504, 9666]	[23492, 1560, 20372],delete:
need:	[29711, 1628, 22626]	[29711, 1549, 32547],delete:
need:	[4994, 434, 10297]	[4994, 204, 5226],delete:
need:	[11020, 926, 694],delete:
need:,delete:
need:	[24569, 1795, 33293],delete:
need:	[29118, 1650, 35447]	[30659, 1805, 29118],delete:
need:	[8047, 159, 6890]	[8047, 537, 15803],delete:
need:	[11070, 167, 5081]	[24895, 1621, 25055],delete:
need:	[2302, 1222, 14581],delete:
need:	[27080, 1738, 26127]	[7266, 87, 11330],delete:
need:	[27525, 1418, 33004]	[13190, 322, 7711],delete:
need:	[27748, 1795, 24469]	[7934, 496, 12318],delete:
need:	[11805, 84, 2300]	[22114, 1299, 36596]	[22114, 1458, 27059],delete:
need:	[3576, 420, 14871]	[3576, 420, 410]	[23390, 1389, 27541]	[30596, 1406, 23390]	[23035, 1668, 23390]	[23390, 1389, 27577],delete:
need:	[33661, 1839, 21553]	[12733, 540, 1739],delete:
need:	[5113, 677, 6161]	[24927, 1520, 25975]	[24927, 1390, 25975]	[32073, 1390, 25975],delete:
need:	[2899, 885, 19445]	[22713, 1457, 34157],delete:
need:	[20253, 1488, 27633]	[439, 189, 7819]	[20253, 1389, 25093]	[439, 90, 5279],delete:
need:	[22242, 1752, 25461]	[1380, 101, 5647],delete:
need:,delete:
need:,delete:
need:	[26251, 1621, 23004]	[23004, 1418, 26251],delete:
need:	[8253, 96, 5726],delete:
need:	[30249, 1650, 24341],delete:
need:	[22743, 1309, 29388]	[9574, 159, 5274],delete:
need:	[1157, 159, 7538],delete:
need:	[33125, 1795, 21895]	[2081, 431, 13311],delete:
need:	[1896, 795, 12330],delete:
need:	[31043, 1516, 22911]	[11229, 217, 3097],delete:
need:	[8821, 441, 4014]	[12503, 441, 8821],delete:
need:	[9372, 1162, 10084]	[24141, 1696, 29898],delete:
need:	[23614, 1719, 22780]	[23614, 1730, 37650]	[23614, 1784, 21957]	[3800, 236, 14571],delete:
need:	[10292, 119, 5313]	[25127, 1650, 32062],delete:
need:	[24063, 1389, 19930]	[30740, 1389, 24063]	[10926, 90, 4249],delete:
need:	[28996, 1519, 26412]	[9182, 250, 11019],delete:
need:	[2004, 119, 4051]	[30092, 1805, 23865],delete:
need:	[24869, 1738, 20018],delete:
need:	[2434, 506, 1495]	[3082, 351, 1495],delete:
need:	[1165, 1298, 9601],delete:
need:	[31538, 1458, 28796]	[8982, 537, 11724],delete:
need:	[34610, 1386, 26848],delete:
need:	[6958, 288, 13275]	[6958, 410, 13946]	[26772, 1609, 33089],delete:
need:	[3524, 496, 12957]	[32771, 1424, 23338],delete:
need:	[5970, 768, 17596]	[25784, 2130, 33215],delete:
need:	[30572, 1406, 29604]	[13573, 107, 9790],delete:
need:	[9811, 322, 4649]	[29625, 1740, 21410],delete:
need:	[6873, 1162, 12194]	[26687, 2090, 26687],delete:
need:	[27900, 1719, 21467]	[8086, 420, 1653]	[23153, 1389, 27900],delete:
need:	[13867, 1173, 3786]	[33681, 1795, 23600],delete:
need:	[20367, 1549, 36729]	[553, 159, 1195],delete:
need:	[7813, 506, 1913],delete:
need:,delete:
need:	[27898, 1390, 29528],delete:
need:,delete:
need:	[21433, 1389, 30756]	[1619, 90, 10942],delete:
need:	[30723, 1466, 20964],delete:
need:	[19858, 1628, 22185]	[2371, 537, 44],delete:
need:	[7960, 138, 7495]	[9212, 159, 7960]	[32663, 2177, 27774],delete:
need:	[12463, 236, 9499]	[32277, 1730, 29313],delete:
need:	[27680, 1458, 28496]	[4706, 537, 8682],delete:
need:	[14721, 679, 5999]	[32765, 1656, 25813]	[12951, 679, 5999],delete:
need:	[1967, 537, 7449]	[21781, 1836, 27263],delete:
need:	[27237, 1609, 33358]	[33358, 1404, 27237]	[27237, 1528, 28414],delete:
need:	[25511, 1389, 31211]	[5697, 90, 15749],delete:
need:	[21948, 1621, 28643],delete:
need:	[24012, 1719, 34685],delete:
need:,delete:
need:	[1101, 1216, 9308]	[20915, 1570, 29122],delete:
need:	[23110, 1413, 32213],delete:
need:	[23314, 1650, 31754]	[3500, 179, 16322],delete:
need:	[1079, 155, 5036],delete:
need:	[5282, 84, 11732]	[25096, 1383, 31546],delete:
need:	[6570, 119, 3774]	[9472, 351, 3774],delete:
need:	[26833, 1390, 26164],delete:
need:	[9959, 420, 9037]	[29773, 1719, 27310],delete:
need:	[23968, 1478, 20147]	[4154, 351, 17555],delete:
need:	[29087, 1730, 32476]	[9273, 420, 1653]	[29087, 1719, 21467],delete:
need:	[31502, 1872, 20956]	[11688, 717, 1142],delete:
need:	[4777, 384, 9559]	[29373, 1650, 24591],delete:
need:	[8268, 84, 13532]	[8268, 84, 11534],delete:
need:	[21904, 1650, 34559]	[21904, 1640, 36224],delete:
need:	[11196, 441, 8862]	[28676, 1478, 24098],delete:
need:	[4600, 1243, 555]	[24414, 1655, 20231],delete:
need:	[9287, 220, 14770]	[9287, 329, 9294],delete:
need:	[5689, 1226, 4203]	[24017, 1795, 20723],delete:
need:	[4857, 1243, 10880]	[24671, 2104, 30694],delete:
need:	[5416, 414, 12706],delete:
need:	[26949, 1719, 21467]	[26949, 1719, 23091],delete:
need:	[6677, 420, 9386]	[33731, 1389, 26491]	[13917, 90, 6677]	[6677, 420, 1653],delete:
need:	[28759, 1628, 21435]	[8945, 159, 1621],delete:
need:	[30132, 1408, 30315]	[10318, 109, 10501],delete:
need:	[1889, 847, 255]	[20069, 1795, 23887],delete:
need:,delete:
need:,delete:
need:	[21779, 1587, 29347]	[4753, 288, 1965],delete:
need:,delete:
need:	[9403, 322, 1721],delete:
need:	[5853, 1162, 12980]	[25667, 1696, 32794],delete:
need:	[6138, 721, 19227]	[25952, 1318, 20103],delete:
need:	[1154, 537, 7979]	[12775, 159, 7979],delete:
need:	[8117, 274, 3674]	[8117, 96, 4677],delete:
need:	[1305, 355, 8868]	[31685, 1424, 28682],delete:
need:	[26808, 1466, 26563]	[6994, 351, 1528],delete:
need:	[26025, 1478, 21069]	[31929, 1805, 21069],delete:
need:	[29996, 1628, 33667]	[5799, 287, 10182],delete:
need:	[4089, 768, 9481]	[23903, 2130, 29295],delete:
need:	[8446, 704, 9702]	[28260, 1631, 32553],delete:
need:	[11064, 679, 1314]	[30878, 1656, 21128],delete:
need:	[6916, 306, 8935],delete:
need:,delete:
need:,delete:
need:	[29714, 1386, 31057]	[9900, 87, 11243],delete:
need:	[31159, 1424, 26973]	[14085, 286, 7159],delete:
need:	[32100, 2411, 29552]	[4840, 711, 9738],delete:
need:	[5844, 537, 6776],delete:
need:	[14812, 441, 10029],delete:
need:	[6011, 351, 7571]	[30210, 1683, 27385],delete:
need:,delete:
need:	[25501, 1478, 39359],delete:
need:	[26263, 1621, 30585]	[6449, 322, 10771],delete:
need:	[1985, 1162, 12879]	[32693, 1862, 21799],delete:
need:,delete:
need:,delete:
need:	[21568, 1650, 34275]	[1754, 179, 4612],delete:
need:	[8951, 959, 4536],delete:
need:	[28618, 1725, 25321]	[4321, 1159, 8804]	[21175, 1725, 28618],delete:
need:	[22807, 1923, 20733]	[2935, 537, 919],delete:
need:	[8472, 587, 5754]	[12403, 482, 5754],delete:
need:	[5095, 1010, 5681]	[5095, 1010, 5144]	[24909, 1684, 27045],delete:
need:	[6557, 653, 12003],delete:
need:	[19838, 1424, 30172]	[10358, 161, 7304],delete:
need:	[14324, 893, 6368]	[34138, 1399, 26182],delete:
need:	[27617, 1683, 30511]	[34717, 1805, 27617],delete:
need:	[25504, 1650, 22905]	[5690, 119, 5792],delete:
need:	[26607, 1795, 25629]	[25469, 1836, 26607]	[6793, 1294, 3841],delete:
need:	[34027, 1389, 28936]	[9122, 431, 14213],delete:
need:	[3137, 439, 11820]	[22951, 1738, 31634],delete:
need:	[28836, 1418, 27996]	[27996, 1418, 38295],delete:
need:	[34423, 1725, 28760]	[8465, 179, 8946],delete:
need:	[19845, 1805, 28684]	[8597, 441, 8870],delete:
need:,delete:
need:	[29107, 1418, 30216]	[9293, 351, 175],delete:
need:	[529, 620, 5418],delete:
need:	[8558, 920, 13822]	[28372, 1795, 33636],delete:
need:	[8386, 420, 4727]	[28200, 1389, 30360]	[8825, 90, 8386]	[8386, 90, 10546],delete:
need:	[27505, 1719, 20224]	[7691, 420, 10414],delete:
need:	[9265, 939, 19506]	[29079, 1839, 38378],delete:
need:	[6589, 351, 10831]	[2640, 119, 6589],delete:
need:	[1095, 923, 5903],delete:
need:	[11999, 1025, 1039],delete:
need:	[8659, 537, 6901]	[28473, 1458, 32704],delete:
need:	[4958, 261, 12039]	[24772, 1400, 22760]	[24772, 1400, 31570]	[24772, 1752, 31569]	[22619, 1536, 24772]	[24772, 1400, 22619],delete:
need:	[4683, 496, 2601]	[34020, 1628, 24497],delete:
need:	[7609, 271, 8886],delete:
need:	[25293, 1386, 23224]	[670, 87, 5479],delete:
need:	[20038, 1390, 31217]	[20038, 1719, 30228]	[224, 420, 10414]	[224, 420, 14871],delete:
need:	[3083, 329, 7527]	[22897, 1839, 30812],delete:
need:	[7276, 464, 3206]	[27090, 1795, 33744],delete:
need:	[26260, 1719, 28173],delete:
need:	[3657, 19, 1509]	[23471, 1604, 35743],delete:
need:	[14776, 90, 818]	[20632, 1784, 21755]	[34590, 1389, 20632]	[818, 420, 4727],delete:
need:	[30604, 1683, 28919]	[9105, 351, 10790],delete:
need:	[10119, 159, 10609]	[30423, 1549, 29933],delete:
need:	[2728, 530, 10046]	[29860, 1576, 22542],delete:
need:	[20357, 1437, 22590],delete:
need:	[7004, 351, 4104],delete:
need:	[10461, 167, 689]	[20503, 1478, 30275],delete:
need:	[5602, 179, 274]	[25416, 1683, 37037],delete:
need:	[32004, 1457, 26913]	[3328, 722, 7099]	[12190, 1105, 7099],delete:
need:	[14388, 1127, 3621]	[23435, 1725, 34202],delete:
need:,delete:
need:	[6936, 1091, 12857]	[26750, 1520, 32671],delete:
need:	[21740, 1679, 28189]	[12493, 653, 1926],delete:
need:,delete:
need:	[33505, 1683, 21252],delete:
need:	[1668, 167, 13591]	[21482, 1418, 37078],delete:
need:	[3640, 939, 9377],delete:
need:	[20773, 1418, 21535]	[3699, 506, 1721],delete:
need:	[26904, 1740, 32743]	[32743, 1805, 26904],delete:
need:	[6794, 286, 13496]	[26608, 1585, 33310],delete:
need:,delete:
need:,delete:
need:	[22345, 1719, 23244]	[2531, 420, 14871]	[22345, 1389, 23150]	[2531, 420, 410],delete:
need:	[6829, 1017, 1569],delete:
need:	[25910, 1683, 32743],delete:
need:	[20077, 1389, 28829]	[31810, 1389, 28829]	[30859, 1389, 28829],delete:
need:	[31949, 1458, 26144]	[6330, 537, 18922],delete:
need:	[21866, 2411, 22833]	[22833, 1923, 21866],delete:
need:	[22656, 1683, 29844],delete:
need:	[1807, 368, 19482]	[21621, 1725, 31627]	[21621, 1725, 37329],delete:
need:	[12543, 1243, 241]	[32357, 2104, 20055]	[20055, 1655, 20231],delete:
need:	[25790, 1795, 30075]	[5976, 159, 14149],delete:
need:	[2069, 680, 454],delete:
need:	[5996, 720, 8469],delete:
need:	[23630, 1719, 26719]	[3816, 420, 10772],delete:
need:	[33529, 1857, 24896]	[5082, 199, 8074],delete:
need:	[25625, 2209, 39544],delete:
need:	[6561, 420, 8369]	[26375, 1719, 30876],delete:
need:	[8915, 959, 10982]	[28729, 1696, 38304],delete:
need:	[27388, 2242, 20390]	[20390, 1578, 27901]	[29261, 1872, 20390],delete:
need:	[6726, 167, 10884]	[6726, 179, 16376],delete:
need:	[14375, 87, 10245]	[30059, 1719, 21950]	[30059, 1719, 29006],delete:
need:,delete:
need:	[29458, 1466, 29354],delete:
need:	[30173, 1544, 27267]	[30173, 1503, 33082],delete:
need:	[626, 159, 13972]	[20440, 1836, 36097],delete:
need:	[7196, 204, 17199]	[27010, 1503, 38256]	[30401, 1795, 27010],delete:
need:	[26988, 1478, 25360]	[7174, 179, 5546],delete:
need:	[12722, 714, 9434]	[9434, 1085, 115],delete:
need:	[2757, 441, 5723],delete:
need:	[1351, 204, 7327]	[1351, 245, 12635]	[21165, 1544, 21433]	[21165, 1544, 32449],delete:
need:	[26350, 1478, 29810]	[26350, 1621, 35230],delete:
need:	[29205, 1458, 25380],delete:
need:	[8834, 690, 5506]	[5506, 333, 2927],delete:
need:	[29433, 1466, 32710]	[9619, 506, 10973],delete:
need:	[10694, 563, 1137]	[30508, 1862, 20951]	[20951, 1696, 31346],delete:
need:	[21508, 1390, 25581]	[21508, 1586, 25762]	[21107, 1836, 21508],delete:
need:	[23234, 2159, 37159]	[11615, 1234, 3420],delete:
need:,delete:
need:	[10716, 384, 427],delete:
need:	[9262, 1173, 6139]	[6139, 376, 7085],delete:
need:	[34081, 1805, 24950]	[5136, 351, 18545],delete:
need:	[22602, 1683, 24098]	[9628, 351, 2788],delete:
need:	[29116, 1795, 33601]	[13787, 286, 9302],delete:
need:	[28603, 1560, 26405]	[1034, 261, 6591],delete:
need:	[3414, 89, 17049]	[30773, 1583, 23228]	[23228, 1396, 30773],delete:
need:	[7091, 927, 1252],delete:
need:	[9312, 736, 16339]	[29126, 1549, 37456],delete:
need:	[26195, 1621, 30937]	[6280, 322, 6381],delete:
need:	[2918, 485, 13505]	[22732, 1784, 33319]	[22732, 1795, 36783]	[22732, 1795, 35293],delete:
need:	[556, 204, 8340]	[25246, 1503, 28154],delete:
need:	[34787, 1683, 22146]	[2332, 506, 8634],delete:
need:	[8685, 1216, 6382]	[22790, 1498, 28499],delete:
need:	[34055, 1528, 24897]	[14241, 865, 5083],delete:
need:	[649, 1173, 13945]	[20463, 1318, 33759],delete:
need:	[5590, 179, 5025],delete:
need:	[9008, 420, 8369]	[9008, 420, 6905],delete:
need:	[13714, 346, 50]	[33528, 2086, 19864],delete:
need:	[4686, 441, 635],delete:
