285	20099
4206	24020
5140	24954
4452	24266
10055	29869
7651	27465
7157	26971
4031	23845
4690	24504
9985	29799
5063	24877
5173	24987
1723	21537
1868	21682
6404	26218
3313	23127
6772	26586
1538	21352
9470	29284
6920	26734
6327	26141
1904	21718
3243	23057
7450	27264
796	20610
9721	29535
5473	25287
1593	21407
4209	24023
1896	21710
2516	22330
7239	27053
2980	22794
6634	26448
9493	29307
4457	24271
5426	25240
2733	22547
5811	25625
2237	22051
2839	22653
3214	23028
10411	30225
3537	23351
2279	22093
4359	24173
3519	23333
7099	26913
3603	23417
9438	29252
9434	29248
6089	25903
861	20675
8841	28655
7123	26937
1326	21140
9944	29758
7415	27229
4264	24078
3292	23106
127	19941
6657	26471
5262	25076
535	20349
4721	24535
2414	22228
4427	24241
8571	28385
8752	28566
6749	26563
4543	24357
3203	23017
4101	23915
1113	20927
9452	29266
8769	28583
9771	29585
4688	24502
4027	23841
42	19856
1074	20888
4408	24222
4692	24506
7758	27572
3154	22968
6541	26355
10304	30118
8172	27986
1529	21343
6172	25986
6345	26159
4816	24630
9443	29257
9049	28863
0	19814
311	20125
7148	26962
9176	28990
8996	28810
3376	23190
4654	24468
2978	22792
9002	28816
3935	23749
1581	21395
9833	29647
9873	29687
4035	23849
3931	23745
4464	24278
5261	25075
1808	21622
7936	27750
1370	21184
6093	25907
10372	30186
10470	30284
7034	26848
7203	27017
9625	29439
10486	30300
7384	27198
2984	22798
6128	25942
565	20379
7176	26990
2806	22620
5388	25202
6314	26128
8616	28430
4439	24253
8634	28448
8524	28338
7155	26969
1785	21599
6616	26430
3128	22942
4728	24542
276	20090
6888	26702
9502	29316
6196	26010
5914	25728
4873	24687
7947	27761
4463	24277
6309	26123
7590	27404
2645	22459
7815	27629
2526	22340
9758	29572
1167	20981
2920	22734
6368	26182
7913	27727
6083	25897
2789	22603
8717	28531
3699	23513
6213	26027
6861	26675
3435	23249
279	20093
6520	26334
4982	24796
949	20763
4796	24610
5259	25073
7374	27188
5989	25803
10466	30280
6357	26171
1656	21470
5928	25742
4133	23947
8295	28109
1637	21451
2341	22155
3626	23440
1148	20962
4641	24455
869	20683
3706	23520
4184	23998
3891	23705
4017	23831
9900	29714
2730	22544
836	20650
2732	22546
5684	25498
4696	24510
8749	28563
8107	27921
6466	26280
6946	26760
2572	22386
490	20304
3099	22913
5011	24825
7810	27624
2170	21984
2993	22807
1598	21412
3019	22833
7418	27232
7657	27471
7764	27578
5936	25750
5355	25169
902	20716
8855	28669
2943	22757
8625	28439
10018	29832
2025	21839
1216	21030
6907	26721
9444	29258
10492	30306
6735	26549
10116	29930
2423	22237
3670	23484
2650	22464
4221	24035
7354	27168
6087	25901
2229	22043
9860	29674
8311	28125
8754	28568
8389	28203
8447	28261
8390	28204
3325	23139
8039	27853
4039	23853
8816	28630
4502	24316
102	19916
1343	21157
9648	29462
852	20666
9823	29637
6874	26688
4202	24016
7291	27105
8110	27924
241	20055
5078	24892
3770	23584
132	19946
1814	21628
4524	24338
1166	20980
5114	24928
1672	21486
8486	28300
5487	25301
7404	27218
2273	22087
6852	26666
5168	24982
1574	21388
4092	23906
4507	24321
147	19961
3073	22887
6219	26033
8732	28546
4303	24117
913	20727
210	20024
3237	23051
2812	22626
3959	23773
3248	23062
4488	24302
5710	25524
6320	26134
3285	23099
7067	26881
10143	29957
10235	30049
5103	24917
4551	24365
5841	25655
3378	23192
9769	29583
625	20439
9	19823
979	20793
1865	21679
4553	24367
6892	26706
4520	24334
5732	25546
3300	23114
10291	30105
3387	23201
3579	23393
3153	22967
5273	25087
10272	30086
9885	29699
7411	27225
5821	25635
5409	25223
9140	28954
9496	29310
6017	25831
9307	29121
8915	28729
160	19974
5459	25273
1813	21627
478	20292
6667	26481
1990	21804
2653	22467
1458	21272
3267	23081
6055	25869
6407	26221
9309	29123
8062	27876
1591	21405
3421	23235
4558	24372
703	20517
6406	26220
1482	21296
993	20807
6326	26140
6766	26580
9294	29108
5119	24933
3233	23047
101	19915
8403	28217
8165	27979
9664	29478
1286	21100
200	20014
7971	27785
786	20600
9551	29365
598	20412
9992	29806
3210	23024
2508	22322
5318	25132
9234	29048
3894	23708
1231	21045
10123	29937
7007	26821
10387	30201
9121	28935
7552	27366
10453	30267
3800	23614
3734	23548
9680	29494
7478	27292
885	20699
8055	27869
8887	28701
4494	24308
6449	26263
10472	30286
8583	28397
6845	26659
417	20231
651	20465
2183	21997
3856	23670
1962	21776
6111	25925
8618	28432
3602	23416
970	20784
3007	22821
1094	20908
7964	27778
9581	29395
1039	20853
6217	26031
8382	28196
8833	28647
2061	21875
10182	29996
8991	28805
4295	24109
8934	28748
3969	23783
3535	23349
4777	24591
1981	21795
7816	27630
9439	29253
2853	22667
5845	25659
8675	28489
10112	29926
7835	27649
1159	20973
4048	23862
4161	23975
740	20554
7188	27002
4369	24183
8068	27882
9579	29393
7803	27617
10	19824
7884	27698
4121	23935
6536	26350
6606	26420
9480	29294
3174	22988
1204	21018
1504	21318
724	20538
10309	30123
3108	22922
635	20449
9229	29043
9050	28864
4917	24731
1107	20921
1092	20906
3763	23577
9764	29578
7674	27488
7425	27239
792	20606
5686	25500
547	20361
9816	29630
10020	29834
5596	25410
4036	23850
6294	26108
795	20609
1943	21757
7846	27660
1823	21637
8952	28766
10127	29941
2872	22686
9273	29087
9869	29683
1135	20949
6781	26595
9355	29169
1261	21075
107	19921
8904	28718
3016	22830
1563	21377
10447	30261
9377	29191
4950	24764
4983	24797
2402	22216
5977	25791
496	20310
4890	24704
6958	26772
3803	23617
4846	24660
2033	21847
6957	26771
2129	21943
9282	29096
9876	29690
5917	25731
1438	21252
6728	26542
8220	28034
6181	25995
419	20233
2091	21905
8439	28253
10367	30181
476	20290
9608	29422
1871	21685
10037	29851
3550	23364
8417	28231
1417	21231
10117	29931
8909	28723
5963	25777
1534	21348
8450	21990
5882	23001
5910	24448
2269	26637
5955	19924
1346	25653
1890	25553
6259	20921
8376	28047
1630	24557
7592	21779
4171	25005
3131	20866
5992	25424
8272	20480
8782	26582
7724	27663
5997	29273
4828	20303
286	20772
3409	20355
7476	21600
7398	21504
8373	22365
6462	21428
8596	28073
3415	27572
1136	27007
8293	27338
5857	27352
73	20372
3619	27850
948	30028
5558	23745
6165	28633
10430	22067
4081	24956
7017	20483
3898	25284
2151	26064
3695	28627
2900	27370
5278	23582
2634	21169
6182	26800
7488	24416
6738	21102
4034	26219
7675	27711
4332	26226
3434	27122
3665	28551
1200	20207
5385	21253
8157	22358
396	30241
1377	24723
8412	26208
6224	29087
4423	22110
8440	25710
6312	24034
1762	21671
10244	21779
9042	27999
4838	24947
1465	29412
607	24629
7919	27181
1701	23405
6513	27566
8889	29407
3701	29249
2711	21817
611	20119
716	26937
9107	23649
9281	28214
6922	25723
923	26122
10022	28422
1879	20795
2492	20211
8224	26485
5408	28572
7462	20397
7039	26527
3475	27903
7551	28282
1102	21226
4437	26578
7057	21564
4344	22967
2769	28156
5982	24860
2297	23593
2722	20499
4865	28988
8783	24675
4331	21807
6068	27138
2633	25407
9563	21075
10427	23838
3113	25938
4479	23023
5743	26549
1903	27004
3881	26411
2637	26661
6682	29856
1104	21253
2626	29135
9060	25766
5511	23412
1374	28244
8164	22661
288	21600
1358	28203
2998	28744
2472	27367
7079	22085
2503	28639
5850	28692
215	23656
3513	28350
7325	25973
4398	29688
734	20030
43	28964
5105	23076
349	25856
3462	30030
2698	19897
1678	21950
356	29975
6753	21950
3265	28701
9932	21268
3064	25667
7795	27956
5070	28541
6099	25914
5819	23744
7536	26912
10027	22897
7025	25024
739	21924
6997	29668
6151	20676
4225	22576
8564	23304
6530	29132
1333	24086
4329	23979
8693	26249
7296	24453
8476	27122
5871	29450
388	23642
1276	24958
3963	23237
9739	22437
7927	23236
2616	26344
9455	24083
7772	28362
10267	21221
542	25139
8471	25376
5934	25323
5692	27910
3437	29799
1171	26343
4545	30238
8840	27486
5182	23838
6915	24354
3522	29816
5488	20499
7837	21819
2453	28718
3080	24034
6160	26598
6624	21835
7969	28809
3940	25820
9338	25258
408	22311
3341	27243
9637	26582
1827	28034
6306	25564
6649	27696
1562	23863
5727	27467
7198	19904
3018	29101
4219	29799
5300	22402
6174	27064
4670	25086
4157	29847
4242	24416
7901	21226
7046	25211
4135	25775
8483	24991
1549	22767
5226	22551
3661	30265
37	24034
3850	28501
4497	22204
6693	20665
4518	27916
3260	27195
6241	29153
7869	20145
5332	21776
7472	23101
5319	26563
5281	29445
8207	25300
3913	24106
7759	29324
4230	20860
5264	20866
572	30304
10268	25102
6916	26557
8013	21621
8706	26626
3441	25766
1361	25225
5265	28874
9729	22187
8009	26450
1357	20434
1839	19814
9247	22385
4227	21253
7906	28428
1627	21967
9640	29732
9654	28740
4912	27081
9522	28893
1364	24929
3637	29118
8727	21271
7910	25715
324	22241
2145	21342
9874	28244
6662	29056
8160	23224
8398	20286
1782	28122
7339	28944
3355	20739
1623	29122
1401	30238
1229	29599
8520	21617
2372	21427
2514	27413
1834	26601
545	23786
7623	24864
7576	30273
3758	23833
9044	19815
5391	20338
1953	26446
24	29249
3835	28334
1916	27956
2024	29012
5360	21116
3220	22161
6913	28914
3720	26311
7594	29653
2868	22698
6120	21689
5345	24535
8525	27785
10465	30112
4251	21960
2431	23611
9030	29904
9843	22787
6474	27696
159	20783
10477	24803
10083	29498
7290	27777
7038	23908
2827	21127
4431	28412
8144	25501
7283	30203
8814	21636
4296	26829
9807	28561
813	22166
9207	25140
113	21819
7458	21380
6524	28147
3915	25415
319	20480
1521	23086
3092	20708
2692	29481
3147	27316
6036	28536
3238	25963
7632	25873
6503	23861
1781	23036
9120	29830
1483	30018
4120	29441
1243	23140
4672	30187
9731	27951
2819	21463
7558	20056
4119	25553
586	20347
842	24991
3360	27780
3078	21050
7659	24096
2301	23373
9722	27141
5724	26307
6286	25480
1161	25766
7395	26425
2164	27123
3032	24631
6621	20414
6778	30181
6974	22880
1997	23103
4508	27725
2814	29490
917	27138
2232	26664
6202	26897
355	23390
7745	21229
5774	21102
5625	23099
8574	22322
7393	22750
10331	23276
587	23800
1145	20776
6397	26661
445	25965
1056	26803
1315	22607
6984	26307
8766	22843
7486	26585
7207	29161
8579	29058
3939	24496
1144	28946
2798	26307
4218	27540
2098	29672
5284	20263
9792	25116
19	24525
9937	28952
1731	29313
6475	25722
534	19924
3298	29150
7856	25537
3570	26250
5649	21634
7499	25008
8993	22412
2054	29755
7671	22126
2027	21249
222	24195
785	22402
4073	21756
7720	28907
10360	25710
1451	24819
5595	20685
7018	21289
9795	27928
328	21616
1543	28547
5974	25615
6940	28753
4442	26613
3735	26422
693	26665
2180	21805
2142	20862
1714	20030
5564	30025
5978	24526
556	28154
8774	20839
3533	24163
1555	28089
8090	25791
3755	26569
405	24060
2892	25970
2654	22801
3789	29916
7342	25938
1475	20728
1860	27814
6298	29161
8463	24789
3938	25755
2991	25969
6676	20664
7787	20463
3146	20499
6817	27274
8594	27295
6898	21646
8670	26229
3192	21427
9809	26460
1221	29609
9701	28783
9639	28459
3212	22583
7782	22510
7801	22568
5904	22855
10476	22226
3206	28962
9685	24672
6049	20558
5736	28286
6195	27666
7695	26243
704	24694
2117	28402
7256	25135
5501	25768
1954	27928
6628	22231
9635	26093
9005	19896
2353	29886
5818	26664
5370	20140
7574	28819
5634	23852
3808	20179
9924	21420
8694	23032
9523	26310
657	22404
5201	21930
2935	20733
2965	20318
2878	23076
5752	25196
403	23925
884	20600
2752	26319
1634	21779
5048	29137
7742	27338
713	25093
3584	30122
2248	27936
3060	20616
3205	24198
7932	24580
10193	21004
4222	28266
10106	27687
2885	21779
1648	28487
9936	25080
8469	25451
10319	27607
8206	27926
6004	23539
3869	20370
3628	22067