165	189	11221
165	189	14025
165	189	14080
165	189	10675
19553	1890	30609
165	189	10670
19553	1890	20961
19553	1890	33468
19553	1890	30063
19553	1890	33413
19553	1890	30058
19553	1890	32338
19553	1890	27310
165	189	12950
165	189	1573
4383	795	12288
7358	875	4383
23771	2496	31676
28414	2576	23771
23771	1738	26746
28313	2576	23771
8925	875	4383
26746	2576	23771
23771	2260	32619
14585	226	3135
3135	154	14585
3135	1570	14123
33973	1927	22523
22523	1855	33973
22523	2234	30074
22523	1994	37518
22523	2528	37518
22523	2353	36321
30074	2291	22523
22523	2291	36321
22523	2164	32618
11330	725	8411
8295	908	8411
2180	1021	8411
27799	2532	33661
8411	1690	14273
8411	1095	11481
8411	1560	8295
33661	1900	27799
8411	1661	8411
8177	908	8411
27799	2520	33661
28207	2520	27799
30718	2426	27799
14273	1361	8411
27799	2127	27565
33661	2353	27799
8411	1029	14273
14273	1558	8411
28207	2234	27799
27683	2127	27799
8411	1558	8819
27565	2127	27799
27799	1900	28207
27799	2353	28207
8819	1690	8411
27799	2127	27683
8411	1560	8177
8411	1641	17642
27799	1956	31402
4406	1389	8411
8411	1661	8411
28207	2532	27799
30869	2532	27799
27799	2532	38473
27799	2208	34601
27799	2301	30869
27799	2127	37910
5949	745	10956
5949	502	11551
25337	2401	35248
10956	502	5949
25337	2446	30344
24310	2203	25337
25337	2446	25455
6067	502	5949
5949	745	6067
5949	745	4922
25337	2446	24310
25455	2203	25337
25337	2203	30939
30344	2203	25337
5949	700	17568
29747	1791	38733
29747	2554	21256
29747	2484	31756
3807	1606	10359
11968	1606	10359
10359	1606	3807
8346	1606	10359
10359	1606	11968
10359	1606	5612
10359	1606	8346
10359	1606	9357
10359	1606	16319
10359	1606	15979
5612	1606	10359
6767	1457	8339
28981	2238	27727
14412	1457	8339
9593	1457	8339
28813	2238	27727
2891	1457	8339
26155	2238	27727
27727	1862	32967
27287	1761	27727
33800	1761	27727
27727	2143	21819
8339	442	2431
1851	414	6877
6322	343	1851
1851	271	9607
21239	2195	24966
24966	2044	21239
21239	1972	28995
21239	2177	25710
1851	271	6877
1851	271	13908
1851	271	5578
21239	2115	26265
21239	1972	24966
21239	1972	26265
1851	494	5578
25710	2044	21239
21239	1972	33296
10658	652	2321
8149	634	2321
7838	79	2321
2321	34	7750
1058	79	2321
3549	819	2321
2321	652	3549
21709	2089	24359
21709	2528	33065
21709	2481	20446
4205	872	2321
21709	2402	33065
21709	1722	26779
27769	2573	21709
20446	2335	21709
23593	2573	21709
30046	2353	21709
21709	2335	33128
27537	2335	21709
21709	2353	22937
30046	2335	21709
21709	2520	30046
21709	2335	22937
27226	2335	21709
21709	2335	23656
19670	2291	21709
22937	2520	21709
21709	2018	26432
8381	872	2321
30948	2234	21709
11951	819	7346
5591	652	7346
7346	652	11951
31487	2234	26734
7346	819	5591
31339	2234	26734
7346	463	8486
7346	471	947
26734	2172	24759
7346	463	1698
7346	579	7966
26734	1722	24759
31339	2520	26734
7346	21	5371
11087	457	7346
26734	2075	29417
26734	2172	20335
26734	1933	21086
26734	2520	24979
26734	2280	27354
26734	2172	20210
24979	2291	26734
26734	2164	32027
27874	2141	26734
26734	2164	27874
24979	2353	26734
26734	2353	31339
28994	2520	26734
26734	2353	31487
31487	2520	26734
26734	2199	27117
26734	2164	21086
29870	1899	27311
27311	1899	38142
27311	2052	33935
27311	2052	26320
20060	2087	27311
7923	351	6932
7923	351	14547
7923	351	3401
14078	987	7923
7923	351	4781
6717	198	7923
7947	1316	7923
7923	198	7826
10482	198	7923
7923	587	14530
7826	198	7923
7923	198	1580
7923	198	17609
27311	2052	22789
27311	2052	32782
3664	1649	7923
2232	283	4649
11154	283	4649
27180	1984	24037
7792	283	4649
30542	1984	24037
24037	2579	27006
24037	2579	27180
24037	2579	30542
4649	878	2232
4649	878	11154
24037	2579	21620
4649	878	7792
3552	652	11432
22940	2528	28321
2755	652	3552
11432	819	3552
30820	2520	22940
22940	2353	30820
22940	2520	22143
22143	2353	22940
22940	2509	19675
22940	2172	22502
22940	2509	33896
3552	819	2755
12227	652	1611
12227	590	1611
5835	652	1611
20999	2520	31615
1611	533	12227
20999	2172	25223
20999	1722	33785
31615	2353	20999
1611	819	12227
20999	2164	25520
20999	2164	26230
1611	471	5835
1611	463	6842
20999	2164	21187
20999	2528	32218
20999	2528	33045
20999	2528	32619
1611	463	6132
30974	2360	23986
5289	851	4598
23986	1966	24246
23986	1966	26379
4598	810	11586
4598	265	4858
4598	265	6991
26379	2052	23986
6991	351	4598
23986	2511	32289
4598	810	12736
23986	2511	32124
23986	2511	30974
4598	156	13653
4598	810	12901
4598	810	2265
24677	2382	23986
