need:	[165, 189, 10670]	[165, 189, 11221],delete:
need:	[23771, 2496, 31676]	[4383, 795, 12288]	[23771, 1738, 26746],delete:
need:	[14585, 226, 3135]	[33973, 1927, 22523],delete:
need:,delete:
need:,delete:
need:	[3807, 1606, 10359]	[10359, 1606, 3807]	[10359, 1606, 15979]	[5612, 1606, 10359]	[29747, 2554, 21256]	[29747, 1791, 38733],delete:
need:	[9593, 1457, 8339]	[28981, 2238, 27727]	[6767, 1457, 8339],delete:
need:	[21239, 2115, 26265]	[21239, 2195, 24966]	[1851, 414, 6877]	[6322, 343, 1851],delete:
need:,delete:
need:,delete:
need:	[7923, 351, 6932]	[14078, 987, 7923]	[6717, 198, 7923]	[3664, 1649, 7923]	[7923, 351, 3401]	[7923, 198, 7826]	[7923, 198, 1580]	[10482, 198, 7923]	[7923, 351, 14547]	[27311, 2052, 26320]	[27311, 2052, 22789]	[27311, 2052, 32782]	[20060, 2087, 27311]	[27311, 1899, 38142]	[29870, 1899, 27311],delete:
need:	[2232, 283, 4649],delete:
need:	[2755, 652, 3552]	[3552, 652, 11432]	[22940, 2528, 28321],delete:
need:	[5835, 652, 1611],delete:
need:	[30974, 2360, 23986],delete:
need:,delete:
need:	[6538, 680, 12644]	[3186, 680, 6538],delete:
need:	[7423, 819, 19357]	[26811, 2291, 30193]	[4710, 214, 7423],delete:
need:,delete:
need:	[24069, 2234, 30553]	[4681, 942, 4243]	[30553, 2291, 24069],delete:
need:,delete:
need:	[33543, 2234, 24025],delete:
need:	[10898, 719, 1264]	[4707, 719, 1264],delete:
need:	[2709, 271, 1400]	[2709, 395, 7891],delete:
need:,delete:	[7981, 271, 2930]	[7981, 271, 9186]	[27369, 1972, 37862]	[27369, 1972, 36899]
need:	[6878, 1570, 16523]	[26266, 2528, 26548],delete:
need:,delete:
need:	[2091, 388, 4152]	[13364, 817, 2091]	[32752, 2518, 21479],delete:
need:	[1543, 569, 15841]	[8866, 799, 1543]	[20931, 2395, 26877],delete:
need:	[2781, 177, 5116]	[19963, 1803, 22169]	[22169, 1815, 25442],delete:
need:	[25207, 1972, 22214],delete:
need:,delete:	[10353, 24, 1107]	[10353, 670, 1107]	[22862, 1803, 20495]	[34022, 1803, 20495]	[30106, 1972, 20495]	[20495, 1878, 29741]	[29741, 2371, 20495]	[22123, 2222, 20495]	[25585, 1803, 20495]	[33634, 1972, 20495]	[29506, 1803, 20495]	[29741, 1725, 20495]
need:	[24436, 2115, 28146]	[6985, 414, 8758]	[8758, 177, 1037],delete:
need:,delete:
need:	[24117, 2114, 33370]	[4729, 78, 7998],delete:
need:	[4316, 888, 9397]	[9397, 177, 8162]	[9397, 343, 1606]	[28785, 1878, 27550],delete:
need:	[9630, 652, 3220],delete:
need:	[21862, 2323, 31051]	[31051, 2172, 21862],delete:
need:,delete:	[32755, 2089, 23080]
need:,delete:	[1498, 21, 15279]	[1498, 463, 18449]	[1498, 827, 14990]	[1498, 463, 17411]	[20886, 1722, 36736]	[20886, 2528, 34378]	[20886, 2164, 34773]
need:	[31883, 2509, 28440],delete:
need:	[23313, 2486, 26832]	[3925, 785, 7444]	[28986, 2339, 23313],delete:
need:	[224, 171, 2907]	[29997, 2582, 22295],delete:
need:	[9366, 1244, 12914]	[9366, 271, 10734]	[9366, 476, 12218],delete:
need:,delete:	[322, 873, 6245]	[33690, 2574, 25633]	[25633, 2414, 23766]	[25633, 2414, 22405]
need:,delete:
need:	[29720, 1857, 31659]	[29720, 2511, 34011]	[29720, 2516, 32534],delete:
need:	[4347, 426, 1831]	[23735, 2241, 21219],delete:
need:	[4917, 869, 14113]	[4260, 1426, 4917]	[4260, 1377, 4917]	[23648, 1875, 24305],delete:
need:	[5938, 986, 7233]	[12725, 861, 5938]	[32113, 2562, 25326],delete:
need:	[7412, 395, 7316]	[7412, 414, 14400],delete:
need:	[3323, 1441, 14935]	[14935, 1441, 3323]	[34323, 1789, 22711]	[22711, 1944, 31458],delete:
need:,delete:
need:,delete:
need:	[659, 33, 818]	[29310, 2506, 20047]	[20047, 1734, 20206],delete:
need:	[9629, 331, 10417]	[29017, 2032, 24572]	[13580, 388, 9629],delete:
need:	[23268, 2127, 30890],delete:
need:	[24548, 2177, 29809]	[24548, 2096, 29809],delete:
need:	[9820, 1244, 2013],delete:
need:	[12049, 812, 5034]	[30181, 2513, 24422],delete:
need:	[21262, 2234, 32750],delete:
need:	[14337, 652, 2731]	[22119, 2520, 33725],delete:
need:	[24957, 1709, 19722]	[13803, 238, 334]	[28203, 2172, 19722],delete:
need:	[9374, 79, 8663]	[28374, 2353, 28762],delete:
need:	[7755, 21, 14397]	[6132, 652, 7755],delete:
need:	[5503, 395, 752]	[24891, 2096, 33242]	[5503, 395, 13854],delete:
need:,delete:	[1215, 271, 404]	[7903, 888, 404]	[8037, 271, 404]	[27425, 1972, 19792]	[19792, 1815, 21277]
need:	[7082, 331, 11540]	[26470, 2032, 30928]	[26470, 1919, 30920],delete:
need:	[23053, 1728, 32573]	[3665, 726, 10178]	[12819, 1060, 3665],delete:
need:,delete:
need:	[30478, 2172, 22063]	[2675, 244, 11090],delete:
need:	[9050, 374, 1522]	[1522, 354, 12914],delete:
need:	[3713, 177, 1265]	[7614, 414, 3713]	[2532, 414, 3713]	[21920, 2115, 23101]	[30746, 1972, 23101]	[27038, 2096, 23101],delete:
need:	[4012, 476, 13366]	[23400, 1972, 22239]	[23400, 1972, 20409]	[2851, 707, 4012],delete:
need:	[3519, 231, 8320]	[27708, 1760, 20403],delete:
need:,delete:
need:	[2175, 414, 2938]	[21563, 2115, 22326],delete:
need:	[6441, 331, 7049]	[13082, 388, 6441]	[6441, 34, 9808]	[25829, 2032, 26437]	[25829, 1735, 29196],delete:
need:	[9660, 78, 8646]	[9660, 174, 14508]	[21740, 2253, 29048],delete:
need:	[8361, 652, 14699]	[27749, 2089, 30438],delete:
need:	[8964, 1244, 7972]	[30945, 2044, 28352],delete:
need:	[2627, 1112, 9252]	[14099, 564, 9252]	[6417, 75, 9252],delete:
need:,delete:
need:	[6886, 795, 6694]	[28414, 2312, 26274],delete:
need:	[5105, 538, 2031]	[8058, 538, 2031],delete:
need:	[13662, 652, 3514]	[3514, 652, 232]	[19620, 2520, 22902],delete:
need:	[4130, 1233, 18193]	[23518, 2425, 36917]	[23518, 2562, 33534]	[23518, 2557, 36917]	[23518, 2562, 25924],delete:
need:,delete:	[7768, 482, 5774]	[7768, 141, 5473]	[7768, 141, 11247]	[27156, 1842, 22309]	[25162, 2122, 27156]	[27156, 1842, 30635]	[27156, 1842, 24861]	[27156, 1842, 25068]
need:,delete:
need:	[8178, 575, 2232]	[8178, 575, 7792]	[29948, 2304, 27566],delete:
need:	[3796, 652, 5350],delete:
need:	[750, 114, 9841]	[20138, 1815, 29229],delete:
need:,delete:	[8175, 243, 13231]	[8175, 243, 6014]
need:,delete:
need:	[12696, 1115, 4488]	[4488, 23, 9214]	[29865, 2373, 23876],delete:
need:	[21716, 1760, 20151],delete:
need:	[9360, 367, 107]	[19495, 2487, 24773],delete:
need:,delete:
need:,delete:
need:	[512, 414, 10085],delete:
need:	[3767, 343, 1633]	[24831, 1803, 23155]	[21021, 2195, 23155],delete:
need:	[9857, 756, 13020],delete:
need:,delete:
need:	[219, 414, 10929]	[19607, 1972, 30317]	[19607, 2177, 24362],delete:
need:,delete:	[7233, 606, 14084]	[25326, 1702, 26621]	[20382, 1702, 26621]
need:	[12443, 652, 9677],delete:
need:	[6346, 1270, 1982]	[8528, 851, 1982]	[21653, 2360, 21370]	[6346, 1447, 1982],delete:
need:	[3778, 434, 5371]	[6014, 174, 3778]	[3778, 756, 13231]	[23166, 2457, 32619],delete:
need:	[27496, 2496, 26082]	[792, 342, 8108],delete:
need:,delete:
need:,delete:
need:	[196, 114, 8144],delete:
need:	[8726, 1112, 12999]	[3646, 606, 8726]	[8726, 1649, 6508],delete:
need:	[8024, 652, 14727],delete:
need:,delete:
need:	[7294, 59, 6086]	[7294, 393, 552],delete:
need:	[9576, 652, 2732]	[2732, 440, 7444],delete:
need:	[7449, 815, 13963]	[7449, 815, 13913]	[6392, 351, 7449]	[26837, 1950, 25780]	[25780, 2052, 26837],delete:
need:	[8577, 520, 8183]	[8577, 24, 6164],delete:
need:	[6912, 756, 13231],delete:
need:	[26472, 1972, 33665]	[7084, 1148, 7108]	[26472, 2115, 33665],delete:
need:	[7183, 810, 7348]	[26571, 2511, 26736]	[7183, 810, 8799]	[26571, 2529, 34278],delete:
need:	[7998, 156, 8714]	[27386, 1857, 28102],delete:
need:	[19837, 2469, 26256]	[449, 848, 16165]	[449, 768, 6868]	[19837, 2071, 38427],delete:
need:	[8589, 1244, 12070]	[27977, 2177, 29138]	[27977, 2528, 31458],delete:
need:	[8143, 652, 7259]	[27531, 2528, 34275],delete:
need:	[9853, 756, 13231]	[29241, 2207, 29899]	[29241, 2457, 32619],delete:
need:	[6590, 271, 1061]	[6590, 414, 4164],delete:
need:	[33633, 2426, 20831]	[20831, 2353, 37379],delete:
need:,delete:
need:	[9980, 471, 3191]	[3191, 815, 12341]	[1513, 994, 3191],delete:
need:,delete:
need:	[2204, 94, 4589],delete:
need:,delete:	[28198, 1776, 21306]	[3537, 1148, 1918]	[1918, 434, 17778]	[20590, 1776, 21306]
need:	[2683, 199, 4092],delete:
need:	[224, 171, 10609],delete:
need:,delete:	[26464, 2528, 20400]
need:,delete:
need:	[3089, 174, 18435]	[3089, 413, 989],delete:
need:,delete:	[1781, 663, 1615]	[1781, 163, 9684]	[1781, 663, 16796]	[1781, 663, 6777]
need:	[10185, 854, 14144]	[29573, 2555, 33532]	[10185, 810, 12901]	[10185, 854, 13653],delete:
need:,delete:	[644, 756, 13231]
need:	[2792, 994, 15940]	[2792, 340, 1753]	[22180, 2939, 34094],delete:
need:,delete:
need:,delete:
need:	[2813, 819, 10948]	[2813, 998, 7702],delete:
need:,delete:
need:	[5475, 756, 12552]	[5475, 756, 13231]	[24863, 2457, 32619],delete:
need:	[9913, 819, 14516]	[9913, 652, 12326],delete:
need:	[4748, 652, 19223]	[12581, 652, 4748],delete:
need:	[12802, 463, 1914],delete:
need:	[1405, 174, 5753]	[29184, 2528, 20793]	[20793, 1779, 28034],delete:
need:,delete:
need:	[23656, 2089, 24359]	[3549, 652, 4268],delete:
need:	[2715, 833, 14360],delete:
need:,delete:
need:,delete:	[3932, 141, 5640]
need:	[21806, 1929, 19788]	[11331, 672, 2418]	[2418, 373, 14084],delete:
need:	[9858, 471, 18631]	[29246, 2234, 21864],delete:
need:	[25944, 1776, 21214]	[29926, 2307, 21214]	[5095, 1377, 1826]	[24483, 1808, 21214],delete:
need:	[6444, 1148, 8263]	[25832, 2177, 24853]	[6444, 271, 4607],delete:
need:,delete:	[8381, 872, 689]
need:	[24636, 1740, 19652]	[264, 1166, 5248]	[24636, 2350, 22502],delete:
need:	[5965, 141, 7301]	[13619, 141, 7301],delete:
need:	[6042, 414, 1241]	[6042, 271, 1241]	[25430, 2115, 20629],delete:
need:	[8514, 810, 3765]	[27902, 2511, 22596],delete:
need:	[34248, 2196, 26264]	[6876, 495, 2329],delete:
need:	[22540, 1972, 32532]	[22540, 1972, 22911]	[3152, 395, 14988]	[3152, 395, 8068],delete:
need:	[2978, 414, 13922]	[22366, 2115, 33310]	[22366, 1972, 33310]	[2978, 1244, 13925],delete:
need:,delete:	[11482, 476, 1088]	[5824, 476, 1088]	[20476, 1803, 30057]	[20476, 2148, 37118]	[20476, 1803, 27100]
need:	[2607, 42, 9097]	[22818, 1760, 21995],delete:
need:	[9334, 815, 3270]	[28722, 2516, 22658]	[9334, 440, 5111],delete:
need:	[4285, 323, 8714]	[4285, 323, 13051]	[23673, 2253, 27463],delete:
need:	[21662, 2189, 27653]	[2274, 471, 18211],delete:
need:,delete:
need:	[7276, 331, 11693]	[7276, 343, 9410]	[22867, 1803, 26664]	[26664, 1878, 27965],delete:
need:,delete:
need:	[27318, 1760, 23178]	[7930, 244, 11654],delete:
need:	[5592, 271, 12343],delete:
need:	[7885, 819, 5318],delete:
need:	[31219, 2291, 24524]	[11831, 652, 5136],delete:
need:	[4662, 1244, 13925]	[4662, 414, 8757],delete:
need:	[8075, 211, 14653]	[23673, 2253, 27463],delete:
need:,delete:
need:	[1244, 78, 12264]	[20632, 2114, 38119]	[20632, 1779, 31652],delete:
need:	[29919, 2986, 20580]	[20580, 2865, 25921],delete:
need:,delete:	[8233, 113, 13657]	[8233, 1154, 12144]	[8233, 113, 6099]	[33571, 1743, 27621]	[30135, 1743, 27621]
need:	[1652, 652, 18768],delete:
need:	[9723, 343, 7874]	[9723, 114, 13677]	[9723, 343, 476]	[31012, 2195, 29111],delete:
need:	[8776, 395, 11347]	[8776, 1244, 4950]	[28164, 2096, 32740],delete:
need:	[9083, 260, 18454]	[28471, 1760, 33837],delete:
need:,delete:
need:	[1054, 819, 18865],delete:
need:	[29141, 2141, 31598]	[29141, 2089, 37222],delete:
need:,delete:
need:	[26848, 2371, 21675]	[26848, 1725, 21675]	[7460, 994, 4279],delete:
need:	[7163, 395, 3461]	[26551, 2096, 22849]	[3461, 177, 11310]	[13970, 24, 3461],delete:
need:,delete:
need:	[30911, 2347, 21102]	[1714, 156, 3698]	[26743, 2347, 21102]	[1714, 810, 7317],delete:
need:	[33695, 2195, 28129]	[4662, 271, 8741]	[8741, 177, 6257],delete:
need:,delete:
need:	[14798, 827, 372]	[11692, 507, 372],delete:
need:	[1970, 20, 12897]	[23827, 1735, 21358],delete:
need:,delete:
need:	[4619, 414, 4621]	[13008, 395, 4621]	[14972, 494, 4621]	[32396, 2096, 24009]	[30091, 1972, 24009]	[22745, 1972, 24009],delete:
need:,delete:
need:	[6808, 78, 8047],delete:
need:	[30241, 1722, 27915]	[26117, 2172, 27915]	[8527, 463, 10853],delete:
need:,delete:
need:	[5361, 882, 10936]	[24749, 1884, 32302]	[24749, 2446, 32257]	[24749, 2583, 30324]	[24749, 2239, 26044],delete:
need:,delete:
need:,delete:
need:	[9128, 386, 2911]	[2911, 815, 13913],delete:
need:	[10837, 476, 7691]	[27079, 1959, 30225],delete:
need:,delete:
need:	[791, 888, 19347]	[20179, 2589, 37857],delete:
need:	[6102, 471, 6793]	[27110, 1945, 25490],delete:
need:	[2424, 413, 7554]	[21812, 2352, 26942],delete:
need:	[1382, 1244, 1531]	[1382, 476, 11194],delete:
need:	[9451, 810, 11658]	[28839, 2511, 31046],delete:
need:,delete:
need:	[246, 414, 6146]	[19634, 2115, 25534],delete:
need:	[10932, 471, 4300]	[23688, 2573, 26230]	[31999, 2134, 23688],delete:
need:,delete:
need:	[2797, 343, 11699]	[2797, 343, 2618]	[11699, 494, 2797],delete:
need:,delete:
need:	[27636, 1923, 38811]	[8248, 388, 10721]	[8248, 882, 4152]	[27636, 2583, 23540],delete:
need:	[24719, 2127, 27372]	[32913, 2301, 24719],delete:
need:	[31771, 1754, 20951]	[12052, 53, 1563]	[20951, 2141, 29217],delete:
need:	[4595, 600, 1600]	[4595, 199, 7890],delete:
need:,delete:
need:	[1600, 563, 1106]	[1278, 609, 1106],delete:
need:	[5763, 121, 9506],delete:
need:	[31026, 1927, 25435]	[11290, 173, 6047]	[6047, 173, 6929],delete:
need:	[29470, 2511, 33843]	[10082, 810, 14455]	[29470, 2511, 33124],delete:
need:,delete:
need:,delete:
need:	[9775, 174, 11455]	[1734, 34, 9775],delete:
need:,delete:	[8568, 271, 9441]	[8568, 476, 13527]	[8568, 271, 10580]	[8568, 827, 10704]	[27956, 2528, 22127]	[27956, 1972, 21481]	[27956, 2528, 30092]
need:	[25189, 1944, 29899]	[25189, 1932, 36778]	[25189, 1932, 30634],delete:
need:	[6067, 745, 4922],delete:
need:,delete:
need:	[5799, 331, 8372],delete:
need:	[4425, 1148, 344]	[4425, 271, 7455],delete:
need:	[4878, 888, 6200]	[4878, 618, 6200],delete:
need:,delete:
need:	[21695, 2065, 30666]	[2307, 364, 11278]	[2307, 121, 16641],delete:
need:	[2487, 199, 1831],delete:
need:	[5215, 756, 13723]	[24603, 2457, 33313]	[24603, 2457, 33111],delete:
need:	[13096, 152, 6038]	[6038, 833, 13096],delete:
need:	[24699, 1853, 21402]	[24699, 2423, 33820],delete:
need:	[23879, 2032, 25566]	[25728, 2089, 23879],delete:
need:	[8666, 1244, 13433]	[8666, 494, 2710]	[28054, 2177, 32803],delete:
need:	[7547, 264, 8573]	[7547, 737, 4029]	[26935, 2478, 34190]	[26935, 1965, 27961]	[26935, 2357, 32661],delete:
need:	[2077, 888, 2094],delete:
need:	[20438, 2115, 29149]	[20438, 2177, 31922],delete:
need:	[3899, 1244, 11821]	[23287, 2195, 19541]	[3899, 1148, 18070],delete:
need:	[11764, 722, 495]	[31152, 2423, 19883],delete:
need:	[153, 343, 4338]	[4338, 1244, 10704]	[23726, 2195, 19541]	[23726, 1972, 19541]	[23726, 2177, 24734]	[23726, 1972, 22549],delete:
need:	[1558, 652, 14872],delete:
need:,delete:	[5291, 756, 9734]	[5291, 756, 18751]
need:,delete:	[3159, 869, 14113]	[3159, 1273, 13200]	[8743, 1024, 3159]	[27159, 2764, 22547]	[23113, 2764, 22547]	[22547, 2347, 31944]	[22547, 2457, 25994]
need:	[14952, 331, 10071],delete:
need:	[4717, 906, 819]	[20207, 2451, 22288],delete:
need:	[3490, 177, 1513]	[8971, 395, 3490]	[28359, 2096, 22878]	[22878, 1815, 19855],delete:
need:	[733, 265, 5856]	[20121, 1966, 25244],delete:
need:	[3236, 606, 9930]	[22624, 2307, 29318],delete:
need:	[9159, 460, 3687]	[28547, 2307, 26548]	[28547, 2562, 34138],delete:
need:	[2504, 331, 4378]	[2504, 331, 3017],delete:
need:,delete:
need:	[29124, 1722, 30583]	[9736, 652, 12246]	[29124, 2291, 31634],delete:
need:	[7523, 1072, 4963]	[11878, 819, 7523],delete:
need:,delete:
need:	[594, 440, 6523]	[19982, 2032, 33510],delete:
need:	[5173, 271, 1237]	[1237, 177, 5998]	[21590, 1972, 20625],delete:
need:	[25577, 2426, 34143],delete:
need:	[25571, 1972, 33665],delete:
need:	[6449, 1372, 11632]	[6449, 940, 184]	[6449, 1137, 12151]	[25837, 2562, 31539]	[25837, 2570, 22828],delete:
need:	[20245, 2335, 32372],delete:
need:	[2799, 395, 8788]	[28825, 1972, 28176],delete:
need:	[9074, 688, 7044]	[32874, 2083, 28462]	[28462, 2043, 28501]	[9074, 725, 14689],delete:
need:,delete:
need:	[4587, 409, 1753]	[4587, 447, 15453],delete:
need:	[52, 326, 12917]	[52, 606, 14066]	[19440, 2027, 32305],delete:
need:	[30379, 2353, 25025]	[25025, 2520, 30379]	[25025, 2353, 25351]	[5637, 652, 5963],delete:
need:	[24874, 2177, 30735]	[5486, 1244, 4950]	[24874, 2177, 21965],delete:
need:,delete:
need:	[10722, 812, 8118]	[14591, 500, 8118]	[27506, 2224, 33313]	[4238, 812, 8118],delete:
need:	[10503, 634, 5809],delete:
need:,delete:
need:	[23426, 2509, 31141],delete:
need:	[4430, 538, 6577]	[25965, 2239, 24274],delete:
need:,delete:
need:,delete:
need:	[3023, 590, 3541]	[3023, 872, 9267],delete:
need:	[14497, 652, 1747]	[24195, 2234, 21135],delete:
need:	[909, 426, 5383]	[909, 831, 11261],delete:
need:	[27726, 2484, 31756]	[27726, 2554, 21256],delete:
need:	[32199, 2115, 21750]	[12811, 414, 2362]	[2362, 331, 10619]	[21750, 1815, 30007],delete:
need:	[800, 271, 2268]	[800, 414, 2226]	[800, 1148, 7439],delete:
need:	[12, 1244, 7623]	[12, 271, 8627]	[19400, 2177, 31383]	[19400, 2195, 21715]	[19400, 2115, 25478],delete:
need:	[19559, 2509, 23576]	[19559, 2172, 23925],delete:
need:	[8006, 701, 12914],delete:
need:,delete:
need:	[2735, 521, 3947]	[28191, 1972, 23335],delete:
need:	[2404, 177, 8061]	[21792, 3020, 27447]	[31834, 1972, 21792]	[27447, 1972, 21792],delete:
need:	[7476, 467, 6047]	[26864, 2168, 25435],delete:
need:,delete:
need:	[6292, 317, 7044]	[6292, 374, 15966]	[6292, 238, 3877],delete:
need:	[22503, 1932, 35598]	[3115, 1140, 10511]	[14183, 1441, 3115]	[22503, 1932, 33571],delete:
need:	[27924, 2528, 25401]	[4436, 181, 8536]	[8536, 1148, 11455]	[23824, 1882, 27924],delete:
need:,delete:
need:,delete:
need:	[97, 869, 12285]	[19485, 2182, 24916],delete:
need:	[5645, 388, 483]	[5645, 8, 2786]	[31286, 2446, 25033],delete:
need:	[5175, 357, 11775]	[7939, 700, 5175]	[11775, 697, 5175]	[31163, 2398, 24563]	[24563, 2058, 27327],delete:
need:	[10446, 1244, 10511]	[10446, 271, 9452],delete:
need:,delete:	[2875, 59, 4189]	[2875, 231, 13384]	[13384, 1441, 2875]	[22263, 1932, 32772]	[32772, 1789, 22263]	[22263, 2528, 29899]	[22263, 2528, 31940]	[22263, 1944, 32619]	[22263, 2528, 32619]	[22263, 1944, 32312]
need:	[3083, 1244, 17732]	[3083, 476, 11888]	[5932, 343, 3083],delete:
need:,delete:
need:	[21, 621, 8064]	[27452, 2552, 32239]	[8064, 851, 14135],delete:
need:	[4138, 590, 11070]	[4138, 618, 2427],delete:
need:	[2110, 1140, 12070]	[2110, 1448, 8026]	[21498, 1760, 27414],delete:
need:	[1015, 34, 13231]	[1015, 42, 9097]	[20403, 2307, 23125]	[27708, 1760, 20403]	[20403, 1735, 32619],delete:
need:,delete:	[8948, 119, 18588]
need:,delete:
need:	[21078, 2087, 20506]	[21078, 2000, 34029]	[2900, 323, 1690],delete:
need:	[25490, 2172, 25949]	[6561, 622, 6102]	[28968, 2172, 25949]	[25949, 2268, 28093],delete:
need:	[29820, 2075, 25866],delete:
need:,delete:
need:,delete:
need:,delete:
need:,delete:
need:,delete:
need:,delete:
need:	[29450, 2528, 33502]	[29450, 2089, 29655]	[10062, 652, 18784]	[29450, 2520, 38209],delete:
need:	[7377, 590, 1022],delete:
need:	[7914, 133, 17874]	[10323, 171, 7914]	[27302, 1816, 29711],delete:
need:,delete:
need:,delete:
need:,delete:
need:,delete:
need:	[8676, 174, 11511]	[8676, 384, 5677]	[28064, 2555, 25065]	[33107, 2243, 28064],delete:
need:	[6975, 18, 16037]	[1972, 413, 6975]	[26363, 2352, 25726],delete:
need:,delete:
need:	[9137, 320, 9937]	[9137, 320, 13359]	[28525, 2528, 32747]	[28525, 2528, 33111],delete:
need:	[10077, 33, 18850]	[10077, 821, 14744],delete:
need:	[23369, 2583, 26626]	[2088, 882, 7238]	[23893, 2583, 26626],delete:
need:	[3335, 476, 14139]	[3335, 1244, 2013]	[22723, 2195, 32987],delete:
need:	[6921, 708, 12349]	[1177, 697, 6921],delete:
need:	[8512, 343, 9570]	[28958, 2177, 27900]	[9570, 476, 8512]	[9570, 414, 12319],delete:
need:	[25636, 1752, 31212]	[6248, 1455, 11824]	[6248, 940, 1249]	[1249, 1645, 6248],delete:
need:,delete:
need:	[3678, 364, 14515]	[3678, 260, 7982]	[23066, 2364, 33268]	[23066, 2172, 28336],delete:
need:	[2144, 21, 15727]	[20746, 2487, 21532]	[27423, 1836, 21532],delete:
need:,delete:
need:	[3857, 430, 9583]	[23951, 2583, 23245],delete:
need:	[2929, 75, 19170]	[13294, 476, 2929]	[22317, 1776, 31659],delete:
need:	[9954, 183, 12213]	[9954, 183, 13231]	[29342, 2528, 22670]	[29342, 2528, 35736]	[29342, 1884, 32619],delete:
need:,delete:	[8655, 745, 4217]
need:	[14940, 533, 109]	[109, 183, 12895]	[34328, 2234, 19497],delete:
need:,delete:
need:	[19957, 2360, 19613]	[19957, 2511, 31862],delete:
need:	[8746, 819, 1990]	[2427, 1487, 1990],delete:
need:	[2780, 756, 11969]	[11969, 1058, 2780],delete:
need:	[12906, 1148, 6767]	[8945, 174, 6767]	[6767, 1457, 8339]	[26155, 1791, 24800]	[26155, 2238, 27727]	[26155, 1788, 22707],delete:
need:,delete:
need:	[300, 853, 14084]	[14084, 756, 300],delete:
need:	[24723, 2410, 26442]	[7054, 810, 14110],delete:
need:	[6648, 476, 11630],delete:
need:,delete:
need:	[26101, 1836, 35150]	[6713, 223, 14397]	[6713, 223, 5371]	[11902, 440, 6713],delete:
need:,delete:	[5886, 1646, 7317]	[25274, 2528, 26827]
need:	[4625, 331, 9867]	[24013, 2032, 33006],delete:
need:,delete:
need:	[2803, 226, 19130]	[6809, 618, 2803]	[22191, 1927, 38576],delete:
need:,delete:	[1086, 271, 14706]	[20474, 1972, 22743]
need:	[2162, 260, 2923]	[28796, 1945, 21550],delete:
need:	[1838, 511, 7817]	[7817, 1441, 6777],delete:
need:,delete:
need:	[28642, 2089, 23540]	[9254, 183, 13231],delete:
need:,delete:
need:,delete:
need:	[19709, 2341, 24502],delete:
need:	[22440, 2177, 27908]	[8520, 447, 13480]	[8555, 476, 8520],delete:
need:	[19596, 2234, 30929]	[11541, 652, 208],delete:
need:,delete:
need:,delete:
need:	[4772, 494, 5924]	[4772, 414, 18416]	[25312, 2044, 24160]	[24160, 2195, 25312],delete:
need:	[2816, 745, 11898],delete:
need:	[9714, 1148, 17753],delete:
need:	[12802, 652, 7145],delete:
need:,delete:
need:,delete:	[5897, 414, 6]	[5897, 271, 1400]	[5897, 271, 3799]	[5897, 271, 3947]	[25285, 1972, 31300]
need:	[11702, 1047, 966]	[20354, 2226, 31090],delete:
need:,delete:	[11516, 271, 10103]	[11347, 102, 10103]	[9339, 395, 10103]	[6050, 494, 10103]	[670, 102, 10103]	[30590, 1972, 29491]
need:,delete:
need:,delete:
need:	[1398, 652, 14189]	[1398, 827, 9661],delete:
need:	[2174, 197, 1957]	[2174, 760, 601]	[2174, 672, 1318]	[2174, 163, 16243]	[21562, 2373, 31792],delete:
need:	[29876, 2177, 20112]	[724, 75, 10961],delete:
need:	[10153, 1244, 13359]	[10153, 1148, 3024]	[29541, 2115, 22761],delete:
need:	[757, 815, 672]	[20060, 2198, 20145]	[757, 810, 11904],delete:
need:,delete:	[6983, 271, 8404]	[6983, 271, 13698]	[6983, 494, 2949]	[26371, 1972, 27792]
need:	[4463, 93, 1763]	[11386, 93, 1763]	[21151, 1805, 27025],delete:
need:,delete:
need:	[7758, 476, 12045]	[7758, 476, 13527]	[7758, 271, 5381]	[7758, 414, 5381]	[27146, 2115, 24769],delete:
need:	[27926, 2195, 32094]	[1735, 343, 8538]	[8538, 271, 5982]	[8538, 476, 1735],delete:
need:,delete:
need:	[3872, 34, 5983],delete:
need:	[1089, 344, 10966],delete:
need:	[2874, 452, 16037]	[2874, 813, 14681]	[22262, 2514, 34069],delete:
need:	[20308, 1972, 33481]	[920, 1148, 2975],delete:
need:	[6393, 23, 4188]	[25781, 2393, 31659],delete:
need:	[23259, 2583, 20426]	[3871, 126, 12818]	[23259, 2583, 25036],delete:
need:	[13876, 618, 6366]	[25754, 2456, 34332],delete:
need:	[5039, 652, 4700]	[24088, 2520, 24427],delete:
need:	[5118, 476, 12534]	[24506, 2195, 27279],delete:
need:	[6265, 815, 496]	[13807, 644, 6265]	[19884, 1704, 25653]	[33195, 1704, 25653],delete:
need:	[13845, 271, 1142]	[2799, 395, 1142]	[22187, 2096, 20530],delete:
need:	[9838, 463, 2240],delete:
need:	[29524, 1779, 28770]	[9382, 810, 35],delete:
need:,delete:
need:	[10795, 421, 6695]	[30183, 2122, 26083]	[26083, 1889, 34016],delete:
need:	[9477, 494, 9695]	[9477, 271, 9695],delete:
need:,delete:	[9317, 104, 8422]	[28705, 1805, 27810]
need:	[10039, 244, 9982]	[29370, 2172, 29427],delete:
need:,delete:
need:	[8110, 756, 1036]	[8110, 812, 10664]	[27498, 2513, 30052],delete:
need:	[32633, 1827, 28112]	[32196, 1827, 28112],delete:
need:	[32374, 1878, 21781]	[2393, 994, 15940],delete:
need:	[9843, 27, 5071]	[29231, 1728, 24459],delete:
need:	[31146, 1927, 20052]	[20052, 1900, 37496],delete:
need:	[2095, 821, 10224]	[2095, 33, 701],delete:
need:	[6236, 831, 1419],delete:
need:	[10363, 672, 11763]	[26111, 2082, 29751]	[33627, 2082, 29751]	[29751, 2300, 29754],delete:
need:	[8438, 42, 10163]	[25901, 2172, 27826],delete:
need:	[14720, 460, 4087]	[4087, 1113, 7417],delete:
need:	[6462, 652, 7765]	[7765, 463, 6137],delete:
need:	[2784, 609, 4477],delete:
need:	[8867, 170, 1965]	[1965, 119, 8867]	[31220, 2172, 28255],delete:
need:	[26615, 1857, 26548]	[26615, 2511, 33124],delete:
need:	[10427, 652, 9307],delete:
need:,delete:
need:	[19782, 1857, 24413]	[32656, 2207, 19782]	[394, 810, 19346]	[19782, 2511, 35755],delete:
need:	[11906, 533, 7655],delete:
need:	[4706, 1570, 14356]	[24094, 2528, 27190],delete:
need:	[7300, 575, 3741]	[10919, 357, 3741]	[23129, 2440, 30307],delete:
need:	[5094, 177, 10397],delete:
need:	[5835, 652, 1611]	[25520, 2075, 25223]	[28854, 2075, 25223],delete:
need:	[9700, 795, 2316]	[30874, 2027, 21704]	[11486, 326, 2316]	[21704, 1992, 21612],delete:
need:,delete:
need:,delete:
need:	[13204, 249, 8597]	[8597, 351, 4157]	[27985, 2052, 23545]	[28969, 2087, 27985],delete:
need:	[1002, 1425, 15325]	[20390, 1878, 37019],delete:
need:	[19639, 2532, 27767]	[10918, 426, 251]	[31227, 2301, 19639],delete:
need:	[6580, 374, 10889]	[25968, 2353, 37762],delete:
need:	[29994, 2305, 26661]	[29303, 2305, 26661],delete:
need:,delete:
need:,delete:
need:	[2420, 174, 751],delete:
need:	[743, 756, 12170],delete:
need:	[7987, 994, 15940]	[27375, 2939, 29850]	[7987, 670, 10462]	[7987, 340, 1753],delete:
need:,delete:	[6383, 218, 6370]	[6383, 34, 1031]	[25771, 1919, 25758]	[25771, 1735, 20419]	[31700, 2089, 25771]	[26965, 2089, 25771]
need:,delete:	[4971, 440, 13677]	[24359, 1919, 31384]	[24359, 1919, 30920]	[24359, 2141, 33065]	[23103, 2089, 24359]
need:	[20227, 1764, 29514]	[10126, 725, 3805]	[10126, 552, 7656],delete:
need:	[1108, 343, 13014],delete:
need:,delete:	[3004, 1567, 4933]
need:,delete:	[4461, 449, 6758]
need:,delete:
need:	[6517, 395, 11905]	[6517, 1244, 7702],delete:
need:	[1961, 618, 6185],delete:
need:,delete:
need:,delete:
need:	[11811, 271, 8430]	[8430, 343, 11811]	[27818, 1878, 30995],delete:
need:,delete:
need:,delete:
need:	[21905, 1853, 22900]	[29960, 2377, 22900]	[10572, 1291, 3512]	[3512, 940, 10572],delete:
need:	[3768, 1422, 8786]	[8786, 1090, 7656],delete:
need:	[29171, 2234, 20428]	[1040, 388, 6784]	[1040, 652, 9783]	[20428, 2234, 21831]	[30480, 2234, 20428],delete:
need:	[1257, 652, 4194],delete:
need:,delete:
need:,delete:
need:	[8163, 173, 12434]	[27551, 2319, 24033]	[27551, 1874, 32274]	[27551, 2319, 33243]	[27551, 1874, 31822],delete:
need:	[6340, 652, 9215],delete:
need:	[1608, 271, 8938]	[1608, 1244, 14678]	[20996, 2115, 28326]	[20996, 1972, 30765],delete:
need:	[5455, 439, 5191]	[5191, 473, 15395]	[7362, 856, 5191]	[24617, 2300, 24579]	[24579, 2174, 38190],delete:
need:,delete:
need:	[1177, 141, 5640]	[12349, 357, 1177]	[1177, 697, 8994]	[4622, 357, 1177]	[24010, 2058, 20565],delete:
need:	[1756, 1567, 17023],delete:
need:	[7352, 819, 10489]	[10489, 652, 7352],delete:
need:	[27304, 1889, 20406],delete:
need:	[29885, 2787, 23510]	[23005, 2679, 23510],delete:
need:,delete:
need:	[25090, 2253, 32023]	[32023, 1723, 25090],delete:
need:	[3422, 317, 4895]	[3422, 652, 5868]	[5868, 819, 3422],delete:
need:	[5116, 1198, 4958]	[25603, 2111, 24346],delete:
need:	[12573, 374, 5854]	[25242, 2352, 24736]	[5854, 1028, 5348]	[25242, 1781, 31961],delete:
need:,delete:
need:	[27054, 1818, 20016]	[12045, 343, 628],delete:
need:	[29137, 2178, 23403]	[9749, 58, 9004]	[9749, 810, 5958]	[9749, 477, 4731],delete:
need:	[6611, 888, 2660],delete:
need:	[3027, 756, 4907]	[5133, 440, 4907]	[4907, 223, 5133],delete:
need:	[30014, 2141, 20101]	[713, 1162, 12359]	[20101, 2637, 20676],delete:
need:	[2614, 199, 80]	[22002, 2301, 20899],delete:
need:,delete:
need:	[7657, 463, 10687]	[27045, 2164, 30075],delete:
need:	[14576, 590, 7735],delete:
need:	[5872, 756, 200]	[24985, 2032, 25260]	[5872, 756, 13231]	[25260, 2175, 31097],delete:
need:,delete:	[6857, 34, 3564]	[33027, 2089, 26245]	[32444, 2089, 26245]	[26245, 1735, 22952]
need:,delete:
need:,delete:
need:	[2355, 1244, 2013]	[2355, 395, 2061],delete:
need:	[591, 351, 2758]	[27580, 2319, 19979]	[19979, 2052, 32239]	[8192, 618, 591],delete:
need:	[10181, 827, 1012]	[33877, 2044, 29569],delete:
need:	[12566, 1426, 7123]	[12566, 1377, 7123]	[25782, 2402, 26511]	[26511, 2086, 35612]	[31954, 1875, 26511]	[26511, 2408, 35612]	[26511, 2945, 24835],delete:
need:,delete:
need:,delete:
need:	[9211, 652, 10651],delete:
need:	[8494, 374, 5413]	[5413, 213, 9225],delete:
need:,delete:
need:	[24421, 2177, 27917]	[5033, 414, 7891],delete:
need:	[4308, 652, 4732]	[23696, 2353, 24120]	[24120, 2509, 38921],delete:
need:,delete:
need:	[25531, 2140, 28951]	[25531, 2268, 36384]	[6143, 260, 8996]	[25531, 2040, 28384],delete:
need:,delete:	[9370, 271, 11377]	[9370, 271, 5369]
need:	[26862, 1898, 35284]	[7474, 1475, 18796],delete:
need:	[3720, 1441, 8327]	[27715, 1760, 21777],delete:
need:,delete:
need:,delete:
need:	[7146, 569, 9121]	[33771, 2075, 26534],delete:
need:,delete:
need:	[2427, 1487, 1990]	[2427, 1171, 14827]	[4138, 618, 2427]	[21815, 2074, 21815]	[21815, 1706, 21378],delete:
need:,delete:
need:	[10205, 1244, 10511]	[11268, 343, 10205],delete:
need:	[21004, 1972, 32661]	[1616, 1148, 2663],delete:
need:,delete:	[2526, 222, 16606]	[2526, 388, 127]	[2526, 126, 127]	[21914, 1827, 19515]	[21914, 2089, 26172]
need:,delete:	[4260, 1649, 1807]	[5608, 1649, 1807]	[33330, 1899, 21195]	[21195, 2052, 20450]	[21195, 2052, 25018]
need:	[12452, 590, 6364]	[6364, 238, 1574]	[6364, 396, 14124]	[25752, 1884, 33111]	[25752, 2097, 33512],delete:
need:,delete:
need:,delete:	[5905, 271, 3231]	[5905, 271, 13258]
need:,delete:
need:,delete:
need:	[13022, 1208, 1243]	[20631, 2507, 19430]	[32410, 2408, 20631],delete:
need:,delete:
need:	[23225, 2301, 25354]	[3599, 831, 3837]	[23225, 2528, 28436],delete:
need:	[2848, 719, 4572]	[23960, 1930, 36134],delete:
need:	[2747, 652, 10894],delete:
need:	[6041, 1232, 781]	[5140, 1232, 6041],delete:
need:	[2626, 373, 16021]	[2626, 413, 13967]	[33355, 2172, 22014],delete:
need:	[31312, 2207, 27922]	[1886, 302, 8534],delete:
need:	[22106, 1782, 33536]	[21960, 2158, 22106],delete:
need:	[22296, 2582, 21700]	[21700, 2582, 22296]	[2312, 881, 2908],delete:
need:	[14224, 1133, 9093]	[13458, 1133, 9093]	[3123, 173, 9093],delete:
need:	[13959, 652, 2543]	[6583, 652, 2543]	[2543, 374, 417],delete:
need:	[4471, 1386, 16481]	[449, 1622, 4471]	[34379, 2189, 23859]	[21662, 2189, 23859]	[23859, 2346, 35853]	[23859, 2183, 25917],delete:
need:,delete:
need:	[8955, 18, 16037]	[8955, 786, 7428]	[26816, 1843, 28343]	[33476, 1722, 28343],delete:
need:	[2886, 491, 14990]	[2886, 491, 13231]	[22274, 2251, 31216]	[11828, 407, 2886],delete:
need:	[2035, 652, 17380]	[12727, 652, 2035],delete:
need:	[945, 27, 5241]	[945, 354, 7750],delete:
need:	[14357, 218, 1167]	[20555, 2032, 29255]	[20555, 1735, 32302],delete:
need:	[24491, 2461, 30459]	[5103, 760, 11071]	[24491, 1735, 27090],delete:
need:,delete:	[12866, 271, 2733]	[12866, 494, 2733]	[2733, 331, 2859]	[22121, 1878, 31963]
need:	[8960, 343, 7141]	[26529, 1972, 36201]	[7141, 414, 509],delete:
need:	[2590, 192, 5475]	[2590, 852, 3957]	[21978, 2553, 23345],delete:
need:	[3104, 174, 2859]	[7514, 618, 3104]	[26902, 2319, 22492],delete:
need:	[7164, 426, 13778],delete:
need:,delete:
need:,delete:
need:,delete:
need:	[1842, 156, 1255]	[1842, 815, 1255]	[20643, 2552, 24702]	[7179, 842, 1255],delete:
need:,delete:
need:,delete:	[22479, 2528, 25371]	[3091, 494, 11345]	[22479, 2021, 25371]
need:	[1720, 769, 5305],delete:
need:	[29546, 2127, 28399]	[10158, 831, 10516],delete:
need:	[8782, 762, 11275]	[28170, 2463, 30663],delete:
need:,delete:
need:,delete:	[1141, 476, 8605]	[27993, 2044, 20529]
need:	[929, 104, 7637]	[20317, 1805, 19410],delete:
need:,delete:
need:,delete:
need:	[7529, 1570, 14737]	[11339, 226, 7529]	[30727, 1927, 26917]	[26917, 2089, 34125],delete:
need:	[23331, 2511, 31633]	[9791, 265, 3943],delete:
need:,delete:
need:	[6863, 59, 5969]	[9105, 119, 6863]	[26251, 1961, 38070],delete:
need:	[13757, 652, 3755],delete:
need:	[2619, 502, 2583]	[2619, 502, 6654],delete:
need:	[8464, 538, 1103]	[3229, 538, 1103]	[22617, 2239, 20491],delete:
need:	[4779, 750, 5622]	[5622, 323, 9389],delete:
need:	[23234, 2570, 33501]	[12726, 676, 3846],delete:
need:	[28455, 1789, 19965],delete:
need:	[29213, 2423, 20697]	[1309, 183, 13231],delete:
need:	[1052, 374, 6570]	[6570, 498, 4239],delete:
need:,delete:
need:	[22192, 2457, 31659]	[20060, 1875, 22192]	[672, 1377, 2804]	[13226, 373, 2804],delete:
need:	[7915, 1095, 1764]	[1764, 426, 17314],delete:
need:	[6620, 610, 13019]	[10283, 590, 6620],delete:
need:	[27256, 1793, 31843]	[7868, 331, 18213]	[27256, 2141, 30287],delete:
need:,delete:
need:	[8136, 504, 13231]	[8136, 827, 13231]	[19757, 2425, 27524]	[30991, 2425, 27524]	[27524, 2528, 32619],delete:
need:	[5115, 388, 14811]	[24503, 2089, 34199],delete:
need:	[7103, 271, 4335]	[4335, 177, 1037]	[26491, 1972, 23723],delete:
need:	[4631, 21, 11814]	[4631, 413, 13554]	[24019, 2114, 19447],delete:
need:	[31737, 2571, 28382]	[8994, 618, 4622],delete:
need:	[8933, 22, 8277]	[8933, 854, 287]	[28321, 1779, 28278]	[22940, 2528, 28321],delete:
need:	[6514, 463, 2631]	[6514, 652, 858],delete:
need:	[7558, 1570, 234]	[234, 218, 6668]	[26946, 2089, 19622]	[19622, 2032, 34295]	[19622, 1735, 31659],delete:
need:	[24458, 1838, 20813]	[29060, 1743, 20813]	[22863, 1701, 20813],delete:
need:	[13054, 22, 2900],delete:
need:,delete:	[1836, 1253, 422]	[21224, 2528, 25761]	[23141, 2140, 21224]	[30385, 2037, 21224]
need:,delete:
need:	[7689, 634, 3377]	[3377, 34, 10709]	[22765, 2164, 30528],delete:
need:	[30801, 2195, 29531]	[20257, 2195, 29531]	[13944, 271, 10143],delete:
need:,delete:
need:	[697, 440, 5111]	[697, 34, 13231]	[20085, 2032, 35375]	[20085, 2141, 24499],delete:
need:	[1470, 652, 9388]	[9388, 652, 12389]	[28776, 2528, 30032],delete:
need:	[7092, 994, 15940]	[7092, 24, 2093]	[7092, 520, 18565]	[26480, 2371, 21481],delete:
need:	[8744, 147, 5432]	[5026, 533, 5432],delete:
need:	[14503, 441, 10379]	[11199, 86, 10379],delete:
need:	[8052, 819, 1133]	[1133, 819, 13105],delete:
need:	[2373, 388, 3362],delete:
need:	[9123, 211, 8105]	[25172, 2087, 28511]	[28511, 1912, 29458],delete:
need:	[8953, 1148, 17408]	[7487, 343, 8953],delete:
need:,delete:
need:,delete:
need:,delete:
need:	[6684, 1690, 13107],delete:
need:	[1195, 495, 8573]	[1195, 755, 11310]	[1195, 505, 6794]	[1195, 520, 14227]	[20583, 2371, 30945]	[20583, 2221, 33358],delete:
need:	[9069, 199, 1532]	[30608, 2291, 28457],delete:
need:	[2448, 260, 648]	[20461, 1789, 20036]	[8195, 260, 648],delete:
need:	[654, 260, 12586]	[654, 42, 13453],delete:
need:,delete:
need:	[25452, 2032, 29819]	[10431, 756, 13231]	[10431, 756, 6107],delete:
need:	[22243, 2172, 34044]	[22243, 2234, 26777],delete:
need:	[9276, 83, 5029]	[28664, 2476, 32319],delete:
need:,delete:
need:	[2068, 815, 1753]	[21456, 2311, 23013]	[21456, 2750, 27964],delete:
need:	[799, 812, 4282]	[29250, 2366, 20187]	[799, 756, 799]	[20187, 2432, 29458],delete:
need:,delete:
need:	[7160, 707, 8734]	[13852, 815, 8734]	[5471, 815, 8734]	[28122, 2394, 34275],delete:
need:,delete:
need:,delete:
need:	[10191, 1244, 12070]	[10191, 476, 9750],delete:
need:,delete:	[3581, 1447, 12851]	[20517, 1776, 22969]	[7325, 34, 3581]	[29902, 1776, 22969]	[22969, 2552, 33676]	[2976, 854, 3581]	[3855, 34, 3581]
need:	[1230, 168, 95]	[6409, 1232, 1230],delete:
need:	[24721, 2115, 28766]	[5333, 476, 4426]	[5333, 494, 14277],delete:
need:	[27378, 1758, 26039]	[26039, 1972, 26231]	[6651, 590, 9599],delete:
need:	[2987, 317, 9343]	[28731, 2520, 26742],delete:
need:	[13758, 426, 6875]	[6875, 819, 9768],delete:
need:	[14566, 600, 1095]	[1095, 831, 14566],delete:
need:	[9991, 590, 2311]	[9991, 533, 10355]	[29379, 2291, 21699],delete:
need:	[4958, 670, 1168]	[7075, 102, 1168]	[24346, 2371, 20556],delete:
need:,delete:	[2956, 471, 3354]	[2323, 471, 3354]
need:	[4650, 184, 5722]	[24038, 1885, 25110],delete:
need:,delete:	[23326, 2528, 28417]	[26396, 2528, 28417]	[9029, 1606, 18641]
need:	[8622, 1576, 18062]	[28010, 1874, 35729]	[8622, 336, 17397],delete:
need:	[27351, 1900, 28210]	[7963, 1361, 8822]	[27351, 2353, 26718],delete:
need:	[4230, 652, 7926]	[7926, 634, 12318]	[27314, 2164, 19670],delete:
need:	[1144, 243, 10511]	[6416, 88, 1144]	[25804, 1789, 20532]	[20532, 1743, 29488],delete:
need:	[10136, 413, 3911]	[10136, 413, 16099]	[33518, 2291, 29524],delete:
need:	[12236, 652, 2172],delete:
need:	[10180, 533, 12723],delete:
need:	[2359, 8, 6230]	[21914, 2255, 25618],delete:
need:,delete:
need:,delete:
need:	[3387, 388, 7822]	[7822, 331, 7592]	[7822, 34, 8905]	[27210, 1735, 28293]	[27210, 2032, 26980],delete:
need:,delete:
need:	[12533, 88, 8918]	[31921, 1789, 28306]	[8918, 42, 9324]	[28306, 1760, 20838],delete:
need:,delete:
need:	[29152, 2018, 26432]	[33500, 2353, 29152]	[29152, 2172, 34044],delete:
need:	[2645, 271, 5924]	[2645, 1148, 14639],delete:
need:	[22302, 2222, 28040]	[8652, 343, 3539]	[10817, 888, 8652],delete:
need:	[23357, 2395, 20806]	[1418, 1487, 5307]	[20806, 2697, 31860],delete:
need:,delete:
need:	[2367, 498, 14182]	[2367, 652, 18329]	[21755, 2573, 33570],delete:
need:,delete:
need:,delete:
need:,delete:
need:,delete:
need:	[5952, 177, 18012]	[11321, 494, 5952],delete:
need:	[5373, 1244, 8905]	[5373, 1148, 19020]	[24761, 2177, 31054],delete:
need:,delete:
need:	[13946, 447, 3571]	[3571, 815, 1753],delete:
need:,delete:	[5127, 271, 7455]	[5127, 271, 484]	[7319, 343, 5127]	[5127, 1244, 12070]	[5127, 271, 12486]	[5127, 271, 4672]	[24515, 2177, 29138]	[24515, 1972, 26707]	[24515, 2195, 26416]
need:,delete:	[1739, 271, 5578]	[1739, 271, 10734]
need:	[4851, 354, 9225]	[28613, 2350, 24239],delete:
need:	[12552, 107, 8386]	[8697, 323, 8386]	[8386, 756, 12552],delete:
need:	[3056, 1606, 14762]	[22444, 2457, 28502]	[28502, 1875, 22444],delete:
need:	[1454, 762, 11551]	[20842, 2463, 30939],delete:
need:	[28189, 2172, 26485]	[8801, 59, 3790]	[8801, 244, 10873],delete:
need:,delete:
need:	[21788, 1972, 22549]	[21788, 2115, 22549]	[2400, 271, 3161]	[2400, 395, 4440],delete:
need:,delete:
need:	[8060, 27, 919]	[3337, 28, 8060],delete:
need:	[19891, 2552, 22514]	[22514, 2511, 31535]	[3126, 810, 12147]	[22514, 2555, 19891],delete:
need:,delete:
need:,delete:
need:	[12916, 618, 587]	[587, 1420, 13385],delete:
need:,delete:
need:,delete:
need:	[10370, 1441, 6009]	[6928, 88, 10370]	[21814, 2239, 29758],delete:
need:,delete:	[24959, 2199, 23014]	[23014, 2418, 37068]
need:	[416, 1244, 11500]	[416, 395, 15599]	[19804, 1972, 31341]	[19804, 2115, 29390],delete:
need:,delete:
need:	[5422, 587, 14084]	[29217, 2010, 24810]	[20698, 1953, 24810],delete:
need:,delete:
need:,delete:
need:,delete:
need:	[33758, 2401, 24078]	[14370, 700, 4690]	[33758, 2440, 24078],delete:
need:	[21645, 2457, 31890]	[29480, 2175, 21645]	[31890, 2408, 21645],delete:
need:	[14480, 590, 7549]	[26937, 2195, 20409]	[7549, 271, 1021],delete:
need:	[23943, 2164, 32512],delete:
need:	[8768, 271, 11717]	[8768, 271, 6661],delete:
need:,delete:
need:	[14758, 819, 3911],delete:
need:	[23929, 1857, 27090]	[23929, 1857, 32302],delete:
need:	[6704, 471, 3246],delete:
need:	[21697, 2319, 30122]	[2309, 618, 10734]	[34056, 1971, 21697]	[21697, 2546, 34056],delete:
need:	[13276, 450, 8389]	[27777, 2027, 25754],delete:
need:	[23848, 1815, 36425]	[33102, 2115, 23848],delete:
need:	[34001, 1872, 28140]	[28140, 1883, 25722]	[28140, 1816, 34001],delete:
need:,delete:
need:,delete:	[12804, 177, 5998]	[5850, 177, 5998]	[3453, 177, 5998]	[25386, 2206, 34558]	[5998, 670, 14602]	[876, 177, 5998]
need:	[5760, 183, 14759],delete:
need:	[14639, 100, 2317]	[267, 719, 2317]	[17, 21, 2317]	[19655, 2420, 21705]	[22152, 2420, 21705],delete:
need:	[8973, 819, 14151]	[8973, 426, 604],delete:
need:	[11281, 848, 3266]	[22654, 2071, 30669],delete:
need:	[26978, 2371, 22712]	[11044, 414, 3324]	[3324, 177, 7590]	[31931, 2195, 22712]	[22712, 1878, 26978],delete:
need:	[8401, 869, 7317]	[27789, 1961, 27990],delete:
need:	[29175, 2509, 35850]	[11533, 426, 9787],delete:
need:,delete:
need:,delete:
need:	[14180, 1119, 3271]	[12177, 1119, 3271]	[22659, 2570, 26011],delete:
need:,delete:
need:	[26387, 1853, 34108]	[6999, 1607, 14720],delete:
need:	[4436, 102, 2473]	[2473, 177, 1064]	[34369, 1803, 21861],delete:
need:	[1304, 1244, 13474]	[20692, 2115, 32700]	[7336, 343, 1304],delete:
need:	[4394, 199, 4741]	[24129, 2234, 35482],delete:
need:	[14047, 174, 113]	[28446, 2528, 19501],delete:
need:,delete:	[1282, 271, 5789]	[25177, 1878, 20071]
need:	[293, 476, 8529]	[293, 414, 9877]	[19681, 2115, 29265]	[19681, 2195, 30943]	[19681, 1972, 29265],delete:
need:	[2674, 476, 12045]	[31433, 2044, 22062],delete:
need:,delete:	[26260, 2207, 28807]	[26260, 2207, 27493]
need:,delete:
need:,delete:
need:,delete:
need:,delete:
need:,delete:
need:,delete:
need:,delete:
need:	[20607, 2248, 23410]	[23410, 2398, 30727]	[23410, 1980, 30939]	[1219, 547, 4022],delete:
need:,delete:
need:,delete:
need:	[8317, 244, 11669]	[8317, 244, 10990],delete:
need:	[25734, 2552, 21607]	[6346, 1447, 2219]	[22867, 2307, 25734],delete:
need:	[7939, 700, 5175]	[7939, 502, 11275],delete:
need:,delete:
need:	[26200, 2382, 19571]	[19434, 2467, 19571],delete:
need:,delete:
need:,delete:
need:	[14312, 533, 5858]	[9599, 590, 5858]	[25246, 1972, 24966]	[5858, 1244, 14890],delete:
need:	[27544, 2291, 21306]	[27544, 2291, 34668]	[27544, 2172, 26182],delete:
need:	[33231, 2353, 23156]	[23156, 2520, 33231],delete:
need:	[4198, 745, 4069]	[4198, 817, 13604],delete:
need:	[9361, 413, 3894]	[9361, 820, 822],delete:
need:	[11221, 1395, 6148]	[25536, 2420, 20416],delete:
need:	[1744, 819, 6264]	[21132, 2141, 30126]	[1744, 388, 13539],delete:
need:,delete:	[9362, 739, 6744]
need:	[838, 426, 3584]	[22972, 1956, 31751]	[3584, 199, 9628],delete:
need:,delete:
need:	[8585, 649, 2026]	[26744, 2791, 27973]	[8585, 434, 7044],delete:
need:,delete:
need:	[3305, 271, 6090]	[3305, 494, 6090],delete:
need:,delete:	[11131, 271, 9280]	[9280, 177, 11310]	[10604, 494, 9280]	[2986, 271, 9280]	[14307, 271, 9280]	[9280, 445, 7993]	[26281, 2195, 28668]	[26281, 2096, 28668]	[28668, 2044, 26281]	[25382, 1972, 28668]	[26281, 1972, 28668]	[28668, 1878, 30698]	[28368, 1803, 28668]
need:,delete:
need:	[7833, 78, 10374]	[10374, 265, 12245]	[29762, 2511, 35960],delete:
need:,delete:
need:	[1267, 271, 14492],delete:
need:	[3621, 494, 14219]	[23009, 2115, 30465]	[3621, 1244, 3037],delete:
need:	[6956, 813, 10983]	[6956, 373, 19190]	[26344, 2074, 36915],delete:
need:	[3157, 652, 5144],delete:
need:,delete:
need:,delete:
need:	[5496, 414, 3407]	[5496, 1244, 2013],delete:
need:	[9958, 538, 2378]	[4321, 538, 2378]	[21766, 2239, 28863]	[26341, 2239, 21766]	[23709, 2239, 21766]	[21766, 2446, 24467],delete:
need:	[6779, 1186, 10781]	[26167, 1735, 30169]	[26167, 2032, 26524],delete:
need:,delete:
need:,delete:
need:	[755, 538, 6656]	[755, 538, 3110],delete:
need:,delete:
need:	[4293, 502, 10420]	[3715, 154, 4293],delete:
need:	[630, 476, 5465]	[5465, 343, 630]	[630, 271, 11717]	[20018, 2177, 25164],delete:
need:	[5037, 396, 10909],delete:
need:	[20655, 2195, 28840]	[9452, 343, 12678]	[29679, 1803, 28840]	[9452, 343, 6287],delete:
need:	[898, 225, 1695]	[898, 137, 10352]	[898, 137, 7682]	[20286, 1838, 29740],delete:
need:	[28908, 2386, 31278]	[9520, 357, 7242]	[28908, 2058, 26630],delete:
need:	[9812, 476, 2159],delete:
need:,delete:
need:,delete:	[24497, 2114, 26719]	[24497, 2059, 26719]
need:,delete:
need:,delete:	[14764, 260, 4763]	[4763, 59, 4189]	[14695, 260, 4763]
need:	[6625, 271, 11557]	[6625, 476, 724],delete:
need:	[28502, 2133, 35474]	[2606, 1606, 9114],delete:
need:	[28506, 1972, 30035]	[28506, 2177, 21547],delete:
need:	[24228, 2239, 33529]	[5666, 538, 4840],delete:
need:,delete:
need:	[7709, 271, 1423]	[7709, 1244, 3564]	[27097, 2177, 31922],delete:
need:	[8282, 809, 13231]	[27670, 2528, 33313],delete:
need:	[1148, 238, 7759]	[20536, 2335, 28402]	[20536, 2335, 23756],delete:
need:	[27863, 1871, 20993]	[1605, 244, 11954]	[1605, 119, 8475],delete:
need:	[1064, 24, 11317]	[20452, 2371, 33161]	[20452, 1725, 30705]	[1064, 994, 15940],delete:
need:	[3726, 1320, 6659]	[23114, 2457, 26548],delete:
need:,delete:
need:	[10382, 414, 18841]	[10382, 1148, 11547],delete:
need:,delete:	[9632, 827, 14084]	[32791, 2298, 29020]	[29020, 2528, 29217]	[22682, 2298, 29020]	[29020, 2528, 32619]	[26502, 2562, 29020]
need:	[5423, 819, 6236],delete:
need:	[26572, 1972, 20422]	[7184, 271, 12135]	[7184, 414, 12135],delete:
need:	[2609, 323, 4354]	[21997, 2253, 34719]	[21997, 2024, 23742],delete:
need:,delete:
need:	[9935, 414, 13885]	[32320, 2044, 29323]	[29323, 1972, 29029]	[29323, 1972, 32320]	[29323, 2195, 32320]	[29323, 2115, 33273],delete:
need:	[25389, 1827, 33160]	[6001, 388, 12217],delete:
need:	[27542, 2177, 31606]	[27542, 2177, 31473]	[8154, 271, 3301],delete:
need:	[26577, 2140, 29516]	[26577, 1961, 29197]	[26577, 1760, 30476],delete:
need:	[25818, 2457, 31141]	[11753, 1112, 6430]	[6430, 756, 11753],delete:
need:,delete:
need:	[23780, 1857, 31659]	[27301, 2507, 23780],delete:
need:	[10878, 652, 5148],delete:
need:,delete:
need:	[8967, 426, 7007]	[7007, 199, 7890]	[7007, 255, 12363]	[26395, 2291, 28355],delete:
need:	[8203, 756, 2420]	[14752, 1148, 8203]	[27591, 2420, 38618],delete:
need:	[11280, 199, 8189],delete:
need:	[3125, 141, 6172]	[24834, 2058, 22513]	[4622, 357, 3125]	[5446, 357, 3125],delete:
need:	[23991, 2129, 30926],delete:
need:	[9792, 364, 916]	[9792, 59, 3790],delete:
need:	[11623, 343, 3295],delete:
need:,delete:	[6936, 606, 15214]
need:	[5554, 652, 41]	[41, 652, 12152],delete:
need:	[3699, 88, 13697]	[23087, 1760, 27228]	[33085, 1789, 23087],delete:
need:	[3318, 476, 13566]	[3318, 476, 11630],delete:
need:	[5717, 222, 10046],delete:
need:,delete:
need:	[5015, 34, 14144]	[5015, 34, 9389],delete:
need:,delete:
need:	[3851, 756, 1573]	[11798, 113, 3851]	[23239, 2457, 20961],delete:
need:	[21779, 1899, 31499]	[21079, 1950, 21779],delete:
need:	[7668, 271, 11920]	[7668, 271, 12005]	[7668, 414, 5924],delete:
need:,delete:
need:	[14063, 211, 5681]	[5681, 810, 17807]	[33451, 1912, 25069],delete:
need:	[841, 756, 2779]	[2779, 1663, 14930]	[14930, 642, 2779]	[20229, 2457, 22167],delete:
need:	[3260, 1244, 10511]	[22648, 2177, 24831]	[22648, 1972, 30656]	[22648, 2115, 30656],delete:
need:	[12829, 107, 9636]	[12829, 174, 9636],delete:
need:	[10354, 152, 10289]	[10354, 599, 11367]	[29742, 1898, 30385]	[29742, 2373, 27907]	[25541, 2282, 29742],delete:
need:	[2553, 443, 8853]	[21941, 2122, 28241],delete:
need:	[27816, 1723, 24684]	[27816, 1779, 23196]	[8428, 788, 19018],delete:
need:	[3572, 177, 8162]	[1606, 271, 3572]	[29963, 1803, 22960]	[20994, 1972, 22960]	[22960, 1878, 27550]	[25138, 1972, 22960],delete:
need:,delete:
need:	[2544, 177, 8897]	[21932, 1878, 28285]	[13350, 271, 2544]	[13879, 494, 2544],delete:
need:	[2478, 1148, 6081]	[2086, 1112, 6081]	[25469, 2457, 36396],delete:
need:	[11969, 815, 8797],delete:
need:	[2345, 810, 175]	[175, 810, 14110]	[4540, 810, 175],delete:
need:,delete:	[27917, 2307, 29794]	[24674, 2307, 29794]	[27868, 2307, 29794]
need:	[26640, 2195, 21449]	[26640, 2177, 31433]	[7252, 1244, 14890]	[7252, 271, 1084],delete:
need:,delete:
need:	[10142, 366, 14084]	[29530, 2528, 29217],delete:
need:,delete:
need:	[7487, 343, 10413]	[10413, 1244, 13060]	[29801, 1972, 28157],delete:
need:	[19616, 1820, 30002]	[228, 622, 5123],delete:
need:	[10265, 819, 13670],delete:
need:,delete:	[10458, 888, 13435]	[10458, 533, 10475]	[31461, 2234, 29846]	[29846, 2307, 33351]	[29846, 2234, 32204]	[29846, 2307, 19519]
need:,delete:
need:	[2997, 331, 11136]	[2997, 34, 7702]	[22385, 2032, 30524]	[22385, 2141, 38450]	[22385, 1735, 27090],delete:
need:	[23113, 2764, 22547]	[3725, 1193, 3725]	[3725, 986, 13723],delete:
need:	[4069, 538, 11295]	[23457, 2446, 35551]	[23457, 2518, 35551]	[23457, 2205, 33111]	[23457, 2239, 30683],delete:
need:	[22555, 2114, 33779]	[14391, 374, 3167]	[3167, 413, 14391],delete:
need:,delete:
need:	[27959, 1900, 34372],delete:
need:,delete:
need:,delete:
need:	[1180, 199, 7890]	[1180, 426, 18168],delete:
need:	[10197, 1290, 11562]	[10197, 1199, 1383],delete:
need:	[28224, 2161, 26068]	[8836, 606, 11446],delete:
need:,delete:
need:	[2925, 381, 12627]	[2925, 464, 10415]	[2925, 34, 13231]	[22313, 2165, 29803]	[22313, 1735, 32619]	[22313, 2373, 21688],delete:
need:	[4535, 759, 8543]	[8543, 1012, 13244]	[23923, 2460, 27931],delete:
need:	[20819, 2195, 33086]	[1431, 1244, 14990],delete:
need:,delete:
need:	[26494, 2562, 37594]	[26494, 2161, 22041]	[7106, 163, 12522],delete:
need:,delete:
need:,delete:
need:,delete:	[379, 815, 2613]	[19767, 1735, 22952]
need:	[9107, 343, 1242],delete:
need:	[12024, 147, 3484]	[9685, 987, 3484]	[22872, 2075, 37829],delete:
need:,delete:
need:	[27024, 2037, 29523]	[10135, 701, 13659]	[29523, 1722, 33785],delete:
need:,delete:
need:	[27663, 1972, 27279]	[27663, 2115, 27279],delete:
need:	[19716, 2058, 23096]	[23096, 2463, 30939]	[23096, 2305, 33819],delete:
need:	[8130, 809, 5844],delete:
need:	[121, 351, 1252]	[121, 198, 10595]	[23597, 2007, 19509]	[121, 198, 17807],delete:
need:	[7636, 729, 18868]	[27024, 1927, 33381]	[20516, 1874, 27024],delete:
need:	[5453, 819, 14022]	[24841, 2509, 33896],delete:
need:	[7876, 260, 9072]	[376, 244, 7876]	[27264, 1760, 21777],delete:
need:	[6460, 177, 1037]	[12896, 414, 6460]	[12769, 271, 6460]	[32284, 2115, 25848],delete:
need:	[11596, 819, 7305]	[7305, 652, 11596],delete:
need:,delete:
need:	[24343, 1789, 24343]	[24343, 1789, 25128]	[25128, 1789, 24343],delete:
need:,delete:
need:	[29430, 2195, 31731]	[10042, 1244, 14810]	[29430, 2177, 31463],delete:
need:,delete:
need:	[8732, 440, 13657]	[13042, 471, 8732]	[23264, 1827, 28120]	[28120, 2032, 30834]	[28120, 2141, 33045],delete:
need:	[9275, 815, 5218]	[5218, 351, 2758]	[28663, 2516, 24606],delete:
need:,delete:
need:	[24221, 2440, 26549]	[5704, 1268, 7161]	[7161, 357, 6906]	[26549, 2058, 20791],delete:
need:	[4233, 697, 7388],delete:
need:	[2436, 1244, 5983]	[21824, 1972, 25368],delete:
need:	[27947, 1912, 27517]	[8129, 810, 9645]	[1564, 851, 8129],delete:
need:,delete:
need:,delete:
need:,delete:
need:,delete:
need:,delete:
need:	[4182, 652, 6815],delete:
need:	[12227, 819, 2432],delete:
need:	[786, 374, 1326],delete:
need:	[28614, 2089, 28153]	[28614, 2164, 32110]	[8272, 819, 9226],delete:
need:,delete:
need:,delete:	[6150, 1244, 10704]	[6150, 271, 3947]	[6150, 271, 11912]	[6150, 494, 3947]
need:	[9409, 634, 2671]	[1224, 533, 2671],delete:
need:	[1016, 756, 14084]	[1016, 756, 2234]	[20404, 2457, 29217],delete:
need:,delete:	[10342, 200, 19044]
need:	[5919, 1244, 3564]	[5919, 414, 9761],delete:
need:	[889, 75, 11136]	[889, 75, 13047],delete:
need:,delete:
need:	[2405, 42, 11197]	[21793, 1944, 20961]	[2405, 42, 606],delete:
need:	[25603, 2196, 30998]	[6215, 410, 4958]	[6215, 34, 6054],delete:
need:	[8802, 242, 10946],delete:
need:	[1511, 831, 6407]	[1511, 831, 2614],delete:
need:	[9095, 331, 11455]	[9095, 331, 9581]	[34369, 1803, 28483],delete:
need:,delete:
need:,delete:
need:	[24840, 1857, 34200],delete:
need:	[7289, 88, 6849]	[26677, 1789, 26237],delete:
need:	[28528, 2408, 37657]	[28528, 2507, 32363]	[28528, 2408, 37248],delete:
need:	[9172, 634, 18260]	[9172, 827, 14557],delete:
need:	[29297, 1760, 25798]	[9909, 260, 7681]	[29297, 1961, 27069],delete:
need:	[3497, 34, 13231]	[22885, 2032, 30834]	[22885, 2141, 33045],delete:
need:,delete:	[23315, 2259, 29305]	[29305, 2503, 23315]
need:,delete:	[3732, 827, 1390]	[1390, 413, 18087]
need:	[3151, 436, 5178],delete:
need:	[1562, 888, 13366]	[3226, 533, 1562]	[32754, 1776, 20950]	[1562, 533, 6611],delete:
need:,delete:
need:	[13415, 102, 1371]	[1371, 177, 1651]	[1651, 24, 1371],delete:
need:,delete:
need:,delete:
need:	[11493, 738, 5686]	[25074, 2487, 31138],delete:
need:,delete:	[12883, 183, 3576]	[3576, 351, 14731]	[22964, 2052, 34119]	[33067, 2087, 22964]	[32271, 1884, 22964]	[22964, 1899, 21653]	[23016, 1884, 22964]	[28436, 2087, 22964]
need:	[8477, 413, 4423]	[11061, 21, 8477]	[30449, 1722, 27865],delete:
need:,delete:
need:	[4131, 1469, 6549]	[25937, 2353, 23519]	[25937, 1722, 30780],delete:
need:	[23401, 1927, 25079]	[5691, 998, 14508]	[5691, 652, 13368],delete:
need:	[25291, 2195, 30765]	[11377, 343, 5903]	[600, 343, 5903]	[25291, 2115, 23588],delete:
need:	[910, 471, 450]	[20298, 1722, 19838]	[910, 374, 450],delete:
need:	[8655, 809, 9130]	[28043, 2528, 29255]	[8655, 808, 9130],delete:
need:	[19438, 2457, 32028]	[19438, 2457, 30917],delete:
need:,delete:
need:	[32579, 2528, 27512]	[8124, 413, 13976],delete:
need:	[4753, 652, 16075]	[6338, 652, 4753],delete:
need:	[27297, 1779, 25245]	[25245, 2511, 38661],delete:
need:,delete:
need:	[21377, 2096, 27279]	[27279, 2213, 21377]	[1989, 271, 11210],delete:
need:	[7672, 756, 10355],delete:
need:,delete:
need:,delete:
need:	[31542, 2021, 29373]	[12533, 243, 9985],delete:
need:	[1226, 271, 7836]	[24411, 1803, 27224],delete:
need:	[24574, 1728, 30449],delete:
need:,delete:
need:	[2647, 414, 12340]	[22035, 1972, 27224],delete:
need:	[4245, 34, 13231]	[23633, 2032, 38560],delete:
need:	[3425, 317, 10549]	[3425, 374, 14470]	[22813, 1939, 27147]	[22813, 2018, 29937],delete:
need:,delete:
need:,delete:
need:	[6064, 173, 5597],delete:
need:,delete:
need:	[29412, 1943, 25886],delete:
need:	[14388, 652, 5290]	[6696, 569, 5290],delete:
need:	[847, 177, 11310]	[3918, 395, 847]	[23306, 2096, 20235]	[23306, 1972, 20235],delete:
need:	[33395, 1805, 28715]	[28715, 2349, 20842],delete:
need:	[10100, 137, 11688]	[10100, 0, 14002]	[33390, 1838, 29488],delete:
need:,delete:
need:,delete:
need:,delete:	[7880, 211, 7602]	[7880, 211, 2758]	[27268, 1899, 37362]
need:	[4294, 340, 1753]	[4294, 994, 15940],delete:
need:,delete:
need:	[3934, 708, 12434]	[23322, 1874, 31822],delete:
need:	[11718, 198, 9022]	[9022, 700, 11963],delete:
need:,delete:
need:	[28836, 2446, 21488],delete:
need:,delete:	[9580, 471, 16112]	[9580, 471, 6561]	[9580, 471, 6793]	[9580, 471, 7722]	[9580, 42, 13453]	[6793, 622, 9580]	[9580, 364, 8686]	[9580, 59, 16082]	[9580, 471, 18854]	[28968, 1743, 28485]	[28968, 2172, 34704]
