358	15358
7101	22101
8797	23797
1032	16032
9665	24665
79	15079
318	15318
6728	21728
2788	17788
2198	17198
3098	18098
5200	20200
62	15062
1723	16723
5245	20245
3757	18757
2354	17354
1993	16993
8999	23999
6304	21304
1840	16840
2443	17443
8064	23064
8316	23316
4399	19399
2317	17317
7567	22567
1888	16888
10148	25148
6492	21492
9774	24774
10322	25322
5680	20680
8247	23247
1913	16913
3960	18960
5645	20645
8332	23332
6880	21880
2787	17787
4438	19438
7678	22678
1610	16610
4255	19255
1479	16479
1794	16794
2629	17629
4426	19426
4317	19317
5171	20171
4390	19390
10484	25484
9334	24334
368	15368
170	15170
6897	21897
1265	16265
1552	16552
5013	20013
9038	24038
4601	19601
4021	19021
2102	17102
8425	23425
5900	20900
2326	17326
5079	20079
278	15278
7598	22598
7042	22042
9938	24938
1185	16185
6412	21412
8745	23745
6788	21788
4483	19483
609	15609
6548	21548
9197	24197
9840	24840
5256	20256
3707	18707
8681	23681
3871	18871
5840	20840
4196	19196
5260	20260
463	15463
2348	17348
6169	21169
7391	22391
7880	22880
31	15031
8860	23860
6277	21277
3378	18378
431	15431
3843	18843
2588	17588
1631	16631
4557	19557
5253	20253
895	15895
6720	21720
1652	16652
9123	24123
7463	22463
7352	22352
7659	22659
7493	22493
7422	22422
4470	19470
10298	25298
3445	18445
7901	22901
8676	23676
6842	21842
2035	17035
2351	17351
10147	25147
8528	23528
9779	24779
6070	21070
829	15829
5728	20728
597	15597
5659	20659
3615	18615
1031	16031
2283	17283
8251	23251
8172	23172
4854	19854
8551	23551
9837	24837
8255	23255
2509	17509
1929	16929
4407	19407
6756	21756
4004	19004
517	15517
9687	24687
3887	18887
4234	19234
7676	22676
1804	16804
6869	21869
2676	17676
5441	20441
6053	21053
7453	22453
7134	22134
425	15425
2531	17531
8502	23502
3789	18789
10459	25459
853	15853
1994	16994
5112	20112
1152	16152
5749	20749
7941	22941
8266	23266
8925	23925
8338	23338
5905	20905
6337	21337
4349	19349
9339	24339
4521	19521
2334	17334
10039	25039
1818	16818
470	15470
1211	16211
2542	17542
8230	23230
1567	16567
5257	20257
700	15700
4116	19116
6068	21068
5103	20103
511	15511
3264	18264
1173	16173
7867	22867
3141	18141
5835	20835
9445	24445
7187	22187
8388	23388
7356	22356
3885	18885
2338	17338
5210	20210
9318	24318
4894	19894
6517	21517
2537	17537
9298	24298
209	15209
2607	17607
2841	17841
7951	22951
5936	20936
9256	24256
7327	22327
10140	25140
8902	23902
9271	24271
4254	19254
6774	21774
7372	22372
5868	20868
2183	17183
6556	21556
4190	19190
3699	18699
10002	25002
3540	18540
4832	19832
4430	19430
2698	17698
9803	24803
4800	19800
6440	21440
9792	24792
3454	18454
9888	24888
6512	21512
349	15349
6629	21629
4738	19738
4753	19753
8052	23052
7962	22962
8121	23121
3490	18490
6109	21109
3335	18335
669	15669
1500	16500
6329	21329
7403	22403
185	15185
10220	25220
9251	24251
3783	18783
4590	19590
4801	19801
1941	16941
2771	17771
656	15656
6735	21735
6187	21187
1309	16309
4925	19925
7884	22884
8313	23313
6945	21945
6712	21712
4490	19490
9169	24169
2074	17074
10475	25475
2783	17783
6088	21088
2451	17451
7878	22878
692	15692
9255	24255
9299	24299
7446	22446
4598	19598
697	15697
8967	23967
6811	21811
4669	19669
7899	22899
1893	16893
8499	23499
10341	25341
7721	22721
2968	17968
8839	23839
1390	16390
8137	23137
3456	18456
6136	21136
9306	24306
8131	23131
2120	17120
2694	17694
9662	24662
10426	25426
9436	24436
871	15871
10402	25402
257	15257
6370	21370
8053	23053
353	15353
923	15923
1574	16574
3532	18532
1687	16687
8603	23603
2464	17464
4428	19428
9639	24639
3177	18177
533	15533
1498	16498
1372	16372
333	15333
654	15654
1589	16589
413	15413
9957	24957
8462	23462
4960	19960
5037	20037
2170	17170
3094	18094
2900	17900
4705	19705
486	15486
9287	24287
9980	24980
717	15717
3605	18605
1731	16731
5734	20734
3987	18987
7419	22419
5090	20090
2508	17508
5780	20780
1886	16886
9356	24356
6628	21628
4977	19977
7068	22068
7387	22387
5689	20689
5345	20345
9536	24536
5698	20698
6951	21951
9005	24005
10418	25418
9280	24280
182	15182
10407	25407
6995	21995
7710	22710
9919	24919
7366	22366
4485	19485
844	15844
5312	20312
2716	17716
2445	17445
9960	24960
18	15018
2064	17064
3365	18365
9849	24849
8439	23439
6126	21126
3867	18867
4453	19453
6335	21335
4558	19558
5591	20591
3595	18595
2998	17998
8605	23605
7976	22976
244	15244
1319	16319
6649	21649
9442	24442
9145	24145
901	15901
1040	16040
10208	25208
2223	17223
2660	17660
10450	25450
8629	23629
1255	16255
2558	17558
6551	21551
5750	20750
3614	18614
24	15024
1160	16160
9925	24925
3741	18741
6986	21986
9118	24118
9979	24979
418	15418
6929	21929
5366	20366
9358	24358
1321	16321
7641	22641
9900	24900
9122	24122
4722	19722
2029	17029
1906	16906
9353	24353
3640	18640
8043	23043
1855	16855
2152	17152
8039	23039
7440	22440
3671	18671
6882	21882
771	15771
7164	22164
1080	16080
8477	23477
3851	18851
5041	20041
10284	25284
1240	16240
5443	20443
9476	24476
74	15074
8698	23698
4766	19766
961	15961
167	15167
878	15878
6154	21154
5918	20918
7685	22685
2474	17474
7830	22830
1557	16557
9133	24133
10473	25473
7666	22666
7832	22832
1149	16149
9611	24611
3489	18489
811	15811
4574	19574
5637	20637
2776	17776
4863	19863
3729	18729
9533	24533
8222	23222
6103	21103
3847	18847
6080	21080
7473	22473
5986	20986
148	15148
1515	16515
2309	17309
8328	23328
6196	21196
4324	19324
8103	23103
9025	24025
1869	16869
8727	23727
723	15723
9257	24257
3281	18281
7709	22709
9488	24488
4879	19879
9841	24841
7500	22500
6374	21374
9669	24669
1537	16537
4540	19540
2274	17274
2188	17188
7267	22267
941	15941
2168	17168
5932	20932
2467	17467
6226	21226
3701	18701
7825	22825
4750	19750
8838	23838
9151	24151
1835	16835
5254	20254
7793	22793
7191	22191
450	15450
944	15944
3964	18964
2615	17615
3338	18338
1779	16779
7980	22980
4041	19041
3723	18723
4338	19338
5383	20383
6248	21248
10154	25154
3940	18940
7236	22236
2149	17149
3913	18913
3917	18917
6049	21049
3263	18263
2704	17704
7772	22772
5709	20709
9836	24836
4675	19675
6052	21052
5931	20931
1912	16912
8004	23004
8272	23272
3461	18461
8587	23587
480	15480
6002	21002
3387	18387
7555	22555
6654	21654
1822	16822
1847	16847
7968	22968
8445	23445
5348	20348
9951	24951
9737	24737
5760	20760
9723	24723
2397	17397
4208	19208
9302	24302
5299	20299
5482	20482
7579	22579
6314	21314
9422	24422
3195	18195
164	15164
5397	20397
872	15872
2193	17193
8752	23752
3199	18199
1151	16151
3351	18351
4266	19266
9683	24683
10299	25299
9920	24920
9551	24551
2849	17849
9200	24200
2391	17391
10277	25277
6398	21398
405	15405
2471	17471
9810	24810
921	15921
1935	16935
10433	25433
5819	20819
4976	19976
2601	17601
6061	21061
9063	24063
1999	16999
5796	20796
9341	24341
6141	21141
10143	25143
3027	18027
4183	19183
10428	25428
3357	18357
10448	25448
1571	16571
10349	25349
4850	19850
3694	18694
2342	17342
9494	24494
2379	17379
6424	21424
1496	16496
3659	18659
5011	20011
7431	22431
5520	20520
253	15253
994	15994
3409	18409
5625	20625
6150	21150
5023	20023
387	15387
9187	24187
3537	18537
7051	22051
7364	22364
8322	23322
4232	19232
9095	24095
5888	20888
8488	23488
3421	18421
1720	16720
6507	21507
9597	24597
9399	24399
4916	19916
7485	22485
9708	24708
8315	23315
4233	19233
2076	17076
712	15712
3995	18995
8045	23045
3994	18994
3406	18406
8146	23146
5377	20377
9943	24943
2281	17281
3599	18599
6326	21326
8389	23389
501	15501
2331	17331
3014	18014
2427	17427
1959	16959
4080	19080
3276	18276
3033	18033
7193	22193
9475	24475
733	15733
9088	24088
2786	17786
5758	20758
3159	18159
2364	17364
6325	21325
9770	24770
4556	19556
2005	17005
7072	22072
1471	16471
1998	16998
10076	25076
1226	16226
2862	17862
5116	20116
1594	16594
928	15928
7990	22990
7734	22734
3920	18920
4107	19107
8571	23571
7392	22392
6301	21301
2581	17581
790	15790
9195	24195
1447	16447
7620	22620
363	15363
8777	23777
5360	20360
4044	19044
3877	18877
6064	21064
6941	21941
8118	23118
8774	23774
1241	16241
7232	22232
1850	16850
7426	22426
6950	21950
6780	21780
4847	19847
7361	22361
6379	21379
5468	20468
1387	16387
2095	17095
9401	24401
10254	25254
4159	19159
10395	25395
5002	20002
9945	24945
7595	22595
1234	16234
4486	19486
8871	23871
755	15755
10191	25191
1982	16982
9528	24528
5491	20491
4911	19911
4830	19830
8211	23211
2644	17644
5904	20904
6397	21397
4154	19154
1832	16832
600	15600
613	15613
5694	20694
1110	16110
6693	21693
347	15347
2908	17908
2313	17313
7785	22785
7475	22475
6682	21682
4489	19489
5832	20832
3952	18952
2115	17115
3981	18981
9733	24733
1705	16705
10409	25409
4834	19834
5048	20048
1144	16144
2891	17891
10260	25260
3190	18190
2721	17721
4115	19115
8269	23269
9572	24572
7983	22983
1305	16305
5706	20706
8815	23815
9661	24661
179	15179
9128	24128
7925	22925
7183	22183
8294	23294
6541	21541
7636	22636
8803	23803
6646	21646
3119	18119
8682	23682
6127	21127
10141	25141
10051	25051
9246	24246
5021	20021
7262	22262
7708	22708
6711	21711
2682	17682
5180	20180
1402	16402
8312	23312
47	15047
1856	16856
5848	20848
32	15032
1483	16483
10189	25189
1430	16430
3069	18069
3643	18643
608	15608
9337	24337
9718	24718
1675	16675
6557	21557
4203	19203
198	15198
9100	24100
77	15077
8940	23940
6140	21140
5114	20114
9461	24461
9228	24228
7988	22988
2420	17420
7927	22927
9652	24652
5387	20387
976	15976
3212	18212
3633	18633
7136	22136
7502	22502
6266	21266
5856	20856
6241	21241
2038	17038
8280	23280
1146	16146
4887	19887
6528	21528
3152	18152
9654	24654
240	15240
730	15730
7802	22802
89	15089
6592	21592
1696	16696
8476	23476
6901	21901
7233	22233
2002	17002
269	15269
6283	21283
7741	22741
117	15117
4218	19218
7436	22436
432	15432
1485	16485
1466	16466
954	15954
168	15168
9917	24917
3888	18888
2687	17687
6441	21441
5667	20667
4047	19047
6017	21017
6464	21464
7790	22790
8686	23686
190	15190
10382	25382
8243	23243
5886	20886
8699	23699
9061	24061
10367	25367
4061	19061
1651	16651
3589	18589
10152	25152
3760	18760
8660	23660
8884	23884
3831	18831
4812	19812
5159	20159
449	15449
8390	23390
7377	22377
2442	17442
7515	22515
6164	21164
6565	21565
5223	20223
7528	22528
1019	16019
1738	16738
3446	18446
1011	16011
5875	20875
5614	20614
7731	22731
3616	18616
9047	24047
2069	17069
4554	19554
6559	21559
2790	17790
1280	16280
4652	19652
10178	25178
7423	22423
3622	18622
439	15439
9036	24036
5774	20774
427	15427
5803	20803
9190	24190
7869	22869
6547	21547
1655	16655
8057	23057
7967	22967
180	15180
7427	22427
5527	20527
4158	19158
7313	22313
10066	25066
1431	16431
3343	18343
6019	21019
10032	25032
4944	19944
3763	18763
3733	18733
151	15151
4231	19231
7602	22602
5456	20456
8334	23334
8856	23856
2723	17723
5069	20069
4561	19561
3161	18161
5911	20911
9052	24052
3761	18761
6178	21178
2128	17128
2021	17021
2673	17673
1015	16015
3603	18603
7235	22235
3524	18524
417	15417
1168	16168
2614	17614
2726	17726
6113	21113
10497	25497
4394	19394
9292	24292
8174	23174
543	15543
4328	19328
5666	20666
6582	21582
54	15054
195	15195
8083	23083
7484	22484
3674	18674
8692	23692
3469	18469
7270	22270
4537	19537
8668	23668
5096	20096
6363	21363
10490	25490
2190	17190
6239	21239
4651	19651
6912	21912
7560	22560
5901	20901
3790	18790
4468	19468
3017	18017
5457	20457
1690	16690
5837	20837
6082	21082
4868	19868
7329	22329
8886	23886
2999	17999
6560	21560
7512	22512
21	15021
3799	18799
5576	20576
2256	17256
10283	25283
8432	23432
3565	18565
5107	20107
5594	20594
6288	21288
9407	24407
5422	20422
4949	19949
6715	21715
9617	24617
9177	24177
10008	25008
1867	16867
10464	25464
6094	21094
1433	16433
8501	23501
5833	20833
3389	18389
1641	16641
2689	17689
3727	18727
9975	24975
1877	16877
7944	22944
7169	22169
3198	18198
4137	19137
782	15782
9613	24613
7137	22137
8257	23257
6744	21744
8051	23051
385	15385
4765	19765
4505	19505
1013	16013
1298	16298
2653	17653
1659	16659
3476	18476
4497	19497
8703	23703
918	15918
2040	17040
1702	16702
653	15653
3425	18425
3745	18745
138	15138
6549	21549
882	15882
8659	23659
4440	19440
9931	24931
1150	16150
4223	19223
4166	19166
3458	18458
1522	16522
3102	18102
8790	23790
1746	16746
9359	24359
6672	21672
8912	23912
531	15531
10164	25164
1928	16928
5569	20569
271	15271
6356	21356
7893	22893
7206	22206
4926	19926
2421	17421
1231	16231
5647	20647
206	15206
2569	17569
4987	19987
7282	22282
5578	20578
9212	24212
3881	18881
4030	19030
7735	22735
1477	16477
8574	23574
8386	23386
1900	16900
9844	24844
8303	23303
2860	17860
603	15603
3277	18277
8801	23801
3051	18051
3656	18656
4852	19852
1803	16803
1968	16968
420	15420
6043	21043
3457	18457
3208	18208
3280	18280
4950	19950
495	15495
2447	17447
2248	17248
7045	22045
4625	19625
1885	16885
3805	18805
5596	20596
2677	17677
8324	23324
2975	17975
9002	24002
9508	24508
8577	23577
3602	18602
8478	23478
1369	16369
1718	16718
8710	23710
3872	18872
796	15796
621	15621
6930	21930
5646	20646
2791	17791
5764	20764
7947	22947
7272	22272
2486	17486
9099	24099
5010	20010
8988	23988
1644	16644
1405	16405
8546	23546
9952	24952
1783	16783
6207	21207
3380	18380
5887	20887
7589	22589
2756	17756
10151	25151
9000	24000
362	15362
4698	19698
1593	16593
5965	20965
5876	20876
8809	23809
7720	22720
10211	25211
5240	20240
3006	18006
9379	24379
9806	24806
2401	17401
2203	17203
1320	16320
7716	22716
5405	20405
2935	17935
1397	16397
8421	23421
2625	17625
7499	22499
10493	25493
4213	19213
3275	18275
2438	17438
3491	18491
2410	17410
983	15983
7309	22309
937	15937
5805	20805
3523	18523
645	15645
5207	20207
1979	16979
9446	24446
2363	17363
2945	17945
2962	17962
5189	20189
9658	24658
5923	20923
7689	22689
2750	17750
10110	25110
6240	21240
9703	24703
7618	22618
1793	16793
7022	22022
6664	21664
9701	24701
6058	21058
4712	19712
3257	18257
1322	16322
8584	23584
6324	21324
6279	21279
682	15682
3268	18268
8693	23693
9221	24221
7307	22307
2041	17041
10207	25207
5651	20651
10281	25281
8923	23923
10373	25373
8656	23656
1365	16365
5138	20138
4352	19352
7437	22437
5177	20177
7083	22083
2579	17579
1992	16992
10461	25461
8654	23654
8430	23430
266	15266
3433	18433
4389	19389
475	15475
3081	18081
3307	18307
2268	17268
6216	21216
4796	19796
3214	18214
6051	21051
3481	18481
6278	21278
3251	18251
8452	23452
3200	18200
2796	17796
1635	16635
8092	23092
4092	19092
2809	17809
2926	17926
718	15718
1937	16937
2631	17631
5554	20554
7624	22624
10398	25398
5834	20834
3401	18401
6473	21473
7150	22150
4199	19199
9632	24632
1053	16053
9111	24111
500	15500
7826	22826
6667	21667
2288	17288
5927	20927
8139	23139
507	15507
8559	23559
10135	25135
10057	25057
289	15289
8874	23874
10185	25185
3162	18162
2879	17879
9410	24410
9542	24542
1186	16186
6254	21254
8648	23648
2527	17527
5437	20437
3262	18262
2572	17572
487	15487
4364	19364
6063	21063
3129	18129
1570	16570
662	15662
1142	16142
8695	23695
5829	20829
626	15626
7177	22177
5902	20902
2137	17137
3717	18717
5814	20814
1286	16286
8089	23089
3487	18487
8191	23191
5804	20804
775	15775
3410	18410
9757	24757
4285	19285
7812	22812
795	15795
2707	17707
536	15536
7770	22770
2712	17712
7984	22984
8329	23329
1450	16450
2552	17552
8841	23841
919	15919
5247	20247
5452	20452
7587	22587
5820	20820
10093	25093
9731	24731
4595	19595
4008	19008
320	15320
4934	19934
2028	17028
8400	23400
724	15724
3636	18636
7885	22885
8922	23922
6902	21902
3677	18677
2006	17006
9329	24329
1453	16453
5622	20622
415	15415
8732	23732
9581	24581
8113	23113
2144	17144
7260	22260
695	15695
4649	19649
3265	18265
7871	22871
4935	19935
5503	20503
9811	24811
1181	16181
2515	17515
5273	20273
6828	21828
4676	19676
8355	23355
6838	21838
3718	18718
9234	24234
3026	18026
5770	20770
6567	21567
7915	22915
5671	20671
2827	17827
1249	16249
3541	18541
6797	21797
110	15110
7468	22468
6131	21131
4526	19526
8616	23616
584	15584
2017	17017
9647	24647
5039	20039
6453	21453
1614	16614
474	15474
3766	18766
8711	23711
4618	19618
8791	23791
959	15959
3272	18272
5215	20215
5198	20198
3412	18412
3624	18624
3123	18123
3011	18011
10346	25346
1461	16461
2733	17733
1532	16532
7012	22012
2533	17533
1166	16166
9330	24330
9726	24726
160	15160
3776	18776
2967	17967
2294	17294
5176	20176
6923	21923
8284	23284
8647	23647
3779	18779
3077	18077
8764	23764
9608	24608
6448	21448
2114	17114
235	15235
3512	18512
6316	21316
8959	23959
2224	17224
5703	20703
4713	19713
9370	24370
4781	19781
2671	17671
9711	24711
3641	18641
9596	24596
1126	16126
5640	20640
192	15192
10285	25285
627	15627
4014	19014
6689	21689
6673	21673
5940	20940
2124	17124
2666	17666
2524	17524
9830	24830
4445	19445
8869	23869
6660	21660
8036	23036
659	15659
312	15312
8578	23578
1242	16242
1943	16943
6074	21074
2373	17373
4484	19484
10119	25119
10327	25327
428	15428
4844	19844
929	15929
3955	18955
380	15380
4449	19449
8129	23129
4274	19274
3801	18801
1504	16504
5014	20014
3478	18478
3948	18948
1911	16911
7345	22345
8379	23379
7271	22271
7363	22363
3397	18397
9179	24179
3248	18248
9676	24676
6931	21931
8825	23825
6223	21223
6159	21159
8330	23330
10491	25491
7692	22692
9092	24092
6229	21229
10010	25010
7189	22189
7395	22395
1406	16406
4152	19152
5615	20615
5063	20063
10087	25087
7842	22842
9932	24932
4915	19915
8484	23484
5947	20947
9519	24519
2580	17580
8438	23438
8448	23448
1538	16538
3083	18083
7299	22299
10437	25437
7491	22491
9288	24288
9686	24686
8783	23783
4539	19539
5358	20358
7553	22553
1584	16584
3038	18038
5019	20019
4057	19057
6534	21534
6998	21998
744	15744
5286	20286
5203	20203
9105	24105
2662	17662
4924	19924
10494	25494
10200	25200
5038	20038
1969	16969
2277	17277
2775	17775
10259	25259
8407	23407
924	15924
6982	21982
1389	16389
8405	23405
5654	20654
4301	19301
8661	23661
9704	24704
3722	18722
7394	22394
3959	18959
4135	19135
4039	19039
1809	16809
2157	17157
8851	23851
3194	18194
8467	23467
8743	23743
3328	18328
1408	16408
4112	19112
9506	24506
2566	17566
9675	24675
4377	19377
1578	16578
10315	25315
3108	18108
4904	19904
5078	20078
6996	21996
2189	17189
6355	21355
8085	23085
5152	20152
8107	23107
6618	21618
7401	22401
2418	17418
216	15216
4821	19821
4100	19100
10049	25049
6493	21493
3998	18998
762	15762
9378	24378
8453	23453
3747	18747
9153	24153
9215	24215
8910	23910
3634	18634
2684	17684
9511	24511
2448	17448
2521	17521
6871	21871
8021	23021
1622	16622
4824	19824
5935	20935
80	15080
5683	20683
3908	18908
5246	20246
6047	21047
6601	21601
7010	22010
988	15988
8341	23341
3061	18061
1065	16065
2123	17123
7349	22349
9573	24573
4299	19299
6270	21270
2905	17905
4251	19251
1039	16039
7681	22681
10369	25369
1095	16095
2165	17165
8049	23049
4842	19842
625	15625
729	15729
5859	20859
407	15407
4019	19019
9027	24027
2709	17709
7814	22814
10452	25452
5589	20589
9762	24762
4670	19670
10067	25067
6776	21776
604	15604
5003	20003
3255	18255
3903	18903
7133	22133
5317	20317
3620	18620
4789	19789
8140	23140
9994	24994
9258	24258
10422	25422
6623	21623
1348	16348
6276	21276
176	15176
1499	16499
9158	24158
8691	23691
5916	20916
3157	18157
10311	25311
4424	19424
6197	21197
9991	24991
8982	23982
6044	21044
544	15544
2584	17584
1418	16418
7585	22585
9559	24559
4270	19270
9730	24730
3842	18842
9903	24903
3243	18243
760	15760
8948	23948
10097	25097
9374	24374
2959	17959
8433	23433
1096	16096
6965	21965
5261	20261
2269	17269
4344	19344
10098	25098
2916	17916
2859	17859
4385	19385
8966	23966
3254	18254
2921	17921
8891	23891
3854	18854
3621	18621
6602	21602
9591	24591
9861	24861
6898	21898
6111	21111
8099	23099
9336	24336
6433	21433
4686	19686
9745	24745
1256	16256
6137	21137
2565	17565
8239	23239
4677	19677
3618	18618
6120	21120
2155	17155
2361	17361
3935	18935
4809	19809
3436	18436
2710	17710
5998	20998
5549	20549
10279	25279
9009	24009
8612	23612
7355	22355
6755	21755
4650	19650
7837	22837
6429	21429
9482	24482
5771	20771
2995	17995
4817	19817
8833	23833
6383	21383
7755	22755
689	15689
8276	23276
7213	22213
6513	21513
2208	17208
6202	21202
6990	21990
9267	24267
9862	24862
979	15979
3551	18551
3752	18752
4214	19214
6048	21048
9532	24532
8968	23968
9405	24405
8633	23633
3895	18895
6537	21537
1764	16764
3661	18661
9109	24109
7817	22817
2683	17683
5123	20123
8617	23617
2807	17807
9120	24120
5403	20403
3050	18050
4450	19450
1345	16345
8762	23762
1792	16792
7130	22130
9313	24313
41	15041
550	15550
6572	21572
7339	22339
628	15628
3153	18153
5429	20429
275	15275
4837	19837
5692	20692
2613	17613
1333	16333
8123	23123
5266	20266
10321	25321
2801	17801
10007	25007
9142	24142
821	15821
5388	20388
7874	22874
7704	22704
8428	23428
2125	17125
8768	23768
6542	21542
5934	20934
8678	23678
6708	21708
8468	23468
4875	19875
1379	16379
6395	21395
6477	21477
3558	18558
4855	19855
5121	20121
76	15076
3990	18990
2851	17851
9681	24681
6470	21470
9340	24340
9369	24369
583	15583
9912	24912
4087	19087
3345	18345
9366	24366
2563	17563
10038	25038
326	15326
2142	17142
1083	16083
1154	16154
6767	21767
5673	20673
10159	25159
6606	21606
7902	22902
3319	18319
7230	22230
2944	17944
9864	24864
9477	24477
10128	25128
6133	21133
2396	17396
3521	18521
5721	20721
2278	17278
2139	17139
4046	19046
7011	22011
3482	18482
2357	17357
5463	20463
6203	21203
646	15646
688	15688
7157	22157
3583	18583
8883	23883
4155	19155
1672	16672
9186	24186
3317	18317
92	15092
1996	16996
9693	24693
3267	18267
8180	23180
2817	17817
9189	24189
564	15564
10226	25226
3004	18004
7847	22847
6217	21217
9715	24715
10470	25470
6637	21637
728	15728
10391	25391
4658	19658
2462	17462
5347	20347
5382	20382
9891	24891
8402	23402
6258	21258
6280	21280
973	15973
9218	24218
10477	25477
8657	23657
9317	24317
2449	17449
6480	21480
6338	21338
850	15850
212	15212
8342	23342
5604	20604
1087	16087
6478	21478
7997	22997
5668	20668
10184	25184
8709	23709
1094	16094
3924	18924
8580	23580
7472	22472
4836	19836
4596	19596
9106	24106
5250	20250
641	15641
9595	24595
581	15581
1561	16561
5425	20425
8117	23117
9046	24046
7222	22222
4511	19511
6983	21983
2087	17087
2593	17593
1704	16704
1639	16639
8417	23417
10256	25256
372	15372
7859	22859
458	15458
6872	21872
6817	21817
7275	22275
10362	25362
3279	18279
8337	23337
10028	25028
863	15863
3207	18207
7797	22797
4560	19560
6614	21614
1961	16961
1489	16489
2525	17525
1133	16133
3118	18118
908	15908
5033	20033
1774	16774
1272	16272
5269	20269
3431	18431
6940	21940
750	15750
1451	16451
523	15523
10113	25113
6749	21749
6299	21299
4988	19988
4665	19665
9077	24077
8009	23009
6806	21806
339	15339
9363	24363
3516	18516
3719	18719
3056	18056
1424	16424
5907	20907
7186	22186
1425	16425
3089	18089
1621	16621
5600	20600
2416	17416
9236	24236
84	15084
6586	21586
6021	21021
2870	17870
10300	25300
9575	24575
8493	23493
5127	20127
4406	19406
3239	18239
3347	18347
9593	24593
5892	20892
4803	19803
6013	21013
3420	18420
364	15364
9547	24547
2112	17112
8229	23229
899	15899
2658	17658
8934	23934
7316	22316
10288	25288
5772	20772
3394	18394
8264	23264
5091	20091
4434	19434
7760	22760
4311	19311
7758	22758
1371	16371
4741	19741
2378	17378
4953	19953
5617	20617
2237	17237
3874	18874
8447	23447
3057	18057
1024	16024
8037	23037
3241	18241
10108	25108
5684	20684
998	15998
4965	19965
4448	19448
4060	19060
101	15101
1884	16884
8977	23977
8195	23195
5517	20517
7243	22243
7380	22380
2371	17371
8115	23115
9136	24136
3695	18695
1750	16750
8202	23202
7303	22303
8333	23333
9113	24113
317	15317
10499	25499
1051	16051
4444	19444
3228	18228
6962	21962
9455	24455
8216	23216
9921	24921
8731	23731
5202	20202
7660	22660
8945	23945
9183	24183
5821	20821
9619	24619
422	15422
4257	19257
6899	21899
3238	18238
10374	25374
7298	22298
3297	18297
6259	21259
8549	23549
7147	22147
3140	18140
9648	24648
1148	16148
4423	19423
6334	21334
2528	17528
3217	18217
8787	23787
4536	19536
468	15468
4807	19807
4253	19253
887	15887
7290	22290
1565	16565
5390	20390
3976	18976
52	15052
4313	19313
3471	18471
9281	24281
2669	17669
7911	22911
8649	23649
7529	22529
10131	25131
9948	24948
4874	19874
2972	17972
6677	21677
4117	19117
1174	16174
4524	19524
4211	19211
4892	19892
7476	22476
6772	21772
8530	23530
9074	24074
5237	20237
9043	24043
9225	24225
1768	16768
6421	21421
9677	24677
3751	18751
2216	17216
53	15053
3781	18781
3592	18592
2479	17479
357	15357
5462	20462
6960	21960
7451	22451
6742	21742
4762	19762
8531	23531
9386	24386
3302	18302
10305	25305
4031	19031
3869	18869
3797	18797
1692	16692
5364	20364
4795	19795
2345	17345
7978	22978
10474	25474
7945	22945
6543	21543
8771	23771
5702	20702
4169	19169
4790	19790
4592	19592
4220	19220
2098	17098
9452	24452
9222	24222
8939	23939
6246	21246
7312	22312
9976	24976
8512	23512
2045	17045
10176	25176
3079	18079
4185	19185
8677	23677
3548	18548
2219	17219
9678	24678
9259	24259
10387	25387
5843	20843
9574	24574
6978	21978
10435	25435
8160	23160
910	15910
7412	22412
9778	24778
4288	19288
3448	18448
8377	23377
904	15904
9637	24637
1382	16382
149	15149
9213	24213
8667	23667
3388	18388
10339	25339
6003	21003
3819	18819
1411	16411
5660	20660
4224	19224
7373	22373
9512	24512
10480	25480
4373	19373
3967	18967
8295	23295
9576	24576
2254	17254
3770	18770
4380	19380
10203	25203
9924	24924
8872	23872
69	15069
4694	19694
8840	23840
10250	25250
8845	23845
9033	24033
8079	23079
9346	24346
4585	19585
1368	16368
1262	16262
664	15664
3588	18588
1218	16218
2553	17553
5738	20738
2956	17956
3109	18109
7112	22112
7128	22128
5490	20490
7000	22000
1791	16791
1449	16449
1939	16939
7204	22204
1607	16607
4363	19363
1282	16282
6752	21752
7904	22904
1946	16946
3564	18564
6957	21957
2385	17385
9910	24910
8005	23005
1904	16904
1811	16811
7935	22935
5486	20486
3088	18088
4452	19452
3724	18724
8548	23548
6860	21860
4586	19586
732	15732
3508	18508
8164	23164
803	15803
676	15676
1765	16765
8033	23033
4853	19853
4932	19932
10198	25198
7365	22365
677	15677
6915	21915
4680	19680
7125	22125
2762	17762
4417	19417
5303	20303
258	15258
6300	21300
3610	18610
4164	19164
10356	25356
1534	16534
8814	23814
2456	17456
9498	24498
2461	17461
9321	24321
8887	23887
8306	23306
5094	20094
6333	21333
8194	23194
10328	25328
9971	24971
6255	21255
8133	23133
8364	23364
7727	22727
9086	24086
4498	19498
985	15985
10036	25036
3792	18792
6071	21071
7386	22386
587	15587
3227	18227
2701	17701
2059	17059
4015	19015
4111	19111
1823	16823
6439	21439
8609	23609
4530	19530
8371	23371
4754	19754
684	15684
2670	17670
6124	21124
3359	18359
3171	18171
3530	18530
6306	21306
995	15995
7460	22460
4048	19048
4461	19461
2623	17623
6450	21450
6795	21795
3417	18417
779	15779
5858	20858
7408	22408
971	15971
5287	20287
1821	16821
9147	24147
8755	23755
1553	16553
687	15687
4919	19919
9616	24616
3283	18283
6108	21108
3353	18353
3132	18132
1582	16582
1510	16510
2164	17164
2264	17264
3514	18514
2934	17934
4237	19237
153	15153
3734	18734
5747	20747
6015	21015
4018	19018
4700	19700
912	15912
3371	18371
1976	16976
993	15993
3632	18632
1601	16601
4077	19077
437	15437
10266	25266
8361	23361
2664	17664
7833	22833
6822	21822
7816	22816
1547	16547
6564	21564
3915	18915
6846	21846
342	15342
2000	17000
5810	20810
5585	20585
1944	16944
4982	19982
6281	21281
3863	18863
10065	25065
1546	16546
5547	20547
3053	18053
1119	16119
9768	24768
10272	25272
2163	17163
7805	22805
7415	22415
7576	22576
7696	22696
8017	23017
1711	16711
2302	17302
798	15798
6905	21905
88	15088
6275	21275
1117	16117
2482	17482
8482	23482
10056	25056
3145	18145
7456	22456
9093	24093
4330	19330
3786	18786
9224	24224
1834	16834
5494	20494
3868	18868
5545	20545
10338	25338
4767	19767
9079	24079
7024	22024
4128	19128
661	15661
7655	22655
8965	23965
1549	16549
5320	20320
7520	22520
9289	24289
1819	16819
6483	21483
8911	23911
9640	24640
4968	19968
2473	17473
2187	17187
5739	20739
1023	16023
4723	19723
7531	22531
8586	23586
6980	21980
5481	20481
10476	25476
8828	23828
1606	16606
2855	17855
7623	22623
4136	19136
4365	19365
1440	16440
8720	23720
1157	16157
4106	19106
2598	17598
5036	20036
6891	21891
1667	16667
7321	22321
9935	24935
5838	20838
8503	23503
2047	17047
6163	21163
6577	21577
299	15299
441	15441
7266	22266
285	15285
2109	17109
4181	19181
4719	19719
8262	23262
8223	23223
338	15338
6640	21640
2779	17779
4002	19002
9848	24848
218	15218
6874	21874
6214	21214
3124	18124
10179	25179
1384	16384
4395	19395
9755	24755
4611	19611
1373	16373
6626	21626
7966	22966
3167	18167
10498	25498
9458	24458
8072	23072
3186	18186
9448	24448
8642	23642
6619	21619
73	15073
7488	22488
9501	24501
3591	18591
383	15383
1455	16455
7201	22201
8747	23747
9247	24247
2939	17939
4628	19628
9700	24700
2920	17920
10245	25245
9097	24097
429	15429
8952	23952
1443	16443
7668	22668
10442	25442
8555	23555
61	15061
6271	21271
2562	17562
8297	23297
1709	16709
1331	16331
9902	24902
421	15421
7135	22135
3173	18173
4913	19913
9161	24161
7662	22662
1296	16296
1275	16275
9053	24053
10486	25486
5144	20144
6621	21621
1695	16695
5133	20133
7883	22883
5489	20489
8094	23094
6714	21714
6390	21390
7750	22750
8331	23331
4778	19778
9419	24419
5893	20893
2928	17928
925	15925
205	15205
5952	20952
6245	21245
7182	22182
5484	20484
4661	19661
2877	17877
7712	22712
1071	16071
3037	18037
2079	17079
5333	20333
3942	18942
2266	17266
6583	21583
5691	20691
9295	24295
8271	23271
7249	22249
3772	18772
6643	21643
10406	25406
3356	18356
7635	22635
7481	22481
4268	19268
2030	17030
2746	17746
1459	16459
4866	19866
10062	25062
1608	16608
1361	16361
5413	20413
1957	16957
6932	21932
4728	19728
426	15426
6991	21991
4681	19681
4550	19550
4942	19942
1762	16762
5000	20000
3762	18762
8167	23167
4981	19981
4914	19914
7255	22255
754	15754
6944	21944
4493	19493
1216	16216
6566	21566
6418	21418
5005	20005
8805	23805
9129	24129
9211	24211
5424	20424
7547	22547
9041	24041
5632	20632
2842	17842
4510	19510
489	15489
7362	22362
5418	20418
4096	19096
671	15671
6536	21536
1016	16016
3361	18361
7545	22545
7076	22076
4240	19240
9459	24459
890	15890
3750	18750
1717	16717
5945	20945
2958	17958
4325	19325
7424	22424
2996	17996
3708	18708
2349	17349
3174	18174
1838	16838
4687	19687
9037	24037
7323	22323
6362	21362
3418	18418
2243	17243
340	15340
3381	18381
5809	20809
4956	19956
6172	21172
10015	25015
8381	23381
7034	22034
5238	20238
541	15541
2380	17380
10483	25483
1069	16069
2192	17192
6947	21947
2383	17383
10434	25434
3846	18846
8865	23865
1074	16074
5788	20788
4946	19946
7314	22314
5454	20454
10481	25481
9522	24522
3209	18209
736	15736
1842	16842
5282	20282
2829	17829
6662	21662
3270	18270
8596	23596
599	15599
9062	24062
7751	22751
4177	19177
8023	23023
4794	19794
3055	18055
1120	16120
7998	22998
4748	19748
8929	23929
3827	18827
8978	23978
8593	23593
1931	16931
1577	16577
6878	21878
5919	20919
4645	19645
4322	19322
8385	23385
1830	16830
2433	17433
9462	24462
193	15193
6976	21976
8370	23370
7519	22519
9634	24634
3211	18211
1381	16381
7108	22108
7342	22342
10441	25441
7773	22773
9516	24516
8319	23319
2212	17212
4386	19386
2335	17335
7932	22932
6105	21105
6458	21458
2804	17804
5582	20582
8199	23199
7197	22197
3103	18103
3855	18855
8513	23513
794	15794
950	15950
8443	23443
10102	25102
10012	25012
4865	19865
9509	24509
914	15914
3495	18495
545	15545
6591	21591
1155	16155
1263	16263
1826	16826
7923	22923
5806	20806
2772	17772
4001	19001
6920	21920
10183	25183
9154	24154
7706	22706
1237	16237
6820	21820
10408	25408
9624	24624
5533	20533
2431	17431
3474	18474
6091	21091
2833	17833
1444	16444
8446	23446
1476	16476
5987	20987
4896	19896
7173	22173
5290	20290
7807	22807
7496	22496
3375	18375
7819	22819
7749	22749
9641	24641
7008	22008
1042	16042
640	15640
7432	22432
3889	18889
10364	25364
8650	23650
4729	19729
6144	21144
2722	17722
9791	24791
7178	22178
9918	24918
9942	24942
6702	21702
9017	24017
4936	19936
3133	18133
5283	20283
9121	24121
1787	16787
8669	23669
5969	20969
7050	22050
3910	18910
825	15825
7406	22406
1086	16086
946	15946
7586	22586
6032	21032
7903	22903
1201	16201
3845	18845
6657	21657
3816	18816
2032	17032
588	15588
9825	24825
2567	17567
5915	20915
830	15830
6748	21748
8220	23220
2259	17259
8073	23073
10265	25265
8958	23958
6516	21516
9322	24322
1136	16136
1915	16915
9435	24435
9214	24214
4495	19495
3271	18271
2811	17811
2863	17863
4074	19074
5842	20842
4584	19584
8820	23820
3736	18736
1846	16846
10251	25251
2711	17711
6253	21253
395	15395
7694	22694
4724	19724
4920	19920
2147	17147
6406	21406
6958	21958
4727	19727
7657	22657
4664	19664
6447	21447
4709	19709
1603	16603
1938	16938
2974	17974
2036	17036
611	15611
5017	20017
6472	21472
3968	18968
8662	23662
9372	24372
95	15095
1269	16269
1890	16890
7020	22020
5579	20579
4355	19355
7216	22216
9787	24787
324	15324
2661	17661
3660	18660
4991	19991
7682	22682
10047	25047
6268	21268
620	15620
303	15303
4362	19362
4335	19335
3897	18897
6862	21862
5512	20512
4635	19635
6351	21351
8032	23032
6233	21233
1207	16207
9839	24839
2535	17535
10174	25174
5507	20507
6632	21632
7225	22225
5502	20502
8772	23772
4059	19059
6604	21604
565	15565
1017	16017
3647	18647
5526	20526
7844	22844
3045	18045
6651	21651
4142	19142
2819	17819
6650	21650
1726	16726
391	15391
6388	21388
5343	20343
8523	23523
8823	23823
898	15898
6162	21162
4884	19884
10035	25035
3800	18800
2626	17626
2207	17207
6914	21914
9562	24562
5996	20996
435	15435
9859	24859
9449	24449
10177	25177
6083	21083
5669	20669
7863	22863
952	15952
1118	16118
6918	21918
5128	20128
6274	21274
8020	23020
3376	18376
3344	18344
8715	23715
3459	18459
3392	18392
6114	21114
462	15462
4393	19393
5319	20319
5841	20841
5244	20244
2911	17911
7283	22283
4682	19682
2323	17323
722	15722
710	15710
4463	19463
2861	17861
2966	17966
4071	19071
125	15125
6417	21417
488	15488
3293	18293
10304	25304
8516	23516
4433	19433
4038	19038
9367	24367
7360	22360
2496	17496
2896	17896
3567	18567
7259	22259
7229	22229
9873	24873
1054	16054
4174	19174
296	15296
4961	19961
4978	19978
814	15814
177	15177
8741	23741
7886	22886
5670	20670
7868	22868
2156	17156
5718	20718
8802	23802
8403	23403
2545	17545
7175	22175
126	15126
2476	17476
535	15535
2844	17844
207	15207
7824	22824
9589	24589
2595	17595
8756	23756
1203	16203
1204	16204
3728	18728
4017	19017
3022	18022
6928	21928
7800	22800
321	15321
2407	17407
4708	19708
1289	16289
573	15573
4455	19455
7809	22809
5361	20361
1393	16393
9720	24720
6158	21158
8545	23545
4000	19000
3864	18864
2798	17798
4133	19133
7739	22739
7071	22071
547	15547
7064	22064
9260	24260
6118	21118
7575	22575
806	15806
7110	22110
215	15215
686	15686
8552	23552
6135	21135
3922	18922
1868	16868
8658	23658
5674	20674
2605	17605
3235	18235
8992	23992
348	15348
1646	16646
3963	18963
4768	19768
6106	21106
10214	25214
1853	16853
7850	22850
3313	18313
4910	19910
2910	17910
2073	17073
2465	17465
681	15681
3346	18346
5881	20881
5300	20300
7958	22958
7479	22479
1358	16358
6875	21875
9250	24250
7752	22752
4743	19743
3774	18774
9555	24555
7003	22003
8240	23240
10156	25156
1734	16734
9626	24626
1412	16412
406	15406
2075	17075
3041	18041
3455	18455
155	15155
9857	24857
3296	18296
2969	17969
529	15529
7319	22319
9307	24307
10204	25204
2390	17390
3838	18838
10472	25472
9193	24193
169	15169
8831	23831
2444	17444
8674	23674
632	15632
3812	18812
6704	21704
1235	16235
1788	16788
5863	20863
4259	19259
6815	21815
5167	20167
10031	25031
813	15813
8664	23664
4451	19451
9567	24567
268	15268
5628	20628
1640	16640
8963	23963
9650	24650
5350	20350
1346	16346
649	15649
1243	16243
8070	23070
9889	24889
8873	23873
6250	21250
2753	17753
964	15964
6321	21321
5665	20665
131	15131
8365	23365
8877	23877
1307	16307
2	15002
5871	20871
3716	18716
2428	17428
6741	21741
6713	21713
10294	25294
2557	17557
7887	22887
4103	19103
1392	16392
4943	19943
1733	16733
4323	19323
7226	22226
8861	23861
8350	23350
7151	22151
1501	16501
3048	18048
367	15367
3835	18835
1761	16761
6620	21620
926	15926
9409	24409
558	15558
10161	25161
2111	17111
3393	18393
9761	24761
5725	20725
4575	19575
7538	22538
3902	18902
2604	17604
5047	20047
2856	17856
1777	16777
3015	18015
3309	18309
8273	23273
7092	22092
8524	23524
4028	19028
7399	22399
2620	17620
251	15251
2404	17404
5222	20222
1092	16092
5775	20775
8109	23109
2632	17632
181	15181
477	15477
7846	22846
9492	24492
4974	19974
617	15617
341	15341
808	15808
4703	19703
9437	24437
1506	16506
8279	23279
5825	20825
1339	16339
4370	19370
9432	24432
2478	17478
9081	24081
3808	18808
7279	22279
8806	23806
44	15044
255	15255
4507	19507
5543	20543
10466	25466
7305	22305
5049	20049
9786	24786
1927	16927
4023	19023
5951	20951
2085	17085
5389	20389
9060	24060
4496	19496
8367	23367
8553	23553
6580	21580
8336	23336
8314	23314
2101	17101
5453	20453
10070	25070
8687	23687
136	15136
7103	22103
6358	21358
5523	20523
2344	17344
4157	19157
9417	24417
8062	23062
4671	19671
7596	22596
6520	21520
6694	21694
9216	24216
3957	18957
1164	16164
7291	22291
3956	18956
9233	24233
5602	20602
3841	18841
1064	16064
534	15534
7745	22745
4714	19714
8608	23608
6086	21086
346	15346
9380	24380
2582	17582
2813	17813
4042	19042
6198	21198
816	15816
9434	24434
238	15238
2325	17325
6456	21456
3138	18138
140	15140
4457	19457
3400	18400
2214	17214
2459	17459
9713	24713
776	15776
7961	22961
8936	23936
343	15343
6779	21779
8744	23744
301	15301
9604	24604
4139	19139
9001	24001
9166	24166
3147	18147
199	15199
5830	20830
3988	18988
1057	16057
8301	23301
5587	20587
1359	16359
1508	16508
2146	17146
4897	19897
4929	19929
2026	17026
8346	23346
4125	19125
809	15809
9485	24485
3181	18181
10267	25267
85	15085
4547	19547
6033	21033
1290	16290
6843	21843
1494	16494
2287	17287
2940	17940
10130	25130
9905	24905
4150	19150
2382	17382
4294	19294
8957	23957
8374	23374
6138	21138
4833	19833
4264	19264
3900	18900
5224	20224
1752	16752
9382	24382
4806	19806
7638	22638
2609	17609
147	15147
3557	18557
8152	23152
8913	23913
3825	18825
4608	19608
186	15186
2901	17901
4122	19122
1795	16795
8854	23854
1529	16529
2795	17795
4267	19267
5642	20642
43	15043
6506	21506
7287	22287
3326	18326
2289	17289
4056	19056
6156	21156
400	15400
2441	17441
4985	19985
3182	18182
9108	24108
9456	24456
4090	19090
10236	25236
6319	21319
9845	24845
3992	18992
496	15496
4121	19121
3646	18646
5120	20120
8409	23409
858	15858
10423	25423
4971	19971
6919	21919
6863	21863
7341	22341
8575	23575
1878	16878
5897	20897
1497	16497
9868	24868
7803	22803
10078	25078
801	15801
3921	18921
410	15410
2010	17010
860	15860
1841	16841
7294	22294
9277	24277
7445	22445
4051	19051
9089	24089
5284	20284
7119	22119
9688	24688
5518	20518
9513	24513
8558	23558
94	15094
5781	20781
10326	25326
7728	22728
202	15202
568	15568
1340	16340
8611	23611
1003	16003
3438	18438
2466	17466
3367	18367
7095	22095
3697	18697
5889	20889
540	15540
4221	19221
4831	19831
2536	17536
1143	16143
419	15419
6692	21692
5032	20032
502	15502
2864	17864
1780	16780
606	15606
1009	16009
2724	17724
4168	19168
1258	16258
2194	17194
848	15848
2034	17034
719	15719
4022	19022
622	15622
9760	24760
8098	23098
7188	22188
805	15805
6143	21143
4940	19940
8159	23159
3176	18176
3362	18362
5800	20800
2825	17825
2672	17672
5530	20530
4615	19615
3612	18612
8470	23470
6598	21598
7985	22985
605	15605
7388	22388
1097	16097
10061	25061
281	15281
210	15210
4055	19055
6955	21955
8254	23254
6389	21389
2933	17933
5316	20316
7315	22315
6072	21072
827	15827
6935	21935
7912	22912
1955	16955
9116	24116
3780	18780
4314	19314
1304	16304
569	15569
4679	19679
2414	17414
9284	24284
9758	24758
9238	24238
1189	16189
2211	17211
2705	17705
7517	22517
6257	21257
7942	22942
5799	20799
3059	18059
5943	20943
10106	25106
3503	18503
9928	24928
6256	21256
7702	22702
6663	21663
984	15984
1467	16467
2247	17247
2548	17548
8904	23904
5428	20428
4805	19805
5787	20787
4528	19528
8281	23281
7823	22823
7973	22973
8826	23826
8770	23770
4392	19392
2540	17540
8622	23622
4786	19786
9668	24668
5601	20601
1252	16252
9333	24333
2828	17828
6001	21001
9855	24855
4513	19513
1864	16864
8917	23917
10210	25210
4474	19474
9201	24201
5972	20972
9702	24702
7018	22018
460	15460
484	15484
7464	22464
8544	23544
9270	24270
7115	22115
1839	16839
3629	18629
6152	21152
8077	23077
9090	24090
4569	19569
6371	21371
9853	24853
4202	19202
9552	24552
8215	23215
968	15968
7994	22994
350	15350
3882	18882
7839	22839
6617	21617
8018	23018
9264	24264
191	15191
2691	17691
2489	17489
8282	23282
10217	25217
2845	17845
171	15171
6631	21631
2330	17330
3552	18552
5326	20326
8414	23414
7228	22228
2955	17955
7938	22938
8991	23991
4206	19206
6341	21341
1616	16616
4593	19593
1964	16964
3520	18520
4375	19375
3273	18273
6994	21994
8349	23349
861	15861
6443	21443
4359	19359
5212	20212
6885	21885
2020	17020
10375	25375
2084	17084
4229	19229
727	15727
2839	17839
283	15283
10431	25431
5650	20650
10048	25048
5272	20272
9311	24311
5973	20973
8130	23130
6130	21130
9283	24283
5431	20431
5928	20928
9699	24699
1824	16824
3126	18126
787	15787
6291	21291
9350	24350
6502	21502
6848	21848
7542	22542
7876	22876
1084	16084
4374	19374
9319	24319
7421	22421
9736	24736
5408	20408
6107	21107
4655	19655
1385	16385
7548	22548
399	15399
7078	22078
6750	21750
9320	24320
3340	18340
3252	18252
10332	25332
2495	17495
3290	18290
2505	17505
3404	18404
3494	18494
6695	21695
1576	16576
1977	16977
1680	16680
572	15572
2865	17865
1492	16492
9847	24847
10363	25363
8935	23935
4849	19849
8892	23892
2050	17050
2913	17913
8318	23318
9503	24503
5173	20173
5027	20027
5371	20371
7521	22521
10324	25324
234	15234
3439	18439
791	15791
542	15542
2483	17483
532	15532
9645	24645
5537	20537
3029	18029
7789	22789
3949	18949
9013	24013
1624	16624
1284	16284
864	15864
8392	23392
9800	24800
5606	20606
3765	18765
8161	23161
4320	19320
2612	17612
2514	17514
8354	23354
7930	22930
2314	17314
6345	21345
3638	18638
5746	20746
7688	22688
6740	21740
3150	18150
1213	16213
10045	25045
6323	21323
5331	20331
1772	16772
888	15888
2960	17960
9068	24068
6012	21012
4994	19994
8449	23449
3030	18030
6839	21839
3216	18216
9865	24865
7414	22414
7506	22506
10052	25052
1100	16100
2532	17532
4600	19600
5447	20447
8786	23786
7577	22577
6193	21193
7828	22828
5864	20864
8460	23460
4656	19656
6763	21763
1967	16967
1686	16686
1960	16960
8081	23081
7447	22447
1081	16081
8962	23962
5411	20411
9004	24004
9618	24618
9549	24549
6607	21607
2887	17887
1469	16469
2007	17007
5134	20134
454	15454
2516	17516
2520	17520
2799	17799
246	15246
1978	16978
875	15875
5211	20211
10144	25144
10195	25195
6719	21719
5522	20522
9032	24032
7223	22223
9765	24765
5853	20853
10232	25232
7407	22407
9293	24293
3767	18767
3970	18970
7097	22097
6009	21009
7971	22971
187	15187
5776	20776
5339	20339
5061	20061
2015	17015
9156	24156
2140	17140
2906	17906
2502	17502
1684	16684
7524	22524
6267	21267
3185	18185
1228	16228
757	15757
9163	24163
8458	23458
6410	21410
10233	25233
8972	23972
6194	21194
1378	16378
5607	20607
8898	23898
290	15290
7875	22875
9003	24003
10467	25467
9315	24315
894	15894
822	15822
4132	19132
1528	16528
4928	19928
5295	20295
5756	20756
8340	23340
8481	23481
8836	23836
10410	25410
9239	24239
6521	21521
319	15319
46	15046
2413	17413
9776	24776
3713	18713
5874	20874
6865	21865
6399	21399
5917	20917
2504	17504
9949	24949
5732	20732
5925	20925
4050	19050
6953	21953
157	15157
4066	19066
749	15749
8411	23411
228	15228
6069	21069
9995	24995
5029	20029
7063	22063
3143	18143
5232	20232
7378	22378
6727	21727
8793	23793
10445	25445
2411	17411
10121	25121
8274	23274
9679	24679
7023	22023
2699	17699
