need:	[8070, 33, 13161]	[23070, 290, 29326],delete:
need:	[2060, 172, 13187]	[17060, 293, 28187],delete:
need:	[339, 16, 2777]	[15339, 271, 16260]	[15339, 351, 28816],delete:
need:	[8803, 160, 14674]	[29060, 414, 23803]	[14060, 226, 8803],delete:
need:	[13759, 79, 4426]	[28759, 293, 19426],delete:
need:,delete:	[17691, 259, 20849]
need:	[2348, 159, 9264]	[17326, 364, 24264]	[17348, 330, 24264]	[24264, 384, 17777]	[15400, 330, 24264],delete:
need:	[7386, 226, 10427]	[22386, 414, 19125]	[22386, 414, 25427]	[22386, 364, 23839],delete:
need:	[17891, 294, 29414]	[17891, 303, 29414],delete:
need:,delete:	[25219, 259, 20849]
need:	[13338, 159, 10448]	[28338, 330, 25448]	[28672, 364, 25448]	[13672, 145, 10448],delete:
need:	[28473, 290, 15950]	[9280, 33, 950]	[12293, 33, 950],delete:
need:,delete:	[21982, 259, 20849]
need:	[9567, 168, 6325]	[9567, 53, 3988]	[24567, 250, 18988]	[24567, 269, 21325],delete:
need:,delete:	[27176, 284, 16385]
need:	[22233, 284, 17335]	[17335, 410, 26884],delete:
need:	[21512, 267, 28148],delete:
need:,delete:	[17192, 259, 20849]
need:	[14032, 226, 9903]	[29032, 414, 24903]	[15869, 414, 24903],delete:
need:	[1380, 33, 7272]	[16380, 290, 22272],delete:
need:	[17124, 267, 28543]	[17124, 344, 29792],delete:
need:	[3283, 225, 13784]	[18283, 267, 28784],delete:
need:,delete:	[2644, 46, 5021]
need:	[6298, 160, 3845]	[6298, 49, 3845]	[21298, 351, 18845],delete:
need:	[14723, 226, 6250]	[29629, 414, 21250]	[21250, 384, 17777]	[23652, 414, 21250]	[29723, 414, 21250],delete:
need:	[9760, 226, 6389]	[12584, 226, 6389]	[23718, 414, 21389]	[27584, 414, 21389]	[24607, 414, 21389],delete:
need:	[13719, 115, 8379]	[23379, 252, 28479]	[28719, 343, 23379],delete:
need:	[18421, 284, 18910]	[3421, 205, 3910]	[18421, 414, 16405],delete:
need:	[8239, 33, 14207]	[23239, 290, 29207],delete:
need:	[1685, 205, 11129]	[16685, 296, 21114],delete:
need:,delete:	[24009, 259, 20849]
need:,delete:	[23771, 384, 20872]
need:	[17931, 296, 16489]	[17931, 364, 16371]	[17931, 414, 29620]	[17931, 259, 20849]	[17931, 381, 16371]	[17931, 311, 27367]	[17931, 330, 16371],delete:
need:,delete:	[24493, 259, 20849]
need:	[18503, 248, 28698]	[18503, 248, 27779]	[18503, 248, 23892],delete:
need:	[2243, 151, 12315]	[27315, 267, 17243],delete:
need:	[6995, 128, 40]	[21995, 351, 16697],delete:
need:	[9552, 33, 4664]	[24552, 290, 19664],delete:
need:	[28672, 414, 21929]	[13672, 226, 6929]	[29151, 414, 21929],delete:
need:,delete:	[18288, 259, 20849]
need:,delete:	[24507, 259, 20849]
need:	[13814, 145, 6233]	[28814, 364, 21233],delete:
need:	[4897, 77, 1557]	[28049, 378, 16557],delete:
need:	[4754, 41, 2674]	[4754, 41, 2385]	[4754, 160, 11768]	[19754, 248, 17385]	[19754, 351, 26768],delete:
need:,delete:	[22232, 259, 20849]
need:	[14156, 96, 43]	[29156, 412, 15043],delete:
need:	[12550, 226, 8661]	[27550, 414, 23661],delete:
need:	[28194, 248, 15024]	[29157, 248, 15024]	[14157, 41, 24],delete:
need:	[9613, 29, 1587]	[12336, 160, 9613],delete:
need:,delete:	[15088, 259, 20849]
need:	[2509, 190, 340]	[17509, 271, 21501],delete:
need:,delete:	[22523, 284, 24800]	[18222, 284, 24800]	[17277, 284, 24800]
need:	[10135, 156, 14408]	[25135, 303, 29408],delete:
need:,delete:
need:,delete:	[24572, 259, 20849]
need:,delete:	[25292, 259, 20849]
need:	[10422, 225, 13746]	[25422, 344, 20531],delete:
need:	[5419, 159, 9106]	[20419, 330, 24106],delete:
need:	[12909, 160, 7668]	[27001, 351, 22668]	[27909, 351, 22668],delete:
need:,delete:	[25294, 259, 20849]
need:	[25003, 330, 18766]	[22018, 330, 18766]	[147, 159, 3766]	[18766, 271, 16260],delete:
need:	[5011, 48, 12250]	[20011, 259, 20849]	[20011, 414, 27250]	[20011, 381, 27250]	[20011, 386, 20618],delete:
need:,delete:	[19801, 386, 20618]	[19801, 259, 20849]
need:,delete:	[20666, 384, 20099]	[20666, 384, 17752]
need:	[14508, 41, 3792]	[22007, 248, 18792],delete:
need:	[12590, 159, 5848]	[27590, 330, 20848]	[16972, 381, 20848],delete:
need:,delete:	[15480, 414, 16092]	[15480, 259, 20849]
need:,delete:
need:	[6280, 48, 12254]	[21280, 330, 27254],delete:
need:	[12150, 226, 10164]	[27150, 414, 25164],delete:
need:	[10857, 226, 5300]	[20300, 351, 21158],delete:
need:	[10646, 107, 5372]	[20372, 369, 16260],delete:
need:	[13201, 41, 6643]	[27805, 248, 21643]	[12805, 41, 6643]	[12861, 41, 6643],delete:
need:	[3770, 151, 11144]	[18770, 368, 26144],delete:
need:,delete:	[24736, 259, 20849]
need:,delete:
need:,delete:	[18521, 259, 20849]
need:,delete:
need:	[14268, 151, 8963]	[29268, 368, 23963],delete:
need:,delete:	[22105, 259, 20849]
need:,delete:	[17819, 351, 27617]
need:	[3436, 159, 1853]	[17041, 381, 16853]	[18436, 381, 16853]	[17041, 330, 16853]	[18436, 330, 16853]	[16853, 384, 17777]	[16853, 271, 20618],delete:
need:,delete:	[19698, 259, 20849]
need:	[12020, 160, 6051]	[26171, 351, 21051],delete:
need:	[11478, 156, 6940]	[3616, 156, 6940]	[28856, 303, 21940],delete:
need:,delete:	[9214, 245, 6537]	[22281, 321, 24214]	[9214, 164, 6537]	[23543, 321, 24214]
need:,delete:	[19015, 259, 20849]
need:,delete:	[16765, 259, 20849]
need:	[2373, 4, 12520]	[17373, 296, 27520],delete:
need:	[3951, 226, 2829]	[11425, 226, 2829],delete:
need:	[5148, 29, 10371],delete:
need:	[13983, 168, 2974]	[28983, 269, 17974]	[28477, 269, 17974],delete:
need:	[9200, 145, 8432]	[9200, 159, 8432]	[24200, 330, 23432]	[24200, 296, 26728]	[24200, 259, 20849],delete:
need:,delete:	[21417, 259, 20849]
need:,delete:
need:,delete:	[15674, 259, 20849]
need:,delete:	[21714, 259, 20849]
need:	[6547, 151, 13051]	[28051, 267, 21547],delete:
need:,delete:	[24830, 259, 20849]
need:,delete:	[15659, 259, 20849]
need:	[29302, 414, 20940]	[12582, 226, 5940]	[27582, 414, 20940],delete:
need:	[27052, 364, 22051]	[28004, 364, 22051]	[13004, 145, 7051]	[12052, 145, 7051],delete:
need:	[7812, 159, 8681]	[22812, 330, 23681]	[27597, 267, 22812],delete:
need:	[14839, 226, 5361]	[13982, 226, 5361]	[28982, 414, 20361]	[29839, 414, 20361],delete:
need:	[3734, 75, 6543]	[3734, 53, 3988]	[18734, 311, 21543],delete:
need:	[20273, 414, 29235]	[20273, 414, 23774]	[20273, 414, 29757]	[20273, 414, 28381],delete:
need:	[4428, 20, 6708]	[19428, 321, 21708],delete:
need:	[9508, 160, 10678]	[24508, 351, 25678],delete:
need:	[27727, 284, 21440]	[13724, 205, 6440]	[28724, 284, 21440],delete:
need:,delete:	[3881, 226, 6082]	[6082, 49, 4865]	[12554, 226, 6082]	[431, 226, 6082]	[18881, 414, 21082]	[27554, 414, 21082]
need:	[4387, 145, 730],delete:
need:	[5980, 75, 6928]	[14919, 159, 6928]	[3251, 159, 6928]	[5980, 48, 6928]	[29919, 330, 21928],delete:
need:,delete:	[7930, 128, 2848]	[22930, 346, 17848]
need:,delete:	[17701, 259, 20849]
need:	[29772, 381, 24228]	[29629, 381, 24228]	[14772, 48, 9228],delete:
need:	[14509, 151, 3238]	[18238, 267, 29509],delete:
need:,delete:	[15333, 259, 20849]
need:,delete:
need:,delete:	[9957, 49, 3380]	[24957, 384, 20394]
need:	[2114, 226, 13266]	[17114, 414, 28266],delete:
need:,delete:	[25045, 259, 20849]
need:,delete:	[22620, 274, 22911]	[22535, 274, 22911]
need:	[13015, 226, 6169]	[6108, 226, 6169]	[29658, 414, 21169],delete:
need:	[620, 33, 8254]	[15620, 271, 15843]	[620, 33, 7110],delete:
need:,delete:	[20210, 259, 20849]
need:	[29339, 364, 18457]	[4345, 145, 3457]	[28163, 364, 18457]	[12651, 145, 3457],delete:
need:	[27359, 284, 17666]	[12359, 205, 2666]	[27563, 284, 17666],delete:
need:	[3371, 20, 9407]	[18371, 321, 24407],delete:
need:,delete:	[12873, 226, 10035]	[3588, 226, 10035]	[11155, 226, 10035]	[10035, 99, 9205]	[18588, 414, 25035]	[16391, 414, 25035]	[23868, 414, 25035]	[16320, 414, 25035]	[27873, 414, 25035]
need:	[2689, 53, 11372]	[17689, 250, 26372],delete:
need:	[1990, 20, 385]	[16990, 321, 15385],delete:
need:	[2112, 226, 3431]	[17112, 284, 19004]	[17112, 414, 18431],delete:
need:	[628, 145, 3296]	[15628, 414, 29793]	[15628, 364, 18296]	[15628, 259, 20849]	[15628, 330, 18296]	[15628, 414, 15662]	[15628, 414, 18440]	[15628, 414, 24212],delete:
need:,delete:	[16599, 259, 20849]
need:,delete:	[25232, 259, 20849]
need:	[15908, 284, 19096]	[15908, 296, 24501]	[15908, 411, 18612],delete:
need:,delete:	[24865, 411, 21091]	[24865, 259, 20849]	[9865, 215, 2426]
need:,delete:	[4056, 234, 1439]
need:,delete:	[7137, 4, 12628]	[22137, 296, 27628]	[22137, 414, 25965]	[22137, 259, 20849]
need:	[4330, 226, 8336]	[4330, 125, 2426]	[19330, 414, 16850],delete:
need:,delete:	[19645, 259, 20849]
need:,delete:	[22422, 259, 20849]
need:	[8349, 33, 13247]	[23349, 290, 28247],delete:
need:,delete:
need:,delete:	[19128, 259, 20849]
need:,delete:	[21239, 259, 20849]	[21239, 409, 26417]
need:	[24415, 351, 17383]	[24415, 410, 17383],delete:
need:,delete:	[12964, 226, 1249]	[13628, 226, 1249]	[24249, 414, 16249]	[27964, 414, 16249]	[24746, 414, 16249]	[29030, 414, 16249]
need:	[1626, 45, 12985]	[16626, 304, 27985],delete:
need:,delete:	[6397, 29, 13932]	[6397, 241, 10228]	[21397, 259, 18743]
need:,delete:	[6607, 205, 10008]	[6607, 4, 1928]	[6607, 226, 5547]	[6607, 226, 6929]	[6607, 226, 6250]	[21607, 259, 20849]	[21607, 284, 25008]	[21607, 296, 16928]	[21607, 414, 21929]
need:	[9079, 159, 13248]	[24079, 330, 28248],delete:
need:,delete:
need:,delete:	[24036, 260, 20143]
need:	[21570, 284, 22157]	[28945, 284, 22157]	[20227, 284, 22157],delete:
need:	[1181, 160, 12533]	[16181, 271, 17153]	[16181, 351, 27533],delete:
need:,delete:	[8333, 75, 12531]	[23333, 259, 20849]
need:	[7986, 226, 6932]	[1765, 226, 6932],delete:
need:,delete:	[13220, 4, 2901]	[10265, 4, 2901]	[4384, 4, 2901]	[25265, 296, 17901]	[23462, 296, 17901]	[28220, 296, 17901]	[19384, 296, 17901]
need:,delete:	[23656, 384, 17777]
need:,delete:	[25159, 259, 20849]
need:,delete:	[17413, 259, 20849]
need:	[4913, 159, 13045]	[19913, 330, 28045],delete:
need:	[6516, 223, 13843]	[21516, 394, 28843],delete:
need:	[6156, 41, 7000]	[6156, 46, 2733]	[6156, 160, 3217]	[21156, 362, 17733]	[21156, 351, 18217],delete:
need:,delete:	[21492, 259, 20849]
need:	[13186, 225, 1780]	[16780, 344, 17183]	[28186, 267, 16780],delete:
need:,delete:	[20431, 259, 20849]
need:	[2414, 156, 12381]	[17414, 303, 27381],delete:
need:	[12760, 226, 583]	[9460, 226, 583]	[15583, 265, 25056],delete:
need:	[12850, 226, 8911]	[13005, 226, 8911]	[28005, 414, 23911],delete:
need:	[14104, 20, 8445]	[8043, 20, 8445]	[12237, 20, 8445],delete:
need:,delete:	[20986, 259, 20849]
need:,delete:	[10300, 98, 3960]	[25300, 377, 18960]
need:	[12392, 151, 5333]	[27392, 368, 20333],delete:
need:	[10391, 139, 1943]	[10391, 160, 2383]	[25391, 351, 17383]	[25391, 410, 17383]	[25391, 397, 16943],delete:
need:,delete:	[16406, 259, 20849]
need:,delete:	[28236, 304, 24341]	[23801, 311, 24341]
need:,delete:	[21300, 259, 20849]
need:	[16969, 381, 19705]	[27407, 381, 19705]	[22044, 414, 19705],delete:
need:,delete:	[25128, 409, 26417]	[25128, 259, 20849]
need:,delete:
need:,delete:
need:,delete:	[21938, 259, 20849]
need:	[22485, 410, 17362]	[7485, 123, 2362]	[7485, 41, 13918],delete:
need:,delete:	[15878, 259, 20849]
need:	[27713, 414, 19051]	[17099, 414, 19051]	[12713, 226, 4051],delete:
need:	[13754, 78, 2514]	[19240, 344, 17514]	[13754, 61, 2514],delete:
need:,delete:
need:,delete:	[21127, 259, 20849]
need:	[4558, 46, 8274]	[19558, 362, 23274],delete:
need:	[2863, 16, 2777]	[12735, 159, 2863]	[27735, 330, 17863]	[16573, 330, 17863],delete:
need:	[29415, 368, 24060]	[24060, 321, 15094],delete:
need:,delete:	[18001, 409, 26417]
need:	[7710, 208, 14547]	[22710, 299, 29547],delete:
need:,delete:	[23968, 259, 20849]
need:	[5799, 20, 14531]	[5799, 145, 14420]	[20799, 344, 29420],delete:
need:	[587, 226, 5809]	[28639, 414, 20809],delete:
need:,delete:	[25761, 414, 22874]	[12260, 226, 7874]	[26569, 414, 22874]
need:	[4915, 226, 6621]	[6621, 160, 12127]	[21621, 351, 27127],delete:
need:	[29567, 414, 19894]	[28027, 414, 19894]	[13027, 226, 4894]	[14567, 226, 4894],delete:
need:,delete:	[15160, 259, 20849]
need:	[8032, 184, 14015]	[23032, 258, 29015],delete:
need:,delete:	[14232, 145, 1576]	[15303, 364, 16576]	[23341, 364, 16576]	[25245, 364, 16576]	[29232, 364, 16576]	[22024, 364, 16576]	[24726, 364, 16576]
need:	[17964, 344, 20788]	[27525, 344, 20788]	[29115, 344, 20788],delete:
need:,delete:	[7899, 206, 12641]	[7899, 159, 6897]	[22899, 336, 22083]	[22899, 330, 15347]
need:,delete:	[7736, 145, 6217]	[3548, 145, 6217]	[4589, 145, 6217]	[9596, 145, 6217]	[2579, 145, 6217]	[7411, 145, 6217]	[12726, 145, 6217]	[21217, 384, 17777]	[24596, 364, 21217]	[27726, 364, 21217]
need:	[13727, 48, 7378]	[28727, 381, 22378],delete:
need:,delete:	[22135, 259, 20849]
need:,delete:	[19601, 381, 27889]	[4601, 145, 12490]	[19601, 259, 20849]	[19601, 330, 15362]
need:	[5591, 49, 9027]	[5591, 160, 9027],delete:
need:,delete:	[24650, 321, 26712]
need:,delete:	[23752, 259, 20849]
need:,delete:
need:	[29619, 411, 18176]	[14239, 169, 3176]	[29239, 411, 18176]	[14619, 169, 3176],delete:
need:	[5576, 190, 13069]	[20576, 290, 28069],delete:
need:	[14951, 125, 7618]	[29951, 409, 22618]	[28739, 409, 22618],delete:
need:	[12559, 226, 3194]	[9248, 226, 3194]	[27559, 414, 18194]	[18194, 265, 25056],delete:
need:	[9862, 189, 13131]	[24862, 344, 28131],delete:
need:,delete:
need:,delete:	[10377, 20, 8446]	[2818, 20, 8446]
need:	[5390, 159, 14249]	[20390, 296, 16928]	[20390, 330, 29249],delete:
need:	[28213, 414, 21865]	[29289, 414, 21865]	[14289, 226, 6865]	[13213, 226, 6865]	[14783, 226, 6865]	[21865, 265, 24461]	[27404, 414, 21865],delete:
need:	[73, 53, 12862]	[15073, 250, 27862],delete:
need:	[27675, 344, 17783],delete:
need:	[9948, 33, 4664]	[9948, 33, 12571]	[24948, 290, 19664],delete:
need:,delete:	[17954, 259, 20849]
need:,delete:	[5587, 75, 14236]	[20587, 364, 24378]	[20587, 259, 20849]	[20587, 296, 22802]	[20587, 311, 29236]
need:	[28627, 248, 21094]	[12945, 41, 6094]	[27945, 248, 21094],delete:
need:	[19131, 411, 25070],delete:
need:	[21398, 284, 27598]	[6398, 48, 8121]	[21398, 414, 25953]	[6398, 125, 11417],delete:
need:	[5855, 160, 1480]	[14804, 160, 1480]	[29804, 351, 16480],delete:
need:	[5260, 226, 12046]	[20260, 364, 27046]	[20260, 414, 27046],delete:
need:,delete:	[21229, 259, 20849]
need:,delete:	[5796, 75, 13300]	[5796, 4, 7506]	[20796, 386, 16260]	[20796, 259, 20849]
need:,delete:	[21137, 259, 20849]	[6137, 159, 7026]	[21137, 414, 25236]	[6137, 169, 7026]
need:,delete:	[2677, 226, 13803]	[17677, 259, 20849]	[17677, 386, 16260]	[17677, 414, 28803]
need:,delete:	[20545, 259, 20849]
need:	[1811, 53, 13044]	[1811, 168, 14256]	[16811, 269, 29256],delete:
need:	[8269, 205, 5853]	[27758, 284, 20853],delete:
need:	[18971, 248, 23892]	[12696, 41, 8892]	[27696, 248, 23892],delete:
need:	[1963, 205, 14154]	[16963, 284, 29154],delete:
need:,delete:	[6774, 103, 9205]
need:	[12282, 205, 4096]	[27282, 284, 19096],delete:
need:,delete:	[7213, 226, 732]	[22213, 259, 20849]
need:,delete:	[1904, 66, 4490]	[11318, 20, 4490]	[10512, 20, 4490]	[1823, 245, 4490]	[12551, 20, 4490]	[2895, 20, 4490]	[1823, 164, 4490]	[13620, 20, 4490]	[28620, 321, 19490]	[17359, 321, 19490]
need:	[11126, 106, 535]	[21511, 351, 15535]	[28048, 351, 15535]	[21511, 410, 15535],delete:
need:	[20200, 303, 20668]	[27017, 303, 20668]	[20200, 294, 20668],delete:
need:,delete:
need:,delete:
need:	[1469, 34, 14194]	[29194, 326, 16469],delete:
need:	[22832, 384, 17777]	[28767, 330, 22832]	[13767, 159, 7832],delete:
need:	[27793, 364, 24116]	[27327, 364, 24116],delete:
need:,delete:	[17659, 384, 20099]
need:,delete:	[15543, 330, 25052]	[543, 75, 12531]
need:	[2325, 156, 13139]	[17325, 303, 28139],delete:
need:,delete:	[25002, 259, 20849]
need:,delete:
need:	[16927, 344, 29886],delete:
need:,delete:	[14215, 168, 1856]	[4675, 168, 1856]	[13758, 168, 1856]	[1099, 168, 1856]	[19675, 269, 16856]	[28758, 269, 16856]
need:	[5777, 156, 12537]	[20777, 294, 27537],delete:
need:	[489, 205, 2183]	[15489, 284, 17183]	[15489, 414, 21247]	[15489, 296, 23650],delete:
need:,delete:	[16835, 250, 19593]
need:,delete:	[2620, 53, 11372]	[14930, 20, 2620]	[4531, 20, 2620]	[2620, 164, 7602]	[2620, 245, 7602]	[29930, 321, 17620]	[26783, 321, 17620]	[26391, 321, 17620]
need:	[3584, 20, 3920]	[29659, 321, 18920],delete:
need:	[26258, 344, 24436]	[29962, 344, 24436]	[14962, 61, 9436],delete:
need:	[3476, 20, 5411]	[18476, 321, 27902],delete:
need:	[6435, 226, 10176]	[7183, 226, 10176]	[6406, 226, 10176]	[14539, 226, 10176],delete:
need:	[12208, 163, 8861]	[23861, 362, 15125],delete:
need:	[5317, 33, 13247]	[5317, 190, 6164]	[5317, 33, 9686]	[20317, 290, 21164]	[20317, 290, 28247],delete:
need:,delete:	[21379, 384, 20099]
need:	[24302, 248, 28158],delete:
need:,delete:
need:,delete:	[15342, 259, 20849]	[342, 48, 1600]
need:	[9710, 226, 5628]	[14510, 226, 5628]	[27942, 414, 20628]	[27471, 414, 20628]	[29510, 414, 20628]	[15804, 414, 20628],delete:
need:	[12311, 226, 199]	[16218, 414, 15199],delete:
need:	[12820, 156, 7453]	[27820, 303, 22453],delete:
need:	[28659, 318, 17648]	[27848, 318, 17648],delete:
need:,delete:	[20295, 259, 20849]
need:	[19554, 290, 17582]	[27997, 290, 17582],delete:
need:,delete:	[22595, 259, 20849]
need:,delete:	[1734, 48, 10602]	[16734, 386, 20618]	[16734, 414, 27957]	[16734, 304, 20261]	[16734, 259, 20849]
need:	[3451, 226, 9476]	[1769, 226, 9476]	[24476, 410, 18432]	[24476, 351, 18432]	[24476, 271, 16260],delete:
need:,delete:	[3336, 128, 3518]
need:	[14558, 160, 2684]	[4688, 160, 2684]	[29558, 351, 17684],delete:
need:,delete:	[16155, 259, 20849]
need:	[23103, 321, 27977]	[27893, 267, 23103],delete:
need:,delete:
need:	[13548, 75, 7823]	[28212, 311, 22823]	[345, 75, 7823],delete:
need:	[29470, 290, 22272]	[28497, 290, 22272],delete:
need:	[3494, 225, 14565]	[18494, 416, 15301]	[18494, 267, 29565],delete:
need:	[2527, 160, 12532]	[17527, 410, 27532],delete:
need:,delete:	[24271, 259, 20849]
need:	[7555, 145, 5659]	[22555, 414, 16066]	[22555, 330, 17558]	[22555, 259, 20849]	[22555, 296, 26393]	[22555, 364, 20659]	[22555, 284, 15338]	[22555, 414, 20426],delete:
need:	[10061, 33, 2920]	[25061, 290, 20428],delete:
need:	[6032, 226, 6477]	[21032, 414, 21477],delete:
need:,delete:	[20805, 386, 20618]
need:	[29518, 330, 18319],delete:
need:,delete:	[2045, 226, 1840]
need:,delete:	[24516, 318, 15572]
need:,delete:	[14362, 226, 1186]	[1186, 56, 732]	[732, 223, 1186]	[29362, 414, 16186]	[15155, 414, 16186]	[22925, 414, 16186]	[15297, 414, 16186]	[19949, 414, 16186]
need:	[14736, 144, 5932]	[5932, 1, 8484]	[29736, 294, 20932],delete:
need:	[8668, 226, 13979]	[23668, 414, 28979],delete:
need:	[4708, 189, 2248]	[19708, 344, 17248],delete:
need:,delete:
need:,delete:	[10332, 226, 8910]	[10332, 169, 12365]	[25332, 259, 20849]	[25332, 364, 15688]	[25332, 411, 27365]
need:,delete:	[17851, 259, 20849]
need:	[1996, 159, 8578]	[1996, 145, 8578]	[16996, 296, 16900]	[16996, 330, 23578]	[16996, 259, 20849]	[16996, 304, 22696],delete:
need:,delete:	[22229, 259, 20849]
need:	[12456, 226, 5527]	[27456, 414, 20527],delete:
need:,delete:	[13155, 169, 1168]
need:,delete:	[11134, 181, 7387]	[11134, 113, 7387]	[9004, 54, 7387]	[308, 48, 7387]	[25709, 364, 22387]
need:,delete:	[7928, 226, 13879]	[22928, 386, 16260]	[22928, 259, 20849]
need:	[417, 169, 2779]	[19632, 411, 17779]	[14623, 169, 2779]	[29623, 411, 17779],delete:
need:,delete:	[19047, 259, 20849]
need:	[7803, 190, 5923]	[22803, 290, 20923],delete:
need:,delete:	[22193, 259, 20849]
need:,delete:	[20800, 259, 20849]
need:	[12752, 226, 1772]	[27752, 414, 16772],delete:
need:	[8745, 103, 6329]	[23745, 352, 21329],delete:
need:,delete:
need:,delete:	[24154, 259, 20849]
need:,delete:	[16443, 259, 20849]
need:	[4961, 20, 2344]	[19961, 344, 19916],delete:
need:	[3677, 105, 12321]	[18677, 392, 27321],delete:
need:,delete:	[3406, 226, 12700]	[3406, 226, 5035]	[18406, 250, 20312]	[18406, 414, 20035]	[18406, 259, 20849]	[18406, 414, 27700]
need:	[19915, 364, 21052]	[19915, 414, 21621],delete:
need:	[10047, 125, 9161]	[25047, 409, 24161],delete:
need:,delete:
need:	[10494, 226, 2750]	[17137, 414, 17750]	[20979, 414, 17750],delete:
need:	[12268, 42, 1402]	[3405, 80, 1402]	[27268, 250, 16402]	[15602, 297, 16402],delete:
need:	[15813, 414, 18960]	[15813, 330, 18960]	[3960, 16, 2777]	[18987, 364, 18960],delete:
need:,delete:	[21893, 259, 20849]
need:,delete:	[15126, 313, 18389]	[15126, 313, 18432]
need:	[1057, 230, 1260]	[1057, 195, 4677]	[16057, 318, 19677],delete:
need:,delete:	[6918, 16, 5872]	[6918, 160, 6158]	[14234, 226, 6918]	[4103, 226, 6918]	[15613, 414, 21918]	[21326, 414, 21918]	[29234, 414, 21918]	[25159, 414, 21918]
need:	[27884, 321, 16237]	[12884, 20, 1237]	[22449, 321, 16237],delete:
need:	[10308, 205, 9459]	[1390, 205, 9459]	[7929, 205, 9459]	[25308, 284, 24459]	[18855, 284, 24459]	[24459, 384, 19129]	[24089, 284, 24459]	[20587, 284, 24459]	[24459, 351, 25527]	[24459, 265, 24461]	[25705, 284, 24459],delete:
need:	[2220, 160, 14506]	[17220, 351, 29506],delete:
need:	[7635, 226, 2520]	[22635, 259, 20849]	[22635, 414, 28381]	[22635, 414, 17520]	[22635, 414, 29757],delete:
need:,delete:	[912, 0, 7242]
need:,delete:	[23969, 386, 16260]
need:	[10130, 125, 13394]	[25130, 409, 28394]	[25130, 250, 19790],delete:
need:	[3228, 156, 6980]	[18228, 303, 21980],delete:
need:,delete:	[4503, 194, 7911]
need:,delete:
need:,delete:	[21930, 259, 20849]
need:,delete:
need:,delete:	[21267, 259, 20849]
need:,delete:	[18448, 259, 20849]
need:,delete:	[18722, 259, 20849]
need:,delete:	[21506, 259, 20849]
need:	[4444, 48, 6324]	[19444, 414, 23661]	[19444, 330, 21324]	[19444, 284, 17819]	[19444, 381, 21324]	[19444, 414, 21324]	[19444, 259, 20849]	[19444, 296, 26473]	[19444, 364, 21324],delete:
need:	[16915, 344, 17955]	[29788, 344, 17955],delete:
need:,delete:
need:	[569, 205, 6711]	[15569, 414, 25385]	[15569, 284, 21711]	[15569, 414, 16635],delete:
need:	[29631, 296, 24774]	[9976, 4, 9774]	[14631, 4, 9774],delete:
need:,delete:	[25338, 259, 20849]
need:	[15321, 381, 18633]	[15321, 296, 18772]	[15321, 259, 20849]	[15321, 364, 29727]	[15321, 411, 17569],delete:
need:	[9949, 159, 13952]	[9949, 48, 13952]	[24949, 330, 28952],delete:
need:,delete:	[20625, 259, 20849]
need:	[937, 49, 10466]	[15937, 410, 25466],delete:
need:,delete:	[21540, 259, 20849]
need:	[29067, 267, 25349]	[25349, 344, 17712],delete:
need:	[6880, 226, 8629]	[7395, 226, 8629]	[18576, 414, 23629]	[15176, 414, 23629]	[20608, 414, 23629],delete:
need:	[10322, 226, 14872]	[25322, 414, 29872],delete:
need:	[17163, 344, 15207]	[2163, 48, 13975]	[2163, 61, 13975],delete:
need:	[12389, 145, 3808]	[27389, 364, 18808],delete:
need:	[7731, 151, 14149]	[29149, 267, 22731],delete:
need:	[13435, 48, 195]	[61, 48, 195]	[28435, 381, 15195],delete:
need:	[15775, 414, 23659]	[14293, 226, 8659]	[9163, 226, 8659],delete:
need:,delete:	[15661, 259, 20849]
need:	[15246, 414, 15929]	[15246, 364, 18038]	[15246, 284, 25113]	[15246, 414, 20517]	[15246, 259, 20849]	[15246, 330, 18038]	[15246, 296, 18038]	[15246, 411, 18038],delete:
need:,delete:	[26886, 296, 17996]	[5669, 4, 2996]
need:	[13176, 20, 7837]	[24879, 321, 22837],delete:
need:	[5397, 159, 2545]	[19264, 330, 17545]	[18917, 330, 17545]	[27936, 330, 17545]	[18540, 364, 17545],delete:
need:,delete:	[16571, 259, 20849]
need:,delete:	[23503, 414, 19611]	[23503, 311, 29618]	[8503, 75, 14618]	[23503, 259, 20849]
need:	[1630, 42, 13204]	[16630, 250, 28204]	[16630, 303, 15625],delete:
need:,delete:	[18541, 414, 24825]
need:	[25362, 284, 22432]	[25362, 414, 21663]	[25362, 414, 16282],delete:
need:	[24787, 414, 27797]	[24787, 414, 19916]	[24787, 414, 27754],delete:
need:	[18532, 296, 27641]	[3532, 226, 4252]	[18532, 414, 26897],delete:
need:	[4956, 159, 6897]	[4956, 226, 5070]	[19956, 414, 20070]	[19956, 330, 21897]	[19956, 259, 20849],delete:
need:,delete:	[687, 194, 7911]
need:	[12242, 160, 6872]	[18019, 410, 21872]	[27242, 351, 21872],delete:
need:	[4578, 103, 12788]	[19578, 379, 27788],delete:
need:,delete:	[9113, 205, 14226]	[24113, 284, 29226]	[24113, 259, 20849]	[24113, 250, 20312]
need:,delete:	[13016, 226, 4874]	[11836, 226, 4874]	[19874, 384, 20872]	[24813, 414, 19874]	[28016, 414, 19874]	[26836, 414, 19874]	[19511, 414, 19874]
need:,delete:	[22312, 364, 28995]	[22312, 267, 26922]	[22312, 259, 20849]	[7312, 145, 13995]
need:,delete:	[21650, 259, 20849]	[21650, 284, 21150]
need:,delete:	[17085, 259, 20849]
need:	[3070, 61, 8772]	[18070, 344, 23772],delete:
need:,delete:	[23381, 250, 20312]	[23381, 259, 20849]
need:	[405, 46, 12664]	[15405, 362, 27664],delete:
need:	[3567, 48, 3512]	[14475, 48, 3512]	[18250, 381, 18512]	[28717, 381, 18512]	[29475, 381, 18512],delete:
need:,delete:	[22018, 386, 16260]	[22018, 409, 26417]
need:	[12799, 156, 2849]	[9371, 156, 2849]	[29574, 303, 17849],delete:
need:,delete:	[23983, 384, 20099]	[23983, 384, 17752]
need:	[2531, 226, 5547]	[2531, 205, 5041]	[17531, 259, 20849]	[17531, 296, 23662]	[17531, 284, 20041]	[17531, 411, 22344]	[17531, 414, 20547],delete:
need:,delete:	[25933, 414, 20987]	[19039, 414, 20987]	[17109, 414, 20987]	[25679, 414, 20987]	[27039, 414, 20987]
need:,delete:	[7128, 53, 5350]	[7128, 53, 10431]	[7128, 53, 4593]	[22128, 336, 21269]
need:,delete:	[25217, 259, 20849]
need:	[14307, 48, 7702]	[29307, 381, 22702],delete:
need:	[17671, 414, 28353]	[17671, 364, 23936],delete:
need:	[14304, 145, 1418]	[5151, 145, 1418],delete:
need:,delete:	[24935, 384, 20099]
need:,delete:	[23099, 259, 20849]
need:,delete:	[19712, 259, 20849]
need:	[23648, 284, 27303]	[23648, 344, 27815],delete:
need:	[10031, 226, 1826]	[25031, 414, 26061]	[25031, 296, 26393]	[25031, 330, 17558]	[25031, 259, 20849],delete:
need:	[6248, 49, 5947]	[21248, 271, 23529]	[21248, 410, 20947],delete:
need:,delete:	[23118, 259, 20849]
need:	[14458, 4, 1408]	[29458, 296, 16408],delete:
need:	[14001, 226, 2281]	[29001, 414, 17281],delete:
need:,delete:	[21304, 248, 29494]	[6304, 20, 2353]
need:	[29298, 330, 25036],delete:
need:	[26214, 344, 21071]	[23434, 344, 21071],delete:
need:	[28509, 377, 18211],delete:
need:	[8869, 41, 12808]	[23869, 248, 27808],delete:
need:	[7473, 145, 11994]	[22473, 364, 26994],delete:
need:,delete:	[19924, 259, 20849]
need:,delete:	[8678, 53, 3819]
need:,delete:	[24218, 259, 20849]
need:	[9976, 145, 13538]	[9976, 205, 3098]	[24976, 364, 28538],delete:
need:,delete:	[20397, 259, 20849]
need:,delete:	[2933, 234, 1439]
need:	[28592, 330, 21780]	[21780, 384, 17777]	[2041, 226, 6780]	[11185, 159, 6780]	[14304, 159, 6780]	[19250, 411, 21780],delete:
need:,delete:	[22927, 259, 20849]
need:,delete:	[21923, 259, 20849]
need:	[24481, 344, 24255]	[27886, 344, 24255]	[12207, 189, 9255],delete:
need:,delete:	[19914, 384, 20872]
need:	[29116, 378, 25233]	[13529, 77, 10233],delete:
need:	[7976, 226, 2520]	[22976, 414, 29757]	[22976, 414, 17520]	[22976, 414, 27791]	[22976, 414, 22414],delete:
need:	[12284, 33, 7883]	[27284, 290, 22883],delete:
need:	[5179, 61, 730]	[20179, 344, 15730]	[20179, 402, 15730],delete:
need:	[3267, 159, 7951]	[18267, 296, 16928]	[18267, 296, 28519]	[18267, 411, 28609]	[18267, 330, 22951]	[18267, 259, 20849],delete:
need:,delete:
need:	[5895, 157, 8710]	[20895, 363, 23710],delete:
need:	[1768, 226, 692]	[16768, 259, 20849]	[16768, 414, 22239]	[16768, 414, 22850]	[16768, 390, 25266]	[16768, 414, 15762],delete:
need:	[7133, 145, 3270]	[22133, 344, 18270],delete:
need:,delete:	[22468, 259, 20849]
need:	[14180, 46, 9322]	[12704, 46, 9322]	[334, 46, 9322]	[29180, 362, 24322],delete:
need:	[3733, 78, 11725]	[18733, 344, 26725],delete:
need:	[10049, 160, 894]	[25049, 351, 15894],delete:
need:	[24713, 344, 24293]	[24713, 368, 26183],delete:
need:,delete:	[6074, 75, 12531]
need:,delete:	[17277, 259, 20849]	[17277, 323, 17945]
need:	[29542, 330, 21321]	[29542, 381, 21321],delete:
need:	[6583, 145, 12927]	[6583, 145, 13538]	[21583, 364, 28538],delete:
need:,delete:	[23164, 259, 20849]
need:,delete:
need:	[9077, 115, 4169]	[24077, 343, 19169],delete:
need:	[9122, 48, 13550]	[9122, 226, 13550],delete:
need:,delete:	[15603, 414, 17142]
need:	[17125, 303, 15689]	[2125, 168, 3147]	[2125, 168, 10074]	[17125, 269, 25074],delete:
need:	[3169, 156, 888]	[18169, 303, 15888],delete:
need:,delete:	[18789, 259, 20849]
need:	[8246, 58, 12933]	[23246, 342, 20503]	[23246, 410, 20503],delete:
need:,delete:	[17098, 259, 20849]
need:	[23085, 368, 29023]	[14023, 225, 8085]	[23085, 344, 19679],delete:
need:	[2050, 226, 14888]	[17050, 414, 29888],delete:
need:	[18620, 364, 15626]	[13752, 145, 626]	[28752, 330, 15626],delete:
need:	[2612, 156, 12381]	[17612, 311, 19485]	[17612, 303, 27381],delete:
need:	[6395, 48, 11994]	[21395, 259, 20849]	[21395, 414, 16822]	[21395, 330, 26994],delete:
need:,delete:	[14635, 169, 6118]	[22020, 411, 21118]
need:	[3228, 156, 6980]	[4028, 156, 6980]	[19028, 303, 21980],delete:
need:,delete:
need:	[17890, 351, 28312],delete:
need:,delete:	[18458, 259, 20849]
need:	[27223, 330, 23528]	[27039, 330, 23528]	[12223, 159, 8528]	[27322, 411, 23528],delete:
need:	[3171, 20, 3495]	[18171, 321, 18495],delete:
need:,delete:	[6507, 169, 7344]
need:,delete:	[10270, 226, 8991]	[8991, 123, 9328]	[21887, 414, 23991]
need:,delete:	[25279, 259, 20849]	[25279, 414, 19911]
need:	[8130, 51, 1296]	[23130, 330, 23681],delete:
need:	[2364, 41, 1459]	[17364, 248, 19468]	[17364, 248, 16459],delete:
need:,delete:	[25795, 414, 21663]	[23456, 414, 21663]	[1665, 226, 6663]
need:	[6252, 98, 5911]	[21252, 336, 26521]	[21252, 319, 20911]	[21252, 250, 18004],delete:
need:,delete:	[16607, 259, 20849]
need:	[28251, 293, 15656],delete:
need:	[8815, 145, 5326]	[8815, 20, 4944]	[8815, 189, 5326]	[23815, 344, 20326],delete:
need:	[1731, 98, 12340]	[1731, 193, 11521]	[16731, 319, 27340],delete:
need:,delete:	[24382, 259, 20849]
need:	[12141, 160, 3217]	[27141, 410, 18217]	[9851, 160, 3217]	[12141, 49, 3217],delete:
need:	[2212, 42, 6076]	[2212, 156, 1515]	[17212, 303, 16515],delete:
need:,delete:	[25265, 259, 20849]
need:,delete:	[18235, 259, 20849]
need:	[24488, 368, 29108]	[29108, 267, 24488],delete:
need:,delete:	[16961, 259, 20849]
need:,delete:	[15688, 384, 17777]	[18100, 364, 15688]
need:	[8625, 53, 3124]	[8625, 53, 4753]	[23625, 250, 18124],delete:
need:,delete:	[8258, 226, 2721]	[2721, 160, 6158]	[9145, 226, 2721]	[12516, 226, 2721]	[2776, 226, 2721]	[23271, 414, 17721]	[17776, 414, 17721]	[29853, 414, 17721]	[17721, 371, 21158]	[27516, 414, 17721]	[22213, 414, 17721]
need:	[9832, 226, 5443]	[21425, 414, 20443]	[28294, 414, 20443],delete:
need:	[2128, 53, 3988]	[2128, 144, 3353]	[17128, 250, 18988],delete:
need:	[123, 20, 3129]	[13702, 20, 3129]	[3415, 20, 3129]	[11158, 20, 3129]	[13675, 20, 3129]	[18219, 321, 18129]	[22858, 321, 18129]	[20194, 344, 18129]	[21598, 321, 18129],delete:
need:,delete:	[25433, 259, 20849]
need:	[8039, 44, 2]	[8039, 53, 13332]	[23039, 357, 15002]	[23039, 250, 28332],delete:
need:	[10426, 23, 1624]	[17592, 259, 16624],delete:
need:,delete:	[11487, 4, 10154]	[10429, 4, 10154]	[25154, 384, 17777]
need:,delete:	[4057, 226, 8820]	[19057, 259, 20849]
need:,delete:	[25374, 259, 20849]
need:	[14108, 51, 914]	[24488, 416, 15914]	[15914, 308, 27347],delete:
need:	[6614, 33, 5284]	[21614, 290, 28161],delete:
need:	[19807, 265, 24461]	[11194, 226, 4807]	[4807, 234, 9461]	[21850, 414, 19807],delete:
need:,delete:
need:	[4719, 16, 5099]	[26698, 414, 19719]	[19905, 414, 19719],delete:
need:	[1603, 205, 2144]	[16603, 284, 17144],delete:
need:,delete:
need:,delete:	[18917, 259, 20849]
need:,delete:	[19530, 259, 20849]
need:,delete:	[21628, 259, 20849]
need:	[5091, 226, 10039]	[20091, 296, 23703]	[20091, 414, 25039],delete:
need:	[22915, 381, 27414]	[22915, 411, 27414]	[22915, 330, 27414],delete:
need:,delete:	[10285, 223, 8033]	[1191, 226, 8033]
need:	[202, 52, 12091]	[15202, 368, 27091],delete:
need:,delete:
need:,delete:	[22259, 259, 20849]
need:	[6782, 226, 4750]	[14335, 226, 4750],delete:
need:,delete:	[17005, 259, 20849]
need:	[28818, 414, 23865]	[13818, 226, 8865],delete:
need:	[18361, 368, 19782],delete:
need:,delete:
need:,delete:	[2307, 36, 7997]
need:	[54, 168, 10710]	[54, 53, 10982]	[15054, 269, 25710],delete:
need:	[25830, 414, 24317]	[14604, 226, 9317]	[8992, 226, 9317],delete:
need:,delete:	[17017, 259, 20849]
need:	[13213, 169, 3612]	[27080, 411, 18612]	[28213, 411, 18612],delete:
need:	[3747, 94, 7636],delete:
need:	[10409, 33, 14671]	[25409, 290, 26980],delete:
need:	[23089, 321, 27818]	[23089, 344, 22770],delete:
need:	[12510, 46, 1667]	[27510, 362, 16667],delete:
need:	[29355, 250, 16499]	[23199, 250, 16499],delete:
need:	[27003, 414, 20517]	[4181, 226, 5517]	[28683, 414, 20517],delete:
need:	[2661, 20, 14221]	[2661, 20, 10627]	[17661, 321, 29221],delete:
need:	[16393, 381, 29011]	[1393, 48, 14011]	[16393, 381, 20969],delete:
need:	[3011, 160, 2330]	[3011, 16, 2042]	[18011, 351, 17330],delete:
need:,delete:	[5725, 75, 14378]	[20725, 284, 22276]	[20725, 311, 29378]	[20725, 259, 20849]
need:	[5606, 226, 7491]	[22491, 271, 21501],delete:
need:,delete:	[19407, 259, 20849]
need:,delete:	[13458, 42, 3835]
need:	[2593, 33, 4635]	[17593, 290, 19635],delete:
need:,delete:	[24370, 292, 25149]
need:	[14670, 20, 7329]	[23218, 321, 22329]	[15185, 321, 22329],delete:
need:	[25349, 344, 17712],delete:
need:,delete:	[20481, 259, 20849]
need:	[8617, 160, 1339]	[8617, 49, 1339]	[1339, 0, 7242]	[23617, 351, 16339],delete:
need:	[8270, 226, 9708]	[25715, 414, 24708],delete:
need:	[14782, 226, 7186]	[29782, 414, 22186],delete:
need:,delete:	[775, 226, 3903]	[15775, 259, 20849]
need:	[13919, 159, 3765]	[28919, 414, 18765]	[28919, 381, 18765]	[28919, 330, 18765],delete:
need:,delete:	[16321, 259, 20849]
need:	[6069, 78, 13047]	[21069, 344, 28047],delete:
need:	[3790, 225, 13358]	[28358, 368, 18790],delete:
need:,delete:	[19125, 384, 17777]
need:	[6994, 53, 13574]	[21994, 250, 28574],delete:
need:,delete:	[5039, 205, 302]	[20039, 259, 20849]
need:,delete:	[23452, 259, 20849]	[23452, 250, 20312]
need:	[15368, 414, 21259]	[15368, 414, 29790]	[368, 226, 14790],delete:
need:,delete:	[18780, 259, 20849]	[18780, 296, 28928]	[18780, 250, 20312]
need:,delete:	[19511, 259, 20849]	[19511, 409, 18482]
need:,delete:	[22403, 259, 20849]
need:	[11151, 226, 6456]	[14936, 226, 6456]	[21456, 271, 16260]	[29656, 414, 21456],delete:
need:,delete:	[23020, 386, 16260]	[8020, 205, 12631]	[23020, 284, 27631]	[23020, 259, 20849]
need:	[28365, 364, 15649]	[28365, 330, 15649]	[28365, 414, 15649]	[22175, 330, 15649]	[28365, 381, 15649],delete:
need:,delete:	[4042, 226, 1588]	[19042, 414, 16588]	[4042, 226, 8791]
need:,delete:	[14433, 156, 6033]	[1301, 156, 6033]	[13486, 156, 6033]	[2485, 156, 6033]	[16521, 303, 21033]	[20542, 303, 21033]	[24901, 303, 21033]	[21033, 352, 18432]	[20448, 303, 21033]	[28486, 303, 21033]	[15410, 303, 21033]	[18607, 303, 21033]	[17116, 303, 21033]	[21033, 369, 16260]	[29319, 303, 21033]	[29433, 303, 21033]
need:,delete:
need:	[1498, 56, 14371],delete:
need:,delete:	[17287, 414, 16151]	[17287, 259, 20849]
need:	[25765, 344, 18998]	[26044, 344, 18998]	[23065, 344, 18998],delete:
need:	[12244, 225, 7484]	[7484, 151, 12244]	[27244, 267, 22484],delete:
need:	[2473, 205, 4030]	[2473, 226, 6244]	[17473, 414, 25874]	[17473, 296, 26416],delete:
need:	[3494, 51, 301]	[10054, 51, 301],delete:
need:,delete:	[23787, 384, 20099]
need:,delete:	[20606, 259, 20849]
need:,delete:	[7149, 128, 3518]
need:,delete:
need:,delete:
need:	[27743, 296, 17969],delete:
need:	[13972, 226, 6811]	[28972, 414, 21811],delete:
need:	[5122, 160, 6602]	[16323, 345, 21602]	[27057, 351, 21602]	[23078, 345, 21602]	[21602, 345, 15949]	[21602, 345, 29885],delete:
need:	[14453, 156, 1500]	[16500, 380, 20515],delete:
need:	[27482, 414, 16151]	[12482, 226, 1151],delete:
need:,delete:	[6196, 226, 6337]	[6196, 4, 2595]	[6196, 205, 6150]	[6196, 75, 13300]	[21196, 414, 21337]	[21196, 296, 17595]	[21196, 259, 20849]	[21196, 304, 28300]	[21196, 311, 28300]
need:,delete:	[1085, 226, 41]	[16085, 259, 20849]
need:,delete:	[21660, 334, 23484]
need:,delete:	[20405, 259, 20849]	[5405, 226, 14244]	[20405, 414, 20253]	[5405, 226, 507]
need:,delete:
need:	[14257, 4, 9861]	[29257, 296, 24861],delete:
need:	[2841, 48, 13217]	[17841, 381, 28217]	[17841, 330, 22456]	[17841, 330, 27718]	[17841, 284, 27598],delete:
need:	[5144, 61, 14193]	[20144, 344, 29193]	[28054, 267, 20144],delete:
need:	[12186, 225, 3103]	[18103, 344, 20931],delete:
need:,delete:	[15141, 364, 19253]	[12090, 145, 4253]	[28166, 364, 19253]	[11611, 145, 4253]
need:	[1089, 145, 10250]	[16089, 364, 15550]	[16089, 414, 25250]	[16089, 330, 25250]	[16089, 296, 16900]	[16089, 259, 20849]	[16089, 284, 21150]	[16089, 381, 25250],delete:
need:	[19152, 414, 18897]	[4152, 226, 3897]	[18897, 271, 16260],delete:
need:	[4440, 51, 5874]	[28820, 416, 20874],delete:
need:,delete:	[24147, 259, 20849]
need:,delete:	[9593, 196, 1701]	[9593, 41, 3190]	[12673, 196, 9593]	[1701, 34, 9593]	[24593, 384, 20099]	[24593, 248, 18190]
need:	[14174, 226, 9092]	[6510, 226, 9092]	[29174, 414, 24092]	[24092, 265, 24461],delete:
need:	[14571, 144, 689],delete:
need:,delete:	[18599, 259, 20849]
need:,delete:	[7372, 226, 14428]	[22372, 259, 20849]	[22372, 414, 23884]	[22372, 414, 29428]
need:,delete:	[20739, 259, 20849]
need:	[23417, 344, 28549]	[23417, 344, 28975]	[8417, 20, 4088],delete:
need:,delete:	[22499, 259, 20849]
need:	[25839, 321, 23524],delete:
need:,delete:
need:	[16612, 409, 24703]	[18860, 409, 24703]	[7280, 125, 9703]	[19818, 409, 24703]	[22280, 409, 24703],delete:
need:,delete:	[18481, 378, 25233]	[3481, 77, 5646]
need:,delete:	[24313, 259, 20849]
need:	[25639, 284, 22432]	[27895, 284, 22432]	[12895, 205, 7432]	[22432, 410, 26884],delete:
need:,delete:	[13850, 170, 6048]	[6048, 170, 13850]	[12688, 226, 6048]	[28935, 414, 21048]	[21048, 248, 15024]	[19254, 414, 21048]
need:	[2208, 145, 12927]	[17208, 414, 15470]	[17208, 296, 19165]	[17208, 364, 27927]	[17208, 259, 20849],delete:
need:	[6604, 226, 12240]	[21604, 414, 27240]	[21604, 414, 20835],delete:
need:,delete:	[15254, 384, 20099]
need:	[28142, 344, 18763]	[13142, 189, 3763],delete:
need:	[12799, 42, 3819]	[13117, 42, 3819],delete:
need:,delete:	[24046, 259, 20849]
need:,delete:	[17791, 259, 20849]
need:	[5484, 29, 14120]	[20484, 293, 29120],delete:
need:	[29979, 362, 23274]	[14979, 46, 8274],delete:
need:,delete:	[25102, 259, 20849]
need:	[2707, 49, 13177]	[17707, 410, 28177],delete:
need:,delete:	[16978, 259, 20849]
need:	[9299, 33, 11639]	[24299, 290, 28161],delete:
need:,delete:	[1064, 205, 13976]	[1064, 226, 6190]	[1064, 226, 6667]	[16064, 284, 28976]	[16064, 414, 21190]	[16064, 414, 21667]	[16064, 259, 20849]
need:	[20424, 344, 27511],delete:
need:	[29644, 414, 21477],delete:
need:,delete:	[8674, 53, 5350]
need:,delete:	[5104, 128, 3518]
need:,delete:	[21534, 259, 20849]
need:	[20120, 267, 18397]	[3397, 20, 2344],delete:
need:	[13397, 169, 4139]	[28397, 411, 19139]	[27990, 411, 19139]	[13340, 169, 4139],delete:
need:,delete:	[7998, 226, 6214]	[12878, 226, 6214]	[10588, 38, 6214]	[9136, 226, 6214]	[6214, 38, 10588]	[13604, 226, 6214]	[24136, 414, 21214]	[17247, 414, 21214]	[28604, 414, 21214]	[16941, 414, 21214]	[20952, 414, 21214]
need:	[12440, 61, 207]	[12944, 189, 207]	[5340, 113, 207]	[207, 113, 13975]	[27440, 344, 15207],delete:
need:,delete:	[19789, 259, 20849]
need:,delete:	[5377, 48, 5825]	[5377, 226, 8464]	[20377, 414, 27139]	[20377, 304, 20914]	[20377, 364, 26810]	[20377, 296, 27144]	[20377, 259, 20849]	[20377, 284, 18328]
need:	[12448, 145, 7734]	[27448, 364, 22734],delete:
need:,delete:	[3867, 226, 2351]	[18867, 259, 20849]	[18867, 414, 24839]	[18867, 414, 17351]
need:	[14380, 20, 4976]	[29380, 321, 19976],delete:
need:	[13790, 159, 898]	[18424, 330, 15898]	[15898, 384, 17777]	[26889, 330, 15898]	[25337, 330, 15898]	[18337, 330, 15898],delete:
need:	[5388, 156, 12549]	[20388, 303, 27549],delete:
need:,delete:	[16211, 259, 20849]
need:	[5607, 20, 1746]	[20607, 321, 16746],delete:
need:,delete:	[8340, 226, 2605]	[23340, 414, 18275]	[23340, 259, 20849]
need:	[9840, 226, 11187]	[24840, 414, 26187]	[24840, 414, 19498]	[24840, 414, 18378]	[24840, 296, 22460],delete:
need:,delete:	[25324, 259, 20849]
need:,delete:	[12143, 4, 7868]	[7868, 160, 875]	[27143, 296, 22868]	[22285, 296, 22868]	[25754, 296, 22868]
need:	[6141, 160, 2383]	[6141, 139, 10509]	[6141, 128, 1460]	[21141, 346, 16460]	[21141, 351, 17383]	[21141, 290, 25509]	[21141, 397, 25509],delete:
need:,delete:	[17278, 250, 19593]	[17278, 259, 20849]
need:	[9090, 145, 8839]	[24090, 284, 28725]	[24090, 414, 22064],delete:
need:,delete:
need:	[8608, 160, 1697]	[29770, 414, 23608]	[14770, 226, 8608],delete:
need:	[717, 226, 8884]	[15717, 414, 23342]	[15717, 381, 26430]	[15717, 259, 20849]	[15717, 414, 23884],delete:
need:	[14596, 20, 5918]	[5366, 20, 5918]	[14650, 20, 5918]	[14922, 20, 5918],delete:
need:	[29499, 368, 19117],delete:
need:	[462, 159, 1696]	[29903, 364, 16696],delete:
need:,delete:	[5325, 222, 9013]	[1062, 222, 9013]	[24013, 384, 27558]	[24013, 248, 18089]	[20325, 341, 24013]	[16280, 341, 24013]	[16062, 341, 24013]
need:	[12512, 226, 4703]	[14013, 226, 4703]	[29013, 414, 19703]	[27512, 414, 19703]	[17207, 414, 19703],delete:
need:	[20754, 414, 21448]	[15804, 414, 21448]	[9100, 226, 6448]	[23794, 414, 21448],delete:
need:	[7830, 195, 9838]	[22830, 318, 24838],delete:
need:,delete:
need:,delete:	[959, 160, 8512]	[959, 194, 7911]
need:,delete:
need:,delete:	[17029, 259, 20849]
need:	[13594, 226, 6126]	[28594, 414, 21126]	[15728, 414, 21126],delete:
need:,delete:
need:,delete:
need:,delete:
need:,delete:	[15052, 259, 20849]
need:,delete:	[25038, 409, 26417]	[25038, 259, 20849]
need:,delete:	[15238, 386, 16260]	[15238, 259, 20849]
need:,delete:	[15428, 259, 20849]
need:	[18695, 364, 29425]	[18695, 381, 29425],delete:
need:,delete:
need:,delete:	[15568, 409, 28394]
need:,delete:	[21124, 259, 20849]
need:	[13061, 226, 1675]	[1762, 226, 1675]	[3248, 226, 1675],delete:
need:	[19268, 267, 28014],delete:
need:	[27822, 411, 17076]	[12822, 169, 2076]	[29299, 411, 17076],delete:
need:,delete:	[8053, 75, 9836]	[23053, 259, 20849]
need:,delete:	[19277, 259, 20849]
need:,delete:	[16382, 296, 27520]	[1382, 4, 12520]	[1382, 75, 12531]	[16382, 259, 20849]
need:	[4126, 145, 6063]	[26412, 364, 21063]	[676, 145, 6063],delete:
need:,delete:	[24849, 259, 20849]
need:	[16009, 344, 27923],delete:
need:,delete:	[13098, 169, 9662]	[18337, 411, 24662]	[26889, 411, 24662]	[2664, 169, 9662]
need:	[29831, 248, 23319]	[15555, 248, 23319],delete:
need:,delete:	[3241, 75, 13300]	[18241, 259, 20849]
need:,delete:	[22233, 259, 20849]
need:	[1521, 156, 6033]	[16521, 303, 21033]	[17485, 267, 16521]	[16521, 368, 17485]	[16521, 341, 20256],delete:
need:,delete:	[6406, 75, 9216]	[6406, 4, 10154]	[21406, 259, 20849]
need:,delete:	[25007, 259, 20849]
need:	[2673, 226, 2613]	[17673, 414, 17613],delete:
need:	[12078, 226, 3956]	[27078, 414, 18956],delete:
need:,delete:	[15061, 259, 20849]
need:,delete:	[7806, 190, 3]	[22806, 271, 16260]
need:	[7412, 42, 5350]	[22412, 250, 20350],delete:
need:	[15409, 344, 23698],delete:
need:,delete:
need:,delete:	[15149, 306, 20386]	[15149, 259, 20849]
need:,delete:	[21698, 259, 20849]
need:	[14248, 145, 4234]	[29248, 364, 19234],delete:
need:,delete:
need:	[9211, 212, 1260]	[9211, 11, 3432]	[2084, 75, 9211]	[5162, 75, 9211]	[24211, 369, 16260],delete:
need:	[29528, 414, 22814]	[13297, 226, 7814]	[28297, 414, 22814],delete:
need:	[2900, 33, 13386]	[17900, 290, 19847],delete:
need:,delete:	[23535, 259, 20849]
need:	[7641, 70, 13691]	[28691, 400, 22641],delete:
need:	[13526, 226, 4863]	[28526, 414, 19863],delete:
need:,delete:	[24311, 259, 20849]
need:	[6646, 41, 13918]	[6646, 49, 14900]	[21646, 410, 29900]	[21646, 248, 29131],delete:
need:,delete:	[13713, 46, 2733]	[6156, 46, 2733]	[2733, 199, 12486]	[859, 46, 2733]	[21156, 362, 17733]	[28713, 362, 17733]
need:	[14463, 226, 4019]	[27876, 414, 19019],delete:
need:	[3333, 11, 9920]	[28823, 410, 24920],delete:
need:,delete:	[20107, 409, 26417]
need:,delete:	[24340, 259, 20849]
need:,delete:	[8292, 79, 1265]	[8242, 49, 1265]	[11894, 106, 1265]	[6936, 160, 1265]	[6295, 160, 1265]	[26894, 264, 16265]
need:,delete:	[22839, 259, 20849]	[22839, 311, 28300]
need:,delete:	[21424, 414, 27165]	[21424, 259, 20849]	[21424, 381, 27889]
need:	[23410, 344, 20054]	[8410, 145, 5054],delete:
need:,delete:	[15018, 259, 20849]
need:	[3915, 144, 12744]	[18915, 294, 27744],delete:
need:,delete:	[21257, 259, 20849]
need:	[16578, 344, 28629],delete:
need:	[28037, 364, 22548]	[12559, 145, 7548]	[27559, 330, 22548],delete:
need:,delete:	[22659, 259, 20849]
need:	[16519, 303, 15888],delete:
need:,delete:	[19048, 259, 20849]
need:,delete:	[8216, 75, 13300]	[8216, 205, 13722]	[23216, 284, 28722]	[23216, 259, 20849]	[23216, 323, 15360]
need:,delete:	[7826, 128, 3518]
need:	[4166, 240, 14497]	[19166, 280, 29497],delete:
need:	[20030, 284, 17170]	[20030, 364, 17170]	[20030, 330, 17170]	[20030, 414, 26081]	[20030, 414, 17170]	[20030, 259, 20849],delete:
need:,delete:	[9032, 205, 2139]
need:	[9350, 53, 12734]	[24350, 250, 27734],delete:
need:	[21197, 296, 18864]	[6197, 145, 5012],delete:
need:,delete:	[1967, 42, 5350]
need:,delete:	[19689, 343, 25341]
need:	[6756, 53, 4753]	[21756, 250, 19753],delete:
need:,delete:
need:	[2795, 41, 14777]	[17795, 248, 29777],delete:
need:	[13938, 226, 9730]	[13837, 226, 9730]	[28837, 414, 24730],delete:
need:	[18949, 321, 24745]	[14045, 20, 9745]	[5477, 20, 9745]	[3949, 20, 9745],delete:
need:	[5637, 48, 8389]	[20637, 414, 21259]	[20637, 414, 28631],delete:
need:	[12271, 225, 9559]	[24559, 368, 27271],delete:
need:,delete:	[16053, 310, 18885]
need:,delete:	[22299, 259, 20849]
need:,delete:	[20320, 384, 20099]
need:,delete:	[16810, 259, 20849]
need:,delete:	[6043, 75, 4757]	[21043, 259, 20849]	[6043, 226, 5494]
need:	[29785, 411, 25450],delete:
need:	[1938, 190, 14207]	[16938, 290, 29207],delete:
need:,delete:	[27039, 381, 24718]	[4394, 159, 9718]	[8860, 48, 9718]	[8231, 48, 9718]	[19394, 381, 24718]	[8860, 159, 9718]	[12104, 48, 9718]	[5579, 145, 9718]	[12039, 48, 9718]	[4394, 48, 9718]	[24718, 384, 17777]	[23860, 330, 24718]	[27104, 381, 24718]	[23860, 364, 24718]
need:	[9640, 139, 3551]	[9640, 33, 3551]	[24640, 397, 18551],delete:
need:,delete:	[17771, 259, 20849]
need:,delete:
need:,delete:	[25375, 259, 20849]
need:,delete:	[25093, 250, 19593]
need:	[28524, 381, 21978]	[13524, 169, 6978]	[28524, 330, 21978]	[28524, 411, 21978],delete:
need:,delete:	[25191, 259, 20849]
need:,delete:	[9289, 53, 5350]	[9289, 53, 5268]
need:	[7244, 107, 3955]	[986, 107, 3955]	[3955, 115, 6788],delete:
need:,delete:
need:	[2424, 160, 8523]	[7004, 160, 8523]	[16789, 351, 23523],delete:
need:,delete:	[15470, 265, 25056]
need:,delete:	[14446, 226, 4911]	[19911, 384, 20872]	[17098, 414, 19911]	[28908, 414, 19911]	[29446, 414, 19911]
need:,delete:	[14735, 226, 1792]	[18027, 414, 16792]	[26514, 414, 16792]	[17662, 414, 16792]	[20985, 414, 16792]	[29735, 414, 16792]
need:	[7500, 205, 1065]	[22500, 414, 24882]	[22500, 296, 16258]	[22500, 330, 25448]	[22500, 259, 20849]	[22500, 284, 16065],delete:
need:	[28542, 303, 17756]	[28820, 303, 17756],delete:
need:	[20120, 344, 27754]	[20120, 267, 18397],delete:
need:,delete:	[669, 226, 681]	[669, 159, 12050]	[15669, 259, 20849]	[15669, 296, 23077]
need:,delete:	[7681, 48, 12889]	[22681, 330, 23936]	[22681, 259, 20849]	[22681, 364, 23936]
need:	[24958, 344, 19135]	[24958, 402, 19135],delete:
need:	[1541, 49, 14512]	[16541, 410, 29512],delete:
need:,delete:	[27145, 414, 20121]
need:	[193, 168, 14940]	[15193, 269, 29940],delete:
need:	[28272, 414, 21702]	[27330, 414, 21702]	[19176, 414, 21702],delete:
need:	[682, 98, 9212]	[15682, 336, 19757],delete:
need:	[10198, 226, 2074]	[25198, 311, 27531],delete:
need:,delete:	[11869, 226, 4766]	[4625, 226, 4766]	[14647, 159, 4766]	[5821, 159, 4766]	[29647, 330, 19766]	[19766, 384, 17777]
need:	[2562, 226, 8247]	[17562, 414, 23247],delete:
need:,delete:	[20820, 259, 20849]	[20820, 250, 20312]
need:,delete:	[17926, 259, 20849]
need:,delete:	[19849, 259, 20849]
need:,delete:
need:,delete:	[23825, 259, 20849]
need:	[1024, 107, 4274]	[16024, 312, 19274],delete:
need:	[13193, 75, 2401]	[28193, 311, 17401]	[2166, 75, 2401],delete:
need:	[12273, 225, 9549]	[24549, 368, 27273],delete:
need:	[5382, 53, 13347]	[20382, 250, 28347],delete:
need:,delete:	[3409, 49, 5618]	[3409, 160, 5618]	[18409, 384, 17777]	[22865, 414, 18409]	[28239, 414, 18409]
need:	[7108, 16, 5099]	[22108, 362, 17733]	[22108, 248, 22000]	[22108, 279, 18482],delete:
need:	[12294, 49, 5738]	[15072, 293, 20738],delete:
need:	[28116, 248, 18723]	[13116, 41, 3723],delete:
need:,delete:	[17542, 259, 20849]
need:,delete:	[18255, 284, 23251]	[18255, 259, 20849]	[18255, 296, 28519]
need:	[6986, 226, 662]	[21986, 364, 19665]	[21986, 414, 15542]	[21986, 414, 15662]	[21986, 330, 20453]	[21986, 259, 20849],delete:
need:,delete:	[19394, 310, 18271]
need:	[5523, 189, 7493]	[20523, 344, 22493],delete:
need:,delete:	[21632, 259, 20849]	[21632, 414, 23884]
need:	[8219, 41, 14153]	[23219, 248, 29153],delete:
need:,delete:
need:,delete:	[21728, 259, 20849]
need:	[5893, 16, 2777]	[21251, 381, 20893],delete:
need:	[10873, 226, 4669]	[19669, 351, 25657],delete:
need:	[2073, 151, 14380]	[2073, 20, 4976]	[17073, 368, 29380],delete:
need:	[6898, 226, 1304]	[15704, 414, 16304],delete:
need:	[27936, 296, 22506]	[12936, 4, 7506]	[22506, 271, 16260]	[10119, 4, 7506],delete:
need:,delete:	[23215, 259, 20849]
need:	[25489, 344, 18439]	[25489, 402, 18439],delete:
need:	[3080, 226, 757],delete:
need:,delete:	[18869, 409, 18482]	[18869, 259, 20849]
need:	[2579, 145, 6217]	[17579, 364, 21217],delete:
need:,delete:	[22515, 409, 26417]
need:	[14124, 169, 4727]	[29898, 411, 19727]	[29124, 411, 19727],delete:
need:	[4687, 225, 13643]	[19687, 267, 28643]	[28643, 368, 19687],delete:
need:	[5540, 189, 14530]	[20540, 344, 29530],delete:
need:,delete:	[8354, 168, 6325]
need:	[20338, 381, 27544]	[20338, 414, 27544],delete:
need:,delete:	[24359, 259, 20849]
need:	[19112, 368, 27029]	[19112, 321, 15850]	[4112, 151, 12029]	[12029, 225, 4112],delete:
need:,delete:	[24401, 259, 20849]
need:,delete:	[6424, 226, 8414]	[7011, 226, 8414]	[10960, 226, 8414]
need:,delete:	[918, 141, 14095]
need:,delete:
need:,delete:	[8255, 4, 2632]	[8255, 226, 6355]
need:	[13646, 4, 255]	[28646, 296, 15255],delete:
need:	[1968, 205, 13271]	[1968, 75, 7083]	[16968, 284, 28271]	[16968, 311, 22083],delete:
need:	[1982, 33, 3674]	[16982, 290, 18674],delete:
need:	[28636, 414, 22682]	[28265, 414, 22682]	[15671, 364, 22682],delete:
need:,delete:	[19951, 346, 17848]
need:,delete:	[22800, 386, 16260]
need:	[5159, 160, 13073]	[20159, 290, 27514]	[20159, 351, 28073],delete:
need:,delete:
need:	[25025, 267, 27774]	[27774, 368, 25025],delete:
need:	[13423, 172, 5691]	[28423, 293, 20691],delete:
need:,delete:	[16431, 384, 17777]	[16431, 279, 26417]	[19530, 296, 16431]
need:,delete:	[5622, 75, 7696]	[5622, 4, 2996]	[20622, 311, 22696]	[20622, 259, 20849]	[20622, 414, 24839]
need:,delete:	[16510, 384, 17375]	[27635, 374, 16510]	[12635, 58, 1510]	[9851, 119, 1510]
need:,delete:	[22182, 259, 20849]
need:,delete:	[19313, 259, 20849]
need:	[28415, 296, 23240]	[29579, 296, 23240],delete:
need:	[14282, 226, 7816]	[22816, 394, 29428]	[29282, 414, 22816],delete:
need:	[23962, 364, 20694]	[23962, 311, 20694],delete:
need:	[16898, 321, 27331]	[16898, 344, 23035],delete:
need:	[13305, 4, 8703]	[28305, 296, 23703]	[5091, 4, 8703],delete:
need:	[7988, 41, 7362]	[22988, 410, 28073],delete:
need:	[9442, 226, 4100]	[9864, 226, 4100]	[27936, 414, 19100]	[19100, 271, 16260]	[19744, 414, 19100],delete:
need:	[7183, 226, 11812]	[7183, 226, 13266]	[22183, 414, 28266],delete:
need:	[26907, 248, 22362]	[14186, 41, 7362],delete:
need:,delete:	[23462, 259, 20849]
need:,delete:
need:	[5358, 160, 1834]	[20358, 351, 16834]	[21951, 284, 20358],delete:
need:	[860, 41, 2762]	[15860, 248, 17762],delete:
need:	[18416, 296, 19184]	[18416, 411, 19184]	[21497, 296, 19184]	[19184, 271, 21501],delete:
need:,delete:	[18167, 259, 20849]
need:,delete:
need:	[19126, 414, 16822]	[14956, 226, 1822]	[29956, 414, 16822],delete:
need:	[7659, 159, 5339]	[22659, 330, 20339]	[20339, 384, 17777]	[22659, 381, 20339]	[20339, 351, 25527]	[17009, 330, 20339],delete:
need:	[2786, 61, 9412]	[17786, 344, 20127],delete:
need:	[5084, 226, 7230]	[6461, 226, 7230],delete:
need:	[7947, 226, 5750]	[22947, 390, 25266]	[22947, 259, 20849]	[22947, 414, 22239]	[22947, 414, 20750]	[22947, 414, 22850],delete:
need:,delete:	[25043, 384, 17752]
need:,delete:	[17338, 414, 16850]	[25497, 414, 16850]	[10538, 38, 1850]
need:	[2342, 48, 8389]	[17342, 373, 23389]	[17342, 296, 17996]	[17342, 414, 23046]	[17342, 381, 23389]	[17342, 259, 20849]	[17342, 414, 17256],delete:
need:	[1464, 41, 3592]	[12341, 89, 3592]	[14831, 41, 3592],delete:
need:,delete:	[23129, 259, 20849]
need:	[1686, 29, 5618]	[11902, 160, 1686]	[26403, 253, 16686]	[16686, 253, 26403]	[26902, 351, 16686]	[16686, 369, 20618],delete:
need:	[8551, 53, 6136]	[23551, 250, 21136]	[23551, 416, 29026],delete:
need:,delete:	[23872, 259, 20849]
need:,delete:	[8037, 156, 9938]	[8037, 144, 9938]
need:	[4321, 160, 4561]	[23051, 271, 19561]	[2306, 212, 4561],delete:
need:,delete:	[10599, 159, 8770]	[23770, 384, 17777]	[23770, 318, 24838]	[12308, 159, 8770]
need:	[2862, 226, 11164]	[17862, 414, 20634]	[17862, 381, 15968]	[17862, 296, 23833],delete:
need:,delete:	[16032, 384, 20099]
need:,delete:	[16937, 259, 20849]
need:,delete:
need:	[17020, 311, 28215]	[2020, 145, 13215]	[17020, 259, 20849]	[17020, 364, 28215],delete:
need:	[3882, 205, 4030]	[18882, 414, 21865]	[18882, 414, 24092]	[18882, 284, 19030],delete:
need:	[8891, 53, 13044]	[23891, 250, 28044]	[23891, 357, 15296],delete:
need:	[27247, 284, 24123]	[12247, 205, 9123]	[27796, 284, 24123],delete:
need:	[14533, 190, 8977]	[13160, 190, 8977]	[16455, 290, 23977],delete:
need:	[14094, 160, 7942],delete:
need:	[4322, 205, 3216]	[4322, 226, 11215]	[19322, 414, 26215]	[19322, 284, 18216]	[19322, 330, 29591],delete:
need:	[6943, 49, 14264]	[21943, 410, 29264],delete:
need:,delete:	[24333, 259, 20849]
need:,delete:	[19136, 259, 20849]
need:	[3475, 160, 1877]	[18475, 351, 16877],delete:
need:,delete:	[824, 79, 6920]	[21920, 338, 17965]
need:,delete:
need:	[3490, 96, 6198]	[18490, 412, 21198],delete:
need:,delete:
need:,delete:	[22415, 259, 20849]	[22415, 414, 25869]	[22415, 414, 26702]
need:	[10015, 103, 4074]	[10015, 23, 14074]	[25015, 293, 19074],delete:
need:	[3868, 151, 12618]	[18868, 368, 27618],delete:
need:	[6356, 53, 10982]	[21356, 250, 25982]	[21356, 303, 22287],delete:
need:,delete:	[25305, 409, 26417]	[25305, 259, 20849]
need:,delete:	[16307, 259, 20849]
need:,delete:	[15983, 259, 20849]
need:	[1255, 190, 14158]	[16255, 290, 29158],delete:
need:	[4349, 41, 12594]	[19349, 248, 27594],delete:
need:	[2533, 20, 2773]	[17533, 344, 22314]	[17533, 344, 28975],delete:
need:	[1240, 159, 14249]	[16240, 296, 28519]	[16240, 330, 29249]	[16240, 296, 20713],delete:
need:	[5167, 226, 12346]	[20167, 414, 27346],delete:
need:	[1672, 103, 6341]	[16672, 369, 21341],delete:
need:	[4368, 156, 12519]	[19368, 294, 27519],delete:
need:	[7938, 226, 5819]	[22938, 414, 20819]	[22938, 284, 22752],delete:
need:	[7990, 33, 8254]	[7990, 190, 5240],delete:
need:	[597, 50, 3887]	[15597, 410, 27967]	[15597, 248, 18887],delete:
need:,delete:	[28158, 262, 19295]	[5040, 199, 4295]	[125, 199, 4295]
need:	[28761, 248, 17038],delete:
need:	[13925, 160, 4817]	[14964, 49, 4817]	[29964, 410, 19817],delete:
need:,delete:	[15853, 259, 20849]
need:,delete:	[4931, 53, 11372]	[4931, 141, 10399]	[19931, 321, 16476]
need:,delete:	[17544, 259, 20849]
need:	[27004, 267, 25156]	[25156, 368, 27004],delete:
need:	[1545, 160, 12012]	[16545, 351, 27012],delete:
need:	[8940, 226, 9177]	[29865, 414, 24177]	[22086, 414, 24177]	[13209, 226, 9177],delete:
need:	[4897, 77, 1557]	[19897, 352, 27523],delete:
need:,delete:	[19547, 306, 26596]
need:,delete:	[7887, 226, 719]	[7887, 4, 925]	[22887, 259, 20849]	[22887, 414, 17672]	[22887, 296, 15925]	[22887, 414, 15719]
need:	[4831, 159, 994]	[12452, 159, 994]	[24891, 330, 15994]	[27452, 330, 15994]	[27452, 381, 15994],delete:
need:	[26476, 330, 21914]	[27975, 330, 21914]	[28444, 330, 21914],delete:
need:,delete:	[8845, 160, 3432]	[23845, 271, 16260]
need:	[4053, 168, 7437]	[19053, 269, 29940],delete:
need:,delete:	[20776, 384, 17777]	[5776, 16, 2777]
need:,delete:	[3359, 205, 13131]	[18359, 259, 20849]	[18359, 284, 28131]	[18359, 304, 27531]
need:,delete:	[21740, 259, 20849]	[21740, 409, 18482]
need:	[7636, 227, 8624]	[22636, 331, 18747],delete:
need:	[861, 145, 2513]	[15861, 344, 28718],delete:
need:	[15858, 267, 24319],delete:
need:	[14998, 205, 1365]	[28013, 284, 16365]	[13013, 205, 1365],delete:
need:,delete:	[23548, 414, 22216]
need:,delete:	[7366, 234, 1439]
need:	[22824, 381, 15891]	[22824, 414, 26655]	[22824, 414, 16333]	[22824, 284, 19884],delete:
need:	[12998, 226, 2442]	[27998, 414, 17442],delete:
need:,delete:	[19837, 259, 20849]
need:,delete:	[24239, 384, 22301]
need:,delete:	[16373, 259, 20849]
need:,delete:	[20002, 259, 20849]
need:,delete:	[22819, 259, 20849]
need:	[23085, 344, 19679]	[29023, 344, 19679]	[14023, 61, 4679],delete:
need:,delete:	[15135, 259, 20849]	[15135, 330, 20063]
need:,delete:	[17623, 259, 20849]
need:	[110, 46, 6276]	[15110, 362, 21276],delete:
need:,delete:	[22908, 271, 16260]
need:	[4200, 160, 1139]	[19200, 351, 16139],delete:
need:	[14778, 25, 4879]	[29778, 285, 19879],delete:
need:	[7628, 139, 10555]	[22628, 290, 21779],delete:
need:	[21515, 296, 22339]	[8439, 4, 7339]	[11630, 4, 7339],delete:
need:,delete:	[20543, 259, 20849]
need:,delete:	[16884, 259, 20849]
need:,delete:	[14079, 226, 7886]	[5360, 226, 7886]	[5439, 226, 7886]	[7950, 226, 7886]	[20449, 414, 22886]	[19832, 414, 22886]	[17751, 414, 22886]	[29079, 414, 22886]
need:,delete:
need:	[4862, 23, 10165]	[19862, 259, 25165],delete:
need:	[20536, 293, 15281],delete:
need:	[3616, 156, 6940]	[18616, 303, 21940],delete:
need:	[23089, 344, 22770],delete:
need:,delete:	[16614, 409, 26417]
need:	[29265, 330, 19185]	[23715, 330, 19185],delete:
need:	[4365, 226, 14012]	[19365, 259, 20849]	[19365, 330, 27720]	[19365, 381, 27720]	[19365, 414, 29012]	[19365, 414, 21250]	[19365, 296, 28704],delete:
need:,delete:
need:,delete:	[9755, 145, 11989]	[24755, 311, 28300]	[24755, 259, 20849]	[9755, 75, 13300]
need:	[26970, 351, 20232]	[20232, 369, 23889],delete:
need:,delete:
need:,delete:	[20418, 259, 20849]
need:,delete:	[24320, 259, 20849]
need:,delete:	[21882, 259, 20849]
need:,delete:	[9952, 245, 11712]	[9664, 20, 9952]	[12298, 20, 9952]	[9075, 20, 9952]	[11148, 20, 9952]	[27298, 321, 24952]
need:,delete:
need:,delete:	[19107, 259, 20849]
need:	[8341, 145, 1576]	[23341, 284, 19470]	[23341, 364, 21902]	[23341, 259, 20849]	[23341, 364, 16576]	[23341, 296, 22817]	[23341, 377, 21902],delete:
need:	[17811, 343, 28094]	[13094, 146, 2811],delete:
need:	[28776, 414, 23021]	[13776, 226, 8021]	[13227, 226, 8021],delete:
need:,delete:	[9509, 4, 2349]	[9509, 215, 5849]	[9509, 226, 13557]	[24509, 259, 20849]	[24509, 414, 28557]	[24509, 304, 28300]	[24509, 414, 19844]
need:	[3896, 48, 3478]	[774, 48, 3478],delete:
need:	[217, 188, 6618]	[15217, 363, 21618],delete:
need:	[20760, 344, 16534],delete:
need:	[801, 225, 14901]	[15801, 267, 29901],delete:
need:,delete:	[16003, 259, 20849]	[16003, 409, 26417]
need:	[4433, 4, 12485]	[19433, 296, 27485],delete:
need:	[12692, 226, 4203]	[15944, 414, 19203]	[27692, 414, 19203]	[23113, 414, 19203],delete:
need:	[8017, 103, 380]	[8017, 188, 380],delete:
need:	[27159, 364, 15550]	[6489, 145, 550]	[9333, 145, 550]	[12159, 145, 550],delete:
need:,delete:	[645, 226, 2605]	[645, 226, 13970]	[645, 226, 8402]	[15645, 414, 23402]	[15645, 259, 20849]
need:,delete:
need:	[14821, 4, 7520]	[29169, 296, 22520],delete:
need:,delete:	[20433, 259, 20849]
need:	[3018, 53, 6976]	[18018, 250, 19753],delete:
need:	[14839, 226, 427]	[13209, 226, 427]	[9437, 226, 427]	[29839, 414, 15427],delete:
need:,delete:	[22146, 259, 20849]
need:,delete:	[8039, 44, 2]	[13258, 44, 2]	[9748, 44, 2]	[15002, 259, 18933]
need:	[27817, 296, 21517]	[4895, 4, 6517]	[13338, 4, 6517],delete:
need:,delete:	[24637, 259, 20849]
need:,delete:	[23455, 259, 20849]
need:	[14458, 159, 3750]	[29458, 330, 18750],delete:
need:,delete:
need:	[29826, 250, 19904]	[14826, 53, 4904],delete:
need:	[1625, 46, 5698]	[16625, 362, 20698],delete:
