23070	290	29326
23070	290	28161
8070	33	14326
8070	33	13161
17060	293	28187
2060	172	13187
2060	29	2153
17060	369	17153
15339	351	28816
15339	410	18432
15339	271	16260
339	16	2777
339	160	13816
29060	414	23803
14060	226	8803
23803	271	17153
23803	351	29674
6573	226	8803
13759	79	4426
28759	293	19426
23750	351	19426
8750	160	4426
4426	60	5021
17691	414	27599
2691	226	12599
17691	259	20849
2348	159	9264
17348	330	24264
15400	330	24264
17326	364	24264
400	159	9264
22386	414	19125
7386	145	8839
7386	226	10427
22386	381	22923
22386	364	23839
17891	303	29414
17891	294	29414
2891	156	14414
14414	148	2891
2891	144	14414
10219	226	924
25219	414	15924
10219	29	1260
25219	259	20849
28338	330	25448
13338	159	10448
28672	364	25448
13672	145	10448
26955	330	25448
28473	290	15950
13473	33	950
27535	290	15950
27293	290	15950
9016	33	950
21982	296	21226
6982	226	4375
6982	205	5069
21982	414	23608
6982	226	8608
24567	269	21325
9567	53	3988
9567	168	6325
24567	250	18988
9567	83	6304
28424	284	16385
13424	205	1385
29539	284	16385
14539	205	1385
2839	205	1385
13005	205	2335
17335	410	26884
28005	284	17335
12730	205	2335
22233	284	17335
21512	267	28148
21512	344	29947
28148	368	21512
13148	151	6512
6512	78	14947
17192	414	22010
2192	226	7010
2192	226	6629
17192	414	16361
2192	145	6902
29032	414	24903
14032	226	9903
15869	414	24903
25045	414	24903
1582	226	9903
1380	33	7272
16380	290	22272
1380	33	8266
16380	290	23266
17124	267	28543
28543	368	17124
17124	344	29792
17124	321	26111
2124	225	13543
18283	267	28784
3283	225	13784
13784	151	3283
28784	368	18283
17644	351	19817
2644	160	4817
17644	362	20021
2644	46	5021
17644	384	20099
6298	160	3845
6298	49	3845
21298	351	18845
21298	410	18845
21298	342	18845
29629	414	21250
29723	414	21250
24746	414	21250
14723	226	6250
8641	226	6250
12584	226	6389
27584	414	21389
24607	414	21389
18123	414	21389
9760	226	6389
23379	252	28479
28719	343	23379
13719	115	8379
8379	37	13479
6610	115	8379
18421	414	16405
18421	414	21337
3421	205	3910
18421	414	19100
3421	226	6337
8239	33	14207
23239	290	29207
23239	271	20618
8239	160	5618
16685	296	21114
1685	205	11129
16685	284	26129
1685	4	6114
16685	259	20849
9009	226	253
24009	296	26001
24009	311	16946
24009	414	15253
9009	75	1946
29491	414	23771
14491	226	8771
23771	271	23529
22424	414	23771
7424	226	8771
17931	311	27367
17931	414	29620
2931	226	14620
17931	411	16371
2931	159	1371
9493	226	5804
24493	414	20804
24493	414	20750
9493	226	762
24493	414	15762
18503	248	28698
18503	248	23892
3503	41	12779
3503	41	13698
18503	248	27779
12315	225	2243
27315	267	17243
2243	151	12315
17243	368	27315
2243	20	9449
6995	128	40
21995	351	16697
6995	160	1697
21995	346	15040
6995	33	7272
24552	351	28177
9552	33	4664
24552	290	19664
9552	160	13177
28672	414	21929
13198	226	6929
29151	414	21929
13672	226	6929
14151	226	6929
18288	284	24645
3288	205	10113
3288	205	9645
18288	259	20849
24507	311	27340
24507	414	27606
9507	226	12606
9507	226	3589
24507	414	18589
28814	364	21233
13814	145	6233
1702	145	6233
11123	145	6233
16702	364	21233
28049	378	16557
13049	77	1557
4897	77	1557
19897	378	16557
4754	41	2385
19754	248	17674
19754	248	17385
4754	41	2674
4754	160	11768
7232	145	12490
22232	364	27490
22232	296	22802
7232	226	2935
7232	226	6763
14156	96	43
29156	281	15043
14156	188	43
14156	157	43
29156	412	15043
27550	414	23661
12550	226	8661
7229	226	8661
5962	226	8661
23661	410	18432
28194	248	15024
14157	41	24
29157	248	15024
8880	41	24
13194	41	24
12336	160	9613
9613	29	1587
27336	351	24613
15457	345	24613
24613	345	15457
88	48	961
15088	381	15961
15088	259	20849
2509	139	340
2509	33	11796
2509	190	340
17509	290	15340
17509	290	26796
28093	284	24800
13093	205	9800
10480	205	9800
2277	205	9800
7445	205	9800
10135	156	14408
25135	303	29408
10135	222	3300
25135	341	18300
21755	416	19598
28666	416	19598
13419	51	4598
13666	51	4598
29990	416	19598
24572	330	20453
9572	159	5453
24572	259	20849
25292	311	29652
10292	75	14652
25292	259	20849
28746	368	25422
25422	344	20531
25422	267	28746
10422	225	13746
10422	78	5531
5419	48	9106
20419	381	24106
20419	330	24106
5419	159	9106
27001	351	22668
27909	351	22668
7668	71	7668
12909	160	7668
7668	71	7668
25294	414	28621
25294	414	16621
10294	226	13621
10294	226	964
25294	311	24216
18766	271	16260
1159	145	3766
18766	410	18432
18766	351	22361
22018	330	18766
20011	381	27250
20011	414	27250
5011	48	12250
5011	226	12250
5011	29	5618
4801	226	10711
19801	414	25711
19801	414	24715
19801	411	23131
4801	169	8131
5666	49	12967
20666	410	27967
20666	351	27967
5666	236	2752
20666	384	20099
14508	41	3792
22007	248	18792
9866	41	3792
21407	248	18792
571	41	3792
27590	330	20848
12590	159	5848
1972	159	5848
16972	330	20848
16972	381	20848
15480	304	27531
480	226	1092
480	205	11129
15480	414	16092
15480	284	26129
29358	364	16547
16547	340	15500
29106	330	16547
29649	364	16547
14649	159	1547
21280	330	27254
6280	159	12254
6280	48	12254
6280	4	8667
21280	296	23667
27150	414	25164
12150	226	10164
2361	226	10164
27223	414	25164
3785	226	10164
20300	351	21158
297	226	5300
10857	226	5300
4287	226	5300
25857	414	20300
10646	107	5372
5372	29	1260
28320	312	20372
20372	369	16260
6444	107	5372
27861	248	21643
12805	41	6643
27805	248	21643
12861	41	6643
13201	41	6643
18770	368	26144
3770	151	11144
11144	225	3770
26144	267	18770
24736	284	17563
9736	205	2563
24736	259	20849
29514	290	20389
29814	290	20389
12991	33	5389
22990	290	20389
22163	290	20389
18521	364	23774
18521	330	15790
3521	226	8774
3521	226	14235
18521	414	29235
29967	381	23389
27566	330	23389
29967	364	23389
12566	145	8389
27566	364	23389
8963	225	14268
14268	151	8963
29268	368	23963
23963	267	29268
8963	20	9407
22105	414	29534
7105	226	14534
7105	205	13275
7105	4	7029
22105	259	20849
29392	284	17819
14392	205	2819
19444	284	17819
4444	205	2819
23931	284	17819
17041	330	16853
3436	48	1853
16853	271	20618
17041	381	16853
2041	159	1853
19698	414	22097
19698	414	18615
4698	226	3615
4698	226	7097
19698	259	20849
27541	351	21051
12020	160	6051
27020	351	21051
4285	160	6051
18481	352	21051
13856	156	6940
28856	303	21940
18616	303	21940
11478	156	6940
3616	156	6940
14745	20	9214
14021	20	9214
29745	321	24214
7512	20	9214
23543	321	24214
19015	414	29323
4015	205	3624
4015	226	14323
19015	284	18624
19015	313	26884
1765	226	12240
1765	226	6932
16765	414	27240
16765	414	22850
16765	414	15762
17373	296	27520
2373	4	12520
17373	381	29057
17373	411	24307
17373	414	23577
3951	226	2829
26016	414	17829
11425	226	2829
11016	226	2829
18951	414	17829
5148	29	10371
20148	293	25371
25371	301	20148
20148	369	25371
28477	269	17974
28983	269	17974
13983	168	2974
9475	168	2974
20700	269	17974
9200	145	8432
24200	414	21865
24200	330	23432
9200	159	8432
24200	284	25988
21417	364	19824
21417	414	19408
6417	145	4824
6417	226	4408
21417	259	20849
9001	1	8484
9917	1	8484
27381	334	23484
3192	1	8484
1692	1	8484
674	145	7880
674	159	2643
15674	414	22880
15674	364	22880
15674	330	17643
6714	226	14217
6714	226	13256
21714	414	28256
21714	414	29217
21714	259	20849
6547	151	13051
13051	225	6547
28051	267	21547
21547	368	28051
24830	414	25035
9830	226	10035
24830	250	19593
24830	386	16260
24830	259	20849
15659	414	29895
659	226	2933
15659	414	21653
15659	296	15718
659	226	14895
12582	226	5940
27582	414	20940
29302	414	20940
4061	226	5940
14302	226	5940
13004	145	7051
27052	364	22051
28004	364	22051
2420	145	7051
24420	364	22051
7812	151	12597
12597	225	7812
22812	368	27597
27597	267	22812
7812	159	8681
28982	414	20361
29839	414	20361
13982	226	5361
6034	159	5361
14839	226	5361
18734	250	18988
18734	311	21543
3734	75	6543
3734	53	3988
5273	226	14757
20273	414	29757
20273	414	28381
20273	414	23774
20273	414	29235
19428	321	21708
19428	364	17313
4428	20	6708
4428	145	2313
4428	53	523
24508	351	25678
9508	160	10678
27831	284	21440
28724	284	21440
27727	284	21440
13724	205	6440
3562	205	6440
12554	226	6082
27554	414	21082
6082	160	2383
21082	351	17383
3881	226	6082
21320	267	19387
19387	368	21320
4387	151	6320
4387	78	730
4387	61	730
29919	330	21928
18251	414	21928
1894	159	6928
19866	381	21928
18251	364	21928
7930	160	7012
22930	351	22012
22930	271	16260
7930	128	2848
22930	346	17848
17701	414	21567
17701	414	28175
2701	226	6567
17701	414	17796
2701	226	2796
29772	381	24228
14772	48	9228
29629	381	24228
14629	48	9228
1776	48	9228
29509	368	18238
14509	151	3238
3238	225	14509
18238	267	29509
15333	414	21878
333	226	12870
15333	414	27870
333	226	8342
15333	414	23342
1378	33	13577
16378	290	28171
1378	33	13171
16378	290	18757
16378	290	16803
24957	248	28759
9957	41	13759
24957	410	18380
9957	49	5291
9957	49	3380
17114	414	28266
2114	226	13266
17114	414	22227
2114	200	7227
17114	377	22227
25045	414	28384
10045	226	14235
25045	414	29235
25045	414	24903
25045	414	17465
21079	274	22911
14084	194	7911
11287	194	7911
22407	274	22911
7855	194	7911
29658	414	21169
13015	226	6169
28015	414	21169
27757	414	21169
12757	226	6169
620	33	1855
15620	290	23254
620	33	4568
15620	290	19568
15620	290	16803
5210	125	7797
20210	409	22797
20210	414	23803
5210	226	8803
20210	386	17153
12651	145	3457
27651	364	18457
28163	364	18457
29339	364	18457
4627	145	3457
27359	284	17666
27563	284	17666
12563	205	2666
12359	205	2666
6467	205	2666
18371	321	27573
3371	20	9407
18371	321	24407
3371	20	12573
12873	226	10035
27873	414	25035
10035	160	12255
25035	351	27255
9830	226	10035
17689	250	26372
2689	53	11372
2689	106	3320
17689	369	18320
1990	20	385
16990	321	15385
17112	414	18431
17112	284	19004
2112	205	4004
2112	226	3431
17112	259	20849
628	145	3296
628	159	3296
15628	330	18296
15628	364	18296
628	48	10106
1599	4	13059
16599	296	28059
16599	414	21463
16599	259	20849
25232	414	28149
10232	226	13149
25232	296	22460
10232	4	7460
25232	259	20849
15908	296	24501
908	205	4096
15908	414	26666
908	226	11666
15908	411	18612
24865	364	20063
24865	330	20063
24865	414	21874
9865	159	5063
24865	411	21091
28780	414	19056
13780	226	4056
14064	226	4056
4065	226	4056
3339	226	4056
22137	296	27628
7137	4	12628
7137	145	11994
7137	48	10965
22137	364	26994
19330	414	23336
4330	226	8336
19330	414	16850
4330	226	1850
19330	414	20253
19645	364	29109
4645	145	14109
19645	414	24839
4645	145	942
4645	226	9839
22422	414	29359
7422	226	14359
7422	205	2183
22422	284	17183
22422	259	20849
23349	290	28247
8349	33	13247
8349	33	822
8349	139	8350
23349	397	23350
8159	145	8346
23159	364	23346
23159	259	20849
4128	205	3182
4128	226	11215
19128	284	18182
19128	414	26215
19128	259	20849
21239	296	22520
21239	381	17859
21239	284	15946
6239	145	13665
21239	364	28665
24415	351	17383
24415	410	17383
9415	160	2383
9415	49	2383
9415	36	7997
28628	414	16249
12964	226	1249
27964	414	16249
7020	226	1249
2960	226	1249
1626	45	12985
16626	304	27985
16626	336	15599
1626	15	599
1626	226	3442
6397	162	3743
21397	259	18743
6397	241	10228
6397	29	13932
21607	414	21929
6607	226	5547
21607	414	20547
21607	414	21250
6607	226	6929
9079	159	13248
24079	330	28248
24079	381	28248
9079	205	13010
24079	284	28010
26632	303	24482
11632	156	9482
6235	156	9482
2206	156	9482
24482	281	24482
27313	414	24036
5457	226	9036
12313	226	9036
10491	226	9036
8496	226	9036
28945	284	22157
13945	205	7157
20227	284	22157
16977	284	22157
17662	284	22157
16181	351	27533
1181	160	12533
1181	160	2153
16181	271	17153
8333	226	289
23333	414	15710
23333	414	15289
8333	226	710
8333	75	12531
7986	226	6932
16765	414	21932
1765	226	6932
22986	414	21932
25524	414	21932
13220	4	2901
28220	296	17901
29876	296	17901
14876	4	2901
10265	4	2901
8657	159	8656
8656	160	3017
23656	351	18017
23656	407	18017
23657	330	23656
25159	414	27439
10159	226	12439
10159	226	6918
25159	414	15940
10159	226	10538
17413	414	28641
2413	226	13641
17413	414	22850
17413	259	20849
19913	330	28045
4913	159	13045
4913	48	13045
4913	145	13045
19913	259	20849
13843	56	6516
28843	268	21516
6516	223	13843
21516	394	28843
6156	46	2733
6156	41	7000
21156	351	18217
21156	362	17733
21156	248	22000
21492	414	27870
21492	414	29867
6492	226	4911
6492	226	12870
21492	414	19911
13186	225	1780
1780	151	13186
16780	368	28186
28186	267	16780
16780	344	17183
20431	284	27418
20431	414	15382
5431	205	12418
5431	226	382
20431	386	16260
2414	156	12381
17414	303	27381
17414	292	25149
15583	265	25056
12760	226	583
29523	414	15583
14523	226	583
7107	48	583
12850	226	8911
27850	414	23911
28005	414	23911
13005	226	8911
22833	321	23445
14908	20	8445
14104	20	8445
29104	321	23445
8043	20	8445
5986	226	14706
20986	414	29706
20986	259	20849
25300	336	22083
25300	319	18960
10300	62	3960
10300	193	7083
10300	98	3960
12392	151	5333
20333	267	27392
27392	368	20333
5333	225	12392
5333	53	11372
10391	139	1943
10391	160	2383
25391	397	16943
25391	290	17040
25391	351	17383
16406	296	28379
16406	311	24836
1406	4	13379
1406	205	8741
1406	75	9836
27798	304	24341
12798	75	9341
2207	75	9341
8801	75	9341
7768	75	9341
21300	296	18263
6300	159	8528
21300	330	23528
21300	284	19030
21300	381	25106
12407	48	4705
12407	159	4705
27407	414	19705
27407	364	19705
27407	381	19705
10128	205	946
25128	296	23240
25128	411	25557
25128	330	17859
25128	381	17859
27424	414	15732
14234	226	732
27691	414	15732
27824	414	15732
25704	364	15732
17962	248	26933
17962	351	20177
2962	41	11933
753	222	2962
17962	410	20177
21938	414	29337
6938	226	14337
21938	386	20618
6938	75	9232
21938	259	20849
22485	410	17362
22485	248	22974
7485	41	13918
22485	248	28918
7485	41	7974
15878	311	24341
878	75	9341
878	226	8884
15878	414	23884
15878	414	19019
27713	414	19051
12713	226	4051
12613	226	4051
4092	226	4051
508	226	4051
28754	344	17514
19240	344	17514
13754	78	2514
13754	61	2514
4240	189	2514
27713	336	22083
13632	193	7083
7577	193	7083
14155	193	7083
12713	193	7083
6127	226	4987
21127	414	19987
21127	259	20849
19558	362	23274
4558	46	8274
4558	160	2179
4558	126	2179
4558	36	10446
27735	330	17863
12735	159	2863
16573	330	17863
2863	16	2777
1573	159	2863
14415	151	9060
9060	225	14415
29415	368	24060
24060	267	29415
9060	20	94
3001	159	12678
3001	48	12678
18001	296	22520
18001	414	19803
18001	381	27678
7710	208	14547
22710	299	29547
29547	249	22710
22710	369	16260
23968	296	28704
8968	205	5069
23968	330	23546
8968	159	8546
8968	4	13704
20799	364	29420
20799	344	29420
5799	20	14531
20799	321	29531
5799	189	14420
28639	414	20809
13639	226	5809
587	226	5809
10750	226	5809
25750	414	20809
14684	226	7874
29684	414	22874
13005	226	7874
9747	226	7874
28005	414	22874
21621	351	27127
6621	160	12127
4915	226	6621
19589	414	21621
19915	414	21621
28027	414	19894
13027	226	4894
29567	414	19894
1584	226	4894
14567	226	4894
15160	414	29867
15160	414	29587
160	226	14587
15160	311	19722
160	226	13256
23032	258	29015
14015	94	8032
8032	184	14015
29232	364	16576
24597	364	16576
9726	145	1576
21028	364	16576
11092	145	1576
29115	344	20788
27525	344	20788
17964	344	20788
24539	344	20788
9539	61	5788
22899	330	15347
22899	330	21897
7899	159	6897
7899	15	7083
7899	159	347
27726	364	21217
12726	145	6217
28807	364	21217
24596	364	21217
17579	364	21217
28727	381	22378
13727	48	7378
24731	381	22378
9731	48	7378
3999	48	7378
22135	414	28266
7135	226	13266
22135	414	19408
22135	414	19467
7135	226	4408
19601	296	18263
19601	296	23318
19601	364	27490
4601	145	12490
4601	48	12889
5591	160	9027
5591	49	9027
20591	410	24027
20591	351	24027
20591	342	24027
24650	344	26967
9650	20	11712
9650	145	11967
9650	78	11967
9650	48	11967
23752	414	28438
8752	226	13438
23752	414	26921
8752	226	10711
23752	414	25711
19292	344	19259
27215	344	19259
27320	344	19259
28669	344	19259
26220	344	19259
29619	411	18176
14239	169	3176
29239	411	18176
14619	169	3176
9241	169	3176
20576	290	28069
5576	190	13069
20576	351	18389
5576	190	6065
5576	160	3389
14951	125	7618
28739	409	22618
29951	409	22618
2053	125	7618
6022	125	7618
27559	414	18194
12559	226	3194
8647	226	3194
18194	265	25056
680	226	3194
24862	364	28131
24862	344	28131
9862	189	13131
9862	145	13131
5238	107	4274
20238	343	25341
5238	49	10841
20238	410	25841
20238	271	16260
13670	20	8446
13611	20	8446
13352	20	8446
28352	321	23446
28611	321	23446
20390	296	16928
20390	330	29249
5390	159	14249
5390	205	3483
5390	4	1928
27404	414	21865
28213	414	21865
14783	226	6865
13213	226	6865
29289	414	21865
73	53	12862
15073	250	27862
73	156	4157
15073	303	19157
27675	344	17783
20229	344	17783
29578	344	17783
29022	344	17783
14578	48	2783
24948	290	27571
9948	33	12571
9948	33	5923
9948	33	4664
24948	290	19664
17954	414	29598
2954	226	14598
17954	414	26959
2954	226	11959
17954	414	21574
20587	311	29236
20587	296	22802
5587	205	9459
20587	364	24378
5587	145	9378
28627	248	21094
12945	41	6094
27945	248	21094
13627	41	6094
7014	41	6094
23165	411	25070
25256	411	25070
19486	411	25070
14731	169	10070
20000	411	25070
6398	125	11417
6398	205	12598
21398	284	27598
21398	414	25953
21398	381	23121
14804	160	1480
29804	351	16480
20855	351	16480
16480	369	25350
5855	160	1480
5260	226	12046
5260	226	14707
20260	364	27046
20260	414	27046
20260	414	29707
6229	226	14793
21229	414	29793
6229	205	5505
21229	414	26509
6229	226	11509
20796	296	22506
20796	414	21250
5796	226	6250
5796	4	7506
5796	75	13300
21137	411	22026
6137	226	12870
21137	330	22026
6137	226	8117
21137	414	15732
17677	414	28803
17677	414	21456
2677	226	13803
17677	364	23936
17677	330	23936
5545	75	11919
20545	311	26919
20545	259	20849
16811	269	29256
1811	53	13044
16811	250	28044
1811	168	13664
1811	156	4485
27758	284	20853
12758	205	5853
6245	205	5853
23269	284	20853
8269	205	5853
12696	41	8892
27696	248	23892
13637	41	8892
28637	248	23892
7349	41	8892
1963	205	14154
16963	284	29154
1963	226	10559
16963	414	25559
16963	364	23578
21774	336	22083
6774	193	7083
6774	75	7083
6774	154	11390
6774	103	9205
12282	205	4096
27282	284	19096
1071	205	4096
11494	205	4096
2564	205	4096
22213	414	17721
22213	414	19317
22213	414	15732
7213	226	10236
22213	414	29867
13620	20	4490
28620	321	19490
20690	321	19490
6331	20	4490
21331	321	19490
28048	351	15535
21511	410	15535
21511	351	15535
13048	160	535
6511	160	535
12017	156	5668
27017	303	20668
5200	144	5668
20200	303	20668
20200	294	20668
10261	160	8297
28588	410	23297
13588	160	8297
10207	49	8297
21077	410	23297
19916	295	27815
29168	344	19916
21061	402	19916
21061	344	19916
27815	375	19916
14194	56	1469
1469	34	14194
16469	394	29194
29194	326	16469
29194	267	16469
28767	330	22832
28767	414	22832
27891	414	22832
12891	226	7832
17993	364	22832
27793	364	24116
27327	364	24116
12327	145	9116
532	145	9116
8834	145	9116
17659	410	28816
2659	49	13816
2659	16	5099
2659	16	6046
17659	384	20099
15543	296	18263
15543	364	17021
543	4	3263
543	226	10078
543	226	4845
2325	156	13139
17325	303	28139
17325	250	18819
25002	311	17535
25002	364	19424
25002	364	18362
25002	414	28242
10002	205	9123
28159	344	16885
28008	344	16885
22253	344	16885
29912	344	16885
25989	344	16885
16927	344	29886
1927	189	14886
29027	267	16927
14027	225	1927
16927	368	29027
13758	168	1856
28758	269	16856
19675	269	16856
4675	168	1856
1099	168	1856
20777	294	27537
5777	144	12537
5777	156	12537
20777	292	29095
489	205	2183
15489	330	26022
15489	284	17183
489	226	6247
15489	414	21247
16835	364	19323
1835	145	4323
16835	250	19593
16835	259	20849
29930	321	17620
14930	20	2620
11391	20	2620
11528	20	2620
26391	321	17620
29659	321	18920
14659	20	3920
6821	20	3920
13578	20	3920
7383	20	3920
29962	344	24436
26258	344	24436
14962	61	9436
14962	78	9436
11258	78	9436
18476	321	27902
3476	20	12902
3476	20	5411
14539	226	10176
29539	414	25176
4524	226	10176
6435	226	10176
245	226	10176
23861	362	15125
12208	163	8861
8861	46	125
23861	384	17752
23861	384	20099
5317	33	9686
20317	290	28247
20317	290	21164
5317	33	950
5317	33	13247
21379	248	28472
6379	41	13472
21379	384	20099
24302	248	28158
9302	89	13158
9302	41	13158
9302	49	1785
24302	271	25350
28924	290	17920
27753	290	17920
13924	33	2920
1494	33	2920
3356	33	2920
15342	364	18296
342	145	3296
342	226	6291
15342	330	18296
342	226	542
14510	226	5628
27471	414	20628
27942	414	20628
29510	414	20628
12942	226	5628
27311	414	15199
12311	226	199
24462	414	15199
9462	226	199
16218	414	15199
12820	156	7453
27820	303	22453
21305	303	22453
4367	156	7453
6305	156	7453
28659	318	17648
13659	195	2648
13719	195	2648
27848	318	17648
28719	318	17648
20295	311	28300
20295	414	24017
5295	226	9017
5295	226	6323
5295	75	13300
27997	290	17582
12997	33	2582
24780	290	17582
22511	290	17582
9780	33	2582
22595	296	22802
22595	414	21960
7595	4	7802
7595	226	6960
22595	250	20312
16734	414	27957
1734	48	10602
1734	226	12957
1734	159	10602
16734	414	25602
3451	226	9476
1769	226	9476
24476	351	18432
24476	410	18432
24476	271	16260
3336	33	13247
18336	290	28247
18336	271	21501
3336	160	6501
3336	128	3518
29558	351	17684
14558	160	2684
1934	160	2684
4688	160	2684
38	160	2684
16155	284	29154
1155	205	14154
1155	145	4916
16155	364	19916
16155	259	20849
27893	267	23103
23103	368	27893
23103	344	24648
12893	225	8103
8103	61	9648
14616	226	1054
13654	226	1054
14731	226	1054
28938	414	16054
13938	226	1054
13548	75	7823
13444	75	7823
28364	311	22823
27750	311	22823
12750	75	7823
29470	290	22272
13497	190	7272
28497	290	22272
16380	290	22272
14470	33	7272
29565	368	18494
18494	267	29565
14565	151	3494
3494	225	14565
3494	51	301
17527	410	27532
2527	160	12532
17527	351	27532
2527	49	12532
24271	414	29206
9271	226	3057
24271	330	24157
9271	226	14206
24271	414	24287
7555	159	2558
22555	296	26393
7555	145	5659
22555	414	16066
7555	226	1066
10061	33	2920
25061	290	20428
25061	290	15318
10061	33	318
25061	290	17496
21032	414	21477
6032	226	6477
6032	15	4757
21032	336	19757
6032	62	8344
20805	341	19434
5805	222	4434
20805	386	20618
28082	330	18319
14518	159	3319
29518	364	18319
29518	330	18319
28082	381	18319
17045	414	16840
17045	414	23865
17045	284	21150
2045	205	6150
2045	226	1840
24516	351	23297
9516	160	8297
9516	49	1532
24516	410	16532
24516	318	15572
14362	226	1186
29362	414	16186
12489	226	1186
4949	226	1186
27489	414	16186
14736	144	5932
29736	303	20932
29736	294	20932
5932	1	8484
20932	369	18320
23668	414	28979
8668	226	13979
8668	205	13271
8668	226	8206
23668	414	23206
19708	344	17248
4708	189	2248
4708	20	6499
21869	344	18523
21699	344	18523
15842	344	18523
27301	344	18523
15352	344	18523
25332	411	27365
25332	296	26393
10332	169	12365
10332	226	8910
10332	205	338
2851	205	8972
17851	284	23972
17851	414	15181
2851	226	181
17851	259	20849
16996	296	16900
16996	304	22696
1996	159	8578
1996	205	4884
1996	145	8578
22229	414	28803
22229	296	27906
7229	226	13803
7229	75	2401
22229	304	17401
12456	226	5527
27456	414	20527
9100	226	5527
11469	226	5527
26469	414	20527
27873	411	16168
12873	169	1168
22521	411	16168
25793	411	16168
7521	169	1168
308	48	7387
9004	54	7387
8462	226	7387
10709	145	7387
24004	375	22387
22928	344	28879
22928	414	22529
22928	414	28879
22928	364	22529
7928	226	7529
14623	169	2779
29623	411	17779
21955	411	17779
4307	169	2779
15417	411	17779
19047	330	29720
19047	381	29720
4047	48	14720
19047	364	25870
4047	145	10870
22803	290	20923
7803	190	5923
7803	160	6830
22193	296	16258
7193	159	10052
22193	364	25052
7193	145	10052
22193	330	25052
20800	414	21113
5800	226	6113
20800	414	16497
5800	226	1497
20800	259	20849
27752	414	16772
12752	226	1772
7479	226	1772
4569	226	1772
676	226	1772
23745	352	21329
8745	103	6329
8745	24	6329
13097	226	5803
27054	414	20803
27435	414	20803
8178	226	5803
28436	414	20803
24154	311	28300
9154	75	13300
24154	296	23662
9154	4	8662
24154	259	20849
16443	381	27642
1443	205	13104
16443	304	27531
16443	381	21255
16443	414	20617
19961	344	19916
19961	402	19916
4961	20	2344
4961	145	4916
19961	321	17344
3677	105	12321
18677	392	27321
18677	410	20947
3677	49	5947
18677	351	20947
3406	226	12700
18406	414	29048
18406	414	27700
3406	226	3957
3406	226	10874
19915	414	21621
4915	226	10455
4915	145	6052
4915	159	6052
4915	226	5070
10047	125	9161
25047	409	24161
25047	259	20849
29381	381	24068
29381	330	24068
29381	364	24068
14381	48	9068
17162	381	24068
12145	226	2750
27145	414	17750
20979	414	17750
10494	226	2750
11281	226	2750
12268	42	1402
27268	250	16402
15602	297	16402
3405	80	1402
24472	306	16402
18987	364	18960
813	159	3960
15813	330	18960
18987	330	18960
15813	414	18960
6893	125	8072
21893	409	23072
6893	226	1850
21893	259	20849
126	15	8676
15126	336	23676
15126	313	18389
15126	313	18432
15126	386	16260
16057	318	19677
1057	195	4677
1057	41	24
16057	248	15024
16057	271	16260
14234	226	6918
29234	414	21918
8502	226	6918
1554	226	6918
6326	226	6918
12884	20	1237
27884	321	16237
2269	20	1237
22866	321	16237
17269	321	16237
24459	351	25527
20587	284	24459
18855	284	24459
25308	284	24459
7929	205	9459
17220	351	29506
2220	160	14506
22635	414	28381
22635	414	29757
7635	226	2520
22635	414	17520
7635	226	14757
29721	351	15912
14721	160	912
11275	160	912
3277	99	912
912	0	7242
23969	364	27927
8969	145	12927
23969	386	16260
23969	259	20849
10130	125	13394
10130	42	4790
25130	250	19790
25130	409	28394
3228	156	6980
18228	303	21980
18228	386	16260
4503	139	2040
19503	290	22407
4503	190	7407
19503	397	17040
4503	194	7911
15970	302	23913
16921	302	23913
1921	17	8913
17549	302	23913
4519	17	8913
21930	311	27238
6930	75	12238
21930	414	23967
6930	226	8967
21930	259	20849
28211	284	15946
12701	205	946
29579	284	15946
14731	205	946
13860	205	946
21267	414	28252
6267	226	13252
6267	226	10147
21267	414	25147
21267	259	20849
18448	296	27312
18448	330	16081
18448	364	16081
3448	226	1826
18448	414	16826
18722	414	29985
3722	226	14985
18722	414	23659
3722	226	8659
3722	159	5774
21506	414	21929
6506	226	6929
21506	259	20849
19444	296	26473
4444	145	6324
19444	414	21324
4444	48	6324
4444	226	6324
29788	344	17955
23729	344	17955
16915	344	17955
15476	344	17955
17955	321	29221
27410	271	25076
12410	160	10076
12410	49	10076
6796	29	10076
4721	49	10076
15569	414	16635
569	205	6711
15569	284	21711
569	226	1635
15569	414	25385
29631	296	24774
14631	4	9774
12104	4	9774
20288	296	24774
27104	296	24774
25338	296	28704
10338	4	13704
10338	226	798
25338	414	19639
25338	414	15798
15321	381	18633
321	145	14727
15321	296	18772
15321	364	29727
321	205	9618
9949	48	13952
9949	159	13952
24949	381	28952
24949	330	28952
24949	364	28952
20625	304	22823
5625	226	10716
5625	75	7823
20625	414	25716
20625	414	19408
937	41	13698
15937	248	28698
15937	410	25466
937	49	10466
21540	414	15827
6540	226	827
21540	259	20849
29067	267	25349
25349	344	17712
25349	368	29067
14067	225	10349
10349	145	2712
15176	414	23629
20608	414	23629
6880	226	8629
7395	226	8629
3222	226	8629
25322	414	29872
10322	226	14872
10322	145	4497
25322	296	23833
10322	4	8833
17163	284	28975
17163	344	15207
17163	344	28975
2163	61	13975
2163	78	13975
12389	145	3808
27389	364	18808
12796	145	3808
27796	364	18808
15017	364	18808
29149	267	22731
22731	368	29149
7731	151	14149
14149	225	7731
28435	381	15195
13435	48	195
61	48	195
9388	48	195
24388	381	15195
28013	414	23659
14293	226	8659
15775	414	23659
29293	414	23659
22637	414	23659
661	48	5888
661	159	5888
15661	411	20888
15661	381	20888
15661	330	20888
15246	411	18038
246	48	3038
15246	330	18038
246	169	3038
15246	296	18038
12086	4	2996
27086	296	17996
17996	351	16096
3365	4	2996
5622	4	2996
13176	20	7837
15071	321	22837
24879	321	22837
26513	321	22837
9879	20	7837
27936	330	17545
10609	159	2545
3917	159	2545
12936	159	2545
9269	145	2545
1571	226	12447
16571	414	27447
16571	311	27531
1571	159	10965
16571	330	25965
23503	311	29618
8503	75	14618
23503	296	18033
8503	226	4611
8503	145	2565
1630	42	13204
16630	303	15625
16630	250	28204
1630	156	625
28727	414	24825
13844	226	9825
28844	414	24825
4202	226	9825
178	226	9825
25362	414	16282
10362	205	7432
25362	284	22432
10362	226	1282
25362	414	21663
24787	414	27797
24787	414	27815
9787	205	12815
24787	414	27303
24787	414	27754
18532	296	27641
3532	226	7290
3532	226	4252
18532	304	27531
3532	48	7296
19956	330	21897
4956	205	10110
4956	159	6897
19956	414	20070
4956	226	5070
687	139	7620
687	190	10311
15687	397	22620
15687	290	22620
15687	290	25311
12242	160	6872
27242	351	21872
18735	351	21872
18019	410	21872
23506	351	21872
4578	103	12788
19578	379	27788
19578	352	27788
9113	205	14226
24113	284	29226
9113	226	11812
24113	364	17449
24113	414	17449
28016	414	19874
13016	226	4874
4511	226	4874
8303	226	4874
6814	226	4874
7312	145	13995
22312	364	28995
22312	296	28539
7312	159	14721
22312	330	29721
6650	159	3042
6650	145	2830
6650	226	6569
21650	296	16412
21650	381	17830
2085	145	904
17085	296	21226
2085	226	6763
17085	414	21763
17085	364	15904
23772	321	27472
18666	344	23772
19858	344	23772
18070	344	23772
8772	20	12472
23381	411	19936
23381	414	16547
8381	145	1547
8381	226	13124
23381	414	28124
405	46	12664
15405	362	27664
15405	384	20099
14475	48	3512
28717	381	18512
11545	48	3512
26545	381	18512
23893	381	18512
7018	159	14305
22018	330	16993
22018	414	23033
7018	226	3885
7018	159	4821
12799	156	2849
29574	303	17849
27799	303	17849
10944	156	2849
14574	156	2849
23983	248	28918
23983	248	29131
23983	342	19060
8983	16	2752
8983	41	13918
2531	205	5041
17531	296	23662
2531	226	5547
17531	414	20547
17531	411	22344
27039	414	20987
12039	226	5987
9894	226	5987
2109	226	5987
10933	226	5987
7128	154	7275
7128	193	6269
22128	284	22275
22128	336	21269
7128	53	5350
25217	296	26961
25217	414	16361
10217	205	13271
10217	226	1361
25217	284	28271
14307	48	7702
29307	381	22702
22702	351	16265
22119	381	22702
4039	48	7702
17671	414	28353
2671	226	13353
2671	159	8936
2671	205	4030
2671	145	8936
14304	145	1418
5151	145	1418
6814	145	1418
7154	145	1418
9356	145	1418
24935	362	18767
9935	46	3767
24935	384	20099
23099	296	27498
8099	4	12498
23099	381	16144
8099	48	1144
8099	205	9855
19712	414	29645
4712	226	14645
4712	226	12791
19712	414	27791
19712	259	20849
23648	344	27815
23648	284	27303
8648	48	12303
23648	267	16389
8648	225	1389
25031	296	26393
10031	226	1826
25031	381	21357
25031	330	17558
10031	159	2558
6248	49	5947
21248	410	20947
21248	271	23529
21248	384	20099
23118	330	25281
23118	414	15710
8118	226	710
8118	226	289
8118	159	10281
29458	296	16408
14458	4	1408
268	4	1408
23064	296	16408
1893	4	1408
14001	226	2281
29001	414	17281
2652	226	2281
17652	414	17281
22055	414	17281
13416	205	6304
28416	284	21304
21304	271	16260
588	61	6304
15588	402	21304
13421	159	10036
2111	145	10036
29298	330	25036
29298	381	25036
29298	364	25036
28569	344	21071
26214	344	21071
23434	344	21071
13569	78	6071
13569	61	6071
28509	377	18211
16346	377	18211
13509	62	3211
1346	62	3211
8075	45	3211
8869	41	12808
23869	248	27808
23869	351	19060
8869	160	4060
7473	145	11994
22473	364	26994
7473	159	2597
22473	330	17597
22473	259	20849
4924	159	12789
19924	330	27789
19924	296	26393
4924	145	5659
19924	284	19190
23678	351	25685
23678	384	22848
8678	53	7848
8678	160	10685
8678	53	3819
24218	411	28430
24218	296	26822
9218	169	13430
9218	159	362
9218	226	7880
24976	364	28538
9976	145	13538
24976	296	21083
9976	205	3098
24976	296	24774
5397	145	13564
20397	296	28539
20397	311	27531
20397	330	17545
20397	414	21190
28081	414	17933
13081	226	2933
29263	414	17933
3313	226	2933
6630	226	2933
14304	159	6780
3051	48	6780
9166	159	6780
23462	330	21780
23462	414	21780
7927	226	6918
7927	226	5936
22927	414	21918
22927	414	29217
22927	414	20936
6923	226	14757
21923	414	29757
6923	48	359
21923	259	20849
27886	344	24255
24481	344	24255
27207	344	24255
12207	189	9255
12886	78	9255
26918	414	19914
11918	226	4914
16508	414	19914
25220	414	19914
1508	226	4914
29116	378	25233
14116	77	10233
3481	77	10233
5283	77	10233
20040	378	25233
22976	414	17520
22976	414	29757
22976	414	27791
22976	414	22414
7976	226	2520
27284	290	22883
12284	33	7883
9041	33	7883
24041	290	22883
4554	33	7883
20179	344	15730
20179	402	15730
5179	78	730
5179	61	730
5179	145	11134
3267	159	7951
18267	296	28519
3267	4	13519
18267	296	16928
18267	411	28609
29031	284	18439
29031	344	18439
29031	402	18439
14031	189	3439
14031	48	3439
20895	363	23710
5895	157	8710
5895	5	8710
16768	414	27240
16768	414	20750
16768	311	22823
16768	414	22850
16768	414	15762
7133	189	3270
22133	364	18270
22133	344	18270
7133	20	1269
7133	145	3270
22468	296	27498
7468	4	12498
22468	364	25052
22468	330	25052
7468	169	2380
29180	362	24322
14180	46	9322
12704	46	9322
2715	46	9322
6854	46	9322
18733	344	26725
3733	61	11725
3733	78	11725
10049	247	13532
25049	290	28532
10049	160	894
25049	351	15894
24713	368	26183
26183	267	24713
24713	344	24293
9713	61	9293
11183	225	9713
21074	414	21653
6074	226	2672
21074	414	28124
21074	414	17672
6074	226	13124
2277	226	14150
17277	414	29150
17277	414	15420
17277	414	21222
2277	205	9800
29542	381	21321
29542	330	21321
14542	159	6321
9421	159	6321
9421	145	6321
21583	364	28538
6583	145	13538
6583	48	1547
6583	145	12927
6583	4	4971
23164	296	21114
23164	414	26702
8164	226	11702
8164	4	6114
23164	259	20849
27881	411	18038
27881	364	18038
27881	330	18038
9626	48	3038
8054	159	3038
9077	115	4169
24077	343	19169
9077	49	9306
24077	410	24306
9122	48	13550
9122	226	13550
24122	414	28550
24122	330	28550
24122	381	28550
603	4	11822
15603	296	26822
15603	414	17142
2125	168	3147
17125	269	18147
2125	168	10074
17125	269	25074
17125	294	15689
3169	156	888
18169	303	15888
18789	414	29428
3789	226	4453
18789	414	21874
18789	414	21878
3789	226	6874
8246	49	5503
23246	342	20503
23246	410	20503
8246	58	12933
8246	58	14465
17098	414	29587
2098	226	14587
17098	414	15507
17098	414	19911
2098	226	507
14023	225	8085
23085	344	19679
29023	267	23085
8085	151	14023
23085	368	29023
17050	414	29888
2050	226	14888
17050	409	24703
2050	125	9703
2050	193	12437
28752	364	15626
18620	330	15626
28752	330	15626
13752	145	626
18620	364	15626
17612	303	27381
2612	156	12381
2612	75	4485
17612	311	19485
17612	250	17716
21395	330	26994
21395	414	16822
6395	226	1822
6395	159	11994
6395	48	11994
12563	169	6118
27563	411	21118
29635	411	21118
27857	411	21118
22302	411	21118
29972	303	21980
14972	156	6980
19028	303	21980
3228	156	6980
4028	156	6980
22919	344	21693
23043	344	21693
29255	344	21693
27237	344	21693
29104	344	21693
17890	271	29201
2890	160	13312
17890	351	28312
2890	160	14201
2890	190	781
18458	414	27484
3458	226	12484
18458	414	25874
3458	226	10874
18458	284	25008
12223	159	8528
27322	411	23528
27039	330	23528
28525	330	23528
28525	364	23528
3171	20	3495
18171	321	18495
10328	20	3495
25328	321	18495
6507	205	8251
21507	414	21025
21507	411	22344
6507	226	6025
21507	284	23251
13392	226	8991
28392	414	23991
3696	226	8991
10483	226	8991
10270	226	8991
25279	296	19628
10279	226	13256
25279	414	28256
25279	364	19628
25279	381	19628
8130	51	1296
23130	330	23681
8130	159	8681
23130	416	16296
2364	41	4468
2364	41	1459
17364	248	19468
17364	248	16459
17020	414	21663
2020	226	6663
21663	351	23798
4992	226	6663
19992	414	21663
21252	250	18004
6252	98	5911
6252	15	11521
21252	319	20911
21252	336	26521
16607	284	21440
1607	205	6440
16607	259	20849
28251	293	15656
26041	293	15656
25642	293	15656
13251	172	656
7653	172	656
23815	344	20326
8815	20	4944
8815	145	5326
8815	189	5326
23815	321	19944
16731	319	27340
1731	193	11521
1731	98	12340
16731	336	26521
1731	29	3320
24382	414	29195
9382	226	14195
24382	284	19884
24382	414	25559
9382	205	4884
12141	49	3217
12141	160	3217
27141	342	18217
27141	410	18217
27141	351	18217
17212	303	16515
2212	42	6076
17212	250	21076
2212	156	1515
25265	296	17901
25265	414	18439
10265	226	3439
10265	205	3439
25265	284	18439
18235	296	15718
18235	364	19424
18235	364	18362
3235	205	9123
3235	145	4424
24488	368	29108
26867	368	24488
9488	159	1157
9488	151	14108
24488	330	16157
16961	414	29323
16961	414	20936
16961	414	24222
16961	284	27555
1961	226	4671
28435	364	15688
13435	145	688
15688	410	24008
19633	364	15688
18100	364	15688
23625	250	18124
23625	250	19753
8625	53	3124
8625	53	4753
23625	292	25149
27516	414	17721
12516	226	2721
24145	414	17721
7213	226	2721
8271	226	2721
28294	414	20443
13294	226	5443
10006	226	5443
20443	271	16260
16937	414	20443
2128	156	3353
17128	303	18353
2128	144	3353
2128	53	3988
17128	250	18988
13675	20	3129
20194	344	18129
20194	321	18129
21598	321	18129
5194	78	3129
25433	414	22886
10433	226	7886
25433	259	20849
8039	53	13332
8039	44	2
23039	250	28332
23039	357	15002
8039	168	14072
25426	259	16624
10426	23	1624
17592	259	16624
9102	23	1624
2592	23	1624
29746	296	25154
14836	4	10154
8325	4	10154
14746	4	10154
29836	296	25154
19057	414	19317
4057	226	4317
19057	414	19019
4057	226	4019
19057	414	23820
25374	414	24358
25374	414	15089
25374	414	18903
25374	330	20774
10374	226	3903
15914	308	29110
15914	308	16296
15914	308	27347
14108	51	914
12787	51	914
21614	290	28161
6614	33	5284
6614	33	13161
21614	290	20284
19807	265	24461
3167	226	4807
23229	414	19807
21850	414	19807
5619	226	4807
28856	250	20973
29751	250	20973
24663	250	20973
15226	250	20973
17211	250	20973
10739	226	4719
25739	414	19719
11698	226	4719
3266	226	4719
26698	414	19719
5178	205	2144
25380	284	17144
1603	205	2144
16603	284	17144
20178	284	17144
12653	145	5907
28636	330	20907
28636	364	20907
28636	414	20907
14592	145	5907
18917	296	21053
3917	159	2545
18917	330	17545
18917	414	19840
3917	226	4840
19530	414	27957
4530	125	11417
4530	48	12718
4530	226	12957
19530	381	27718
21628	414	29048
6628	226	10039
6628	145	12694
6628	205	9379
21628	364	27694
20091	296	23703
5091	226	10039
20091	414	25039
5091	4	8703
20091	386	16260
22915	411	27414
22915	381	27414
22915	330	27414
7915	226	11204
7915	159	12414
13783	226	8033
28783	414	23033
2474	226	8033
25285	394	23033
496	226	8033
12091	57	202
15202	368	27091
202	52	12091
27091	267	15202
20095	344	24648
23103	344	24648
24346	344	24648
27893	344	24648
16472	344	24648
7259	205	6556
22259	414	17442
22259	284	21556
22259	414	15031
7259	226	2442
14690	226	4750
728	226	4750
14335	226	4750
27968	414	19750
6782	226	4750
17005	414	15814
17005	414	29034
2005	226	14034
17005	414	16282
2005	226	1282
13818	226	8865
28818	414	23865
2045	226	8865
1320	226	8865
8836	226	8865
29224	368	18361
18361	368	19782
18361	267	29224
14224	151	3361
19782	267	18361
27817	330	25267
28541	330	25267
29366	330	25267
14366	159	10267
13167	145	10267
17307	248	17833
2307	41	2833
2307	36	7997
17307	384	20099
54	53	10982
15054	269	25710
54	168	10710
15054	250	25982
25830	414	24317
14604	226	9317
3831	226	9317
10830	226	9317
8992	226	9317
2017	226	12447
17017	364	27075
17017	414	27447
2017	145	12075
2017	145	11326
13213	169	3612
28213	411	18612
15908	411	18612
19778	411	18612
23925	411	18612
7636	184	3747
3747	94	7636
3747	29	843
22636	258	18747
18747	369	23624
10409	190	9544
10409	33	9589
25409	290	24589
10409	33	3757
25409	290	19568
23089	368	27018
27018	267	23089
23089	344	22770
8089	151	12018
12018	225	8089
12510	46	1667
27510	362	16667
15464	362	16667
9309	46	1667
11418	46	1667
29355	250	16499
14355	53	1499
23199	250	16499
24757	250	16499
9757	53	1499
27003	414	20517
28683	414	20517
14491	226	5517
11389	226	5517
13683	226	5517
17661	321	29221
2661	20	14221
2661	20	10627
17661	321	25627
2661	53	11372
1393	48	14011
16393	381	29011
16393	296	17349
16393	381	20969
1393	48	5969
3011	16	2042
18011	384	17042
18011	351	17330
3011	160	2330
20725	311	29378
5725	75	14378
5725	205	7276
5725	226	4510
20725	414	19510
5606	226	7491
22491	271	21501
6732	226	7491
5717	226	7491
20606	414	22491
4407	226	9189
4407	145	9002
19407	284	18640
4407	205	3640
19407	414	24189
13427	42	3835
28427	250	18835
24190	250	18835
9190	42	3835
13458	42	3835
17593	290	19635
2593	33	4635
26297	290	19635
24351	290	19635
25938	290	19635
24370	284	20886
9370	156	9938
24370	303	24938
9370	154	5886
24370	292	25149
29670	321	22329
185	20	7329
15185	321	22329
14670	20	7329
8218	20	7329
29067	344	17712
25349	344	17712
23541	344	17712
27763	344	17712
2712	181	4506
5481	226	13242
20481	296	16900
20481	414	28242
5481	159	8578
20481	330	23578
23617	351	16339
8617	49	1339
8617	160	1339
23617	410	16339
537	204	1339
25715	414	24708
10715	226	9708
5205	226	9708
20205	414	24708
8270	226	9708
29782	414	22186
14782	226	7186
25403	402	22186
4991	226	7186
19991	414	22186
15775	414	18903
15775	414	23659
15775	414	29985
15775	414	19045
775	226	8659
28919	381	18765
28919	414	18765
28919	330	18765
13919	48	3765
13919	159	3765
16321	414	29034
1321	226	9358
1321	226	14034
16321	414	24358
16321	414	16497
21069	344	28047
6069	61	13047
6069	78	13047
18790	267	28358
3790	225	13358
28358	368	18790
13358	151	3790
29406	414	19125
13253	226	4125
28253	414	19125
28898	381	19125
19991	414	19125
21994	250	28574
6994	53	13574
6994	15	8676
21994	336	23676
21994	386	16260
20039	414	21447
20039	330	21637
20039	414	19611
5039	226	4611
5039	159	6637
23452	381	29720
23452	296	15191
8452	48	14720
23452	414	16075
23452	381	25965
15368	414	29790
368	226	14790
15368	414	21259
368	53	2875
368	226	2087
18780	296	28928
18780	414	21638
3780	205	13104
18780	414	20617
18780	311	28300
19511	311	24485
19511	414	23687
4511	75	9485
4511	226	4874
19511	414	21629
7403	145	13564
22403	414	27156
22403	414	24715
7403	226	12156
7403	226	9715
14936	226	6456
29936	414	21456
14656	226	6456
29656	414	21456
5316	226	6456
23020	284	27631
8020	226	12480
23020	414	27480
23020	414	15165
8020	205	12631
28365	414	15649
28365	330	15649
28365	381	15649
28365	364	15649
13365	159	649
4042	48	8791
19042	381	23791
19042	364	23791
4042	159	8791
4042	226	8791
28486	303	21033
29433	303	21033
29319	303	21033
13486	156	6033
14433	156	6033
13974	33	3757
27239	290	18757
8961	33	3757
10784	33	3757
13457	33	3757
1498	56	14371
16498	268	29371
1498	41	2385
29371	394	16498
16498	248	17385
2287	145	12655
2287	205	11129
17287	296	17632
2287	159	10267
17287	364	27655
27501	344	18998
24590	344	18998
25765	344	18998
26044	344	18998
12501	78	3998
12244	225	7484
7484	151	12244
22484	368	27244
27244	267	22484
2473	205	4030
2473	226	6244
17473	296	26416
17473	414	26378
17473	414	21244
14565	51	301
3494	51	301
18494	416	15301
29565	416	15301
21057	416	15301
23787	351	28678
8787	160	13678
8787	99	13678
8787	99	14738
8787	49	14738
5606	226	14636
20606	414	29636
5606	226	8247
20606	414	23247
20606	414	22491
7149	33	6279
22149	290	21279
7149	128	3518
22149	346	18518
14827	159	7951
29827	330	22951
18267	330	22951
17515	414	22951
19108	330	22951
4344	226	11215
19344	414	17442
19344	414	26215
4344	226	2442
19344	414	19557
27743	330	17969
27743	296	17969
20111	330	17969
12743	159	2969
16067	330	17969
28972	414	21811
13972	226	6811
1203	226	6811
14080	226	6811
29080	414	21811
27057	351	21602
12057	160	6602
6602	71	6602
561	49	6602
6602	71	6602
14453	156	1500
5515	34	1500
7474	156	1500
29453	303	16500
14588	156	1500
27482	414	16151
12482	226	1151
319	226	1151
589	226	1151
8146	226	1151
21196	296	17595
21196	311	28300
21196	304	28300
6196	75	13300
21196	414	21337
16085	414	15041
1085	29	5618
1085	226	41
16085	386	20618
1085	75	9232
15980	294	21660
15980	303	21660
19756	294	21660
23249	294	21660
18330	294	21660
20405	414	20253
20405	414	29244
20405	364	21928
20405	330	21928
5405	226	14217
13004	226	7097
28004	414	22097
4698	226	7097
5622	226	7097
10192	226	7097
29257	296	24861
14257	4	9861
4575	4	9861
19842	296	24861
4842	4	9861
2841	48	13217
17841	381	28217
17841	381	27718
17841	330	27718
2841	145	13665
28054	267	20144
20144	344	29193
20144	368	28054
13054	225	5144
5144	151	13054
12186	225	3103
18103	368	27186
18103	344	20931
27186	267	18103
3103	189	5931
28166	364	19253
13935	145	4253
9345	145	4253
14786	145	4253
29786	364	19253
1089	159	10250
16089	364	15550
1089	48	10250
1089	205	6150
16089	381	25250
19152	414	18897
4152	226	3897
6623	226	3897
18897	271	16260
18995	414	18897
4440	51	5874
13820	51	5874
19440	416	20874
28820	416	20874
5410	51	5874
24147	414	21822
24147	296	22373
9147	226	9260
24147	414	24260
9147	226	6822
24593	248	18190
9593	41	3190
9593	196	1701
1701	34	9593
24593	271	16260
29174	414	24092
8231	226	9092
1791	226	9092
8935	226	9092
6021	226	9092
29739	294	15689
14571	144	689
14875	144	689
24390	294	15689
25117	303	15689
3599	75	244
18599	311	15244
18599	304	15244
18599	386	19105
18599	259	20849
22372	414	29428
7372	226	8884
22372	414	23884
22372	414	23820
7372	226	14428
20739	296	15718
20739	311	17535
20739	284	24123
20739	330	27694
5739	205	9123
23417	344	28549
8417	20	2773
23417	344	28975
8417	20	4088
8417	61	13975
22499	414	29306
22499	296	29325
7499	226	14306
22499	284	18182
7499	4	14325
28032	321	23524
7881	20	8524
13032	20	8524
21975	321	23524
25839	321	23524
27646	414	20253
12019	226	5253
29013	414	20253
26693	414	20253
6632	226	5253
16612	409	24703
22280	409	24703
25597	409	24703
23061	409	24703
18860	409	24703
18481	369	20646
18481	352	21051
3481	71	5646
3481	77	10233
3481	29	5646
9313	226	3271
24313	296	16928
24313	414	18271
24313	414	17709
9313	4	1928
27895	284	22432
12895	205	7432
22432	410	26884
10795	205	7432
3184	205	7432
12688	226	6048
29866	414	21048
27688	414	21048
14304	226	6048
13306	226	6048
17208	414	15470
17208	296	19165
2208	145	12927
17208	364	27927
2208	226	470
21604	414	20835
6604	226	12240
6604	226	5835
21604	414	27240
15254	362	23851
254	46	8851
15254	384	20099
28142	344	18763
13142	189	3763
13142	145	3763
15740	344	18763
2418	226	3763
13117	42	3819
12799	42	3819
24080	250	18819
28427	250	18819
17325	250	18819
24046	330	27924
9046	226	7136
24046	414	22136
9046	159	12924
24046	259	20849
2791	48	7050
2791	145	14727
17791	377	29727
2791	226	8430
17791	414	23430
5484	29	14120
20484	293	29120
29979	362	23274
14979	46	8274
10539	46	8274
5593	46	8274
8110	46	8274
25102	330	21715
10102	159	6715
25102	414	20559
10102	226	5559
25102	259	20849
17707	410	28177
2707	49	13177
29179	414	17707
12495	226	2707
4680	226	2707
1978	226	4288
16978	311	24836
1978	75	9836
16978	414	19288
16978	414	26604
9299	33	13386
9299	33	11639
24299	290	28386
9299	33	2582
9299	33	13161
16064	284	28976
1064	226	6667
1064	205	13976
16064	414	21190
16064	414	21667
15044	368	20424
20424	344	27511
20424	267	15044
20424	344	28549
5424	78	12511
29644	414	21477
11066	226	6477
14644	226	6477
26066	414	21477
21032	414	21477
8674	226	5527
8674	226	8477
23674	414	20527
8674	15	7083
23674	336	22083
5104	33	2421
5104	139	2421
20104	290	17421
20104	397	17421
5104	128	3518
21534	330	22832
21534	414	22832
6534	159	7832
6534	145	7832
6534	226	7832
18397	344	27754
18397	402	27754
20120	267	18397
18397	368	20120
3397	151	5120
28397	411	19139
13397	169	4139
25491	411	19139
12990	169	4139
9065	169	4139
12878	226	6214
13604	226	6214
29853	414	21214
28604	414	21214
4986	226	6214
27440	344	15207
17039	344	15207
27944	344	15207
12944	189	207
12440	61	207
19789	296	28928
19789	414	28633
19789	364	28633
4789	145	13633
4789	226	13633
20377	296	27144
5377	226	12139
20377	330	26810
5377	226	8464
20377	364	26810
12448	145	7734
27448	364	22734
22734	351	18381
7734	160	3381
7734	16	4129
18867	414	17351
3867	226	2351
3867	226	9839
18867	414	24839
18867	259	20849
14380	20	4976
16912	321	19976
2073	20	4976
29380	321	19976
17073	321	19976
5134	159	898
18337	330	15898
18424	330	15898
25337	330	15898
13790	159	898
5388	156	12549
20388	303	27549
20388	386	16260
16211	304	27531
1211	205	9806
1211	75	12531
16211	284	24806
16211	259	20849
20607	321	16746
14488	20	1746
29488	321	16746
5607	20	1746
1746	53	11372
23340	414	17605
8340	226	2605
23340	414	18275
23340	414	21351
8340	226	3275
9840	226	4498
24840	414	26187
24840	296	22460
9840	226	11187
24840	414	18378
25324	414	27932
25324	414	28395
10324	226	12932
10324	226	13395
25324	414	21216
27143	296	22868
12143	4	7868
22868	271	16260
10754	4	7868
22868	312	20372
6141	139	10509
21141	397	25509
21141	351	17383
6141	160	2383
21141	290	25509
17278	414	17187
17278	284	17187
2278	205	2187
17278	414	19844
2278	226	2187
9090	205	13725
24090	284	28725
24090	364	23839
9090	145	8839
24090	414	22064
27658	344	22260
26241	344	22260
22247	344	22260
13602	189	7260
24694	344	22260
29770	414	23608
14770	226	8608
4625	226	8608
3463	226	8608
1573	226	8608
717	226	8342
15717	414	23884
15717	414	23342
717	48	11430
717	226	8884
14922	20	5918
14650	20	5918
14178	20	5918
14596	20	5918
29596	321	20918
19117	267	29499
29499	368	19117
14499	151	4117
4117	225	14499
4117	98	5911
29903	364	16696
29903	330	16696
14903	159	1696
14903	145	1696
15462	330	16696
16062	341	24013
1062	222	9013
16280	341	24013
20347	341	24013
26984	341	24013
29013	414	19703
27512	414	19703
14013	226	4703
17207	414	19703
12512	226	4703
9100	226	6448
23794	414	21448
804	226	6448
8658	226	6448
20754	414	21448
22830	318	24838
7830	195	9838
14916	20	385
16990	321	15385
14007	20	385
23275	321	15385
17129	321	15385
15959	351	23512
959	160	8512
959	190	11482
15959	290	26482
959	128	1460
154	226	7880
15154	414	22880
10093	226	7880
8937	226	7880
2408	226	7880
17029	284	27631
2029	205	12631
17029	414	19807
2029	226	4807
17029	414	24317
28594	414	21126
13594	226	6126
7271	226	6126
6281	226	6126
9608	226	6126
15564	369	15843
15564	379	19211
10171	145	564
564	103	843
10171	75	564
15216	414	25315
216	145	6902
15216	414	15827
216	226	9287
15216	414	24287
27577	381	19168
28957	330	19168
20082	364	19168
27577	330	19168
28203	330	19168
15052	304	27531
52	226	6694
15052	414	21694
52	75	12531
15052	414	24704
10038	125	11417
25038	296	20299
25038	381	19953
25038	364	27678
25038	284	18053
238	226	13850
15238	414	26059
15238	414	28850
238	226	11059
15238	364	18766
428	205	4884
15428	414	23021
428	226	8021
15428	414	23865
15428	284	19884
3695	145	14425
18695	411	29425
18695	414	29425
18695	330	29425
3695	159	14425
7884	20	14221
22884	321	29221
15568	414	27139
568	226	12139
15568	364	23184
568	145	8184
15568	323	15843
21124	414	16793
21124	414	25588
6124	226	10588
21124	414	21322
6124	226	1793
13061	226	1675
28061	414	16675
3248	226	1675
16762	414	16675
26966	414	16675
19268	267	28014
28014	368	19268
4268	61	556
19268	344	15556
13014	151	4268
27822	411	17076
12822	169	2076
29299	411	17076
14299	169	2076
25161	411	17076
23053	296	20702
8053	4	5702
23053	414	22958
8053	226	7958
8053	75	9836
19277	414	24121
19277	414	23117
4277	226	9121
4277	226	8117
19277	259	20849
16382	296	27520
1382	4	12520
16382	411	20154
16382	414	17536
1382	205	5041
676	145	6063
4126	145	6063
9032	145	6063
2658	145	6063
24032	364	21063
24849	296	28928
24849	364	29721
24849	377	29721
9849	145	14721
9849	48	9849
16009	344	27923
27411	368	16009
16009	267	27411
12411	151	1009
1009	145	12923
28060	411	24662
13060	169	9662
18463	411	24662
3337	169	9662
10452	169	9662
29831	248	23319
14113	41	8319
15555	248	23319
15644	248	23319
14831	127	8319
3241	226	8886
18241	414	23886
3241	226	10315
18241	414	22066
18241	414	25315
22233	414	27791
7233	226	12791
22233	284	17335
7233	205	2335
22233	259	20849
17485	267	16521
16521	303	21033
16521	368	17485
1521	156	6033
16521	341	20256
21406	296	25154
6406	226	10176
21406	414	25176
6406	4	10154
6406	75	9216
25007	414	26211
10007	226	11211
25007	259	20849
17673	414	17613
2673	226	2613
2673	226	2673
2673	226	2673
12078	226	3956
27078	414	18956
18956	410	19865
19150	414	18956
17186	414	18956
61	48	195
61	226	5907
15061	381	15195
15061	330	15195
15061	414	20907
7806	49	7361
7806	160	7361
22806	351	22361
22806	410	22361
22806	271	16260
7412	42	5350
22412	250	20350
7412	222	3300
7412	29	1260
22412	341	18300
29829	344	23698
15409	344	23698
18023	344	23698
14829	189	8698
8932	113	8698
29664	414	24410
29664	330	24410
29462	330	24410
14664	226	9410
14664	159	9410
15149	296	27498
15149	330	17632
149	145	1092
15149	414	16092
149	205	11030
6698	226	14867
21698	364	29867
21698	414	29867
6698	226	12870
21698	414	27870
14248	145	4234
29248	364	19234
26718	414	19234
11718	226	4234
28938	284	21150
12291	205	6150
13938	205	6150
10118	205	6150
6817	205	6150
2084	75	9211
5162	75	9211
24211	369	16260
9211	212	1260
24211	352	18432
29528	414	22814
28297	414	22814
14528	226	7814
13297	226	7814
16479	414	22814
2900	33	7236
2900	33	11982
17900	290	19847
2900	33	4847
17900	290	28386
23535	296	27746
8535	205	8251
8535	4	12746
23535	284	23251
23535	364	22222
28691	287	22641
7641	70	13691
7641	43	13691
28691	400	22641
13526	226	4863
28526	414	19863
153	226	4863
15153	414	19863
18152	414	19863
24311	414	29587
24311	414	15507
24311	414	15732
9311	226	507
9311	226	732
21646	362	28529
21646	410	29900
6646	46	13529
6646	49	14900
6646	41	13918
13713	46	2733
28713	362	17733
859	46	2733
412	46	2733
2405	46	2733
29873	414	19019
14463	226	4019
27876	414	19019
14873	226	4019
12876	226	4019
28823	410	24920
3333	11	9920
21068	410	24920
21068	351	24920
13823	49	9920
20107	296	15255
5107	4	255
5107	75	9836
20107	304	24836
20107	250	20312
9340	205	1286
24340	284	16286
24340	414	19611
9340	226	4611
24340	414	15999
26894	264	16265
11894	106	1265
22702	351	16265
24588	410	16265
21936	351	16265
7839	145	13914
7839	48	13914
7839	75	13300
22839	414	28914
22839	304	24409
6424	48	7050
6424	145	14727
6424	226	12165
6424	226	8414
21424	381	27889
23410	368	28931
13931	225	8410
8410	20	14162
23410	344	20054
28931	267	23410
15018	311	28300
15018	377	25285
15018	381	23282
15018	330	23282
18	48	8282
3915	144	12744
18915	294	27744
3915	156	11590
18915	303	26590
18915	311	18353
6257	226	12139
21257	414	28850
21257	414	27139
21257	414	27121
6257	226	13850
16578	344	28629
16578	344	16830
16578	344	29420
1578	61	13629
1578	78	1830
12559	145	7548
28037	364	22548
25188	364	22548
23063	364	22548
27953	364	22548
22659	414	29367
7659	226	13736
22659	364	28736
7659	226	8522
22659	330	20339
28337	303	15888
13337	156	888
12195	156	888
18169	303	15888
1519	156	888
19048	414	29757
4048	226	14757
19048	414	29235
4048	226	14235
19048	259	20849
23216	284	28722
8216	205	13722
23216	414	16709
8216	226	3108
23216	414	18108
7826	33	9686
7826	139	340
7826	33	6947
22826	290	15340
7826	33	950
4166	240	14497
19166	280	29497
20030	330	17170
20030	284	17170
5030	159	2170
5030	226	2170
20030	414	17170
27311	284	17139
12311	205	2139
1160	205	2139
3109	205	2139
5090	205	2139
9350	53	12734
24350	250	27734
6197	48	5012
6197	145	5012
21197	296	18864
21197	414	20012
6197	159	6897
1967	156	2483
16967	303	17483
1967	42	5350
19689	248	21140
4689	89	6140
19689	343	25341
6756	53	4753
21756	250	19753
21756	303	16692
6756	156	1692
13812	159	10473
28812	414	25473
21	48	10473
21	145	10473
29374	414	25473
17795	248	29777
2795	41	14777
17795	351	17362
17795	342	19060
2795	115	10341
28837	414	24730
28098	414	24730
13837	226	9730
13938	226	9730
28938	414	24730
14045	20	9745
29045	321	24745
18949	321	24745
3949	20	9745
18728	321	24745
20637	414	21259
20637	414	28631
5637	226	13631
5637	48	8389
20637	381	23389
9559	151	12271
12271	225	9559
24559	368	27271
27271	267	24559
14774	200	3885
12565	226	3885
27565	414	18885
27278	414	18885
2474	226	3885
22299	364	23098
22299	381	23098
22299	414	23098
22299	330	23098
7299	145	8098
20320	351	27402
5320	160	12402
5320	41	495
20320	362	26137
5320	46	11137
16810	330	29249
1810	159	14249
1810	48	9523
16810	259	20849
21043	414	20494
6043	226	2707
21043	296	26393
6043	226	5494
21043	414	17707
29785	411	25450
29785	381	25450
29785	330	25450
14785	159	10450
19255	330	25450
1938	190	14207
16938	290	29207
27039	381	24718
27104	381	24718
23860	381	24718
12104	48	9718
22994	381	24718
24640	290	18551
24640	290	15340
9640	139	3551
9640	33	3551
24640	397	18551
17771	296	28968
17771	414	29229
17771	304	27531
2771	226	14229
2771	48	4116
28792	381	22456
28792	330	22456
27506	381	22456
27506	330	22456
13345	48	7456
25375	414	24399
25375	414	22034
25375	330	22923
10375	226	7034
10375	48	7923
25093	414	26164
25093	414	22880
10093	226	11164
10093	226	7880
25093	250	19593
28524	381	21978
28524	411	21978
28524	330	21978
13524	159	6978
13524	169	6978
10191	226	12083
25191	414	27083
25191	311	27531
25191	304	27531
10191	226	10682
24289	296	27026
9289	206	12026
9289	29	1260
9289	193	7083
9289	53	5268
3955	115	6788
986	107	3955
7096	107	3955
6665	107	3955
11282	107	3955
29637	414	23284
9837	226	8284
14637	226	8284
10881	226	8284
5669	226	8284
12343	160	8523
14417	160	8523
2424	160	8523
29417	351	23523
27343	351	23523
14832	226	470
29832	414	15470
462	226	470
17208	414	15470
15462	414	15470
29446	414	19911
28908	414	19911
13908	226	4911
14446	226	4911
2098	226	4911
29735	414	16792
3027	226	1792
1903	226	1792
13078	226	1792
28078	414	16792
7500	205	1065
22500	296	16258
22500	330	25448
7500	159	10448
22500	284	16065
28542	303	17756
28820	303	17756
13542	156	2756
373	156	2756
13820	156	2756
20120	267	18397
20120	344	27754
20120	402	27754
18397	368	20120
5120	20	2344
669	159	12050
15669	414	27050
15669	296	23077
15669	330	27050
669	145	9304
22681	330	23936
22681	414	15542
7681	48	12889
7681	205	5041
22681	381	27889
24958	368	17372
24958	402	19135
17372	267	24958
24958	344	19135
2372	225	9958
16541	410	29512
1541	49	14512
16541	343	19169
1541	115	4169
28184	414	20121
13184	226	5121
3729	226	5121
9129	226	5121
1825	226	5121
15193	269	29940
193	168	14940
193	53	11401
15193	250	26401
27330	414	21702
9696	226	6702
1336	226	6702
4176	226	6702
28272	414	21702
15682	336	19757
682	98	9212
15682	319	24212
682	15	4757
15682	250	19593
25198	311	27531
10198	226	2074
25198	330	23856
10198	75	12531
25198	414	17074
29647	330	19766
14647	159	4766
5689	226	4766
23877	414	19766
20689	414	19766
2562	226	8247
17562	414	23247
20820	414	29534
5820	75	13300
20820	311	28300
20820	304	28300
20820	296	20702
17926	296	18864
2926	4	3864
2926	75	12531
17926	259	20849
4849	169	14803
19849	411	29803
19849	386	16260
19849	259	20849
28122	284	17855
29257	284	17855
27028	284	17855
29839	284	17855
13122	205	2855
23825	364	26326
8825	226	7875
8825	145	11326
23825	414	22875
23825	259	20849
16024	312	19274
1024	107	4274
13193	75	2401
28193	311	17401
27143	311	17401
9675	75	2401
12143	75	2401
12273	225	9549
27273	267	24549
9549	151	12273
24549	368	27273
9549	53	3622
5382	53	13347
20382	250	28347
20382	303	24001
5382	156	9001
28239	414	18409
13239	226	3409
15868	414	18409
2293	226	3409
18409	271	20618
7108	16	5099
22108	362	17733
22108	279	18482
7108	41	7000
22108	248	22000
27294	410	20738
12294	49	5738
72	79	5738
4512	106	5738
15072	293	20738
13116	41	3723
24010	248	18723
12877	41	3723
27877	248	18723
28116	248	18723
2542	226	14150
17542	414	27157
17542	296	15925
2542	226	12157
17542	414	29150
3255	226	2672
18255	296	16504
18255	414	17672
18255	296	28519
18255	414	25803
6986	226	542
21986	414	15542
6986	145	4665
21986	364	19665
6986	226	662
28417	414	18271
12766	226	3271
27766	414	18271
9313	226	3271
10397	226	3271
20523	344	22493
5523	189	7493
8898	226	7493
3456	226	7493
23898	414	22493
21632	414	20253
21632	414	16186
6632	226	8884
21632	414	23884
6632	226	1186
23219	248	29153
8219	41	14153
8219	123	4811
23219	384	20099
13534	226	6950
28534	414	21950
11010	226	6950
11620	226	6950
21950	351	25527
21728	311	28300
6728	75	13300
6728	226	5747
21728	414	20747
21728	259	20849
21251	381	20893
809	48	5893
8341	48	5893
6251	48	5893
26067	414	20893
19669	351	25657
10873	226	4669
4669	160	10657
25873	414	19669
19669	271	20618
14380	225	2073
2073	151	14380
29380	267	17073
17073	368	29380
17073	321	19976
15704	414	16304
6898	226	1304
21538	414	16304
21898	414	16304
5783	226	1304
27936	296	22506
29832	296	22506
14832	4	7506
22506	271	16260
10119	4	7506
23215	296	17095
8215	4	2095
23215	259	20849
25489	402	18439
25489	344	18439
10489	48	3439
10489	61	3439
10489	145	3439
3080	226	757
2986	226	757
15757	340	25221
5003	226	757
25221	340	15757
18869	304	29652
18869	414	28621
18869	414	26302
3869	226	11302
18869	414	22023
2579	145	6217
17579	364	21217
17579	414	20070
17579	259	20849
7515	205	13275
22515	414	28302
7515	159	4824
22515	284	28275
22515	364	19824
29898	411	19727
14124	169	4727
14898	169	4727
4769	169	4727
19727	351	21039
13643	151	4687
4687	225	13643
19687	267	28643
28643	368	19687
4687	20	1269
5540	189	14530
20540	344	29530
5540	145	1104
20540	364	16104
5540	145	4506
23354	250	21136
8354	144	4157
23354	294	19157
8354	53	6136
8354	168	6325
20338	364	19224
20338	414	27544
20338	330	27544
5338	48	12544
5338	145	12544
24359	284	28536
9359	205	13536
24359	414	24555
9359	226	9555
24359	259	20849
19112	368	27029
27029	267	19112
19112	344	21957
12029	225	4112
4112	151	12029
24401	414	19671
24401	414	19557
9401	226	4557
9401	226	4671
24401	259	20849
13167	226	8414
28167	414	23414
23414	410	19865
10960	226	8414
4066	226	8414
918	20	13134
15918	321	28134
918	53	2865
15918	344	27245
15918	344	18902
4831	159	994
19831	381	15994
19831	330	15994
19831	411	19139
4831	169	4139
8255	145	2999
8255	226	11187
23255	296	17632
8255	48	11349
8255	159	1547
28646	296	15255
13646	4	255
5107	4	255
20107	296	15255
16968	311	22083
1968	205	13271
16968	284	28271
1968	75	7083
16982	290	18674
1982	33	3674
16982	290	17496
1982	33	2496
28636	414	22682
12563	226	7682
28265	414	22682
9608	226	7682
13428	226	7682
19951	351	25364
4951	160	10364
4951	128	2848
19951	346	17848
7800	145	12927
22800	364	27927
22800	304	16946
22800	386	16260
22800	259	20849
20159	351	28073
5159	160	13073
5159	33	12514
20159	290	27514
5159	139	6198
28167	296	18772
14658	4	3772
29658	296	18772
13167	4	3772
10253	4	3772
25025	267	27774
27774	368	25025
25025	344	19898
12774	151	10025
10025	225	12774
13423	172	5691
28423	293	20691
20691	322	28423
12749	159	1431
27505	330	16431
27505	381	16431
12505	159	1431
11193	159	1431
20622	311	22696
5622	226	7097
20622	296	17996
5622	75	7696
20622	414	24839
27635	374	16510
1510	119	12635
12635	58	1510
1510	160	5618
1510	58	8879
7182	226	13630
22182	330	22502
22182	414	15904
22182	414	28630
7182	226	904
19313	414	22023
19313	414	20530
19313	414	25559
19313	284	19004
4313	226	7023
13415	4	8240
28415	296	23240
29579	296	23240
17856	296	23240
14579	4	8240
14282	226	7816
29282	414	22816
29428	268	22816
14428	56	7816
22816	394	29428
23962	311	20694
23962	364	20694
8962	159	5694
8962	75	5694
8962	145	5694
16898	344	23035
1898	20	12331
16898	321	27331
16898	321	20211
1898	20	5211
28305	296	23703
13305	4	8703
23703	271	16260
5091	4	8703
8045	4	8703
7988	41	7362
22988	410	28073
7988	49	13073
22988	248	22362
22988	248	17762
27936	414	19100
4668	226	4100
12936	226	4100
3708	226	4100
29080	414	19100
7183	226	13266
22183	311	26919
22183	414	28266
7183	226	11812
7183	226	1840
14186	41	7362
29186	248	22362
26907	248	22362
22988	248	22362
8563	41	7362
8462	4	2901
8462	159	6780
23462	296	17901
8462	226	7111
23462	296	16412
13987	4	6240
12056	4	6240
27056	296	21240
28987	296	21240
13898	4	6240
20358	351	16834
5358	160	1834
21951	284	20358
6951	205	5358
20358	384	19129
15860	248	17762
860	41	2762
860	41	2871
21721	411	19184
19184	271	21501
6497	48	4184
21721	330	19184
18416	330	19184
18167	311	27531
3167	226	4807
18167	414	15487
18167	414	19807
3167	205	7752
14751	51	7125
2211	51	7125
7125	98	4162
226	51	7125
2399	51	7125
29956	414	16822
14956	226	1822
13080	226	1822
28127	414	16822
6112	226	1822
7659	159	5339
20339	351	25527
6908	159	5339
6548	159	5339
22659	330	20339
17786	344	20127
17786	344	24412
2786	78	9412
2786	61	9412
2786	145	5127
2564	226	7230
18138	414	22230
17564	414	22230
2175	226	7230
3138	226	7230
22947	414	20750
22947	414	22850
7947	226	5750
22947	390	25266
7947	226	7239
25043	248	28918
10043	41	13918
10043	49	6367
10043	99	6367
10043	160	6367
12681	226	1850
16850	340	25538
25538	340	16850
27681	414	16850
10497	226	1850
17342	296	17996
2342	48	8389
17342	373	23389
17342	381	23389
2342	226	8046
14831	41	3592
12341	89	3592
27341	248	18592
29831	248	18592
1464	41	3592
23129	330	28099
23129	414	17605
8129	48	13099
8129	226	2605
8129	159	13099
1686	29	5618
26902	351	16686
11902	160	1686
16686	253	26403
26403	253	16686
23551	416	29026
8551	51	14026
8551	53	6136
23551	250	21136
23872	414	29172
8872	226	14172
23872	330	21897
8872	159	6897
23872	259	20849
8037	53	6136
23037	250	21136
23037	303	24938
8037	144	9938
8037	156	9938
12102	160	4561
4321	160	4561
27102	271	19561
8051	160	4561
1090	160	4561
28364	330	23770
27750	330	23770
12750	159	8770
26985	330	23770
26270	330	23770
2862	226	11164
17862	296	23833
2862	48	968
17862	414	26164
17862	381	15968
16032	362	23274
1032	160	894
16032	351	15894
1032	46	8274
16032	384	20099
16937	414	28328
1937	226	13328
16937	414	20443
16937	284	18910
1937	205	3910
22003	344	29247
7003	78	14247
7003	61	14247
7003	48	14247
7003	145	4938
17020	311	28215
17020	364	28215
2020	75	13215
2020	145	13215
17020	414	21663
3882	205	4030
18882	414	21865
18882	284	19030
18882	414	24092
3882	226	6865
8891	53	13044
23891	250	28044
23891	357	15296
8891	44	296
23891	292	25149
27247	284	24123
12247	205	9123
27796	284	24123
29690	284	24123
18235	284	24123
13160	190	8977
28160	290	23977
20649	290	23977
16455	290	23977
1455	190	8977
12474	99	7942
27474	410	22942
12474	160	7942
12474	49	7942
27474	342	22942
19322	330	29591
4322	48	14591
4322	226	11215
4322	205	3216
19322	284	18216
6943	49	14264
21943	410	29264
6943	160	3432
21943	351	18432
21943	271	16260
24333	330	17433
9333	159	2433
9333	145	10250
9333	145	550
24333	296	16900
4136	145	8884
19136	414	29587
19136	414	29867
4136	226	14587
19136	414	23884
1822	160	1877
3278	49	1877
16822	351	16877
3278	160	1877
3475	160	1877
27140	351	21920
620	160	6920
6720	49	6920
6720	160	6920
9857	160	6920
10521	160	5646
13241	131	5646
12020	160	5646
28241	369	20646
20646	369	20646
18490	412	21198
18490	363	21198
18490	299	15287
3490	96	6198
3490	188	6198
20413	330	15047
20413	381	19585
20413	381	26102
20413	381	15047
20413	411	25557
22415	414	25285
7415	48	10869
22415	311	27531
22415	414	25869
22415	364	25869
25015	259	29074
10015	23	14074
25015	293	19074
10015	103	4074
18868	368	27618
12618	225	3868
3868	151	12618
27618	267	18868
6356	53	10982
21356	303	22287
21356	250	25982
6356	156	7287
25305	414	15583
25305	414	25953
25305	330	15583
25305	284	22267
10305	159	583
1307	4	14325
16307	414	29323
1307	226	7136
16307	296	29325
16307	284	18216
15983	284	25113
983	226	11390
15983	414	26390
983	205	10113
15983	259	20849
1255	190	14158
16255	290	29158
1255	160	6501
16255	271	21501
19349	248	27594
4349	41	12594
4349	41	6712
19349	248	21712
19349	271	16260
17533	344	28975
21213	267	17533
17533	344	22314
6213	225	2533
2533	20	2773
16240	296	20713
16240	296	28519
1240	226	2142
1240	205	8251
1240	159	14249
20167	414	27346
5167	226	12346
20167	250	20312
20167	259	20849
1672	103	5646
1672	103	6341
16672	369	21341
16672	369	21110
16672	369	20646
19368	294	27519
4368	144	12519
19368	303	27519
4368	156	12519
7938	205	7752
22938	284	22752
22938	414	20819
7938	226	5819
22938	259	20849
7990	33	14083
7990	33	11980
7990	33	8254
22990	290	20389
7990	33	5389
15597	410	27967
597	49	12967
15597	248	18887
597	50	3887
26877	262	19295
10534	199	4295
24246	262	19295
8840	199	4295
8166	199	4295
28761	248	17038
13761	41	2038
19069	248	17038
7031	41	2038
2352	41	2038
14964	49	4817
13925	160	4817
29964	410	19817
21360	351	19817
3098	160	4817
853	75	2401
15853	304	17401
15853	311	17401
15853	296	23468
853	4	8468
19931	344	29457
4931	20	1476
4931	61	14457
4931	78	14457
4931	145	11231
2544	226	9284
17544	414	24284
17544	259	20849
25156	368	27004
25156	344	24315
27004	267	25156
12004	225	10156
10156	78	9315
1545	160	12012
16545	351	27012
29865	414	24177
13209	226	9177
24042	414	24177
18582	414	24177
25304	414	24177
4897	77	1557
19897	352	27523
4897	24	12523
19897	378	16557
19547	414	22023
4547	226	5527
4547	226	7023
19547	414	15487
19547	414	20527
7887	226	719
22887	296	15925
22887	414	15719
22887	414	17672
7887	4	925
12452	159	994
27452	330	15994
27452	381	15994
4825	48	994
4831	159	994
27975	330	21914
28605	330	21914
28444	330	21914
12975	159	6914
13364	159	6914
23845	351	15816
8845	160	816
23845	271	16260
8845	160	3432
23845	413	26945
19053	269	22437
19053	269	29940
4053	144	7709
4053	168	7437
4053	156	7709
29056	330	20776
17305	330	20776
19381	381	20776
19381	330	20776
7607	159	5776
3359	205	13131
18359	296	17349
18359	414	29633
18359	284	28131
3359	226	14633
21740	296	27248
21740	364	20096
6740	145	9980
21740	411	24678
21740	284	25131
18747	372	22636
7636	29	8624
22636	369	15843
22636	331	18747
7636	29	843
15861	344	28718
861	189	13718
861	145	2513
861	53	3622
15858	368	27262
15858	267	24319
29625	307	15858
858	6	14625
858	225	9319
14998	205	1365
20462	284	16365
28013	284	16365
29998	284	16365
13013	205	1365
23548	414	22958
8548	226	7216
8548	205	6150
23548	414	22216
23548	304	23102
13838	226	7366
28838	414	22366
12748	226	7366
27748	414	22366
728	226	7366
7824	226	11655
22824	414	23021
22824	414	16333
7824	48	891
7824	205	4884
27998	414	17442
12998	226	2442
5490	226	2442
24118	414	17442
17442	351	21158
19837	414	15732
19837	414	25236
4837	226	10236
4837	226	8117
19837	414	23117
9239	89	3272
24239	248	18272
24239	384	22301
16373	414	29697
1373	226	14697
16373	414	17536
1373	226	2536
16373	386	16260
5002	145	14926
20002	414	29926
20002	330	29926
5002	159	14926
20002	364	29926
7819	226	8871
22819	330	29771
22819	296	19971
22819	364	22222
22819	304	27531
23085	344	19679
29023	344	19679
14023	78	4679
14023	61	4679
8085	61	4679
15135	364	20063
15135	381	20063
15135	330	20063
135	205	2855
15135	284	17855
17623	414	28621
17623	364	19323
2623	226	13621
2623	145	4323
2623	226	1914
110	41	7223
15110	248	22223
15110	362	21276
110	46	6276
15110	384	20099
7908	160	6012
22908	351	21012
22908	271	16260
19200	351	16139
19200	271	25371
4200	160	10371
4200	230	10371
4200	160	1139
14778	25	4879
29778	285	19879
514	222	4879
15514	341	19879
19879	317	18592
7628	139	10555
22628	290	17441
22628	397	25555
7628	69	2441
22628	290	25311
21515	296	22339
23439	296	22339
11630	4	7339
21277	296	22339
8439	4	7339
20543	414	24358
20543	414	24177
5543	226	9177
5543	226	9358
5543	205	11534
16884	414	27396
1884	226	12396
1884	226	7545
16884	414	22545
16884	414	15289
14079	226	7886
29079	414	22886
10433	226	7886
4832	226	7886
22950	414	22886
29021	344	18162
22512	344	18162
18937	344	18162
18460	344	18162
16283	344	18162
4862	23	10165
19862	259	25165
28764	293	15281
13764	172	281
22766	293	15281
20536	293	15281
24375	293	15281
18616	303	21940
3616	156	6940
23499	344	22770
23089	344	22770
29343	344	22770
27018	344	22770
22184	344	22770
1614	48	13217
16614	381	28217
16614	296	18199
1614	145	13665
16614	414	25953
29265	330	19185
23715	330	19185
23715	381	19185
14265	159	4185
4517	145	4185
19365	414	29012
4365	226	14012
4365	159	12720
19365	330	27720
4365	48	12720
27693	414	16886
3664	226	1886
14192	145	1886
18823	414	16886
4327	226	1886
24755	311	28300
24755	414	23910
24755	364	26989
9755	226	5727
24755	414	19987
29123	351	20232
5232	172	5232
26970	351	20232
8889	43	5232
5232	29	8889
7967	234	9461
28067	265	24461
12544	234	9461
12341	234	9461
28858	265	24461
20418	414	15487
20418	414	19521
5418	226	4521
5418	226	487
20418	259	20849
24320	414	15169
24320	414	15732
9320	226	1309
24320	414	16309
9320	226	169
21882	296	28151
6882	4	13151
6882	145	8936
6882	226	5810
21882	364	23936
12298	20	9952
27298	321	24952
9369	20	9952
24664	321	24952
900	20	9952
29784	343	15218
14784	115	218
28260	343	15218
13260	115	218
18924	343	15218
19107	414	28252
19107	414	15427
4107	205	3624
19107	284	18624
4107	226	13252
23341	296	22817
8341	145	1576
8341	205	4470
8341	145	6902
23341	364	16576
17811	343	28094
13094	146	2811
2811	29	183
11254	196	2811
2811	34	11254
28776	414	23021
13776	226	8021
28227	414	23021
6120	226	8021
13227	226	8021
9509	226	13557
24509	414	28557
24509	414	22875
24509	414	21247
24509	414	23477
14750	48	3478
938	48	3478
18629	381	18478
29750	381	18478
774	48	3478
217	188	6618
15217	363	21618
20760	344	16534
17916	344	16534
26806	344	16534
19755	344	16534
29403	344	16534
29901	368	15801
14901	151	801
15801	267	29901
801	225	14901
16003	284	22157
16003	411	20246
1003	169	5246
1003	205	7157
16003	409	26417
19433	296	27485
4433	205	3483
4433	4	12485
19433	364	18030
19433	284	18483
27692	414	19203
12692	226	4203
15944	414	19203
944	226	4203
23113	414	19203
8017	103	380
8017	188	380
23017	293	15380
23017	363	15380
23017	281	15380
27084	364	15550
27159	364	15550
12159	145	550
12084	145	550
1089	145	550
15645	414	28970
645	226	13970
15645	414	17605
15645	414	23402
15645	414	20253
17825	344	22847
15356	344	22847
21432	344	22847
28864	344	22847
24221	344	22847
29169	296	22520
29821	296	22520
14821	4	7520
12385	4	7520
17634	414	22520
20433	414	18442
5433	205	1429
5433	226	3442
20433	284	16429
20433	259	20849
3018	53	4753
18018	250	21976
18018	250	19753
3018	53	6976
29839	414	15427
13209	226	427
9437	226	427
7973	226	427
1468	226	427
7146	226	8180
22146	414	23180
22146	259	20849
13258	44	2
28258	357	15002
11597	44	2
17518	357	15002
23039	357	15002
27817	296	21517
28338	296	21517
12817	4	6517
14663	4	6517
12607	4	6517
24637	414	29025
9637	226	14025
24637	414	15382
9637	75	13300
9637	226	382
23455	284	17855
8455	205	2855
23455	259	20849
29458	330	18750
14458	159	3750
11465	159	3750
11465	48	3750
26465	381	18750
17059	416	19598
29990	267	17059
17059	267	28419
14990	225	2059
17059	330	20138
14826	53	4904
29826	250	19904
11791	53	4904
17884	250	19904
16833	250	19904
1625	41	11948
16625	362	20698
16625	248	26948
1625	46	5698
16625	271	20618
