8070	33	13161
8070	33	14326
23070	290	28161
23070	290	29326
2060	172	13187
17060	293	28187
339	160	13816
15339	351	28816
14060	226	8803
6573	226	8803
8803	160	14674
29060	414	23803
20210	414	23803
23803	351	29674
20210	414	23803
13759	79	4426
28759	293	19426
2348	159	9264
400	159	9264
2326	145	9264
17348	330	24264
15400	330	24264
17326	364	24264
7386	145	8839
7386	226	4125
22386	364	23839
22386	414	19125
14414	148	2891
17891	303	29414
10219	226	924
25219	414	15924
6001	159	10448
13672	145	10448
2478	159	10448
21001	330	25448
28672	364	25448
17478	330	25448
22436	330	25448
13473	33	950
9280	33	950
4008	190	950
28473	290	15950
24280	290	15950
19008	290	15950
20317	290	15950
6982	226	8608
6982	226	4375
6982	205	5069
21982	414	23608
21982	414	19375
21982	284	20069
21982	296	21226
9567	53	3988
9567	83	6304
9567	168	6325
24567	250	18988
24567	328	21304
24567	269	21325
14539	205	1385
13424	205	1385
2839	205	1385
29539	284	16385
28424	284	16385
17839	284	16385
7699	205	2335
7233	205	2335
3266	205	2335
22121	284	17335
22233	284	17335
24895	284	17335
28005	284	17335
13148	151	6512
6512	225	13148
6512	61	14947
28148	368	21512
21512	267	28148
21512	344	29947
2192	226	1361
2192	159	4824
2192	205	13725
17192	414	16361
17192	330	19824
17192	284	28725
17192	364	21902
14032	226	9903
10045	226	9903
2801	226	9903
29032	414	24903
25045	414	24903
17801	414	24903
16582	414	24903
1380	33	7272
1380	33	8266
16380	290	22272
16380	290	23266
2124	61	14792
13543	151	2124
2124	225	13543
17124	344	29792
28543	368	17124
17124	267	28543
3283	225	13784
13784	151	3283
18283	267	28784
28784	368	18283
2644	160	4817
2644	46	5021
17644	351	19817
17644	362	20021
6298	49	3845
21298	410	18845
5796	226	6250
8248	226	6250
9746	226	6250
20796	414	21250
21607	414	21250
16804	414	21250
19365	414	21250
8718	226	6389
9760	226	6389
2813	226	6389
24607	414	21389
24760	414	21389
17813	414	21389
18037	414	21389
13719	115	8379
8379	37	13479
28719	343	23379
23379	252	28479
3421	226	4100
3421	226	1405
3421	226	6337
18421	414	19100
18421	414	16405
18421	414	21337
18421	284	18910
8239	33	14207
23239	290	29207
1685	4	6114
16685	296	21114
9009	226	253
9009	75	1946
24009	414	15253
24009	311	16946
7424	226	8771
14491	226	8771
22424	414	23771
29491	414	23771
2931	226	14620
2931	4	1489
2931	226	1371
17931	414	29620
17931	296	16489
17931	411	16371
9493	226	5750
9493	226	5804
9493	226	762
24493	414	20750
24493	414	20804
24493	414	15762
3503	41	8892
3503	41	12779
3503	41	13698
18503	248	23892
18503	248	27779
18503	248	28698
2243	20	9449
17243	321	24449
9552	33	4664
9552	160	13177
24552	290	19664
24552	351	28177
13672	226	6929
13102	226	6929
13198	226	6929
28672	414	21929
28102	414	21929
28198	414	21929
28934	414	21929
3288	205	9645
18288	284	24645
9507	226	3589
24507	414	18589
13814	145	6233
1702	145	6233
28814	364	21233
16702	364	21233
13049	77	1557
4897	77	1557
28049	378	16557
19897	378	16557
4754	41	2385
19754	248	17385
7232	226	6763
7232	226	2935
7232	4	7802
22232	414	21763
22232	414	17935
22232	296	22802
14156	96	43
29156	281	15043
7229	226	8661
22229	414	23661
1057	41	24
7630	41	24
14157	41	24
16057	248	15024
16057	248	15024
29157	248	15024
16057	248	15024
88	48	961
15088	381	15961
2509	139	340
17509	397	15340
7445	205	9800
10480	205	9800
7523	205	9800
22445	284	24800
25480	284	24800
25480	284	24800
17277	284	24800
10135	156	14408
25135	303	29408
2059	51	4598
13419	51	4598
14990	51	4598
17059	416	19598
28419	416	19598
29990	416	19598
22282	416	19598
9572	159	5453
24572	330	20453
10292	75	14652
25292	311	29652
10422	225	13746
13746	151	10422
25422	267	28746
28746	368	25422
5419	48	9106
20419	330	24106
12909	160	7668
27909	351	22668
10294	75	9216
10294	226	13621
10294	226	1621
25294	311	24216
25294	414	28621
25294	414	16621
25294	414	15964
3766	160	7361
238	48	3766
3377	159	3766
18766	351	22361
15238	330	18766
22018	330	18766
19231	330	18766
4801	226	9715
4801	169	8131
4801	205	13725
19801	414	24715
19801	411	23131
19801	284	28725
5666	49	12967
20666	410	27967
8495	48	5848
1972	48	5848
5848	160	3389
16972	330	20848
16972	330	20848
20848	351	18389
480	226	1092
15480	414	16092
9492	48	1547
4196	159	1547
500	38	1547
24492	411	16547
19196	373	16547
16547	340	15500
28697	414	16547
6280	4	8667
21280	296	23667
2361	226	10164
14841	226	10164
9256	226	10164
17361	414	25164
29841	414	25164
24256	414	25164
18056	414	25164
5300	160	6158
20300	351	21158
2573	41	6643
13201	41	6643
12861	41	6643
21175	248	21643
28201	248	21643
27861	248	21643
23174	248	21643
9736	205	2563
24736	284	17563
3508	33	5389
8377	33	5389
1392	33	5389
18508	290	20389
23377	290	20389
16392	290	20389
24995	290	20389
3521	226	14235
3521	159	790
3521	226	8774
18521	414	29235
18521	330	15790
18521	414	23774
2420	48	8389
5669	48	8389
2912	48	8389
17420	330	23389
20669	381	23389
24815	381	23389
23389	248	17833
14268	151	8963
8963	225	14268
8963	20	9407
29268	368	23963
23963	267	29268
23963	321	24407
7105	226	14534
22105	414	29534
4444	205	2819
14392	205	2819
19444	284	17819
29392	284	17819
3436	48	1853
2041	48	1853
18436	330	16853
17041	330	16853
4698	226	3615
4698	226	7097
19698	414	18615
19698	414	22097
5920	160	6051
3481	24	6051
7358	160	6051
19285	351	21051
18481	352	21051
19285	351	21051
19285	351	21051
3616	156	6940
13856	156	6940
18616	303	21940
28856	303	21940
14745	20	9214
7512	20	9214
447	20	9214
29745	321	24214
22512	321	24214
22512	321	24214
22512	321	24214
4015	205	3624
4015	226	14323
19015	284	18624
19015	414	29323
1765	226	5750
1765	226	762
1765	226	6932
16765	414	20750
16765	414	15762
16765	414	21932
16765	414	22850
2373	48	14057
2373	226	8577
2373	169	9307
17373	381	29057
17373	414	23577
17373	411	24307
4278	168	2974
5051	168	2974
8633	168	2974
18516	269	17974
18516	269	17974
23633	269	17974
28477	269	17974
9200	159	8432
9200	226	6865
24200	330	23432
24200	414	21865
6417	145	4824
21417	364	19824
6660	1	8484
9001	1	8484
9470	1	8484
21660	334	23484
24001	334	23484
24003	334	23484
19944	334	23484
674	145	7880
15674	414	22880
6714	226	13256
6714	226	14217
21714	414	28256
21714	414	29217
6547	151	13051
13051	225	6547
21547	368	28051
28051	267	21547
9830	226	10035
24830	414	25035
659	226	2933
659	226	14895
659	205	5041
15659	414	17933
15659	414	29895
15659	284	20041
15659	296	15718
4061	226	5940
3110	226	5940
14302	226	5940
19061	414	20940
18400	414	20940
29302	414	20940
16614	414	20940
7554	145	7051
2420	145	7051
9420	145	7051
18461	364	22051
17420	364	22051
17420	364	22051
17420	364	22051
7812	51	1296
7812	159	8681
22812	416	16296
22812	330	23681
2724	226	5361
8929	226	5361
14839	226	5361
17724	414	20361
23929	414	20361
29839	414	20361
28982	414	20361
3734	53	3988
3734	75	6543
18734	250	18988
18734	311	21543
5273	226	14757
5273	226	13381
5273	226	14235
20273	414	29757
20273	414	28381
20273	414	29235
20273	414	23774
4428	20	6708
4428	145	2313
19428	321	21708
19428	364	17313
3562	205	6440
4334	205	6440
13724	205	6440
16607	284	21440
16607	284	21440
28724	284	21440
16607	284	21440
3881	226	6082
431	226	6082
6082	49	4865
18881	414	21082
15431	414	21082
21082	410	19865
21082	351	17383
4387	48	730
19387	414	15730
1324	145	6928
5405	48	6928
5671	145	6928
19866	381	21928
20405	330	21928
20671	364	21928
29919	330	21928
7930	160	7012
22930	351	22012
2701	226	2796
2701	226	6567
2701	200	13175
17701	414	17796
17701	414	21567
17701	414	28175
2940	48	9228
14772	48	9228
14629	48	9228
17940	381	24228
29772	381	24228
29629	381	24228
14509	151	3238
3238	225	14509
29509	368	18238
18238	267	29509
333	226	12870
333	226	6878
333	226	8342
15333	414	27870
15333	414	21878
15333	414	23342
1378	33	13577
1378	33	13171
1378	33	3757
16378	290	28577
16378	290	28171
16378	290	18757
16378	290	16803
9957	49	3380
9957	41	13759
24957	410	18380
24957	248	28759
2114	226	13266
17114	414	28266
10045	226	9903
10045	226	13384
10045	226	2465
25045	414	24903
25045	414	28384
25045	414	17465
25045	414	29235
5724	226	6169
1240	226	6169
4090	226	6169
19090	414	21169
16240	414	21169
19090	414	21169
21108	414	21169
620	160	6920
620	33	1803
620	33	8254
15620	351	21920
15620	290	16803
15620	290	23254
15620	290	22110
5210	125	7797
5210	226	8803
20210	409	22797
20210	414	23803
13163	145	3457
14339	145	3457
1540	145	3457
28163	364	18457
29339	364	18457
19627	364	18457
3371	20	9407
18371	321	24407
3588	226	10035
12873	226	10035
1320	226	10035
18588	414	25035
27873	414	25035
16320	414	25035
24830	414	25035
1990	20	385
16990	321	15385
2112	205	4004
2112	226	3431
17112	284	19004
17112	414	18431
628	159	3296
628	226	9212
628	226	4510
15628	330	18296
15628	414	24212
15628	414	19510
15628	381	25106
1599	4	13059
16599	296	28059
10232	4	7460
10232	226	13149
25232	296	22460
25232	414	28149
908	169	3612
908	48	4116
908	205	4096
15908	411	18612
15908	381	19116
15908	284	19096
15908	296	24501
9865	169	6091
9865	48	5063
9865	205	2855
24865	411	21091
24865	330	20063
24865	284	17855
24865	414	21874
13780	226	4056
4065	226	4056
14064	226	4056
28780	414	19056
23959	414	19056
29064	414	19056
23959	414	19056
4330	226	8336
4330	226	5253
4330	226	1850
19330	414	23336
19330	414	20253
19330	414	16850
4645	226	9839
4645	145	14109
19645	414	24839
19645	364	29109
7422	226	14359
7422	205	2183
22422	414	29359
22422	284	17183
8349	139	8350
8349	33	13247
8349	33	822
23349	397	23350
23349	290	28247
23349	290	15822
8159	145	8346
23159	364	23346
4128	205	3182
19128	284	18182
6239	145	13665
6239	4	7520
6239	48	2859
21239	364	28665
21239	296	22520
21239	381	17859
21239	284	15946
9415	49	2383
24415	410	17383
12964	226	1249
4324	226	1249
2960	226	1249
27964	414	16249
19324	414	16249
17960	414	16249
22020	414	16249
1626	45	12985
1626	15	599
16626	304	27985
16626	336	15599
6607	226	6929
6607	205	10008
6607	4	1928
21607	414	21929
21607	284	25008
21607	296	16928
21607	414	20547
9079	159	13248
9079	205	13010
24079	381	28248
24079	284	28010
6235	156	9482
9965	156	9482
2206	156	9482
19552	303	24482
17089	303	24482
17089	303	24482
17089	303	24482
8496	226	9036
5457	226	9036
8587	226	9036
18673	414	24036
20457	414	24036
23587	414	24036
25491	414	24036
1977	205	7157
13945	205	7157
10064	205	7157
16977	284	22157
28945	284	22157
17662	284	22157
19925	284	22157
8333	226	289
8333	226	710
23333	414	15289
23333	414	15710
1765	226	6932
16765	414	21932
13220	4	2901
10265	4	2901
5130	4	2901
28220	296	17901
25265	296	17901
23821	296	17901
17006	296	17901
8657	159	8656
8656	160	3017
23657	381	23656
23656	407	18017
10159	226	6918
10159	226	8902
25159	414	21918
25159	414	23902
2413	226	13641
17413	414	28641
4913	48	13045
19913	330	28045
6516	223	13843
13843	56	6516
21516	394	28843
28843	268	21516
6156	41	7000
6156	46	2733
6156	160	3217
21156	248	22000
21156	362	17733
21156	351	18217
6492	226	14867
6492	226	4911
6492	226	12870
21492	414	29867
21492	414	19911
21492	414	27870
1780	189	2183
13186	225	1780
1780	151	13186
16780	344	17183
28186	267	16780
16780	368	28186
10305	226	583
2103	226	583
583	234	10056
25305	414	15583
18250	414	15583
15583	265	25056
27760	414	15583
13005	226	8911
12850	226	8911
28005	414	23911
27850	414	23911
7833	20	8445
9962	20	8445
14104	20	8445
22833	321	23445
22833	321	23445
29104	321	23445
23043	321	23445
5986	226	14706
20986	414	29706
10300	62	3960
10300	193	7083
25300	319	18960
25300	336	22083
10391	139	1943
10391	160	2383
25391	397	16943
25391	410	17383
1406	75	9836
1406	205	8741
1406	4	13379
16406	311	24836
16406	284	23741
16406	296	28379
2207	75	9341
12798	75	9341
8801	75	9341
17207	311	24341
27798	304	24341
23801	311	24341
15878	311	24341
6300	205	4030
6300	159	8528
6300	4	3263
21300	284	19030
21300	330	23528
21300	296	18263
21300	381	25106
1969	48	4705
9726	159	4705
16969	330	19705
24726	330	19705
10128	4	8240
10128	48	2859
10128	205	946
25128	296	23240
25128	330	17859
25128	284	15946
3408	226	732
3212	226	732
2625	226	732
15101	414	15732
18212	414	15732
17625	414	15732
15732	362	19943
2962	49	5177
17962	410	20177
6938	226	14337
21938	414	29337
7485	41	13918
7485	160	5068
7485	41	7974
22485	248	28918
22485	248	22974
22485	248	22974
878	75	9341
878	226	8884
878	226	4019
15878	311	24341
15878	414	23884
15878	414	19019
6480	226	4051
4092	226	4051
508	226	4051
21480	414	19051
19092	414	19051
17099	414	19051
4240	189	2514
13754	61	2514
19240	344	17514
28754	344	17514
9037	193	7083
13963	15	7083
6774	193	7083
24037	336	22083
28963	336	22083
21774	336	22083
29155	336	22083
6127	226	4987
21127	414	19987
4558	46	8274
19558	362	23274
14415	151	9060
9060	225	14415
9060	20	94
29415	368	24060
24060	267	29415
24060	321	15094
3001	4	7520
18001	296	22520
7710	208	14547
29547	249	22710
8968	4	13704
8968	205	5069
8968	159	8546
23968	296	28704
23968	284	20069
23968	330	23546
5799	189	14420
5799	20	14531
20799	364	29420
20799	321	29531
13639	226	5809
587	226	5809
28639	414	20809
15587	414	20809
13005	226	7874
14684	226	7874
2407	226	7874
28005	414	22874
29684	414	22874
17407	414	22874
23530	414	22874
4915	226	6621
19915	414	21621
1584	226	4894
13027	226	4894
14567	226	4894
16584	414	19894
28027	414	19894
29567	414	19894
160	4	10067
160	226	13256
160	226	14587
15160	296	25067
15160	414	28256
15160	414	29587
15160	414	29867
14015	94	8032
23032	258	29015
8836	145	1576
4348	145	1576
7041	145	1576
23836	364	16576
21028	364	16576
18679	364	16576
18679	364	16576
14115	61	5788
29115	344	20788
7899	159	6897
7899	15	7083
7899	159	347
22899	330	21897
22899	336	22083
22899	330	15347
9596	145	6217
13807	145	6217
2911	145	6217
24596	364	21217
28807	364	21217
17911	364	21217
17579	364	21217
13727	48	7378
9731	48	7378
28727	381	22378
24731	381	22378
7135	226	13266
22135	414	28266
4601	226	6865
4601	205	1065
4601	48	12889
19601	414	21865
19601	284	16065
19601	381	27889
19601	296	23318
5591	49	9027
20591	410	24027
8752	226	5319
8752	226	13438
23752	414	20319
23752	414	28438
13669	189	4259
4292	61	4259
666	61	4259
28669	344	19259
15724	344	19259
15724	344	19259
15724	344	19259
32	169	3176
3281	169	3176
14239	169	3176
15032	411	18176
18281	411	18176
29239	411	18176
29619	411	18176
5576	160	3389
5576	190	13069
20576	351	18389
20576	290	28069
3246	125	7618
13739	125	7618
6022	125	7618
21022	409	22618
28739	409	22618
24471	409	22618
29951	409	22618
3194	234	10056
8647	226	3194
680	226	3194
18194	265	25056
23647	414	18194
23647	414	18194
9862	189	13131
24862	364	28131
5238	115	10341
5238	107	4274
20238	343	25341
20238	312	19274
8007	20	8446
6288	20	8446
13352	20	8446
17818	321	23446
21288	321	23446
28352	321	23446
28611	321	23446
5390	4	1928
5390	159	14249
20390	296	16928
20390	330	29249
6795	226	6865
10189	226	6865
4455	226	6865
21795	414	21865
25189	414	21865
19455	414	21865
24847	414	21865
73	156	4157
73	53	12862
15073	303	19157
15073	250	27862
14578	61	2783
14022	189	2783
29578	344	17783
29022	344	17783
9948	33	4664
9948	33	5923
24948	290	19664
24948	290	20923
2954	226	14598
17954	414	29598
5587	4	7802
5587	75	14236
5587	205	9459
20587	296	22802
20587	311	29236
20587	284	24459
20587	414	24378
12945	41	6094
13627	41	6094
10121	41	6094
27945	248	21094
28627	248	21094
25121	248	21094
8210	169	10070
8010	169	10070
4131	169	10070
22496	411	25070
19486	411	25070
20000	411	25070
22496	411	25070
6398	48	6154
6398	48	8121
6398	226	8098
21398	330	21154
21398	381	23121
21398	414	23098
14804	160	1480
29804	351	16480
5260	226	14707
5260	4	8650
20260	414	29707
20260	296	23650
6229	226	14793
21229	414	29793
5796	226	6250
5796	4	7506
20796	414	21250
20796	296	22506
6137	226	12870
6137	226	6918
6137	226	732
21137	414	27870
21137	414	21918
21137	414	15732
21137	414	25236
2677	159	8936
2677	226	13803
2677	226	6456
17677	330	23936
17677	414	28803
17677	414	21456
17677	414	22682
1811	168	14256
1811	53	13044
1811	156	4485
16811	269	29256
16811	250	28044
16811	303	19485
12758	205	5853
6245	205	5853
8269	205	5853
27758	284	20853
21245	284	20853
23269	284	20853
20853	410	19865
3971	41	8892
6122	41	8892
13637	41	8892
22349	317	23892
22349	317	23892
28637	248	23892
18503	248	23892
1963	205	14154
16963	284	29154
6774	193	7083
21774	336	22083
9761	205	4096
3952	205	4096
9138	205	4096
24761	284	19096
18952	284	19096
16071	284	19096
15908	284	19096
7213	226	2721
7213	226	4317
7213	226	732
22213	414	17721
22213	414	19317
22213	414	15732
22213	414	25236
2359	20	4490
13620	20	4490
1386	20	4490
21331	321	19490
28620	321	19490
21331	321	19490
21331	321	19490
13048	160	535
28048	351	15535
5200	144	5668
20200	294	20668
13588	49	8297
10261	160	8297
9792	49	8297
28588	410	23297
25207	410	23297
24792	410	23297
25207	410	23297
9430	61	4916
1345	226	4916
4961	189	4916
19961	402	19916
16345	414	19916
19961	402	19916
24787	414	19916
1469	34	14194
29194	326	16469
8593	75	7832
12891	226	7832
2135	226	7832
23593	414	22832
27891	414	22832
23593	414	22832
21534	414	22832
8834	145	9116
532	145	9116
12793	145	9116
15532	364	24116
15532	364	24116
27793	364	24116
24089	364	24116
2659	49	13816
17659	410	28816
543	159	10052
543	4	3263
543	145	2021
15543	330	25052
15543	296	18263
15543	364	17021
15543	414	25078
2325	156	13139
17325	303	28139
10002	145	4424
10002	226	744
10002	226	13242
25002	364	19424
25002	414	15744
25002	414	28242
25002	311	17535
13008	61	1885
14912	61	1885
13159	61	1885
28008	344	16885
29912	344	16885
28159	344	16885
1927	151	14027
14027	225	1927
1927	189	14886
16927	368	29027
29027	267	16927
16927	344	29886
4675	168	1856
13758	168	1856
19675	269	16856
28758	269	16856
489	205	2183
15489	284	17183
1835	145	4323
16835	364	19323
14930	20	2620
29930	321	17620
3172	20	3920
14659	20	3920
13578	20	3920
21821	321	18920
29659	321	18920
28578	321	18920
21821	321	18920
14962	61	9436
29962	344	24436
3476	20	12902
18476	321	27902
14539	226	10176
4524	226	10176
7183	226	10176
29539	414	25176
19524	414	25176
22183	414	25176
21406	414	25176
8861	46	125
23861	362	15125
5317	33	9686
5317	190	6164
5317	33	13247
20317	290	24686
20317	290	21164
20317	290	28247
20317	290	15950
6379	41	13472
21379	248	28472
9302	89	13158
24302	248	28158
13924	33	2920
6992	33	2920
12753	33	2920
28924	290	17920
25061	290	17920
27753	290	17920
23616	290	17920
342	159	3296
342	226	6291
342	226	542
15342	330	18296
15342	414	21291
15342	414	15542
5481	226	5628
2601	226	5628
9710	226	5628
20481	414	20628
17601	414	20628
24542	414	20628
21672	414	20628
9462	226	199
1218	226	199
24462	414	15199
16218	414	15199
12820	156	7453
6305	156	7453
4367	156	7453
27820	303	22453
21305	303	22453
21305	303	22453
6168	195	2648
5220	195	2648
12848	195	2648
17694	318	17648
22022	318	17648
27848	318	17648
23973	318	17648
5295	226	6323
5295	75	13300
5295	226	9017
20295	414	21323
20295	311	28300
20295	414	24017
9299	33	2582
4229	33	2582
9494	33	2582
24299	290	17582
19229	290	17582
24494	290	17582
27997	290	17582
7595	226	6960
7595	4	7802
22595	414	21960
22595	296	22802
1734	226	12957
16734	414	27957
3336	33	13247
18336	290	28247
3508	160	2684
38	160	2684
14558	160	2684
18508	351	17684
19688	351	17684
29558	351	17684
1155	145	4916
1155	205	14154
16155	364	19916
16155	284	29154
12893	225	8103
8103	151	12893
8103	61	9648
27893	267	23103
23103	368	27893
23103	344	24648
23103	321	27977
3841	226	1054
3281	226	1054
4977	226	1054
18841	414	16054
18281	414	16054
19977	414	16054
16864	414	16054
13444	75	7823
13364	75	7823
5625	75	7823
28444	311	22823
28364	311	22823
20625	304	22823
23202	311	22823
1380	33	7272
13497	190	7272
3383	33	7272
16380	290	22272
28497	290	22272
16380	290	22272
16380	290	22272
14565	151	3494
3494	225	14565
3494	51	301
29565	368	18494
18494	267	29565
18494	416	15301
9271	226	3108
9271	226	3057
9271	226	1368
24271	414	18108
24271	414	18057
24271	414	16368
24271	414	29206
7555	159	2558
7555	145	5659
7555	205	338
22555	330	17558
22555	364	20659
22555	284	15338
22555	414	20426
10061	33	2920
10061	33	2496
10061	33	5428
25061	290	17920
25061	290	17496
25061	290	20428
25061	290	15318
6032	62	8344
6032	226	6477
21032	414	21477
21032	414	21477
5805	222	4434
20805	341	19434
14372	48	3319
3319	49	4865
14841	48	3319
29372	330	18319
18319	410	19865
29841	381	18319
17998	330	18319
2045	226	1840
2045	226	8865
2045	205	6150
17045	414	16840
17045	414	23865
17045	284	21150
9516	49	1532
9516	160	8297
24516	410	16532
24516	351	23297
169	223	1186
1186	56	169
6632	226	1186
15169	394	16186
16186	326	15169
21632	414	16186
15155	414	16186
14736	144	5932
5932	1	8484
29736	294	20932
20932	334	23484
8668	205	13271
8668	226	13979
23668	284	28271
23668	414	28979
4708	189	2248
19708	344	17248
9876	48	3523
7273	61	3523
7393	61	3523
21869	344	18523
21869	344	18523
21869	344	18523
21869	344	18523
10332	145	688
10332	205	338
10332	226	8910
25332	364	15688
25332	284	15338
25332	414	23910
2851	205	8972
2851	226	181
17851	284	23972
17851	414	15181
1996	205	4884
1996	4	1900
1996	75	7696
16996	284	19884
16996	296	16900
16996	304	22696
16996	330	23578
7229	226	13803
7229	75	2401
7229	4	12906
22229	414	28803
22229	311	17401
22229	296	27906
22229	414	23661
1040	226	5527
9100	226	5527
4547	226	5527
16040	414	20527
24100	414	20527
19547	414	20527
23674	414	20527
12873	169	1168
7521	169	1168
2010	169	1168
27873	411	16168
22521	411	16168
17010	411	16168
9004	54	7387
308	48	7387
8462	226	7387
24004	375	22387
19856	402	22387
23462	414	22387
7928	205	13879
7928	205	7529
22928	414	28879
22928	364	22529
417	169	2779
1699	169	2779
6955	169	2779
15417	411	17779
21955	411	17779
21955	411	17779
21955	411	17779
4047	48	14720
4047	205	9379
19047	330	29720
19047	284	24379
7803	190	5923
22803	290	20923
7193	159	10052
7193	4	1258
22193	330	25052
22193	296	16258
5800	226	6113
5800	226	1497
20800	414	21113
20800	414	16497
676	226	1772
4569	226	1772
12752	226	1772
15676	414	16772
19569	414	16772
27752	414	16772
21013	414	16772
8745	103	6329
23745	352	21329
8596	226	5803
13097	226	5803
8280	226	5803
23596	414	20803
28097	414	20803
23280	414	20803
20403	414	20803
9154	75	13300
9154	4	8662
24154	311	28300
24154	296	23662
1443	116	6255
1443	226	5617
1443	145	2827
16443	381	21255
16443	414	20617
16443	364	17827
16443	284	28104
4961	20	2344
4961	189	4916
19961	321	17344
19961	402	19916
3677	49	5947
18677	410	20947
3406	226	14048
3406	226	3957
3406	205	4470
18406	414	29048
18406	414	18957
18406	284	19470
4915	159	6052
4915	226	6621
19915	330	21052
19915	414	21621
10047	125	9161
25047	409	24161
1732	75	9068
14381	48	9068
5455	48	9068
17162	381	24068
29381	330	24068
17162	330	24068
17162	381	24068
2137	226	2750
10494	226	2750
17137	414	17750
25494	414	17750
10300	62	3960
3987	159	3960
813	48	3960
25300	319	18960
18987	330	18960
15813	414	18960
6893	125	8072
21893	409	23072
126	15	8676
15126	336	23676
1057	41	24
1057	195	4677
16057	248	15024
16057	318	19677
6137	226	6918
1554	226	6918
6918	160	6158
21137	414	21918
21137	414	21918
21918	351	21158
23502	414	21918
7866	20	1237
588	20	1237
2269	20	1237
15588	321	16237
15588	321	16237
17269	321	16237
27884	321	16237
5587	205	9459
9089	205	9459
3855	205	9459
20587	284	24459
24089	284	24459
18855	284	24459
2220	160	14506
17220	351	29506
7635	226	14757
7635	226	2520
7635	226	13381
22635	414	29757
22635	414	17520
22635	414	28381
14721	160	912
29721	351	15912
8969	145	12927
23969	364	27927
10130	125	13394
10130	42	4790
25130	409	28394
25130	250	19790
3228	156	6980
18228	303	21980
4503	139	2040
4503	190	7407
19503	397	17040
19503	290	22407
6930	226	8967
21930	414	23967
13860	205	946
14731	205	946
7106	205	946
28860	284	15946
29731	284	15946
21239	284	15946
29604	284	15946
6267	226	13252
6267	226	10147
21267	414	28252
21267	414	25147
3448	159	1081
3448	226	1826
18448	330	16081
18448	414	16826
3722	226	14985
3722	226	8659
3722	159	5774
18722	414	29985
18722	414	23659
18722	330	20774
6506	226	6929
21506	414	21929
4444	226	6324
4444	205	2819
19444	414	21324
19444	284	17819
14788	189	2955
8729	189	2955
2955	20	14221
29788	344	17955
16915	344	17955
17955	321	29221
16915	344	17955
6796	29	10076
4721	49	10076
6705	160	10076
16628	369	25076
16628	369	25076
16628	369	25076
16628	369	25076
569	205	6711
569	226	1635
15569	284	21711
15569	414	16635
9976	4	9774
14631	4	9774
24976	296	24774
29631	296	24774
10338	4	13704
10338	226	798
25338	296	28704
25338	414	15798
321	159	10052
321	48	3633
321	169	2569
15321	330	25052
15321	381	18633
15321	411	17569
15321	296	18772
9949	48	13952
24949	330	28952
5625	75	7823
5625	226	7850
20625	304	22823
20625	414	22850
937	41	13698
937	49	10466
15937	248	28698
15937	410	25466
6540	226	827
21540	414	15827
10349	61	2712
10349	20	8793
14067	225	10349
25349	344	17712
25349	321	23793
29067	267	25349
25349	368	29067
3576	226	8629
248	226	8629
176	226	8629
15176	414	23629
15176	414	23629
15176	414	23629
21880	414	23629
10322	145	4497
10322	226	14872
10322	4	8833
25322	364	19497
25322	414	29872
25322	296	23833
2163	48	13575
2163	61	13975
2163	61	207
17163	344	28575
17163	284	28975
17163	344	15207
12796	145	3808
27796	364	18808
7731	151	14149
14149	225	7731
22731	368	29149
29149	267	22731
9388	48	195
13435	48	195
61	48	195
15061	330	15195
28435	381	15195
15061	330	15195
16298	381	15195
13013	226	8659
6612	226	8659
3722	226	8659
28013	414	23659
18722	414	23659
18722	414	23659
18469	414	23659
661	48	5888
15661	411	20888
246	159	3038
246	226	929
246	205	10113
15246	296	18038
15246	414	15929
15246	284	25113
5669	4	2996
2996	160	1096
1659	4	2996
20669	296	17996
17996	351	16096
16659	296	17996
17342	296	17996
7159	20	7837
9879	20	7837
71	20	7837
15071	321	22837
15071	321	22837
15071	321	22837
3540	159	2545
12936	159	2545
4264	159	2545
18540	330	17545
27936	330	17545
19264	330	17545
18917	330	17545
8503	4	3033
8503	205	9645
8503	145	2565
23503	296	18033
23503	284	24645
23503	364	17565
23503	414	19611
1630	42	13204
1630	156	625
16630	250	28204
16630	303	15625
13844	226	9825
4014	226	9825
167	226	9825
28844	414	24825
19014	414	24825
15167	414	24825
19014	414	24825
10362	205	7432
10362	226	6663
10362	226	1282
25362	284	22432
25362	414	21663
25362	414	16282
9787	226	4916
9787	226	13616
9787	226	12797
24787	414	19916
24787	414	28616
24787	414	27797
24787	414	27815
3532	159	4497
3532	226	7290
18532	330	19497
18532	414	22290
4956	226	5070
4956	159	6897
4956	205	10110
19956	330	21897
19956	330	21897
19956	284	25110
687	139	7620
687	190	10311
15687	397	22620
15687	290	25311
4685	49	6872
8506	160	6872
3019	49	6872
18019	410	21872
18019	410	21872
18019	410	21872
18019	410	21872
4578	103	12788
19578	379	27788
9113	226	2449
9113	205	14226
24113	414	17449
24113	284	29226
985	226	4874
13016	226	4874
8303	226	4874
15985	414	19874
28016	414	19874
23303	414	19874
19021	414	19874
7312	145	13995
7312	159	14721
7312	4	13539
22312	364	28995
22312	330	29721
22312	296	28539
22312	364	21902
6650	4	1412
6650	159	3042
6650	205	6150
21650	296	16412
21650	381	17830
21650	284	21150
2085	145	904
2085	226	6763
2085	4	6226
17085	364	15904
17085	414	21763
17085	296	21226
4858	61	8772
3070	61	8772
3666	61	8772
19858	344	23772
19858	344	23772
19858	344	23772
8381	169	4936
8381	159	1547
8381	226	13124
23381	411	19936
23381	414	16547
23381	414	28124
2103	48	3512
8189	48	3512
14475	48	3512
18250	381	18512
25183	381	18512
29475	381	18512
16614	381	18512
7018	226	8033
7018	159	1993
7018	159	14305
22018	414	23033
22018	330	16993
22018	330	29305
22018	381	16083
1280	156	2849
9881	156	2849
9371	156	2849
16280	303	17849
15622	303	17849
15622	303	17849
15622	303	17849
8983	41	14131
8983	41	13918
23983	248	29131
23983	248	28918
2531	226	5547
2531	205	5041
2531	4	8662
17531	414	20547
17531	284	20041
17531	296	23662
2109	226	5987
9894	226	5987
17109	414	20987
24894	414	20987
7128	154	7275
22128	284	22275
10217	205	13271
10217	226	1361
25217	284	28271
25217	414	16361
14307	48	7702
7702	160	1265
4039	48	7702
29307	381	22702
22702	351	16265
19039	381	22702
22119	381	22702
2671	159	8936
2671	226	13353
2671	205	4030
17671	330	23936
17671	414	28353
17671	284	19030
9442	145	1418
14304	145	1418
1418	16	9485
24442	364	16418
29304	364	16418
24485	285	16418
24356	364	16418
9935	46	3767
24935	362	18767
8099	48	1144
23099	381	16144
4712	226	14645
4712	226	12791
19712	414	29645
19712	414	27791
8648	20	2344
8648	225	1389
8648	189	12815
23648	321	17344
23648	267	16389
23648	344	27815
10031	159	2558
10031	226	1826
25031	330	17558
25031	414	16826
6248	49	5947
21248	410	20947
8118	159	10281
8118	226	710
23118	330	25281
23118	414	15710
268	4	1408
8064	4	1408
1893	4	1408
15268	296	16408
23064	296	16408
16893	296	16408
29458	296	16408
14001	226	2281
29001	414	17281
13416	205	6304
9166	205	6304
5910	189	6304
28416	284	21304
24166	344	21304
15588	402	21304
15588	402	21304
5106	48	10036
13421	159	10036
5570	159	10036
17111	330	25036
28421	381	25036
17111	381	25036
17111	330	25036
13569	61	6071
28569	344	21071
13509	62	3211
1346	62	3211
28509	377	18211
16346	377	18211
8869	41	12808
8869	160	4060
23869	248	27808
23869	351	19060
4924	159	12789
4924	145	5659
4924	205	4190
19924	330	27789
19924	364	20659
19924	284	19190
9218	169	13430
9218	226	7880
9218	159	362
24218	411	28430
24218	414	22880
24218	330	15362
9976	4	9774
9976	145	13538
9976	4	6083
24976	296	24774
24976	364	28538
24976	296	21083
24976	284	18098
5397	145	13564
5397	159	2545
5397	4	13539
20397	364	28564
20397	330	17545
20397	296	28539
20397	414	22682
7345	226	2933
3313	226	2933
13081	226	2933
22345	414	17933
18313	414	17933
28081	414	17933
15659	414	17933
2601	159	6780
4449	226	6780
2041	226	6780
17601	330	21780
19449	414	21780
17041	414	21780
17216	364	21780
7927	226	5936
7927	226	6918
22927	414	20936
22927	414	21918
6923	226	14757
21923	414	29757
12886	61	9255
27886	344	24255
10220	226	4914
1508	226	4914
25220	414	19914
16508	414	19914
10488	77	10233
445	77	10233
14116	77	10233
15785	378	25233
21276	378	25233
29116	378	25233
18481	378	25233
7976	226	2520
7976	226	14757
7976	226	12791
22976	414	17520
22976	414	29757
22976	414	27791
22976	414	22414
9041	33	7883
4554	33	7883
24041	290	22883
19554	290	22883
5179	61	730
20179	402	15730
3267	169	13609
3267	4	1928
3267	159	7951
18267	411	28609
18267	296	16928
18267	330	22951
18267	296	28519
3531	189	3439
4075	189	3439
10265	205	3439
25489	402	18439
25489	402	18439
25265	414	18439
18439	321	22602
5895	157	8710
20895	363	23710
1768	226	692
1768	226	7239
1768	226	5750
16768	414	15692
16768	414	15762
16768	414	20750
16768	414	15762
7133	20	1269
7133	189	3270
22133	321	16269
22133	364	18270
7468	159	10052
22468	330	25052
14180	46	9322
334	46	9322
2365	46	9322
29180	362	24322
15934	362	24322
15934	362	24322
15934	362	24322
10049	247	13532
10049	160	894
25049	290	28532
25049	351	15894
9713	61	9293
24713	344	24293
6074	226	2672
6074	205	8107
6074	226	13124
21074	414	17672
21074	284	23107
21074	414	28124
2277	226	420
2277	205	9800
2277	145	2827
17277	414	15420
17277	284	24800
17277	364	17827
17277	414	29150
14542	48	6321
29542	330	21321
6583	145	12927
6583	4	4971
6583	48	1547
21583	364	27927
21583	296	19971
21583	411	16547
21583	364	28538
8164	4	6114
23164	296	21114
4393	159	3038
4393	205	3038
12881	159	3038
19393	296	18038
19393	364	18038
27881	411	18038
17291	296	18038
9077	115	4169
9077	49	9306
24077	343	19169
24077	410	24306
9122	226	13550
24122	414	28550
2125	168	3147
2125	168	10074
2125	144	689
17125	269	18147
17125	269	18147
17125	294	15689
3169	156	888
18169	303	15888
3789	226	6878
3789	226	14428
3789	226	4453
18789	414	21878
18789	414	29428
18789	414	19453
18789	414	21874
8246	49	5503
23246	410	20503
2098	226	4911
2098	226	507
2098	226	14587
17098	414	19911
17098	414	15507
17098	414	29587
8085	151	14023
14023	225	8085
8085	61	4679
23085	368	29023
29023	267	23085
23085	344	19679
2050	226	14888
2050	125	9703
17050	414	29888
17050	409	24703
626	160	14274
3620	159	626
13752	159	626
15626	351	29274
18620	330	15626
28752	330	15626
15626	410	15646
2612	75	4485
17612	311	19485
6395	226	1822
21395	414	16822
12857	169	6118
3656	169	6118
14635	169	6118
27857	411	21118
18656	411	21118
29635	411	21118
17502	411	21118
3228	156	6980
4028	156	6980
14972	156	6980
18228	303	21980
19028	303	21980
29972	303	21980
14104	61	6693
14255	61	6693
8043	61	6693
29104	344	21693
29255	344	21693
23043	344	21693
29908	344	21693
2890	160	13312
2890	160	14201
17890	351	28312
17890	271	29201
3458	205	10008
18458	284	25008
10032	159	8528
14086	159	8528
6300	159	8528
25032	330	23528
29086	330	23528
21300	330	23528
23917	330	23528
10328	20	3495
3171	20	3495
25328	321	18495
18171	321	18495
6507	205	8251
21507	284	23251
13392	226	8991
10483	226	8991
3696	226	8991
28392	414	23991
25483	414	23991
15068	414	23991
10279	145	4628
10279	226	8820
10279	226	13256
25279	296	19628
25279	414	23820
25279	414	28256
25279	414	27870
8130	51	1296
8130	159	8681
23130	416	16296
23130	330	23681
2364	41	4468
2364	41	1459
17364	248	19468
17364	248	16459
1665	226	6663
10362	226	6663
2020	226	6663
25362	414	21663
25362	414	21663
17020	414	21663
17020	414	21663
6252	53	3004
6252	98	5911
21252	250	18004
21252	319	20911
1607	205	6440
16607	284	21440
13251	172	656
28251	293	15656
8815	20	4944
8815	189	5326
23815	321	19944
23815	344	20326
9382	205	4884
9382	226	14195
24382	284	19884
24382	414	29195
14553	160	3217
5086	49	3217
8751	49	3217
29553	351	18217
18115	410	18217
18115	410	18217
18115	410	18217
2212	156	1515
17212	303	16515
10265	205	3439
10265	4	2901
10265	159	8578
25265	414	18439
25265	296	17901
25265	330	23578
3235	145	4424
3235	205	9123
3235	4	718
18235	364	19424
18235	284	24123
18235	296	15718
18235	364	18362
9488	151	14108
14108	225	9488
9488	159	1157
24488	368	29108
29108	267	24488
24488	330	16157
24488	416	15914
1961	226	5936
1961	226	14323
1961	226	9222
16961	414	20936
16961	414	29323
16961	414	24222
10332	145	688
13435	145	688
1298	145	688
25332	364	15688
28435	364	15688
16298	364	15688
8625	53	3124
8625	53	4753
23625	250	18124
23625	250	19753
8258	226	2721
9145	226	2721
2776	226	2721
23271	414	17721
24145	414	17721
17776	414	17721
22213	414	17721
1937	226	5443
1577	226	5443
1120	226	5443
16937	414	20443
16577	414	20443
16120	414	20443
15973	414	20443
2128	53	3988
2128	144	3353
17128	250	18988
17128	294	18353
1052	20	3129
13675	20	3129
8362	20	3129
22858	321	18129
28675	321	18129
23362	321	18129
21598	321	18129
10433	226	7886
25433	414	22886
8039	53	13332
8039	44	2
23039	250	28332
23039	357	15002
9102	23	1624
10426	23	1624
25426	259	16624
25426	259	16624
14836	4	10154
8587	4	10154
8325	4	10154
29836	296	25154
23587	296	25154
25336	296	25154
21406	296	25154
4057	226	8884
4057	226	8820
4057	226	4019
19057	414	23884
19057	414	23820
19057	414	19019
19057	414	19317
10374	159	5774
10374	226	3903
10374	226	89
25374	330	20774
25374	414	18903
25374	414	15089
25374	414	24358
4851	51	914
1512	51	914
5584	51	914
20584	416	15914
19851	416	15914
20584	416	15914
24488	416	15914
6614	33	5284
6614	33	13161
21614	290	20284
21614	290	28161
8229	226	4807
2029	226	4807
1821	226	4807
23229	414	19807
17029	414	19807
16821	414	19807
18167	414	19807
10014	42	5973
2066	42	5973
3342	42	5973
17211	250	20973
17211	250	20973
17211	250	20973
17211	250	20973
1603	205	2144
16603	284	17144
4848	226	5907
2591	226	5907
13108	226	5907
23057	414	20907
21067	414	20907
28108	414	20907
22436	414	20907
3917	4	6053
3917	159	2545
18917	296	21053
18917	330	17545
4530	226	5940
4530	4	1431
4530	226	12957
19530	414	20940
19530	296	16431
19530	414	27957
6628	226	10039
6628	226	14048
6628	205	9379
21628	414	25039
21628	414	29048
21628	284	24379
5091	4	8703
5091	226	10039
20091	296	23703
20091	414	25039
7915	48	5245
22915	381	20245
496	226	8033
8033	56	10285
10285	223	8033
15496	414	23033
23033	268	25285
25285	394	23033
17474	414	23033
12893	61	9648
26	61	9648
5095	189	9648
27893	344	24648
20095	344	24648
20095	344	24648
23103	344	24648
7259	205	6556
7259	226	31
7259	226	2442
22259	284	21556
22259	414	15031
22259	414	17442
14690	226	4750
2264	226	4750
728	226	4750
29690	414	19750
17264	414	19750
15728	414	19750
27968	414	19750
2005	159	502
2005	226	814
2005	226	14034
17005	330	15502
17005	414	15814
17005	414	29034
17005	414	16282
1320	226	8865
8836	226	8865
2045	226	8865
16320	414	23865
23836	414	23865
17045	414	23865
28818	414	23865
3361	225	14224
14224	151	3361
3361	61	954
18361	267	29224
29224	368	18361
18361	344	15954
9931	159	10267
9677	159	10267
1804	159	10267
24931	330	25267
24677	330	25267
16804	381	25267
16804	381	25267
2307	41	2833
17307	248	17833
2495	226	9317
14604	226	9317
2029	226	9317
17495	414	24317
29604	414	24317
17029	414	24317
18831	414	24317
4066	169	3612
8925	169	3612
13213	169	3612
19066	411	18612
23925	411	18612
28213	411	18612
15908	411	18612
3747	94	7636
7636	184	3747
22636	258	18747
22636	331	18747
10409	33	3757
10409	33	2237
10409	33	6532
25409	290	18757
25409	290	17237
25409	290	24589
25409	290	29671
8089	20	12818
8089	61	7770
23089	321	27818
23089	344	22770
204	60	1667
15464	362	16667
1889	53	1499
14355	53	1499
8199	53	1499
24757	250	16499
29355	250	16499
23199	250	16499
24757	250	16499
1640	226	5517
4181	226	5517
8062	226	5517
16640	414	20517
19181	414	20517
23062	414	20517
17908	414	20517
2661	20	14221
17661	321	29221
1393	48	14011
1393	4	2349
1393	48	5969
16393	381	29011
16393	296	17349
16393	381	20969
3011	160	2330
18011	351	17330
5725	75	14378
5725	226	4510
20725	311	29378
20725	414	19510
5606	226	7491
20606	414	22491
4407	205	3640
4407	226	9189
4407	145	9002
19407	284	18640
19407	414	24189
19407	304	24002
13427	42	3835
9190	42	3835
28427	250	18835
24190	250	18835
2593	33	4635
17593	290	19635
9370	154	5886
9370	156	9938
24370	284	20886
24370	303	24938
185	20	7329
8218	20	7329
14670	20	7329
15185	321	22329
15185	321	22329
29670	321	22329
10349	61	2712
14067	61	2712
12763	61	2712
25349	344	17712
29067	344	17712
27763	344	17712
25349	344	17712
5481	226	13242
5481	4	1900
5481	226	5628
20481	414	28242
20481	296	16900
20481	414	20628
20481	330	23578
8617	49	1339
23617	410	16339
4991	226	7186
14782	226	7186
19991	414	22186
29782	414	22186
775	226	14985
775	226	3903
775	226	8659
15775	414	29985
15775	414	18903
15775	414	23659
15775	284	16365
435	159	3765
2084	145	3765
5962	159	3765
15435	330	18765
17084	364	18765
24267	330	18765
21681	330	18765
1321	226	1497
1321	159	6541
1321	226	9358
16321	414	16497
16321	330	21541
16321	414	24358
16321	284	20173
6069	61	13047
21069	344	28047
13358	151	3790
3790	225	13358
28358	368	18790
18790	267	28358
676	226	4125
3425	226	4125
4486	226	4125
15676	414	19125
18425	414	19125
19486	414	19125
29406	414	19125
6994	15	8676
6994	53	13574
21994	336	23676
21994	250	28574
5039	159	6637
5039	226	6447
5039	226	4611
20039	330	21637
20039	414	21447
20039	414	19611
8452	48	14720
8452	205	13271
8452	4	191
23452	381	29720
23452	284	28271
23452	296	15191
368	226	6259
368	226	2087
368	226	14790
15368	414	21259
15368	414	17087
15368	414	29790
3780	4	13928
3780	75	13300
3780	226	5617
18780	296	28928
18780	311	28300
18780	414	20617
18780	284	28104
4511	226	712
4511	226	811
4511	75	9485
19511	414	15712
19511	414	15811
19511	311	24485
19511	284	28131
7403	145	13564
7403	226	9715
22403	364	28564
22403	414	24715
5316	226	6456
14656	226	6456
14936	226	6456
20316	414	21456
29656	414	21456
29936	414	21456
18102	414	21456
3084	226	649
13365	226	649
7175	226	649
22175	414	15649
28365	414	15649
22175	414	15649
18084	414	15649
4042	205	8791
19042	364	23791
1285	156	6033
5542	156	6033
2116	156	6033
16521	303	21033
16521	303	21033
16521	303	21033
16521	303	21033
4299	190	3757
3446	33	3757
1629	33	3757
19299	290	18757
18446	290	18757
19299	290	18757
29464	290	18757
1498	56	14371
1498	41	2385
16498	268	29371
16498	248	17385
2287	4	2632
2287	159	10267
17287	296	17632
17287	330	25267
2473	205	4030
17473	284	19030
13821	51	301
10054	51	301
3494	51	301
28821	416	15301
18494	416	15301
18494	416	15301
18753	416	15301
8787	99	13678
23787	351	28678
5606	226	8247
5606	226	14636
5606	226	7491
20606	414	23247
20606	414	29636
20606	414	22491
7149	33	6279
22149	290	21279
8809	159	7951
2515	226	7951
14827	159	7951
23809	330	22951
17515	414	22951
29827	330	22951
18267	330	22951
4344	226	4557
4344	226	2442
19344	414	19557
19344	414	17442
13972	226	6811
14080	226	6811
1203	226	6811
28972	414	21811
29080	414	21811
16203	414	21811
561	49	6602
5122	160	6602
6206	160	6602
15561	410	21602
15561	410	21602
15561	410	21602
15561	410	21602
14588	156	1500
14453	156	1500
29588	303	16500
29453	303	16500
4156	226	1151
3388	226	1151
319	226	1151
15319	414	16151
18388	414	16151
15319	414	16151
6196	4	2595
6196	75	13300
6196	226	6337
21196	296	17595
21196	311	28300
21196	414	21337
21196	284	21150
1085	226	41
16085	414	15041
980	144	6660
4756	144	6660
6660	1	8484
18330	294	21660
19756	294	21660
21660	334	23484
21194	294	21660
5405	226	14244
5405	226	14217
5405	48	6928
20405	414	29244
20405	414	29217
20405	330	21928
20405	414	17605
6301	226	7097
5622	226	7097
3340	226	7097
21301	414	22097
20622	414	22097
18340	414	22097
28004	414	22097
14257	4	9861
4575	4	9861
4842	4	9861
29257	296	24861
19575	296	24861
19842	296	24861
2841	145	13665
2841	48	13217
2841	4	7520
17841	364	28665
17841	381	28217
17841	296	22520
17841	330	22456
5144	61	14193
13054	225	5144
5144	151	13054
20144	344	29193
28054	267	20144
20144	368	28054
3103	189	5931
18103	344	20931
2175	145	4253
8272	145	4253
13592	145	4253
24691	364	19253
23272	364	19253
28592	364	19253
24691	364	19253
1089	4	1900
1089	48	10250
1089	205	6150
16089	296	16900
16089	414	25250
16089	284	21150
16089	364	15550
6623	226	3897
3995	226	3897
4152	226	3897
21623	414	18897
18995	414	18897
19152	414	18897
17505	414	18897
5410	51	5874
4440	51	5874
13820	51	5874
19440	416	20874
19440	416	20874
28820	416	20874
15373	416	20874
9147	226	9260
9147	4	7373
9147	226	6822
24147	414	24260
24147	296	22373
24147	414	21822
9593	41	3190
24593	248	18190
1791	226	9092
6021	226	9092
8935	226	9092
16791	414	24092
21021	414	24092
23935	414	24092
29174	414	24092
5183	144	689
14368	156	689
13496	156	689
25117	294	15689
29368	303	15689
28496	303	15689
17125	294	15689
3599	75	244
18599	311	15244
7372	226	14428
7372	226	8820
7372	226	8884
22372	414	29428
22372	414	23820
22372	414	23884
5739	205	9123
5739	75	2535
5739	4	718
20739	284	24123
20739	311	17535
20739	296	15718
8417	48	13549
8417	20	4088
8417	20	2773
23417	344	28549
23417	321	17773
23417	321	17773
23417	344	28975
7499	4	14325
7499	226	14306
7499	205	3182
22499	296	29325
22499	414	29306
22499	284	18182
22499	414	23342
13032	20	8524
6975	20	8524
224	20	8524
28032	321	23524
21975	321	23524
21975	321	23524
21975	321	23524
1324	226	5253
4364	226	5253
3367	226	5253
19866	414	20253
19364	414	20253
18367	414	20253
25423	414	20253
9690	125	9703
8841	125	9703
5818	125	9703
23061	409	24703
23841	354	24703
22112	409	24703
22112	409	24703
3481	24	6051
3481	77	10233
3481	29	5646
18481	352	21051
18481	378	25233
18481	369	20646
9313	4	1928
9313	226	3271
24313	296	16928
24313	414	18271
605	205	7432
1665	205	7432
9580	205	7432
15605	284	22432
25362	284	22432
25362	284	22432
27895	284	22432
14304	226	6048
1120	226	6048
4254	226	6048
29304	414	21048
16120	414	21048
19254	414	21048
20692	414	21048
2208	145	12927
2208	226	470
17208	364	27927
17208	414	15470
6604	226	5835
21604	414	20835
254	46	8851
15254	362	23851
10174	226	3763
13142	189	3763
6880	226	3763
25174	414	18763
28142	344	18763
21880	414	18763
17418	414	18763
5467	42	3819
13117	42	3819
9190	42	3819
17760	250	18819
28117	250	18819
24190	250	18819
27799	250	18819
9046	226	7136
9046	159	12924
24046	414	22136
24046	330	27924
2791	145	14727
2791	48	7050
2791	226	8430
17791	377	29727
17791	381	22050
17791	414	23430
17791	284	24618
5484	29	14120
20484	293	29120
1032	46	8274
5593	46	8274
8110	46	8274
16032	362	23274
19558	362	23274
19558	362	23274
19558	362	23274
10102	159	6715
25102	330	21715
10484	226	2707
2707	49	13177
4680	226	2707
25484	414	17707
17707	410	28177
19680	414	17707
15621	414	17707
1978	75	9836
1978	226	4288
16978	311	24836
16978	414	19288
9299	33	13386
9299	33	13161
9299	33	1553
24299	290	28386
24299	290	28161
24299	290	16553
24299	290	17582
1064	205	13976
1064	226	6667
16064	284	28976
16064	414	21667
44	151	5424
5424	225	44
5424	61	13549
15044	368	20424
20424	267	15044
20424	344	28549
6032	226	6477
14644	226	6477
257	226	6477
21032	414	21477
29644	414	21477
15257	414	21477
8674	226	8477
8674	226	5527
8674	15	7083
23674	414	23477
23674	414	20527
23674	336	22083
23674	414	22850
5104	139	2421
20104	397	17421
6534	226	7832
21534	414	22832
3397	20	2344
3397	151	5120
5120	225	3397
18397	321	17344
18397	368	20120
20120	267	18397
18397	402	27754
10491	169	4139
3262	169	4139
12990	169	4139
25491	411	19139
18262	411	19139
27990	411	19139
19831	411	19139
13604	226	6214
4986	226	6214
5952	226	6214
28604	414	21214
24701	414	21214
20952	414	21214
24136	414	21214
12944	189	207
2163	61	207
27944	344	15207
17163	344	15207
4789	4	13928
4789	226	13633
19789	296	28928
19789	414	28633
5377	205	3328
5377	48	5825
20377	284	18328
20377	381	20825
7734	160	3381
22734	351	18381
3867	226	2351
3867	226	9839
18867	414	17351
18867	414	24839
2073	20	4976
8394	20	4976
1912	20	4976
17073	321	19976
16912	321	19976
16912	321	19976
17443	321	19976
5134	159	898
20134	330	15898
1211	205	9806
16211	284	24806
14488	20	1746
5607	20	1746
29488	321	16746
20607	321	16746
8340	226	2605
8340	226	3275
8340	226	6351
23340	414	17605
23340	414	18275
23340	414	21351
9840	226	3378
9840	4	7460
9840	226	4498
24840	414	18378
24840	296	22460
24840	414	19498
10324	226	12932
10324	226	6216
10324	226	13395
25324	414	27932
25324	414	21216
25324	414	28395
671	4	7868
15671	296	22868
6141	160	2383
21141	351	17383
2278	226	4844
2278	226	8316
2278	205	2187
17278	414	19844
17278	414	23316
17278	414	17187
9090	145	8839
9090	205	13725
24090	364	23839
24090	284	28725
7408	189	7260
13602	189	7260
22408	344	22260
28602	364	22260
4625	226	8608
6982	226	8608
3463	226	8608
19625	414	23608
21982	414	23608
21982	414	23608
22445	414	23608
717	226	8884
717	226	8342
15717	414	23884
15717	414	23342
14650	20	5918
14178	20	5918
468	20	5918
29650	321	20918
29178	321	20918
15468	321	20918
29596	321	20918
14499	151	4117
4117	225	14499
4117	53	3004
29499	368	19117
19117	267	29499
19117	250	18004
19117	319	20911
14903	159	1696
462	159	1696
29903	330	16696
15462	330	16696
1280	222	9013
5347	222	9013
5325	222	9013
16280	341	24013
20347	341	24013
16280	341	24013
2207	226	4703
14013	226	4703
17207	414	19703
29013	414	19703
9100	226	6448
8658	226	6448
24100	414	21448
23658	414	21448
14916	20	385
2129	20	385
6147	20	385
29916	321	15385
16990	321	15385
16990	321	15385
16990	321	15385
959	160	8512
15959	351	23512
10093	226	7880
674	145	7880
391	226	7880
25093	414	22880
15674	414	22880
15391	414	22880
24218	414	22880
2029	226	9317
2029	226	4807
17029	414	24317
17029	414	19807
6281	226	6126
9608	226	6126
728	226	6126
21281	414	21126
24608	414	21126
15728	414	21126
20934	414	21126
564	103	4211
15564	379	19211
216	226	827
216	226	9287
216	226	10315
15216	414	15827
15216	414	24287
15216	414	25315
15216	364	21902
2984	48	4168
2575	48	4168
5003	159	4168
18080	330	19168
18080	330	19168
20003	330	19168
18080	330	19168
52	226	6694
15052	414	21694
10038	4	5299
10038	48	47
10038	48	4953
25038	296	20299
25038	414	15047
25038	381	19953
25038	284	18053
238	226	13850
238	48	3766
15238	414	28850
15238	330	18766
428	205	4884
428	226	8021
15428	284	19884
15428	414	23021
3695	205	14425
3695	226	14425
18695	364	29425
18695	411	29425
7884	20	14221
22884	321	29221
6124	226	1793
21124	414	16793
13061	226	1675
3248	226	1675
8658	226	1675
28061	414	16675
18248	414	16675
23658	414	16675
16762	414	16675
4268	225	13014
13014	151	4268
19268	267	28014
28014	368	19268
10161	169	2076
4355	169	2076
14299	169	2076
25161	411	17076
19355	411	17076
29299	411	17076
27822	411	17076
8053	226	7958
8053	4	5702
23053	414	22958
23053	296	20702
4277	226	8117
4277	226	9121
19277	414	23117
19277	414	24121
1382	226	2536
1382	205	5041
16382	414	17536
16382	284	20041
676	145	6063
9032	145	6063
2658	145	6063
15676	364	21063
24032	364	21063
17658	364	21063
9849	4	13928
9849	145	14721
24849	296	28928
24849	377	29721
1009	61	12923
16009	344	27923
13060	169	9662
28060	411	24662
14113	41	8319
14831	127	8319
555	41	8319
29113	248	23319
29831	248	23319
15555	248	23319
15555	248	23319
3241	226	10315
3241	226	8886
18241	414	25315
18241	414	23886
7233	205	2335
7233	226	12791
22233	284	17335
22233	414	27791
1521	222	5256
1521	156	6033
16521	341	20256
16521	303	21033
6406	226	10176
6406	4	10154
21406	414	25176
21406	296	25154
2673	226	2613
17673	414	17613
3956	49	4865
18956	410	19865
61	48	195
61	226	5907
15061	330	15195
15061	414	20907
7806	49	7361
22806	410	22361
7412	42	5350
22412	250	20350
14829	189	8698
29829	344	23698
8560	48	9410
14692	226	9410
3324	226	9410
24848	330	24410
29692	414	24410
24848	381	24410
23560	414	24410
149	159	2632
149	226	1092
15149	330	17632
15149	414	16092
6698	226	14867
6698	226	12870
21698	414	29867
21698	414	27870
14248	145	4234
29248	364	19234
6196	205	6150
8548	205	6150
12938	205	6150
21196	284	21150
23548	284	21150
27938	284	21150
16089	284	21150
2084	75	9211
17084	304	24211
1348	226	7814
10441	226	7814
13297	226	7814
16348	414	22814
25441	414	22814
28297	414	22814
29528	414	22814
2900	33	7236
2900	33	4847
2900	33	13386
17900	290	22236
17900	290	19847
17900	290	28386
8535	205	8251
23535	284	23251
7641	70	13691
7641	43	13691
28691	400	22641
28691	287	22641
3152	226	4863
153	226	4863
13526	226	4863
18152	414	19863
15153	414	19863
28526	414	19863
9311	226	732
9311	226	507
9311	226	14587
24311	414	15732
24311	414	15507
24311	414	29587
6646	49	14900
6646	46	13529
21646	410	29900
21646	362	28529
7108	46	2733
13713	46	2733
859	46	2733
22108	362	17733
28713	362	17733
15859	362	17733
21156	362	17733
3557	226	4019
6212	226	4019
2625	226	4019
18557	414	19019
22567	414	19019
17625	414	19019
19057	414	19019
3333	11	9920
6068	49	9920
13823	49	9920
21068	410	24920
21068	410	24920
28823	410	24920
5107	75	9836
5107	4	255
20107	304	24836
20107	296	15255
9340	226	4611
9340	205	1286
24340	414	19611
24340	284	16286
7702	160	1265
22702	351	16265
7839	75	13300
7839	48	13914
22839	311	28300
22839	414	28914
6424	48	12889
6424	145	14727
6424	226	8414
21424	381	27889
21424	364	29727
21424	414	23414
21424	381	22050
13931	225	8410
8410	151	13931
8410	20	14162
28931	267	23410
23410	368	28931
23410	321	29162
18	75	13300
18	226	10285
18	226	8282
15018	311	28300
15018	414	25285
15018	414	23282
6257	226	13850
21257	414	28850
1578	61	13629
1578	145	14420
1578	20	9641
16578	344	28629
16578	344	29420
16578	321	24641
16578	344	16830
12953	145	7548
8063	48	7548
13037	145	7548
27953	364	22548
25188	364	22548
28037	364	22548
25188	364	22548
7659	226	14367
7659	226	13736
7659	226	8522
22659	414	29367
22659	414	28736
22659	381	20339
22659	381	20339
3169	156	888
13337	156	888
1519	156	888
18169	303	15888
28337	303	15888
18169	303	15888
24190	303	15888
4048	226	14757
4048	226	14235
19048	414	29757
19048	414	29235
8216	226	3108
8216	226	1709
8216	159	1185
23216	414	18108
23216	414	16709
23216	330	16185
23216	284	28722
7826	33	9686
7826	139	340
7826	33	6947
22826	290	24686
22826	397	15340
22826	290	21947
22826	290	15950
4166	240	14497
19166	280	29497
5030	205	2170
20030	364	17170
7377	205	2139
1160	205	2139
9032	205	2139
22377	284	17139
16160	284	17139
24032	284	17139
22789	284	17139
6197	4	3864
6197	159	6897
21197	296	18864
21197	330	21897
1967	156	2483
16967	303	17483
4689	89	6140
19689	248	21140
6756	156	1692
6756	53	4753
21756	303	16692
21756	250	19753
13812	48	10473
21	48	10473
14374	48	10473
28812	414	25473
15021	414	25473
29374	414	25473
2795	41	14777
2795	115	10341
2795	49	2362
17795	248	29777
17795	343	25341
17795	342	19060
13938	226	9730
1832	226	9730
13837	226	9730
28938	414	24730
16832	414	24730
28837	414	24730
28098	414	24730
5348	20	9745
3728	20	9745
9744	20	9745
20348	321	24745
18728	321	24745
18728	321	24745
18949	321	24745
5637	226	13631
5637	200	6259
5637	48	8389
20637	414	28631
20637	414	21259
20637	381	23389
14774	200	3885
1053	200	3885
4155	200	3885
29774	414	18885
16053	414	18885
19155	414	18885
17474	414	18885
7299	226	8098
22299	414	23098
5320	41	495
20320	248	15495
1810	159	14249
16810	330	29249
6043	226	2707
6043	226	5494
21043	414	17707
21043	414	20494
4290	159	10450
4255	159	10450
14785	48	10450
19255	373	25450
19255	373	25450
29785	411	25450
1938	190	14207
16938	290	29207
8231	48	9718
5579	48	9718
8860	48	9718
16847	381	24718
20579	330	24718
23860	330	24718
16847	381	24718
9640	33	340
9640	139	3551
24640	290	15340
24640	397	18551
2771	4	13968
2771	48	4116
2771	226	14229
17771	296	28968
17771	381	19116
17771	414	29229
1890	159	7456
2841	48	7456
7056	48	7456
16890	381	22456
17841	330	22456
21738	330	22456
28345	330	22456
10375	226	9399
10375	48	7923
10375	226	7034
25375	414	24399
25375	330	22923
25375	414	22034
10093	226	7880
25093	414	22880
13524	48	6978
6978	160	13678
28524	411	21978
21978	351	28678
7244	107	3955
6665	107	3955
986	107	3955
21665	312	18955
21665	312	18955
21665	312	18955
21665	312	18955
9837	226	8284
14637	226	8284
5669	226	8284
24837	414	23284
29637	414	23284
20669	414	23284
3936	160	8523
14417	160	8523
7004	160	8523
16789	351	23523
29417	351	23523
17424	351	23523
16789	351	23523
4625	226	470
14832	226	470
2208	226	470
19625	414	15470
29832	414	15470
17208	414	15470
22472	414	15470
13908	226	4911
153	226	4911
8682	226	4911
28908	414	19911
15153	414	19911
23682	414	19911
19911	351	21158
14735	226	1792
3027	226	1792
13078	226	1792
29735	414	16792
18027	414	16792
28078	414	16792
17662	414	16792
7500	159	10448
7500	205	1065
7500	4	1258
22500	330	25448
22500	284	16065
22500	296	16258
9888	156	2756
5152	156	2756
13542	156	2756
24888	303	17756
20152	303	17756
28542	303	17756
28820	303	17756
5120	20	2344
3397	151	5120
5120	225	3397
20120	321	17344
18397	368	20120
20120	267	18397
20120	402	27754
669	226	681
669	4	8077
15669	414	15681
15669	296	23077
7681	48	12889
7681	205	5041
7681	159	8936
22681	381	27889
22681	284	20041
22681	330	23936
22681	414	15542
9958	48	1708
9958	61	4135
24958	402	19135
24958	402	19135
1541	49	14512
1541	115	4169
16541	410	29512
16541	343	19169
3729	226	5121
3921	226	5121
9129	226	5121
18729	414	20121
18921	414	20121
24129	414	20121
28184	414	20121
193	168	14940
15193	269	29940
4176	226	6702
9696	226	6702
1336	226	6702
16336	414	21702
16336	414	21702
16336	414	21702
682	98	9212
15682	319	24212
10198	159	8856
10198	226	2074
25198	330	23856
25198	414	17074
5689	226	4766
4625	226	4766
8877	226	4766
20689	414	19766
19625	414	19766
23877	414	19766
20821	330	19766
2562	226	8247
17562	414	23247
5820	226	14534
5820	75	13300
5820	4	5702
20820	414	29534
20820	311	28300
20820	296	20702
2926	4	3864
17926	296	18864
4849	169	14803
19849	411	29803
381	205	2855
3469	205	2855
4214	205	2855
15135	284	17855
18469	284	17855
19214	284	17855
29839	284	17855
8825	226	7875
23825	414	22875
1024	107	4274
16024	312	19274
9492	75	2401
148	75	2401
13193	75	2401
24492	304	17401
15148	311	17401
28193	311	17401
24492	304	17401
5382	53	13347
5382	156	9001
20382	250	28347
20382	303	24001
2094	226	3409
868	226	3409
2293	226	3409
15868	414	18409
15868	414	18409
15868	414	18409
28239	414	18409
7108	41	7000
7108	46	2733
22108	248	22000
22108	362	17733
3723	79	14900
9010	41	3723
12877	41	3723
18723	293	29900
20814	248	18723
27877	248	18723
20814	248	18723
2542	226	14150
2542	226	4987
2542	4	925
17542	414	29150
17542	414	19987
17542	296	15925
3255	4	1504
3255	226	2672
3255	205	8251
18255	296	16504
18255	414	17672
18255	284	23251
18255	414	23910
6986	226	542
6986	145	4665
6986	159	5453
21986	414	15542
21986	364	19665
21986	330	20453
21986	414	15662
9313	226	3271
13417	226	3271
1240	226	3271
24313	414	18271
28417	414	18271
16240	414	18271
27766	414	18271
3456	226	7493
5523	189	7493
8898	226	7493
18456	414	22493
20523	344	22493
23898	414	22493
6632	226	8884
6632	226	5253
6632	226	1186
21632	414	23884
21632	414	20253
21632	414	16186
8219	41	14153
23219	248	29153
8959	226	6950
13534	226	6950
23959	414	21950
28534	414	21950
6728	75	13300
6728	226	5747
21728	311	28300
21728	414	20747
809	48	5893
8341	48	5893
15809	381	20893
23341	381	20893
2073	151	14380
14380	225	2073
2073	20	4976
17073	368	29380
29380	267	17073
17073	321	19976
6898	226	1304
21898	414	16304
5796	4	7506
14832	4	7506
12936	4	7506
20796	296	22506
29832	296	22506
27936	296	22506
22472	296	22506
8215	4	2095
23215	296	17095
10489	61	3439
25489	402	18439
3080	226	757
2986	226	757
5003	226	757
18080	414	15757
20003	414	15757
20003	414	15757
28957	414	15757
3869	75	14652
3869	226	13621
3869	226	7023
18869	304	29652
18869	414	28621
18869	414	22023
2579	145	6217
17579	364	21217
7515	159	4824
7515	205	13275
7515	226	13302
22515	330	19824
22515	284	28275
22515	414	28302
14124	169	4727
985	169	4727
4769	169	4727
29124	411	19727
15985	411	19727
15985	411	19727
29898	411	19727
13643	151	4687
4687	225	13643
4687	20	1269
28643	368	19687
19687	267	28643
19687	321	16269
5540	189	14530
20540	344	29530
8354	53	6136
8354	144	4157
23354	250	21136
23354	294	19157
5338	145	4224
20338	364	19224
9359	205	13536
9359	226	9555
24359	284	28536
24359	414	24555
4112	61	6957
4112	20	850
19112	344	21957
19112	321	15850
9401	226	4671
9401	226	4557
24401	414	19671
24401	414	19557
8414	49	4865
6424	226	8414
13167	226	8414
23414	410	19865
21424	414	23414
28167	414	23414
22011	414	23414
918	20	13134
15918	321	28134
4831	169	4139
4831	159	994
19831	411	19139
19831	381	15994
8255	145	2999
8255	4	2632
8255	226	6355
23255	364	17999
23255	296	17632
23255	414	21355
23255	381	16547
5107	4	255
13646	4	255
20107	296	15255
28646	296	15255
1968	205	13271
1968	75	7083
16968	284	28271
16968	311	22083
1982	33	2496
1982	33	3674
16982	290	17496
16982	290	18674
2677	226	7682
7828	226	7682
7092	226	7682
17677	414	22682
22828	414	22682
22092	414	22682
24089	414	22682
4951	160	10364
19951	351	25364
7800	145	12927
22800	364	27927
5159	160	13073
5159	139	6198
20159	351	28073
20159	397	21198
8200	4	3772
8692	4	3772
449	4	3772
15449	296	18772
23692	296	18772
15449	296	18772
15321	296	18772
10025	225	12774
12774	151	10025
25025	267	27774
27774	368	25025
13423	172	5691
28423	293	20691
4530	4	1431
1890	4	1431
4328	4	1431
19530	296	16431
16890	296	16431
19328	296	16431
15760	296	16431
5622	75	7696
5622	4	2996
5622	226	7097
20622	311	22696
20622	296	17996
20622	414	22097
7182	226	13630
7182	226	904
7182	159	7502
22182	414	28630
22182	414	15904
22182	330	22502
4313	205	4004
4313	226	7023
4313	226	5530
19313	284	19004
19313	414	22023
19313	414	20530
7249	4	8240
10128	4	8240
2856	4	8240
22249	296	23240
25128	296	23240
17856	296	23240
22391	296	23240
14587	170	7816
6326	226	7816
7816	160	6158
22816	396	29587
21326	414	22816
22816	351	21158
22816	394	29428
8962	205	13616
8962	159	5694
23962	284	28616
23962	311	20694
1898	20	5211
16898	321	20211
8045	4	8703
13305	4	8703
5091	4	8703
23045	296	23703
28305	296	23703
20091	296	23703
7988	49	13073
7988	41	7362
22988	410	28073
22988	248	22362
5601	226	4100
1589	226	4100
9864	226	4100
20601	414	19100
16589	414	19100
24864	414	19100
29080	414	19100
7183	226	10176
7183	226	1840
7183	226	13266
22183	414	25176
22183	414	16840
22183	414	28266
7988	41	7362
8563	41	7362
14186	41	7362
22988	248	22362
22988	248	22362
29186	248	22362
8462	159	6780
8462	4	1412
8462	4	2901
23462	414	21780
23462	296	16412
23462	296	17901
23462	414	22387
3075	4	6240
4922	4	6240
8478	4	6240
23478	296	21240
23478	296	21240
23478	296	21240
16702	296	21240
6951	205	5358
5358	160	1834
21951	284	20358
20358	351	16834
860	41	2762
15860	248	17762
3167	205	7752
3167	226	4807
3167	226	487
18167	284	22752
18167	414	19807
18167	414	15487
10014	51	7125
8730	51	7125
7788	51	7125
17211	257	22125
17211	257	22125
17211	257	22125
17211	257	22125
13080	226	1822
6395	226	1822
6470	226	1822
28080	414	16822
21395	414	16822
21470	414	16822
19046	414	16822
6548	159	5339
7659	159	5339
21548	330	20339
22659	381	20339
2786	61	5127
17786	344	20127
3138	226	7230
18138	414	22230
7947	226	5750
7947	116	10266
7947	226	7850
22947	414	20750
22947	390	25266
22947	414	22850
10043	41	13918
25043	248	28918
3177	226	1850
10497	226	1850
1850	49	6158
18177	414	16850
25497	414	16850
16850	410	21158
20014	414	16850
2342	4	2996
2342	205	9645
2342	48	8389
17342	296	17996
17342	284	24645
17342	373	23389
3761	41	3592
14831	41	3592
9573	41	3592
18761	248	18592
29831	248	18592
24573	248	18592
17482	317	18592
8129	48	13099
8129	226	2605
23129	330	28099
23129	414	17605
8551	53	6136
8551	51	14026
23551	250	21136
23551	416	29026
8872	226	14172
8872	159	6897
23872	414	29172
23872	330	21897
8037	53	6136
8037	156	9938
23037	250	21136
23037	303	24938
8051	160	4561
1090	160	4561
23051	271	19561
19321	271	19561
13364	159	8770
12750	159	8770
28364	330	23770
27750	330	23770
2862	48	968
2862	4	8833
17862	381	15968
17862	296	23833
1032	160	894
1032	46	8274
16032	351	15894
16032	362	23274
1937	226	13328
1937	226	5443
1937	205	3910
16937	414	28328
16937	414	20443
16937	284	18910
7003	61	14247
22003	344	29247
2020	226	4671
2020	75	13215
2020	226	6663
17020	414	19671
17020	311	28215
17020	414	21663
3882	226	6865
3882	205	4030
18882	414	21865
18882	284	19030
8891	44	296
8891	53	13044
23891	357	15296
23891	250	28044
14690	205	9123
2404	205	9123
3056	205	9123
29690	284	24123
17404	284	24123
18056	284	24123
20739	284	24123
13160	190	8977
1455	190	8977
5649	190	8977
28160	290	23977
16455	290	23977
16455	290	23977
14964	160	7942
3639	160	7942
8244	160	7942
29964	351	22942
22079	410	22942
22079	410	22942
24792	351	22942
4322	205	3216
4322	48	14591
19322	284	18216
19322	330	29591
6943	49	14264
21943	410	29264
9333	4	1900
9333	145	550
9333	159	2433
24333	296	16900
24333	364	15550
24333	330	17433
24333	364	25250
4136	226	8884
4136	226	14867
4136	226	14587
19136	414	23884
19136	414	29867
19136	414	29587
1822	160	1877
3475	160	1877
3278	49	1877
16822	351	16877
16822	351	16877
16822	351	16877
10478	160	6920
620	160	6920
6720	49	6920
24857	351	21920
15620	351	21920
21720	410	21920
24857	351	21920
6051	29	5646
5920	160	5646
3481	29	5646
21051	287	20646
19285	271	20646
18481	369	20646
19285	271	20646
3490	96	6198
3490	96	5598
18490	363	21198
18490	363	21198
5413	226	47
5413	48	4585
5413	205	2462
20413	414	15047
20413	381	19585
20413	284	17462
7415	226	10285
22415	414	25285
10015	23	14074
10015	103	4074
25015	259	29074
25015	293	19074
6356	156	7287
21356	303	22287
10305	226	583
10305	205	7267
25305	414	15583
25305	284	22267
1307	205	3216
1307	226	7136
1307	226	14323
16307	284	18216
16307	414	22136
16307	414	29323
16307	414	24222
983	205	10113
15983	284	25113
1255	190	14158
16255	290	29158
4349	41	6712
19349	248	21712
2533	61	13975
2533	20	2773
2533	61	7314
17533	344	28975
17533	321	17773
17533	344	22314
1240	226	6169
1240	159	14249
1240	205	8251
16240	414	21169
16240	330	29249
16240	284	23251
16240	414	17142
1672	103	6341
1672	103	5646
16672	369	21341
16672	369	20646
7938	205	7752
7938	226	5819
22938	284	22752
22938	414	20819
7990	190	5240
7990	33	5389
7990	33	2237
22990	290	20240
22990	290	20389
22990	290	17237
22990	290	23254
597	49	12967
597	50	3887
15597	410	27967
15597	248	18887
13761	41	2038
28761	248	17038
2644	160	4817
14964	49	4817
8493	160	4817
17644	351	19817
29964	410	19817
23493	351	19817
28925	351	19817
853	4	8468
853	75	2401
15853	296	23468
15853	311	17401
4931	20	1476
4931	61	14457
19931	321	16476
19931	344	29457
2544	226	9284
17544	414	24284
10156	61	9315
25156	344	24315
14865	226	9177
13209	226	9177
9177	195	7968
29865	414	24177
28209	414	24177
24177	318	22968
25304	414	24177
4897	77	1557
19897	378	16557
4547	226	7023
4547	226	5527
4547	226	487
19547	414	22023
19547	414	20527
19547	414	15487
7887	4	925
7887	226	719
22887	296	15925
22887	414	15719
4831	159	994
9891	48	994
4825	48	994
19831	381	15994
24891	330	15994
19831	330	15994
12975	159	6914
13444	159	6914
13364	159	6914
27975	330	21914
28444	330	21914
28364	330	21914
28605	330	21914
8845	160	816
23845	351	15816
4053	168	14940
4053	144	7709
4053	168	7437
19053	269	29940
19053	294	22709
19053	269	22437
1743	48	5776
14056	48	5776
3661	159	5776
17305	330	20776
29056	330	20776
18661	330	20776
17305	330	20776
3359	205	13131
3359	4	2349
3359	226	14633
18359	284	28131
18359	296	17349
18359	414	29633
6740	48	9980
6740	145	5096
6740	205	10131
21740	330	24980
21740	414	20096
21740	284	25131
21740	411	24678
3747	94	7636
7636	184	3747
22636	258	18747
22636	331	18747
861	189	13718
15861	344	28718
858	6	14625
858	225	9319
29625	307	15858
15858	267	24319
10304	205	1365
775	205	1365
14998	205	1365
25304	284	16365
15775	284	16365
29998	284	16365
28013	284	16365
8548	226	7216
8548	145	5969
8548	226	7958
23548	414	22216
23548	364	20969
23548	414	22958
23548	284	21150
9329	226	7366
4536	226	7366
7720	226	7366
24329	414	22366
19536	414	22366
22720	414	22366
15728	414	22366
7824	205	4884
7824	226	1333
22824	284	19884
22824	414	16333
4344	226	2442
7259	226	2442
2442	160	6158
19344	414	17442
22259	414	17442
17442	351	21158
22598	414	17442
4837	226	10236
4837	226	732
4837	226	8117
19837	414	25236
19837	414	15732
19837	414	23117
9239	89	3272
24239	248	18272
1373	226	2536
1373	226	14697
16373	414	17536
16373	414	29697
5002	226	14926
5002	226	730
20002	414	29926
20002	414	15730
7819	159	14771
7819	4	4971
7819	226	8871
22819	330	29771
22819	296	19971
22819	414	23871
22819	364	22222
14023	61	4679
8085	61	4679
29023	344	19679
23085	344	19679
135	205	2855
135	48	5063
15135	284	17855
15135	330	20063
2623	226	1914
2623	145	4323
2623	226	13621
17623	364	19323
17623	364	19323
17623	414	28621
110	46	6276
110	41	7223
15110	362	21276
15110	248	22223
7908	160	6012
22908	351	21012
14778	25	4879
29778	285	19879
7628	69	2441
22628	290	17441
6839	4	7339
6277	4	7339
8439	4	7339
21839	296	22339
21277	296	22339
23439	296	22339
5543	226	9177
5543	226	9358
20543	414	24177
20543	414	24358
1884	226	289
1884	226	7545
16884	414	15289
16884	414	22545
10433	226	7886
7950	226	7886
4832	226	7886
25433	414	22886
25433	414	22886
19832	414	22886
20360	414	22886
4316	189	3162
7512	48	3162
447	61	3162
22512	344	18162
22512	344	18162
22512	344	18162
22512	344	18162
13764	172	281
28764	293	15281
3616	156	6940
18616	303	21940
7184	61	7770
8089	61	7770
14343	61	7770
23089	344	22770
23089	344	22770
29343	344	22770
23499	344	22770
1614	226	5940
1614	48	6154
1614	145	13665
16614	414	20940
16614	381	21154
16614	364	28665
16614	381	28217
14265	159	4185
8715	48	4185
4517	48	4185
29265	330	19185
23715	330	19185
23715	330	19185
4365	205	4030
4365	226	14012
4365	226	6250
19365	284	19030
19365	414	29012
19365	414	21250
3265	226	1886
9032	200	1886
14192	145	1886
18265	414	16886
24032	414	16886
29192	364	16886
28227	364	16886
9755	75	13300
9755	226	4987
9755	226	8910
24755	311	28300
24755	414	19987
24755	414	23910
14123	160	5232
29123	351	20232
6865	234	9461
2000	234	9461
7984	234	9461
21865	265	24461
17000	265	24461
22984	265	24461
29603	265	24461
5418	226	4521
5418	226	487
20418	414	19521
20418	414	15487
9320	226	732
9320	226	169
9320	226	1309
24320	414	15732
24320	414	15169
24320	414	16309
6882	159	8936
6882	4	13151
6882	226	5810
21882	330	23936
21882	296	28151
21882	414	20810
6168	115	218
5363	115	218
3924	115	218
17694	343	15218
18953	343	15218
18924	343	15218
18953	343	15218
4107	205	3624
4107	226	427
4107	226	13252
19107	284	18624
19107	414	15427
19107	414	28252
8341	4	7817
8341	145	1576
8341	145	6902
23341	296	22817
23341	364	16576
23341	377	21902
23341	284	19470
13094	146	2811
17811	343	28094
13776	226	8021
428	226	8021
6120	226	8021
28776	414	23021
15428	414	23021
21120	414	23021
28227	414	23021
9509	4	2349
9509	226	8477
9509	226	4844
24509	296	17349
24509	414	23477
24509	414	19844
24509	414	22875
938	48	3478
2580	222	3478
5975	48	3478
18629	381	18478
17580	341	18478
15774	381	18478
18629	381	18478
217	188	6618
15217	363	21618
2916	61	1534
5760	61	1534
14403	61	1534
17916	344	16534
20760	344	16534
29403	344	16534
14901	151	801
801	225	14901
29901	368	15801
15801	267	29901
1003	205	7157
1003	169	5246
16003	284	22157
16003	411	20246
4433	145	3030
19433	364	18030
944	226	4203
15944	414	19203
8017	188	380
8017	103	380
23017	293	15380
23017	363	15380
1089	145	550
6489	145	550
2090	145	550
16089	364	15550
16089	364	15550
16089	364	15550
15140	364	15550
645	226	13970
645	226	5253
645	226	2605
15645	414	28970
15645	414	20253
15645	414	17605
15645	414	23402
356	61	7847
6584	61	7847
2825	61	7847
18653	344	22847
18653	344	22847
17825	344	22847
28989	344	22847
10388	4	7520
3001	4	7520
2841	4	7520
21239	296	22520
18001	296	22520
17841	296	22520
18001	296	22520
5433	226	3442
20433	414	18442
3018	53	6976
3018	53	4753
18018	250	21976
18018	250	19753
13209	226	427
4107	226	427
9437	226	427
28209	414	15427
19107	414	15427
24437	414	15427
16582	414	15427
7146	226	8180
22146	414	23180
9748	44	2
2518	44	2
8039	44	2
23039	357	15002
23039	357	15002
23039	357	15002
28258	357	15002
12817	4	6517
1061	4	6517
2960	4	6517
27817	296	21517
22763	296	21517
17960	296	21517
17157	296	21517
9637	226	14025
24637	414	29025
8455	205	2855
23455	284	17855
14458	159	3750
29458	330	18750
2059	81	831
13419	151	2059
2059	225	13419
17059	416	19598
28419	368	17059
17059	267	28419
17059	416	19598
14826	53	4904
29826	250	19904
1625	46	5698
16625	362	20698
