8070	33	13161
23070	290	28161
23070	290	29326
8070	33	14326
17060	293	28187
2060	172	13187
2060	29	2153
17060	369	17153
15339	351	28816
339	16	2777
15339	271	16260
339	160	13816
15339	410	18432
29060	414	23803
14060	226	8803
23803	351	29674
23803	271	17153
6573	226	8803
13759	79	4426
28759	293	19426
23750	351	19426
8750	160	4426
4426	60	5021
2691	226	12599
17691	414	27599
17691	259	20849
15400	330	24264
2348	159	9264
17348	330	24264
400	159	9264
2326	145	9264
7386	226	10427
7386	145	8839
22386	414	19125
22386	364	23839
22386	381	22923
17891	294	29414
17891	303	29414
2891	144	14414
14414	148	2891
2891	156	14414
10219	226	924
25219	414	15924
10219	29	1260
25219	259	20849
28338	330	25448
13338	159	10448
28672	364	25448
13672	145	10448
25448	384	17777
28473	290	15950
13473	33	950
12535	33	950
27535	290	15950
9016	33	950
21982	296	21226
21982	414	23608
6982	226	4375
6982	205	5069
21982	284	20069
24567	250	18988
24567	269	21325
9567	168	6325
9567	53	3988
9567	83	6304
28424	284	16385
13424	205	1385
29539	284	16385
17839	284	16385
16385	413	15742
17335	410	26884
22233	284	17335
28005	284	17335
23693	284	17335
13005	205	2335
21512	344	29947
21512	267	28148
28148	368	21512
6512	225	13148
6512	145	14947
2192	226	7010
17192	414	16361
2192	226	6629
17192	414	22010
17192	330	19824
29032	414	24903
14032	226	9903
15869	414	24903
10501	226	9903
24903	384	20099
1380	33	8266
16380	290	22272
1380	33	7272
16380	290	23266
17124	267	28543
28543	368	17124
17124	344	29792
2124	225	13543
13543	151	2124
28784	368	18283
18283	267	28784
13784	151	3283
3283	225	13784
2644	160	4817
17644	351	19817
17644	362	20021
2644	46	5021
17644	343	25341
6298	49	3845
6298	160	3845
21298	342	18845
21298	410	18845
21298	351	18845
29723	414	21250
29629	414	21250
8641	226	6250
14723	226	6250
8652	226	6250
12584	226	6389
27584	414	21389
18123	414	21389
29192	414	21389
3123	226	6389
23379	252	28479
8379	37	13479
13719	115	8379
6610	115	8379
28719	343	23379
3421	205	3910
18421	414	16405
18421	414	21337
18421	414	19100
3421	226	4100
8239	33	14207
23239	290	29207
23239	271	20618
8239	160	5618
16685	296	21114
1685	205	11129
16685	284	26129
1685	4	6114
16685	259	20849
24009	296	26001
24009	311	16946
24009	414	15253
9009	226	253
24009	259	20849
14491	226	8771
29491	414	23771
22424	414	23771
23771	271	23529
23771	384	20872
17931	311	27367
17931	414	29620
2931	226	14620
17931	364	16371
17931	259	20849
9493	226	5804
24493	414	20750
24493	414	20804
24493	414	15762
24493	259	20849
18503	248	28698
18503	248	27779
18503	248	23892
3503	41	13698
18503	384	20099
17243	368	27315
27315	267	17243
2243	151	12315
17243	321	24449
2243	20	9449
6995	128	40
21995	351	16697
6995	160	1697
21995	346	15040
6995	33	7272
9552	33	4664
24552	351	28177
24552	290	19664
28672	414	21929
29151	414	21929
13102	226	6929
13198	226	6929
13672	226	6929
28934	414	21929
28198	414	21929
18288	284	24645
3288	205	10113
3288	205	9645
18288	259	20849
24507	414	27606
24507	311	27340
9507	226	12606
9507	29	3320
24507	259	20849
13814	145	6233
28814	364	21233
16702	364	21233
1702	145	6233
26123	364	21233
28049	378	16557
13049	77	1557
19897	378	16557
4897	77	1557
4754	41	2385
19754	248	17385
4754	41	2674
4754	160	11768
19754	248	17674
7232	145	12490
22232	364	27490
22232	296	22802
7232	226	6763
22232	259	20849
14156	157	43
14156	188	43
29156	412	15043
29156	281	15043
14156	96	43
12550	226	8661
27550	414	23661
7229	226	8661
5962	226	8661
22229	414	23661
28194	248	15024
14157	41	24
29157	248	15024
8903	41	24
9846	41	24
12336	160	9613
9613	29	1587
15457	345	24613
27336	351	24613
24613	345	15457
15088	381	15961
88	48	961
15088	259	20849
17509	290	26796
17509	397	15340
17509	271	21501
2509	139	340
2509	33	11796
28093	284	24800
13093	205	9800
25480	284	24800
7523	205	9800
10480	205	9800
10135	156	14408
25135	303	29408
10135	222	3300
25135	341	18300
25485	416	19598
21755	416	19598
29990	416	19598
10485	51	4598
3984	51	4598
24572	330	20453
9572	159	5453
24572	259	20849
25292	311	29652
10292	75	14652
25292	259	20849
25422	267	28746
28746	368	25422
13746	151	10422
10422	78	5531
10422	225	13746
5419	159	9106
5419	48	9106
20419	330	24106
20419	381	24106
27001	351	22668
27909	351	22668
27843	253	22668
27781	253	22668
22668	253	27781
10294	226	13621
25294	311	24216
10294	226	964
25294	414	16621
25294	259	20849
18766	271	16260
1159	145	3766
18766	351	22361
15238	330	18766
18766	410	18432
20011	381	27250
20011	414	27250
5011	48	12250
5011	226	12250
20011	259	20849
19801	330	25372
4801	226	10711
19801	411	23131
19801	414	25711
19801	414	24715
5666	49	12967
20666	410	27967
20666	351	27967
5666	236	2752
20666	384	17752
14508	41	3792
3792	79	6885
22007	248	18792
9866	41	3792
24866	248	18792
27590	330	20848
12590	159	5848
16972	381	20848
8495	169	5848
20848	384	17777
15480	304	27531
480	226	1092
480	205	11129
15480	414	16092
15480	414	16983
29358	364	16547
29106	330	16547
14649	145	1547
14649	159	1547
13727	145	1547
21280	330	27254
6280	48	12254
6280	159	12254
6280	4	8667
21280	259	20849
27150	414	25164
12150	226	10164
29841	414	25164
27223	414	25164
5996	226	10164
10857	226	5300
20300	351	21158
297	226	5300
4287	226	5300
15297	414	20300
10646	107	5372
5372	29	1260
20372	369	16260
28320	312	20372
17928	312	20372
27861	248	21643
27805	248	21643
28201	248	21643
7648	41	6643
12861	41	6643
26144	267	18770
11144	225	3770
3770	151	11144
18770	368	26144
24736	284	17563
9736	205	2563
24736	259	20849
29514	290	20389
9995	33	5389
8377	33	5389
19341	290	20389
29814	290	20389
18521	330	15790
3521	226	14235
18521	414	29235
18521	414	23774
18521	259	20849
29967	364	23389
29967	381	23389
12566	48	8389
27566	330	23389
27566	364	23389
8963	225	14268
29268	368	23963
14268	151	8963
23963	321	24407
8963	20	9407
22105	414	29534
7105	226	14534
7105	205	13275
7105	4	7029
22105	259	20849
29392	284	17819
14392	205	2819
19444	284	17819
2722	205	2819
17819	351	27617
17041	381	16853
17041	330	16853
18436	381	16853
18436	330	16853
3436	48	1853
4698	226	3615
19698	414	18615
19698	414	22097
4698	226	7097
19698	259	20849
27541	351	21051
12020	160	6051
21051	369	20646
18481	352	21051
4285	160	6051
13856	156	6940
11478	156	6940
18616	303	21940
28856	303	21940
3616	156	6940
14745	20	9214
14021	20	9214
29745	321	24214
7281	20	9214
8543	20	9214
19015	414	29323
19015	284	18624
4015	205	3624
4015	226	14323
19015	259	20849
16765	414	27240
16765	414	22850
16765	414	20750
1765	226	12240
16765	259	20849
17373	296	27520
17373	381	29057
2373	4	12520
17373	414	23577
17373	323	24027
11425	226	2829
11016	226	2829
3951	226	2829
26016	414	17829
18951	414	17829
5148	29	10371
20148	293	25371
20148	369	25371
25371	301	20148
28983	269	17974
28477	269	17974
13983	168	2974
9475	168	2974
20700	269	17974
9200	145	8432
24200	330	23432
24200	414	21865
9200	159	8432
24200	284	25988
21417	364	19824
21417	414	19408
6417	145	4824
6417	226	4408
21417	259	20849
9001	1	8484
27381	334	23484
1692	1	8484
9917	1	8484
2428	1	8484
674	145	7880
674	159	2643
15674	414	22880
15674	330	17643
15674	259	20849
6714	226	13256
21714	414	29217
21714	414	28256
6714	226	14217
21714	259	20849
6547	151	13051
13051	225	6547
21547	368	28051
28051	267	21547
24830	414	25035
9830	226	10035
24830	250	19593
24830	386	16260
24830	259	20849
659	226	14895
15659	414	29895
659	226	2933
15659	296	15718
659	226	6653
12582	226	5940
27582	414	20940
29302	414	20940
14302	226	5940
20940	346	17848
28004	364	22051
13004	145	7051
28333	364	22051
13292	145	7051
2420	145	7051
27597	267	22812
22812	368	27597
12597	225	7812
7812	159	8681
22812	330	23681
28982	414	20361
29839	414	20361
13982	226	5361
21034	330	20361
23929	414	20361
18734	311	21543
3734	53	3988
18734	250	18988
3734	75	6543
20273	414	28381
20273	414	29235
20273	414	29757
5273	226	14757
20273	259	20849
19428	321	21708
19428	364	17313
4428	145	2313
4428	20	6708
4428	53	523
9508	160	10678
24508	351	25678
27831	284	21440
27727	284	21440
28724	284	21440
13724	205	6440
12831	205	6440
12554	226	6082
27554	414	21082
21082	410	19865
21082	351	17383
431	226	6082
4387	145	730
6320	225	4387
19387	368	21320
4387	78	730
19387	364	15730
29919	330	21928
20405	364	21928
4866	48	6928
14919	159	6928
21928	384	17777
7930	160	7012
22930	351	22012
22930	271	16260
7930	128	2848
22930	346	17848
17701	414	21567
2701	226	6567
17701	414	28175
17701	414	17796
17701	259	20849
29772	381	24228
14772	48	9228
29629	381	24228
14629	48	9228
2940	48	9228
3238	225	14509
29509	368	18238
18238	267	29509
14509	151	3238
15333	414	21878
333	226	8342
15333	414	23342
15333	414	27870
15333	259	20849
1378	33	13171
16378	290	28171
16378	290	27515
1378	33	1803
1378	33	822
9957	41	13759
24957	248	28759
24957	410	18380
9957	49	5291
24957	384	20394
2114	226	13266
17114	414	28266
2114	200	7227
17114	414	22227
17114	250	19593
25045	414	28384
10045	226	14235
10045	226	9903
25045	414	24903
25045	259	20849
21079	274	22911
14084	194	7911
11287	194	7911
22522	274	22911
7070	194	7911
13015	226	6169
29658	414	21169
28015	414	21169
12757	226	6169
27757	414	21169
15620	290	16803
620	33	1803
620	33	1855
15620	290	22110
620	33	7110
5210	125	7797
20210	409	22797
20210	414	23803
20210	386	17153
20210	259	20849
12651	145	3457
27651	364	18457
29339	364	18457
28163	364	18457
17044	364	18457
27563	284	17666
27359	284	17666
12563	205	2666
12359	205	2666
26739	284	17666
18371	321	27573
3371	20	12573
3371	20	9407
18371	321	24407
10035	160	12255
12873	226	10035
27873	414	25035
25035	351	27255
9830	226	10035
17689	250	26372
2689	53	11372
2689	106	3320
17689	369	18320
16990	321	15385
1990	20	385
17112	414	18431
17112	284	19004
2112	226	3431
2112	205	4004
17112	259	20849
628	145	3296
628	226	9212
15628	364	18296
15628	414	29793
628	159	3296
1599	4	13059
16599	296	28059
16599	414	21463
16599	259	20849
10232	226	13149
25232	414	28149
25232	296	22460
10232	4	7460
25232	259	20849
15908	296	24501
908	205	4096
908	48	4116
15908	381	19116
15908	284	19096
24865	330	20063
24865	364	20063
24865	414	21874
24865	411	21091
9865	48	5063
28780	414	19056
13780	226	4056
14064	226	4056
4065	226	4056
4056	234	1439
22137	296	27628
7137	48	10965
7137	4	12628
7137	145	11994
22137	259	20849
4330	226	8336
19330	414	23336
19330	414	20253
4330	226	1850
19330	414	16850
19645	364	29109
4645	145	14109
19645	414	24839
4645	145	942
19645	259	20849
22422	414	29359
7422	226	14359
7422	205	2183
22422	284	17183
22422	259	20849
23349	290	28247
8349	33	13247
23349	397	23350
8349	33	822
23349	290	15822
8159	145	8346
23159	364	23346
23159	259	20849
19128	284	18182
19128	414	26215
4128	226	11215
4128	205	3182
19128	259	20849
21239	296	22520
21239	381	17859
21239	284	15946
6239	145	13665
21239	364	28665
24415	410	17383
24415	351	17383
9415	49	2383
9415	160	2383
24415	384	20099
27964	414	16249
12964	226	1249
28628	414	16249
7020	226	1249
9249	226	1249
1626	45	12985
1626	15	599
16626	304	27985
16626	336	15599
1626	226	3442
6397	162	3743
21397	259	18743
6397	241	10228
6397	29	13932
21607	414	21929
21607	414	21244
6607	226	6929
6607	226	6250
6607	205	10008
9079	159	13248
24079	381	28248
24079	330	28248
9079	205	13010
24079	284	28010
1634	156	9482
26632	303	24482
11233	156	9482
24482	281	24482
25852	303	24482
27313	414	24036
12313	226	9036
5457	226	9036
23587	414	24036
9975	226	9036
28945	284	22157
13945	205	7157
19247	284	22157
17598	284	22157
13900	205	7157
16181	351	27533
1181	160	12533
1181	160	2153
16181	271	17153
23333	414	15710
8333	226	289
8333	226	710
23333	414	15289
23333	259	20849
7986	226	6932
16765	414	21932
1765	226	6932
25524	414	21932
22986	414	21932
13220	4	2901
28220	296	17901
29876	296	17901
14876	4	2901
2901	16	2777
8657	159	8656
8656	160	3017
23656	407	18017
23656	351	18017
23656	384	17777
25159	414	27439
25159	414	23902
10159	226	12439
25159	414	21322
10159	226	6918
2413	226	13641
17413	414	28641
17413	414	22850
17413	259	20849
19913	330	28045
4913	48	13045
4913	159	13045
4913	145	13045
19913	259	20849
13843	56	6516
6516	223	13843
28843	268	21516
21516	394	28843
6156	46	2733
21156	351	18217
6156	160	3217
6156	41	7000
21156	248	22000
21156	279	18482
21156	362	17733
21492	414	29867
21492	414	27870
6492	226	12870
21492	414	19911
21492	259	20849
28186	267	16780
13186	225	1780
16780	368	28186
16780	344	17183
1780	151	13186
20431	284	27418
5431	205	12418
20431	414	15382
5431	226	382
20431	259	20849
2414	156	12381
17414	303	27381
17414	292	25149
15583	265	25056
29523	414	15583
12760	226	583
7107	48	583
10305	159	583
27850	414	23911
12850	226	8911
28005	414	23911
13005	226	8911
22833	321	23445
14908	20	8445
14104	20	8445
12237	20	8445
13989	20	8445
20986	414	29706
5986	226	14706
20986	259	20849
25300	336	22083
25300	319	18960
10300	193	7083
10300	98	3960
10300	62	3960
27392	368	20333
5333	225	12392
20333	267	27392
12392	151	5333
5333	53	11372
10391	160	2383
10391	139	1943
25391	290	17040
25391	397	16943
25391	351	17383
16406	296	28379
16406	311	24836
1406	4	13379
1406	75	9836
16406	259	20849
27798	304	24341
12798	75	9341
2207	75	9341
8801	75	9341
28236	304	24341
21300	296	18263
21300	330	23528
6300	159	8528
6300	205	4030
21300	284	19030
27407	381	19705
27407	364	19705
12407	159	4705
12407	48	4705
11300	145	4705
25128	296	23240
25128	381	17859
25128	411	25557
25128	330	17859
10128	205	946
27424	414	15732
29234	414	15732
27691	414	15732
14234	226	732
27798	414	15732
17962	248	26933
2962	49	5177
17962	410	20177
15753	341	17962
17962	249	15753
21938	414	29337
6938	226	14337
21938	386	20618
6938	75	9232
21938	259	20849
22485	410	17362
22485	248	22974
7485	160	5068
7485	99	14111
22485	248	28918
15878	311	24341
15878	414	19019
15878	414	23884
878	226	4019
15878	259	20849
27713	414	19051
17099	414	19051
21480	414	19051
19092	414	19051
17154	414	19051
28754	344	17514
19240	344	17514
13754	61	2514
13754	78	2514
4240	189	2514
27713	336	22083
13632	193	7083
7577	193	7083
27158	336	22083
28963	336	22083
21127	414	19987
6127	226	4987
21127	259	20849
19558	362	23274
4558	46	8274
4558	160	2179
4558	126	2179
4558	36	10446
12735	159	2863
27735	330	17863
16573	330	17863
2863	16	2777
17863	384	17777
9060	225	14415
24060	267	29415
29415	368	24060
9060	20	94
14415	151	9060
3001	48	12678
18001	296	22520
18001	381	27678
18001	330	27678
18001	414	19803
7710	208	14547
22710	299	29547
29547	249	22710
22710	369	16260
23968	296	28704
23968	330	23546
8968	205	5069
8968	159	8546
23968	259	20849
20799	364	29420
20799	344	29420
5799	20	14531
5799	189	14420
5799	145	14420
28639	414	20809
13639	226	5809
587	226	5809
10750	226	5809
25750	414	20809
14684	226	7874
29684	414	22874
13005	226	7874
28005	414	22874
12260	226	7874
21621	351	27127
6621	160	12127
4915	226	6621
19589	414	21621
19915	414	21621
28027	414	19894
13027	226	4894
29567	414	19894
19894	271	20618
16584	414	19894
15160	414	29587
15160	414	29867
15160	311	19722
15160	414	28256
15160	259	20849
23032	258	29015
14015	94	8032
8032	184	14015
29232	364	16576
21028	364	16576
24597	364	16576
4348	145	1576
15303	364	16576
29115	344	20788
27525	344	20788
17964	344	20788
24539	344	20788
9539	145	5788
22899	330	15347
22899	330	21897
7899	159	6897
7899	15	7083
22899	336	22083
27726	364	21217
28807	364	21217
12726	145	6217
22736	364	21217
21217	384	17777
28727	381	22378
13727	48	7378
24731	381	22378
18999	381	22378
14093	48	7378
22135	414	28266
7135	226	13266
22135	414	19408
7135	226	4408
22135	259	20849
4601	145	12490
19601	296	18263
19601	296	23318
19601	330	15362
19601	364	27490
5591	160	9027
5591	49	9027
20591	342	24027
20591	410	24027
20591	351	24027
24650	344	26967
9650	20	11712
24650	321	26712
9650	78	11967
9650	145	11967
23752	414	28438
8752	226	13438
8752	226	10711
23752	414	26921
23752	259	20849
27320	344	19259
26220	344	19259
27215	344	19259
15666	344	19259
4292	78	4259
14239	169	3176
29239	411	18176
12481	169	3176
29619	411	18176
14838	169	3176
20576	290	28069
5576	190	13069
5576	160	3389
20576	351	18389
20576	271	16260
28739	409	22618
14951	125	7618
29951	409	22618
2053	125	7618
6022	125	7618
27559	414	18194
12559	226	3194
680	226	3194
3194	234	10056
27577	414	18194
9862	189	13131
24862	344	28131
24862	364	28131
9862	145	13131
5238	107	4274
5238	49	10841
20238	343	25341
20238	410	25841
20238	312	19274
13670	20	8446
13611	20	8446
13352	20	8446
28352	321	23446
28611	321	23446
20390	296	16928
20390	330	29249
5390	159	14249
5390	4	1928
20390	259	20849
14783	226	6865
13213	226	6865
27404	414	21865
28213	414	21865
9200	226	6865
15073	250	27862
73	53	12862
15073	303	19157
73	156	4157
27675	344	17783
20229	344	17783
29578	344	17783
29022	344	17783
5229	189	2783
24948	290	27571
24948	290	20923
9948	33	12571
9948	33	4664
9948	33	5923
2954	226	14598
17954	414	29598
17954	414	21574
17954	414	26959
17954	259	20849
20587	311	29236
20587	296	22802
20587	364	24378
5587	226	9378
20587	259	20849
13627	41	6094
12945	41	6094
22014	248	21094
7014	41	6094
21498	248	21094
23165	411	25070
22496	411	25070
14731	169	10070
20000	411	25070
19131	411	25070
6398	125	11417
21398	330	21154
21398	381	23121
21398	381	21154
6398	205	12598
14804	160	1480
5855	160	1480
29804	351	16480
20855	351	16480
16480	369	25350
5260	226	12046
5260	226	14707
20260	296	23650
20260	414	27046
20260	364	27046
6229	226	14793
21229	414	29793
21229	414	26509
6229	205	5505
21229	259	20849
20796	296	22506
5796	226	6250
20796	414	21250
5796	4	7506
5796	75	13300
21137	414	25236
21137	330	22026
21137	414	21918
21137	414	27870
21137	411	22026
17677	414	28803
17677	414	22682
17677	364	23936
17677	414	21456
17677	259	20849
5545	75	11919
20545	311	26919
20545	259	20849
16811	269	29256
1811	53	13044
1811	168	13664
1811	168	14256
1811	156	4485
12758	205	5853
27758	284	20853
8269	205	5853
21245	284	20853
23269	284	20853
12696	41	8892
27696	248	23892
18971	317	23892
22315	317	23892
6122	41	8892
1963	205	14154
16963	284	29154
1963	226	10559
16963	414	25559
16963	323	15360
21774	336	22083
6774	75	7083
6774	193	7083
6774	154	11390
6774	103	9205
12282	205	4096
27282	284	19096
4796	205	4096
1071	205	4096
2564	205	4096
22213	414	17721
7213	226	2721
22213	414	29867
22213	414	15732
7213	226	4317
13620	20	4490
28620	321	19490
20690	321	19490
6331	20	4490
1823	164	4490
28048	351	15535
21511	351	15535
13048	160	535
21511	410	15535
535	72	535
12017	156	5668
27017	303	20668
5200	144	5668
20200	303	20668
20668	334	23484
13588	160	8297
13588	49	8297
6077	49	8297
26359	342	23297
10261	160	8297
29168	344	19916
27815	375	19916
19916	295	27815
21061	402	19916
14168	61	4916
1469	34	14194
14194	56	1469
16469	394	29194
16469	368	29194
29194	326	16469
28767	330	22832
28767	414	22832
27891	414	22832
25606	364	22832
27413	414	22832
27793	364	24116
12327	145	9116
27327	364	24116
8834	145	9116
532	145	9116
17659	410	28816
2659	49	13816
2659	16	6046
2659	16	5099
17659	384	20099
543	4	3263
15543	296	18263
543	226	4845
543	226	10078
543	159	10052
17325	303	28139
2325	156	13139
17325	250	18819
25002	311	17535
25002	364	19424
25002	364	18362
10002	145	12694
10002	145	4424
28159	344	16885
21364	344	16885
29912	344	16885
28008	344	16885
23837	344	16885
16927	368	29027
16927	344	29886
1927	189	14886
29027	267	16927
1927	151	14027
13758	168	1856
28758	269	16856
19675	269	16856
4675	168	1856
1099	168	1856
20777	294	27537
5777	156	12537
5777	144	12537
20777	292	29095
489	205	2183
489	226	6247
15489	330	26022
15489	284	17183
15489	414	21247
1835	145	4323
16835	364	19323
16835	250	19593
16835	259	20849
14930	20	2620
29930	321	17620
11391	20	2620
11528	20	2620
2620	53	11372
13578	20	3920
29659	321	18920
14659	20	3920
18584	321	18920
18920	272	22602
29962	344	24436
26258	344	24436
14962	78	9436
14962	61	9436
9436	53	11372
18476	321	27902
3476	20	12902
3476	20	5411
14539	226	10176
29539	414	25176
6435	226	10176
7183	226	10176
4524	226	10176
23861	362	15125
12208	163	8861
8861	46	125
23861	384	17752
23861	384	20099
5317	33	9686
5317	33	13247
20317	290	28247
5317	33	950
20317	290	15950
21379	248	28472
6379	41	13472
21379	384	20099
24302	248	28158
9302	89	13158
9302	41	13158
24302	271	25350
24302	410	16785
28924	290	17920
27753	290	17920
13924	33	2920
10061	33	2920
12753	33	2920
15342	330	18296
342	226	6291
15342	364	18296
15342	414	21291
15342	414	15542
14510	226	5628
27471	414	20628
27942	414	20628
29510	414	20628
20010	414	20628
27311	414	15199
12311	226	199
9462	226	199
24462	414	15199
16218	414	15199
12820	156	7453
27820	303	22453
6305	156	7453
4367	156	7453
19367	303	22453
28659	318	17648
27848	318	17648
13719	195	2648
13659	195	2648
28719	318	17648
20295	311	28300
20295	414	24017
5295	226	6323
5295	226	9017
20295	414	21323
27997	290	17582
12997	33	2582
26056	290	17582
9299	33	2582
24944	290	17582
22595	296	22802
22595	414	21960
7595	4	7802
7595	226	6960
22595	250	20312
16734	414	27957
1734	226	12957
1734	159	10602
1734	48	10602
16734	259	20849
1769	226	9476
3451	226	9476
24476	410	18432
24476	351	18432
24476	271	16260
3336	33	13247
18336	290	28247
18336	271	21501
3336	160	6501
3336	128	3518
29558	351	17684
17684	345	29546
17684	345	18849
28053	345	17684
18849	345	17684
1155	145	4916
16155	284	29154
1155	205	14154
16155	364	19916
16155	259	20849
23103	344	24648
23103	368	27893
27893	267	23103
8103	6	9346
8103	151	12893
14616	226	1054
13654	226	1054
28938	414	16054
13938	226	1054
21132	414	16054
27750	311	22823
13444	75	7823
13364	75	7823
13548	75	7823
12750	75	7823
29470	290	22272
13497	190	7272
28497	290	22272
14470	33	7272
1380	33	7272
3494	225	14565
18494	267	29565
29565	368	18494
14565	151	3494
18494	416	15301
17527	351	27532
2527	160	12532
17527	410	27532
2527	49	12532
24271	414	29206
24271	330	24157
9271	226	3057
9271	226	14206
24271	414	24287
22555	296	26393
7555	145	5659
7555	159	2558
22555	414	16066
22555	364	20659
25061	290	20428
10061	33	2920
10061	33	318
25061	290	15318
10061	33	2496
21032	414	21477
6032	226	6477
6032	15	4757
21032	336	19757
6032	62	8344
5805	222	4434
20805	341	19434
20805	386	20618
14518	159	3319
14518	48	3319
28082	381	18319
29518	364	18319
13082	159	3319
17045	414	16840
17045	414	23865
2045	226	8865
2045	205	6150
17045	284	21150
9516	160	8297
9516	49	1532
24516	351	23297
24516	410	16532
24516	318	15572
14362	226	1186
29362	414	16186
12489	226	1186
27489	414	16186
7925	226	1186
14736	144	5932
29736	303	20932
29736	294	20932
5932	1	8484
20932	369	18320
23668	414	28979
8668	226	13979
8668	205	13271
8668	226	8206
23668	414	23206
19708	344	17248
4708	189	2248
4708	20	6499
21869	344	18523
27301	344	18523
15842	344	18523
15352	344	18523
352	61	3523
25332	411	27365
10332	169	12365
10332	205	338
10332	226	8910
25332	259	20849
17851	284	23972
2851	205	8972
17851	414	15181
2851	226	181
17851	259	20849
16996	296	16900
1996	159	8578
1996	145	8578
1996	205	4884
16996	304	22696
22229	296	27906
22229	414	28803
7229	226	13803
7229	75	2401
22229	259	20849
12456	226	5527
27456	414	20527
8674	226	5527
24100	414	20527
23674	414	20527
12873	169	1168
27873	411	16168
22521	411	16168
25793	411	16168
13155	169	1168
308	48	7387
9004	54	7387
8462	226	7387
10709	145	7387
11134	181	7387
22928	414	28879
22928	364	22529
22928	344	28879
22928	414	22529
22928	259	20849
14623	169	2779
29623	411	17779
19307	411	17779
6955	169	2779
11545	169	2779
19047	381	29720
19047	330	29720
4047	159	14720
19047	364	25870
19047	259	20849
22803	290	20923
7803	190	5923
7803	160	6830
22193	296	16258
7193	145	10052
7193	159	10052
22193	330	25052
22193	364	25052
5800	226	6113
20800	414	21113
20800	414	16497
5800	226	1497
20800	259	20849
27752	414	16772
1772	160	14738
4376	226	1772
19376	414	16772
7479	226	1772
23745	352	21329
8745	103	6329
8745	24	6329
13097	226	5803
12054	226	5803
27054	414	20803
27435	414	20803
5403	226	5803
24154	311	28300
24154	296	23662
9154	75	13300
9154	4	8662
24154	259	20849
16443	381	27642
1443	205	13104
16443	304	27531
1443	226	5617
16443	259	20849
19961	344	19916
19961	402	19916
4961	20	2344
19961	321	17344
4961	189	4916
18677	392	27321
3677	105	12321
3677	160	5947
3677	49	5947
18677	410	20947
3406	226	12700
18406	414	29048
18406	414	27700
18406	330	26994
18406	414	25874
19915	414	21621
4915	226	10455
4915	226	5070
4915	145	6052
4915	159	6052
10047	125	9161
25047	409	24161
25047	259	20849
29381	381	24068
29381	364	24068
29381	330	24068
14381	159	9068
26660	364	24068
27145	414	17750
12145	226	2750
17137	414	17750
5979	226	2750
20979	414	17750
12268	42	1402
27268	250	16402
15602	297	16402
3405	80	1402
602	31	1402
25300	319	18960
18987	364	18960
25300	377	18960
813	48	3960
15813	414	18960
6893	125	8072
21893	409	23072
6893	226	1850
21893	259	20849
126	15	8676
15126	336	23676
15126	313	18389
15126	313	18432
15126	386	16260
1057	195	4677
16057	318	19677
1057	41	24
16057	248	15024
1057	230	1260
14234	226	6918
29234	414	21918
1554	226	6918
6326	226	6918
19103	414	21918
12884	20	1237
27884	321	16237
2269	20	1237
17269	321	16237
16237	369	16260
20587	284	24459
24459	351	25527
7929	205	9459
24089	284	24459
18855	284	24459
17220	351	29506
2220	160	14506
22635	414	28381
7635	226	14757
7635	226	2520
22635	414	29757
22635	259	20849
29721	351	15912
14721	160	912
3277	99	912
11275	160	912
912	0	7242
23969	364	27927
8969	145	12927
23969	386	16260
23969	259	20849
25130	250	19790
10130	125	13394
10130	42	4790
25130	409	28394
3228	156	6980
18228	303	21980
18228	386	16260
4503	139	2040
4503	190	7407
19503	290	22407
19503	397	17040
4503	194	7911
15970	302	23913
17549	302	23913
4519	17	8913
8424	17	8913
2549	17	8913
21930	311	27238
6930	75	12238
21930	414	23967
6930	226	8967
21930	259	20849
29579	284	15946
28211	284	15946
14731	205	946
12701	205	946
14604	205	946
21267	414	28252
21267	414	25147
6267	226	13252
6267	226	10147
21267	259	20849
18448	296	27312
3448	226	1826
18448	330	16081
18448	364	16081
18448	414	25874
18722	414	29985
3722	226	14985
18722	414	23659
3722	226	8659
18722	259	20849
21506	414	21929
6506	226	6929
21506	259	20849
19444	296	26473
19444	414	21324
4444	48	6324
19444	284	17819
19444	364	21324
15476	344	17955
16915	344	17955
29788	344	17955
23729	344	17955
14788	189	2955
27410	271	25076
25076	369	25076
1628	29	10076
12410	160	10076
4545	29	10076
15569	414	16635
15569	284	21711
15569	414	25385
569	205	6711
15569	250	20312
29631	296	24774
14631	4	9774
12104	4	9774
27104	296	24774
9976	4	9774
25338	296	28704
10338	4	13704
10338	226	798
25338	414	19639
25338	259	20849
321	145	14727
15321	364	29727
15321	296	18772
15321	381	18633
15321	411	17569
9949	159	13952
9949	48	13952
24949	364	28952
24949	330	28952
24949	381	28952
20625	304	22823
5625	226	10716
20625	414	22850
20625	414	19408
18873	368	20625
937	41	13698
15937	248	28698
15937	410	25466
937	49	10466
21540	414	15827
6540	226	827
21540	259	20849
29067	267	25349
25349	368	29067
25349	344	17712
10349	78	2712
14067	225	10349
15176	414	23629
20608	414	23629
6880	226	8629
3222	226	8629
15248	414	23629
25322	414	29872
10322	226	14872
10322	145	4497
25322	296	23833
10322	4	8833
17163	284	28975
17163	344	28975
17163	344	15207
2163	78	13975
2163	61	13975
2163	48	13575
2163	48	13975
12796	145	3808
27389	364	18808
12389	145	3808
27796	364	18808
15017	364	18808
7731	151	14149
22731	368	29149
14149	225	7731
29149	267	22731
28435	381	15195
13435	48	195
9388	48	195
61	48	195
15061	381	15195
14293	226	8659
22637	414	23659
22843	414	23659
28013	414	23659
25463	414	23659
15661	330	20888
661	48	5888
661	159	5888
15661	411	20888
15661	259	20849
246	48	3038
246	159	3038
15246	296	18038
15246	381	18038
15246	411	18038
27086	296	17996
12086	4	2996
17996	351	16096
3365	4	2996
11886	4	2996
15071	321	22837
24879	321	22837
26513	321	22837
13176	20	7837
71	20	7837
27936	330	17545
10609	159	2545
12936	159	2545
3540	145	2545
9269	159	2545
1571	226	12447
16571	414	27447
16571	414	25965
16571	311	27531
16571	259	20849
23503	311	29618
8503	75	14618
23503	296	18033
8503	226	4611
23503	259	20849
1630	42	13204
16630	250	28204
16630	303	15625
1630	156	625
28727	414	24825
13844	226	9825
4202	226	9825
28844	414	24825
3541	226	9825
25362	414	16282
25362	414	21663
25362	284	22432
10362	205	7432
10362	226	1282
24787	414	27797
9787	226	4916
24787	414	27303
9787	205	12815
24787	284	27815
18532	296	27641
3532	226	7290
3532	48	7296
18532	304	27531
3532	226	4252
19956	330	21897
19956	414	20070
4956	205	10110
4956	226	5070
4956	159	6897
687	139	7620
687	190	10311
15687	397	22620
15687	290	22620
15687	290	25311
12242	160	6872
27242	351	21872
23506	351	21872
18019	410	21872
18735	351	21872
4578	103	12788
19578	379	27788
19578	352	27788
24113	284	29226
9113	205	14226
24113	414	17449
24113	364	17449
24113	259	20849
28016	414	19874
13016	226	4874
6814	226	4874
16642	414	19874
19874	384	20872
7312	145	13995
22312	364	28995
7312	159	14721
22312	296	28539
22312	259	20849
6650	145	2830
6650	226	6569
6650	159	3042
21650	296	16412
6650	205	6150
2085	145	904
17085	296	21226
17085	364	15904
17085	414	21763
17085	259	20849
23772	321	27472
18666	344	23772
18070	344	23772
8772	20	12472
19858	344	23772
23381	411	19936
23381	414	28124
23381	414	16547
8381	159	1547
23381	414	15636
405	46	12664
15405	362	27664
15405	384	20099
14475	48	3512
29475	381	18512
28717	381	18512
4061	48	3512
74	48	3512
22018	330	16993
7018	159	14305
7018	159	4821
22018	330	29305
22018	414	23033
12799	156	2849
15622	303	17849
10944	156	2849
394	156	2849
15394	303	17849
23983	248	28918
23983	248	29131
23983	342	19060
8983	41	14131
23983	384	17752
2531	205	5041
17531	296	23662
2531	226	5547
17531	411	22344
17531	414	20547
27039	414	20987
12039	226	5987
2109	226	5987
10933	226	5987
24894	414	20987
7128	193	6269
7128	154	7275
22128	284	22275
22128	336	21269
7128	53	5350
25217	414	16361
25217	296	26961
10217	205	13271
10217	226	1361
25217	284	28271
14307	48	7702
29307	381	22702
22702	351	16265
19039	381	22702
13198	48	7702
17671	414	28353
2671	226	13353
2671	205	4030
2671	159	8936
17671	259	20849
14304	145	1418
9356	145	1418
5151	145	1418
18445	364	16418
25226	364	16418
24935	362	18767
9935	46	3767
24935	384	20099
23099	296	27498
8099	4	12498
8099	48	1144
23099	381	16144
23099	259	20849
19712	414	29645
4712	226	14645
4712	226	12791
19712	414	27791
19712	259	20849
23648	344	27815
23648	284	27303
23648	267	16389
8648	225	1389
8648	48	12303
10031	226	1826
25031	296	26393
10031	159	2558
25031	381	21357
25031	330	17558
6248	49	5947
21248	410	20947
21248	271	23529
21248	384	20099
23118	330	25281
23118	414	15710
8118	226	289
8118	226	710
23118	259	20849
29458	296	16408
14458	4	1408
16893	296	16408
268	4	1408
16408	384	17777
29001	414	17281
14001	226	2281
2652	226	2281
22055	414	17281
17281	384	20872
13416	205	6304
28416	284	21304
21304	271	16260
15588	344	21304
9166	205	6304
13421	159	10036
29298	381	25036
29298	330	25036
29298	364	25036
28421	330	25036
26214	344	21071
28569	344	21071
23434	344	21071
13569	78	6071
13569	145	6071
28509	377	18211
16346	377	18211
13509	62	3211
1346	62	3211
8075	45	3211
8869	41	12808
23869	248	27808
8869	160	4060
23869	351	19060
22473	364	26994
7473	145	11994
7473	159	2597
22473	330	17597
22473	259	20849
4924	159	12789
19924	330	27789
4924	145	5659
19924	296	26393
19924	259	20849
23678	351	25685
23678	384	22848
8678	160	10685
8678	53	7848
8678	53	3819
24218	411	28430
9218	169	13430
24218	296	26822
9218	159	362
24218	259	20849
24976	364	28538
9976	145	13538
24976	296	21083
9976	205	3098
9976	4	9774
5397	145	13564
20397	296	28539
20397	311	27531
20397	330	17545
20397	364	17545
28081	414	17933
13081	226	2933
29263	414	17933
659	226	2933
3313	226	2933
14304	159	6780
9166	48	6780
19250	411	21780
29304	330	21780
17601	330	21780
7927	226	6918
22927	414	21918
7927	226	5936
22927	414	20936
22927	414	29217
6923	226	14757
21923	414	29757
6923	48	359
21923	259	20849
24481	344	24255
27886	344	24255
12207	189	9255
9481	61	9255
12886	78	9255
26918	414	19914
1508	226	4914
16508	414	19914
25220	414	19914
19914	384	20872
29116	378	25233
14116	77	10233
3481	77	10233
5283	77	10233
10488	77	10233
22976	414	29757
22976	414	27791
22976	414	22414
22976	414	17520
22976	259	20849
27284	290	22883
12284	33	7883
24041	290	22883
9041	33	7883
19554	290	22883
20179	402	15730
20179	344	15730
5179	61	730
5179	78	730
5179	145	11134
3267	159	7951
18267	296	28519
18267	411	28609
18267	296	16928
3267	4	13519
29031	344	18439
29031	402	18439
29031	284	18439
3439	113	4891
18439	413	26945
20895	363	23710
5895	5	8710
5895	157	8710
1768	226	12240
16768	414	27240
16768	414	20750
16768	414	15762
1768	226	5750
22133	364	18270
22133	344	18270
7133	145	3270
7133	20	1269
7133	189	3270
22468	296	27498
22468	364	25052
22468	330	25052
7468	4	12498
22468	259	20849
29180	362	24322
14180	46	9322
12704	46	9322
2715	46	9322
7790	46	9322
18733	344	26725
3733	61	11725
3733	78	11725
10049	247	13532
25049	290	28532
25049	351	15894
10049	160	894
24713	368	26183
26183	267	24713
24713	344	24293
9713	78	9293
9713	145	9293
6074	226	2672
21074	414	21653
21074	414	28124
6074	226	6653
21074	414	17672
2277	226	14150
17277	414	29150
17277	414	18614
17277	414	15420
17277	259	20849
29542	381	21321
29542	330	21321
5288	159	6321
14542	48	6321
24421	330	21321
21583	364	28538
6583	145	13538
6583	48	1547
6583	145	12927
6583	4	4971
8164	226	11702
23164	296	21114
23164	414	26702
8164	4	6114
23164	259	20849
27881	411	18038
27881	364	18038
9626	159	3038
27881	330	18038
4393	205	3038
24077	343	19169
9077	115	4169
9077	49	9306
24077	410	24306
9122	48	13550
9122	226	13550
24122	414	28550
24122	381	28550
24122	330	28550
603	4	11822
15603	296	26822
15603	414	17142
2125	168	10074
17125	269	25074
2125	168	3147
17125	269	18147
2125	53	5865
3169	156	888
18169	303	15888
18789	414	29428
3789	226	6878
18789	414	21874
18789	414	19453
18789	259	20849
8246	49	5503
23246	342	20503
23246	410	20503
8246	58	12933
8246	58	14465
17098	414	29587
17098	414	15507
2098	226	4911
17098	414	19911
17098	259	20849
8085	151	14023
29023	267	23085
23085	368	29023
23085	344	19679
14023	225	8085
2050	226	14888
17050	414	29888
17050	409	24703
2050	125	9703
2050	193	12437
28752	330	15626
28752	364	15626
13752	159	626
18620	330	15626
3620	159	626
17612	303	27381
2612	156	12381
17612	311	19485
2612	75	4485
17612	250	17716
21395	330	26994
21395	414	16822
6395	226	1822
6395	48	11994
6395	159	11994
12563	169	6118
29635	411	21118
27563	411	21118
27857	411	21118
2502	169	6118
29972	303	21980
14972	156	6980
3228	156	6980
4028	156	6980
18228	303	21980
27237	344	21693
22919	344	21693
29908	344	21693
23043	344	21693
29255	344	21693
17890	351	28312
17890	271	29201
2890	160	14201
2890	160	13312
2890	190	781
18458	414	27484
3458	226	12484
3458	226	10874
18458	414	25874
18458	284	25008
27322	411	23528
12223	159	8528
28525	330	23528
27039	330	23528
29086	330	23528
18171	321	18495
3171	20	3495
25328	321	18495
10328	20	3495
6507	205	8251
21507	414	21025
21507	284	23251
21507	411	22344
6507	226	6025
28392	414	23991
13392	226	8991
10270	226	8991
3696	226	8991
10483	226	8991
25279	381	19628
25279	330	19628
25279	296	19628
25279	364	19628
25279	259	20849
8130	51	1296
23130	416	16296
8130	159	8681
23130	330	23681
17364	248	19468
2364	41	4468
2364	41	1459
17364	248	16459
17020	414	21663
2020	226	6663
4992	226	6663
25362	414	21663
21663	351	23798
21252	250	18004
6252	98	5911
21252	336	26521
21252	319	20911
6252	15	11521
6252	29	3320
6252	53	3004
16607	284	21440
1607	205	6440
16607	259	20849
28251	293	15656
10642	172	656
13251	172	656
22653	293	15656
7653	172	656
23815	344	20326
8815	189	5326
8815	145	5326
8815	20	4944
23815	321	19944
16731	319	27340
1731	98	12340
16731	336	26521
1731	29	3320
1731	193	11521
24382	414	29195
9382	226	14195
24382	284	19884
24382	414	25559
24382	259	20849
12141	49	3217
12141	160	3217
24309	410	18217
13250	103	3217
3115	160	3217
2212	42	6076
17212	303	16515
17212	250	21076
2212	156	1515
10265	205	3439
10265	226	3439
25265	296	17901
25265	284	18439
25265	414	18439
18235	364	19424
18235	296	15718
18235	364	18362
3235	145	3362
18235	259	20849
29108	267	24488
24488	368	29108
26867	368	24488
9488	159	1157
9488	225	11867
16961	414	29323
16961	414	24222
16961	414	20936
16961	284	27555
16961	259	20849
28435	364	15688
13435	145	688
25332	364	15688
15688	410	24008
15688	384	17777
23625	250	18124
8625	53	4753
8625	53	3124
23625	250	19753
23625	292	25149
27516	414	17721
12516	226	2721
24145	414	17721
9145	226	2721
23271	414	17721
28294	414	20443
13294	226	5443
20443	271	16260
1120	226	5443
6425	226	5443
2128	53	3988
17128	303	18353
17128	294	18353
17128	250	18988
2128	144	3353
13675	20	3129
20194	344	18129
21598	321	18129
18937	321	18129
3415	20	3129
25433	414	22886
10433	226	7886
25433	259	20849
8039	53	13332
23039	250	28332
23039	357	15002
8039	44	2
8039	168	14072
25426	259	16624
9102	23	1624
10426	23	1624
17592	259	16624
2592	23	1624
29746	296	25154
14836	4	10154
14746	4	10154
29836	296	25154
23587	296	25154
19057	414	19019
4057	226	4019
19057	414	19317
4057	226	4317
4057	226	8884
25374	414	18903
25374	414	24358
10374	226	89
25374	414	15089
25374	259	20849
15914	308	29110
14108	51	914
15914	308	27044
11867	51	914
12787	51	914
21614	290	28161
6614	33	5284
6614	33	13161
21614	290	20284
19807	265	24461
4807	234	9461
16980	414	19807
21850	414	19807
11329	226	4807
28856	250	20973
29751	250	20973
23730	250	20973
24663	250	20973
17211	250	20973
25739	414	19719
11698	226	4719
10761	226	4719
4905	226	4719
3266	226	4719
1603	205	2144
20178	284	17144
10380	205	2144
16603	284	17144
5178	205	2144
12653	145	5907
28636	364	20907
28636	414	20907
28636	330	20907
7436	226	5907
18917	296	21053
3917	159	2545
18917	330	17545
3917	226	4840
18917	414	19840
19530	414	27957
4530	125	11417
19530	414	20940
4530	226	12957
19530	259	20849
21628	414	29048
6628	145	12694
21628	364	27694
6628	226	14048
21628	259	20849
20091	296	23703
5091	226	10039
20091	414	25039
5091	4	8703
20091	386	16260
22915	330	27414
22915	381	27414
22915	411	27414
22915	414	26204
22915	259	20849
13783	226	8033
2474	226	8033
28783	414	23033
496	226	8033
1191	226	8033
27091	267	15202
202	52	12091
15202	368	27091
12091	57	202
23103	344	24648
24346	344	24648
20095	344	24648
27893	344	24648
12893	61	9648
22259	414	17442
22259	284	21556
22259	414	15031
7259	226	31
22259	259	20849
14690	226	4750
6782	226	4750
14335	226	4750
12968	226	4750
3564	226	4750
17005	414	29034
2005	226	14034
17005	414	15814
17005	414	16282
17005	259	20849
13818	226	8865
1320	226	8865
28818	414	23865
8836	226	8865
2045	226	8865
19782	267	18361
18361	344	15954
29224	368	18361
3361	78	954
18361	368	19782
28541	330	25267
27817	330	25267
29366	330	25267
27607	330	25267
14366	159	10267
2307	41	2833
17307	248	17833
2307	36	7997
17307	384	20099
15054	269	25710
54	168	10710
15054	250	25982
54	53	10982
14604	226	9317
25830	414	24317
3831	226	9317
8992	226	9317
2495	226	9317
17017	364	27075
17017	414	27447
2017	226	12447
2017	145	12075
17017	259	20849
28213	411	18612
13213	169	3612
825	169	3612
14335	169	3612
6281	169	3612
7636	184	3747
3747	94	7636
3747	29	843
22636	258	18747
18747	369	15843
10409	33	11980
10409	33	2237
25409	290	19568
10409	33	14671
10409	33	6532
27018	267	23089
23089	368	27018
23089	344	22770
12018	225	8089
8089	151	12018
12510	46	1667
27510	362	16667
15464	362	16667
11418	46	1667
9309	46	1667
29355	250	16499
14355	53	1499
23199	250	16499
8199	53	1499
9757	53	1499
27003	414	20517
28683	414	20517
13683	226	5517
14491	226	5517
11389	226	5517
17661	321	29221
2661	20	10627
2661	20	14221
17661	321	25627
2661	53	11372
16393	381	29011
1393	48	14011
16393	296	17349
1393	48	5969
16393	259	20849
3011	16	2042
18011	384	17042
18011	351	17330
3011	160	2330
20725	311	29378
5725	75	14378
5725	205	7276
5725	226	4510
20725	259	20849
5606	226	7491
6732	226	7491
22491	271	21501
20606	414	22491
5717	226	7491
4407	226	9189
4407	145	9002
19407	304	24002
19407	364	24002
4407	205	3640
28427	250	18835
13427	42	3835
24190	250	18835
9190	42	3835
13458	42	3835
2593	33	4635
17593	290	19635
25938	290	19635
24351	290	19635
20498	290	19635
24370	284	20886
9370	156	9938
24370	303	24938
9370	154	5886
24370	292	25149
29670	321	22329
8218	20	7329
14670	20	7329
185	20	7329
15185	321	22329
25349	344	17712
23541	344	17712
29067	344	17712
27763	344	17712
14067	78	2712
20481	296	16900
5481	226	13242
20481	414	28242
5481	159	8578
20481	330	23578
23617	351	16339
8617	49	1339
8617	160	1339
23617	410	16339
537	204	1339
25715	414	24708
10715	226	9708
5205	226	9708
8270	226	9708
23270	414	24708
29782	414	22186
14782	226	7186
25403	402	22186
4991	226	7186
22186	413	26945
15775	414	29985
15775	414	23659
15775	414	18903
15775	414	19045
15775	259	20849
28919	330	18765
28919	381	18765
28919	414	18765
13919	159	3765
13919	48	3765
16321	414	29034
1321	226	9358
16321	414	24358
16321	414	16497
16321	259	20849
21069	344	28047
6069	78	13047
6069	61	13047
28358	368	18790
18790	267	28358
13358	151	3790
3790	225	13358
29406	414	19125
13253	226	4125
28898	381	19125
28898	414	19125
13898	226	4125
21994	250	28574
6994	53	13574
6994	15	8676
21994	336	23676
21994	386	16260
20039	414	21447
20039	330	21637
20039	414	19611
5039	226	4611
5039	226	6447
8452	48	14720
23452	296	15191
23452	381	29720
23452	381	25965
23452	414	16075
15368	414	29790
368	226	14790
15368	414	21259
368	226	6259
368	226	2087
18780	296	28928
18780	414	20617
3780	205	13104
18780	414	21638
3780	226	6638
4511	75	9485
19511	414	21629
19511	304	24485
19511	311	24485
19511	414	15712
22403	414	27156
7403	226	12156
7403	145	13564
22403	414	24715
22403	259	20849
14936	226	6456
29656	414	21456
29936	414	21456
14656	226	6456
7706	226	6456
23020	284	27631
8020	226	12480
8020	205	12631
23020	414	27480
23020	259	20849
28365	364	15649
28365	330	15649
28365	381	15649
28365	414	15649
13365	145	649
4042	48	8791
4042	159	8791
19042	414	23791
19042	330	23791
4042	205	8791
28486	303	21033
29433	303	21033
29319	303	21033
13486	156	6033
20448	303	21033
13974	33	3757
27239	290	18757
4299	190	3757
13861	33	3757
10833	33	3757
1498	56	14371
29371	394	16498
16498	268	29371
1498	41	2385
16498	248	17385
2287	145	12655
2287	159	10267
2287	205	11129
17287	364	27655
17287	296	17632
27501	344	18998
24590	344	18998
23065	344	18998
25765	344	18998
10765	48	3998
22484	368	27244
7484	151	12244
27244	267	22484
12244	225	7484
2473	205	4030
2473	226	6244
17473	296	26416
17473	284	19030
17473	414	26378
14565	51	301
3494	51	301
13821	51	301
29565	416	15301
301	145	5628
23787	351	28678
8787	160	13678
8787	99	13678
8787	99	14738
23787	384	20099
20606	414	29636
5606	226	14636
5606	226	8247
20606	414	23247
20606	259	20849
7149	33	6279
22149	290	21279
7149	128	3518
22149	346	18518
14827	159	7951
18267	330	22951
26312	330	22951
29827	330	22951
19108	330	22951
19344	414	17442
19344	414	26215
19344	414	19557
4344	226	2442
19344	259	20849
27743	330	17969
27743	296	17969
20111	330	17969
12743	4	2969
5111	4	2969
28972	414	21811
13972	226	6811
1203	226	6811
29080	414	21811
14080	226	6811
27057	351	21602
12057	160	6602
6602	71	6602
10515	160	6602
21602	345	28299
29453	303	16500
14453	156	1500
14588	156	1500
16500	380	20515
5515	34	1500
27482	414	16151
12482	226	1151
3388	226	1151
589	226	1151
106	226	1151
21196	296	17595
6196	75	13300
21196	304	28300
21196	311	28300
21196	250	19593
16085	414	15041
1085	29	5618
1085	226	41
16085	386	20618
16085	259	20849
18330	294	21660
15980	294	21660
15980	303	21660
21194	294	21660
23249	294	21660
20405	414	29244
20405	414	29217
5405	226	2605
20405	364	21928
20405	259	20849
13004	226	7097
28004	414	22097
5622	226	7097
4698	226	7097
10192	145	7097
29257	296	24861
14257	4	9861
4575	4	9861
4842	4	9861
19575	296	24861
17841	381	28217
2841	48	13217
17841	414	18173
17841	296	22520
17841	409	26417
20144	344	29193
20144	368	28054
28054	267	20144
5144	151	13054
13054	225	5144
27186	267	18103
3103	189	5931
18103	344	20931
12186	225	3103
18103	368	27186
28166	364	19253
29786	364	19253
13935	145	4253
13166	145	4253
16741	364	19253
1089	145	550
1089	48	10250
1089	145	10250
16089	330	25250
16089	364	15550
19152	414	18897
4152	226	3897
21623	414	18897
6623	226	3897
18897	271	16260
19440	416	20874
13820	51	5874
28820	416	20874
373	51	5874
4440	51	5874
9147	226	9260
24147	296	22373
24147	414	24260
24147	414	21822
24147	259	20849
24593	248	18190
9593	41	3190
1701	34	9593
9593	196	1701
12673	196	9593
29174	414	24092
1791	226	9092
6021	226	9092
8231	226	9092
8935	226	9092
29739	294	15689
14571	144	689
24390	303	15689
13496	156	689
14739	156	689
3599	75	244
18599	304	15244
18599	311	15244
18599	386	19105
18599	259	20849
22372	414	29428
22372	414	23820
7372	226	14428
7372	226	8884
22372	259	20849
20739	311	17535
5739	159	12694
5739	145	12694
20739	296	15718
20739	259	20849
23417	344	28975
23417	344	28549
8417	20	4088
8417	20	2773
23417	321	17773
8417	145	13549
23417	321	19088
22499	296	29325
22499	414	29306
22499	284	18182
7499	226	14306
22499	259	20849
21975	321	23524
28032	321	23524
25839	321	23524
13032	20	8524
15224	321	23524
12019	226	5253
27646	414	20253
29013	414	20253
12043	226	5253
5032	226	5253
25597	409	24703
16612	409	24703
23061	409	24703
9690	125	9703
7280	125	9703
18481	369	20646
18481	352	21051
3481	77	10233
3481	71	5646
18481	378	25233
9313	226	3271
24313	296	16928
24313	414	17709
9313	4	1928
24313	414	18271
27895	284	22432
12895	205	7432
22432	410	26884
3184	205	7432
3322	205	7432
12688	226	6048
29866	414	21048
27688	414	21048
14304	226	6048
13306	226	6048
17208	296	19165
2208	145	12927
17208	414	15470
17208	364	27927
2208	226	470
6604	226	12240
21604	414	20835
6604	226	5835
21604	414	27240
15254	362	23851
254	46	8851
15254	384	20099
28142	344	18763
13142	189	3763
13142	145	3763
15740	344	18763
2418	226	3763
13117	42	3819
12799	42	3819
28427	250	18819
24080	250	18819
24190	250	18819
24046	330	27924
24046	414	22136
9046	159	12924
9046	226	7136
24046	259	20849
2791	145	14727
17791	377	29727
2791	48	7050
2791	226	8430
2791	205	9618
20484	293	29120
5484	29	14120
29979	362	23274
14979	46	8274
10539	46	8274
5593	46	8274
8110	46	8274
10102	159	6715
25102	330	21715
25102	414	20559
10102	226	5559
25102	259	20849
17707	410	28177
2707	49	13177
14179	226	2707
4680	226	2707
29179	414	17707
16978	311	24836
1978	226	4288
1978	75	9836
16978	414	19288
16978	259	20849
9299	33	13386
9299	33	2582
9299	33	1553
24299	290	28386
24299	290	26639
16064	284	28976
1064	205	13976
1064	226	6667
16064	414	21667
16064	259	20849
20424	267	15044
15044	368	20424
20424	344	27511
20424	344	28549
5424	48	13549
29644	414	21477
14644	226	6477
11066	226	6477
21032	414	21477
26066	414	21477
8674	226	5527
8674	226	8477
8674	226	7850
23674	414	23477
23674	414	20527
5104	139	2421
20104	290	17421
5104	33	2421
20104	397	17421
5104	128	3518
21534	414	22832
21534	330	22832
6534	205	1429
6534	145	7832
21534	250	20312
20120	267	18397
18397	344	27754
18397	368	20120
3397	20	2344
3397	61	12754
28397	411	19139
13397	169	4139
27990	411	19139
12990	169	4139
1156	169	4139
12878	226	6214
13604	226	6214
28604	414	21214
29853	414	21214
5952	226	6214
27440	344	15207
17039	344	15207
27944	344	15207
12944	189	207
207	20	7694
4789	145	13633
19789	296	28928
19789	414	28633
4789	226	13633
19789	259	20849
5377	226	12139
20377	296	27144
5377	159	11810
20377	330	26810
5377	226	8464
12448	145	7734
27448	364	22734
22734	351	18381
7734	160	3381
7734	16	4129
18867	414	17351
3867	226	2351
18867	414	24839
3867	226	9839
18867	259	20849
2073	20	4976
14380	20	4976
13055	20	4976
23460	321	19976
26685	321	19976
5134	159	898
18424	330	15898
13790	159	898
20134	330	15898
25337	330	15898
5388	156	12549
20388	303	27549
20388	386	16260
16211	304	27531
1211	205	9806
1211	75	12531
16211	284	24806
16211	259	20849
14488	20	1746
29488	321	16746
5607	20	1746
20607	321	16746
1746	53	11372
8340	226	3275
23340	414	21351
23340	414	17605
8340	226	2605
23340	259	20849
9840	226	11187
24840	414	18378
24840	296	22460
9840	226	3378
24840	414	19498
25324	414	27932
25324	414	28395
10324	226	12932
10324	226	13395
25324	259	20849
27143	296	22868
12143	4	7868
22868	271	16260
22868	312	20372
25754	296	22868
6141	139	10509
6141	160	2383
21141	351	17383
21141	290	25509
21141	397	25509
17278	414	19844
17278	414	17187
17278	284	17187
2278	205	2187
2278	226	2187
9090	145	8839
9090	205	13725
24090	364	23839
24090	284	28725
24090	414	22064
27658	344	22260
26241	344	22260
13602	189	7260
7408	145	7260
7247	78	7260
29770	414	23608
14770	226	8608
3463	226	8608
4625	226	8608
19625	414	23608
717	226	8342
15717	414	23342
15717	381	26430
15717	414	23884
717	226	8884
14922	20	5918
14596	20	5918
11971	164	5918
11971	245	5918
1616	20	5918
19117	267	29499
29499	368	19117
14499	151	4117
4117	225	14499
4117	98	5911
29903	364	16696
29903	330	16696
14903	159	1696
14903	145	1696
462	159	1696
1062	222	9013
16062	341	24013
16280	341	24013
1280	222	9013
20347	341	24013
29013	414	19703
27512	414	19703
14013	226	4703
12512	226	4703
19703	384	20872
9100	226	6448
23794	414	21448
804	226	6448
18850	414	21448
5613	226	6448
7830	195	9838
22830	318	24838
14007	20	385
14916	20	385
16990	321	15385
29007	321	15385
1990	20	385
959	160	8512
15959	351	23512
959	190	11482
15959	290	26482
959	128	1460
2408	226	7880
7748	226	7880
10093	226	7880
15154	414	22880
154	226	7880
17029	284	27631
2029	205	12631
2029	226	4807
17029	414	19807
17029	259	20849
28594	414	21126
13594	226	6126
7271	226	6126
9608	226	6126
21871	414	21126
15564	369	15843
15564	379	19211
10171	145	564
564	103	843
564	103	4211
15216	414	15827
216	226	10315
15216	414	25315
15216	414	24287
216	145	6902
27577	330	19168
28957	381	19168
10116	159	4168
28957	330	19168
27577	381	19168
52	226	6694
15052	304	27531
52	75	12531
15052	414	21694
15052	259	20849
10038	125	11417
25038	296	20299
10038	48	47
25038	381	15047
10038	205	3053
15238	414	28850
15238	414	26059
238	226	13850
15238	381	18766
15238	259	20849
15428	414	23021
428	226	8021
428	205	4884
15428	284	19884
15428	414	23865
18695	330	29425
3695	159	14425
18695	381	29425
3695	48	14425
18695	284	29425
7884	20	14221
22884	321	29221
568	226	12139
15568	414	27139
568	145	8184
15568	364	23184
15568	409	28394
21124	414	16793
21124	414	21322
6124	226	1793
6124	226	10588
21124	414	25588
13061	226	1675
28061	414	16675
3248	226	1675
26966	414	16675
20581	414	16675
28014	368	19268
19268	344	15556
19268	267	28014
4268	225	13014
4268	61	556
27822	411	17076
14299	169	2076
12822	169	2076
29299	411	17076
25161	411	17076
23053	296	20702
8053	4	5702
8053	226	7958
23053	414	22958
8053	75	9836
4277	226	8117
4277	226	9121
19277	414	24121
19277	414	23117
19277	259	20849
16382	296	27520
1382	4	12520
16382	411	20154
16382	414	17536
1382	226	2536
676	145	6063
9032	145	6063
4126	145	6063
26412	364	21063
2658	145	6063
9849	145	14721
24849	296	28928
24849	377	29721
24849	364	29721
24849	259	20849
16009	344	27923
27411	368	16009
16009	267	27411
12411	151	1009
1009	225	12411
28060	411	24662
13060	169	9662
18463	411	24662
11889	169	9662
13098	169	9662
29831	248	23319
15644	248	23319
15555	248	23319
14113	41	8319
14831	127	8319
3241	226	8886
18241	414	23886
3241	226	10315
18241	414	22066
18241	414	18123
22233	414	27791
7233	226	12791
22233	284	17335
7233	205	2335
22233	259	20849
17485	267	16521
16521	303	21033
1521	156	6033
16521	368	17485
16521	386	16260
6406	226	10176
21406	296	25154
21406	414	25176
6406	4	10154
6406	75	9216
25007	414	26211
10007	226	11211
25007	259	20849
17673	414	17613
2673	226	2613
2673	226	2673
2673	226	2673
12078	226	3956
27078	414	18956
23669	414	18956
20977	414	18956
3956	49	4865
61	226	5907
61	48	195
15061	330	15195
15061	381	15195
15061	414	20907
7806	160	7361
7806	49	7361
22806	351	22361
22806	410	22361
22806	271	16260
22412	250	20350
7412	42	5350
7412	222	3300
22412	341	18300
7412	29	1260
29829	344	23698
15409	344	23698
18023	344	23698
14829	189	8698
3023	189	8698
29664	330	24410
29664	414	24410
29462	330	24410
24848	330	24410
23560	330	24410
15149	296	27498
15149	330	17632
15149	414	19750
149	145	1092
15149	306	20386
6698	226	14867
6698	226	12870
21698	364	29867
21698	414	29867
21698	259	20849
14248	145	4234
29248	364	19234
26718	414	19234
11718	226	4234
28938	284	21150
13938	205	6150
11368	205	6150
12084	205	6150
27938	284	21150
2084	75	9211
5162	75	9211
24211	369	16260
24211	352	18432
9211	11	3432
29528	414	22814
13297	226	7814
28297	414	22814
14528	226	7814
10441	226	7814
2900	33	11982
2900	33	13386
17900	290	26982
17900	290	28386
2900	33	4847
23535	296	27746
8535	205	8251
8535	4	12746
23535	284	23251
23535	259	20849
7641	70	13691
28691	400	22641
7641	43	13691
28691	287	22641
28526	414	19863
13526	226	4863
153	226	4863
15153	414	19863
3152	226	4863
24311	414	29587
24311	414	15507
24311	414	15732
9311	226	732
9311	226	507
6646	46	13529
21646	362	28529
21646	410	29900
6646	49	14900
6646	41	13918
13713	46	2733
28713	362	17733
859	46	2733
412	46	2733
17603	362	17733
27876	414	19019
29873	414	19019
14463	226	4019
14873	226	4019
12876	226	4019
21068	351	24920
21068	410	24920
18333	352	24920
28823	410	24920
6068	49	9920
20107	296	15255
5107	4	255
5107	75	9836
20107	304	24836
20107	409	26417
9340	205	1286
24340	414	19611
24340	284	16286
9340	226	4611
24340	414	15999
26894	264	16265
11894	106	1265
22702	351	16265
24588	410	16265
2789	160	1265
7839	48	13914
7839	75	13300
7839	145	13914
22839	304	24409
22839	259	20849
21424	414	27165
21424	414	23414
6424	145	14727
21424	414	26873
21424	259	20849
28931	267	23410
23410	368	28931
23410	344	20054
8410	78	5054
8410	61	5054
15018	311	28300
15018	414	23282
18	145	10285
15018	381	23282
18	205	8698
18915	294	27744
3915	144	12744
3915	156	11590
18915	303	26590
18915	311	18353
21257	414	27121
6257	226	12139
21257	414	26655
21257	414	28850
21257	259	20849
16578	344	28629
16578	344	29420
16578	344	16830
1578	145	1830
1578	6	6484
12559	145	7548
28037	364	22548
27953	364	22548
23063	364	22548
2915	145	7548
7659	226	13736
22659	414	29367
22659	330	20339
22659	414	28736
22659	259	20849
12195	156	888
13337	156	888
1519	156	888
28337	303	15888
27195	303	15888
19048	414	29235
19048	414	29757
4048	226	14235
4048	226	14757
19048	259	20849
23216	284	28722
8216	205	13722
23216	414	16709
8216	226	3108
23216	259	20849
7826	33	6947
7826	33	340
22826	397	15340
22826	290	21947
22826	290	15950
4166	240	14497
19166	280	29497
20030	414	17170
5030	145	2170
20030	330	17170
20030	364	17170
5030	226	2170
27311	284	17139
12311	205	2139
1160	205	2139
9577	205	2139
9032	205	2139
24350	250	27734
9350	53	12734
6197	145	5012
21197	296	18864
21197	330	21897
21197	414	20012
6197	4	3864
16967	303	17483
1967	156	2483
1967	42	5350
19689	248	21140
4689	89	6140
19689	343	25341
21756	250	19753
6756	53	4753
6756	156	1692
21756	303	16692
13812	145	10473
13812	159	10473
29374	330	25473
15021	330	25473
28812	381	25473
17795	248	29777
17795	342	19060
2795	41	14777
17795	351	17362
17795	384	17752
13837	226	9730
28098	414	24730
13098	226	9730
28837	414	24730
28938	414	24730
14045	20	9745
29045	321	24745
3949	20	9745
12698	20	9745
761	20	9745
5637	226	13631
20637	414	28631
20637	414	21259
20637	381	23389
5637	48	8389
12271	225	9559
27271	267	24559
9559	151	12271
24559	368	27271
27565	414	18885
14774	200	3885
12565	226	3885
2474	226	3885
29774	414	18885
22299	414	23098
22299	381	23098
22299	330	23098
22299	364	23098
7299	48	8098
20320	351	27402
5320	160	12402
5320	41	495
5320	46	11137
20320	384	20099
16810	330	29249
1810	159	14249
1810	48	9523
16810	259	20849
6043	226	2707
21043	414	20494
21043	296	26393
21043	414	17707
6043	205	10988
29785	411	25450
29785	330	25450
29785	381	25450
19255	381	25450
4255	159	10450
16938	290	29207
1938	190	14207
27039	381	24718
27104	381	24718
23860	330	24718
12104	48	9718
5579	48	9718
24640	290	18551
9640	33	3551
9640	139	3551
9640	33	340
24640	397	18551
2771	226	14229
17771	414	29229
17771	296	28968
17771	304	27531
2771	75	12531
28792	381	22456
28792	330	22456
27506	330	22456
2618	48	7456
29169	381	22456
25375	414	24399
25375	330	22923
25375	414	22034
10375	226	7034
25375	259	20849
10093	226	11164
25093	414	22880
25093	414	26164
10093	226	7880
25093	250	19593
28524	411	21978
28524	330	21978
28524	381	21978
13524	159	6978
13524	169	6978
10191	226	12083
10191	226	10682
10191	75	12531
25191	414	27083
25191	259	20849
24289	296	27026
9289	206	12026
9289	29	1260
9289	193	7083
9289	53	5268
3955	115	6788
22503	312	18955
986	107	3955
6665	107	3955
10664	107	3955
14637	226	8284
29637	414	23284
5669	226	8284
374	226	8284
9837	226	8284
12343	160	8523
2424	160	8523
27343	351	23523
18936	351	23523
29417	351	23523
29832	414	15470
14832	226	470
945	226	470
462	226	470
15462	414	15470
29446	414	19911
14446	226	4911
28908	414	19911
13908	226	4911
19911	384	20872
29735	414	16792
2662	226	1792
28078	414	16792
13078	226	1792
3027	226	1792
22500	296	16258
7500	205	1065
22500	284	16065
7500	159	10448
7500	4	1258
28542	303	17756
28820	303	17756
13542	156	2756
13820	156	2756
7910	156	2756
20120	344	27754
20120	267	18397
18397	368	20120
20120	402	27754
5120	20	2344
669	159	12050
15669	296	23077
15669	414	27050
15669	414	15681
15669	259	20849
7681	48	12889
22681	414	21355
7681	145	8936
22681	330	23936
22681	364	23936
24958	402	19135
24958	344	19135
17372	267	24958
24958	368	17372
9958	78	4135
1541	49	14512
16541	410	29512
16541	343	19169
1541	115	4169
28184	414	20121
13184	226	5121
3729	226	5121
9129	226	5121
17132	414	20121
15193	269	29940
193	168	14940
193	53	11401
15193	250	26401
27330	414	21702
4176	226	6702
9696	226	6702
1336	226	6702
19176	414	21702
682	98	9212
15682	336	19757
682	15	4757
15682	319	24212
15682	250	19593
10198	226	2074
25198	311	27531
25198	414	17074
10198	75	12531
25198	414	25315
29647	330	19766
14647	159	4766
5689	226	4766
26869	414	19766
19766	384	17777
2562	226	8247
17562	414	23247
5820	75	13300
20820	414	29534
20820	296	20702
20820	311	28300
20820	259	20849
17926	296	18864
2926	4	3864
2926	75	12531
17926	259	20849
19849	411	29803
4849	169	14803
19849	386	16260
19849	259	20849
27028	284	17855
29257	284	17855
28122	284	17855
29839	284	17855
14839	205	2855
23825	364	26326
8825	145	11326
8825	226	7875
23825	414	22875
23825	259	20849
16024	312	19274
1024	107	4274
13193	75	2401
28193	311	17401
27143	311	17401
9675	75	2401
12143	75	2401
12273	225	9549
24549	368	27273
27273	267	24549
9549	151	12273
9549	53	3622
20382	250	28347
5382	53	13347
20382	303	24001
5382	156	9001
28239	414	18409
15868	414	18409
13239	226	3409
2293	226	3409
18409	384	17777
7108	16	5099
22108	362	17733
22108	279	18482
7108	41	7000
22108	248	22000
27294	410	20738
12294	49	5738
72	79	5738
4512	106	5738
15072	293	20738
13116	41	3723
12877	41	3723
27877	248	18723
24010	248	18723
18723	293	29900
17542	414	29150
2542	226	14150
17542	414	27157
2542	226	12157
17542	259	20849
18255	296	16504
18255	414	25803
3255	226	2672
18255	414	23910
18255	296	28519
21986	414	15542
21986	414	15662
6986	226	542
21986	330	20453
6986	226	662
28417	414	18271
12766	226	3271
27766	414	18271
4039	226	3271
24313	414	18271
20523	344	22493
5523	189	7493
8898	226	7493
23898	414	22493
4320	140	7493
21632	414	23884
21632	414	16186
21632	414	20253
6632	226	1186
6632	226	8884
23219	248	29153
8219	41	14153
8219	123	4811
23219	384	20099
13534	226	6950
28534	414	21950
11620	226	6950
11010	226	6950
26620	414	21950
21728	311	28300
6728	226	5747
6728	75	13300
21728	414	20747
21728	259	20849
21251	381	20893
8341	48	5893
26067	414	20893
25348	330	20893
15809	381	20893
19669	351	25657
10873	226	4669
4669	160	10657
25873	414	19669
19669	271	20618
2073	151	14380
14380	225	2073
29380	267	17073
17073	368	29380
2073	20	4976
704	226	1304
5783	226	1304
6898	226	1304
15704	414	16304
21898	414	16304
29832	296	22506
27936	296	22506
22506	271	16260
14832	4	7506
12936	4	7506
23215	296	17095
8215	4	2095
23215	259	20849
25489	402	18439
25489	344	18439
10489	78	3439
10489	145	3439
10489	61	3439
25221	340	15757
28957	414	15757
2986	226	757
3080	226	757
13957	226	757
18869	304	29652
18869	414	28621
3869	75	14652
18869	414	26302
18869	259	20849
2579	145	6217
17579	364	21217
17579	414	20070
17579	259	20849
7515	205	13275
7515	159	4824
22515	414	28302
22515	284	28275
22515	364	19824
29898	411	19727
14124	169	4727
14898	169	4727
4769	169	4727
985	169	4727
4687	225	13643
13643	151	4687
19687	267	28643
28643	368	19687
4687	20	1269
5540	189	14530
20540	344	29530
5540	145	1104
20540	364	16104
5540	145	4506
8354	144	4157
8354	53	6136
23354	250	21136
23354	294	19157
8354	168	6325
20338	414	27544
20338	364	27544
20338	411	27544
20338	330	27544
20338	381	27544
24359	284	28536
24359	414	24555
9359	226	9555
9359	205	13536
24359	259	20849
19112	368	27029
27029	267	19112
19112	344	21957
19112	321	15850
4112	61	6957
24401	414	19671
9401	226	4557
24401	414	19557
9401	226	4671
24401	259	20849
13167	226	8414
28167	414	23414
23414	410	19865
10960	226	8414
6424	226	8414
918	20	13134
15918	321	28134
918	53	2865
15918	344	27245
15918	344	18902
4831	159	994
19831	330	15994
19831	381	15994
19831	411	19139
4831	169	4139
8255	159	1547
8255	145	2999
23255	296	17632
8255	226	11187
8255	48	11349
28646	296	15255
13646	4	255
5107	4	255
20107	296	15255
16968	311	22083
1968	75	7083
1968	205	13271
16968	284	28271
1982	33	2496
1982	33	3674
16982	290	18674
16982	290	17496
28636	414	22682
12563	226	7682
13428	226	7682
28265	414	22682
20397	414	22682
19951	351	25364
4951	160	10364
4951	128	2848
19951	346	17848
7800	145	12927
22800	364	27927
22800	304	16946
22800	386	16260
22800	259	20849
20159	351	28073
5159	160	13073
20159	290	27514
5159	33	12514
5159	139	6198
14658	4	3772
28167	296	18772
29658	296	18772
13167	4	3772
4090	4	3772
25025	267	27774
27774	368	25025
25025	344	19898
12774	151	10025
10025	225	12774
13423	172	5691
28423	293	20691
20691	322	28423
27505	330	16431
12749	159	1431
27505	381	16431
27749	330	16431
12505	48	1431
20622	311	22696
5622	226	7097
20622	296	17996
5622	75	7696
20622	414	22097
27635	374	16510
12635	58	1510
1510	119	12635
1510	160	5618
16510	384	17375
22182	330	22502
7182	226	13630
22182	414	15904
7182	159	7502
22182	259	20849
19313	414	22023
19313	414	20530
4313	226	10559
4313	226	5530
4313	226	7023
13415	4	8240
28415	296	23240
29579	296	23240
14579	4	8240
7391	4	8240
14282	226	7816
29282	414	22816
12543	226	7816
29428	268	22816
7816	223	14428
22816	394	29428
27543	414	22816
23962	364	20694
23962	311	20694
8962	75	5694
8962	48	5694
23962	259	20849
1898	20	12331
16898	344	23035
16898	321	27331
16898	321	20211
1898	20	5211
13305	4	8703
28305	296	23703
23703	271	16260
5091	4	8703
8045	4	8703
7988	41	7362
7988	49	13073
22988	410	28073
22988	248	22362
22988	248	17762
27936	414	19100
9442	226	4100
3717	226	4100
14080	226	4100
29080	414	19100
7183	226	13266
22183	311	26919
22183	414	16840
22183	414	25176
22183	414	26812
14186	41	7362
29186	248	22362
22988	248	22362
26907	248	22362
8563	41	7362
8462	4	2901
23462	296	17901
8462	159	6780
8462	226	7111
23462	296	16412
13987	4	6240
27056	296	21240
12056	4	6240
28987	296	21240
13898	4	6240
20358	351	16834
5358	160	1834
21951	284	20358
6951	205	5358
20358	384	19129
15860	248	17762
860	41	2762
860	41	2871
19184	271	21501
21721	411	19184
18416	411	19184
21721	296	19184
21721	381	19184
18167	311	27531
3167	226	4807
18167	414	15487
3167	205	7752
18167	259	20849
14751	51	7125
3918	51	7125
2211	51	7125
2066	51	7125
7788	51	7125
14956	226	1822
29956	414	16822
28127	414	16822
13080	226	1822
28080	414	16822
7659	159	5339
20339	351	25527
2009	159	5339
6908	159	5339
22659	330	20339
17786	344	20127
17786	344	24412
2786	78	9412
2786	61	9412
2786	61	5127
3138	226	7230
17564	414	22230
17175	414	22230
2564	226	7230
17210	414	22230
22947	414	20750
22947	414	22850
7947	226	5750
22947	390	25266
7947	226	7239
25043	248	28918
10043	41	13918
10043	99	6367
10043	160	6367
10043	49	6367
12681	226	1850
16850	340	25538
25538	340	16850
27681	414	16850
10497	226	1850
17342	296	17996
2342	48	8389
17342	381	23389
17342	373	23389
2342	205	9645
14831	41	3592
27341	248	18592
12341	89	3592
3761	41	3592
17666	248	18592
23129	330	28099
23129	414	17605
8129	159	13099
8129	48	13099
23129	259	20849
1686	29	5618
26902	351	16686
26403	253	16686
16686	253	26403
11902	160	1686
23551	416	29026
8551	51	14026
8551	53	6136
23551	250	21136
8872	226	14172
23872	414	29172
23872	330	21897
8872	159	6897
23872	259	20849
8037	53	6136
23037	250	21136
23037	303	24938
8037	144	9938
8037	156	9938
12102	160	4561
4321	160	4561
27102	271	19561
8051	160	4561
1090	160	4561
28364	330	23770
12750	159	8770
27750	330	23770
26270	330	23770
23770	384	17777
17862	296	23833
2862	226	11164
2862	48	968
17862	414	20634
17862	414	26164
1032	160	894
16032	362	23274
16032	351	15894
1032	46	8274
16032	384	20099
16937	414	28328
1937	226	13328
16937	414	20443
1937	205	3910
16937	259	20849
22003	344	29247
7003	48	14247
7003	61	14247
7003	78	14247
7003	145	4938
17020	364	28215
17020	311	28215
2020	145	13215
2020	75	13215
2020	226	4671
3882	205	4030
18882	414	21865
18882	414	24092
3882	226	6865
18882	284	19030
8891	53	13044
23891	250	28044
23891	357	15296
8891	44	296
23891	292	25149
27796	284	24123
27247	284	24123
29690	284	24123
12247	205	9123
14690	205	9123
13160	190	8977
20649	290	23977
28160	290	23977
1455	190	8977
5649	190	8977
12474	99	7942
12474	49	7942
27474	410	22942
12474	160	7942
3639	160	7942
19322	330	29591
4322	48	14591
19322	284	18216
4322	205	3216
19322	259	20849
6943	49	14264
21943	410	29264
6943	160	3432
21943	351	18432
21943	271	16260
24333	330	17433
9333	159	2433
9333	145	550
9333	145	10250
24333	259	20849
19136	414	29867
19136	414	29587
19136	414	23884
4136	145	8884
19136	364	23884
1822	160	1877
3278	160	1877
16822	351	16877
3278	49	1877
3475	160	1877
27140	351	21920
620	160	6920
6720	160	6920
9857	160	6920
10478	160	6920
13241	131	5646
20646	369	20646
12020	160	5646
20646	369	20646
1672	103	5646
18490	412	21198
18490	363	21198
3490	96	6198
3490	188	6198
18490	299	15287
20413	330	15047
5413	48	47
20413	411	25557
20413	381	19585
20413	381	15047
22415	414	25869
22415	311	27531
22415	364	25869
22415	414	25285
22415	259	20849
10015	23	14074
25015	293	19074
25015	259	29074
10015	103	4074
18868	368	27618
12618	225	3868
3868	151	12618
27618	267	18868
6356	53	10982
21356	303	22287
21356	250	25982
6356	156	7287
25305	414	25953
25305	330	15583
25305	414	15583
10305	159	583
25305	284	22267
16307	296	29325
16307	414	29323
1307	4	14325
16307	414	24222
16307	259	20849
15983	414	26390
983	226	11390
15983	284	25113
983	205	10113
15983	259	20849
16255	290	29158
1255	190	14158
16255	271	21501
1255	160	6501
19349	248	27594
4349	41	12594
4349	41	6712
19349	248	21712
19349	271	16260
17533	344	28975
2533	48	13975
21213	267	17533
6213	225	2533
2533	20	2773
16240	296	20713
16240	296	28519
1240	226	3271
16240	414	21169
1240	226	2142
20167	414	27346
5167	226	12346
20167	250	20312
20167	259	20849
1672	103	6341
16672	369	21341
1672	103	5646
16672	369	21110
16672	369	20646
4368	144	12519
19368	294	27519
19368	303	27519
4368	156	12519
7938	205	7752
22938	284	22752
7938	226	5819
22938	414	20819
22938	259	20849
7990	33	5389
22990	290	23254
7990	190	5240
22990	290	26980
7990	33	14083
15597	410	27967
597	49	12967
597	50	3887
15597	248	18887
26877	262	19295
24246	262	19295
10534	199	4295
8840	199	4295
8166	199	4295
28761	248	17038
13761	41	2038
19069	248	17038
7031	41	2038
1312	41	2038
14964	49	4817
13925	160	4817
29964	410	19817
2644	160	4817
19817	369	23293
853	75	2401
15853	304	17401
15853	296	23468
15853	311	17401
853	4	8468
19931	344	29457
4931	20	1476
4931	61	14457
19931	402	26231
4931	141	10399
2544	226	9284
17544	414	24284
17544	259	20849
25156	368	27004
27004	267	25156
25156	344	24315
10156	151	12004
10156	145	9315
1545	160	12012
16545	351	27012
29865	414	24177
13209	226	9177
18582	414	24177
16965	414	24177
20543	414	24177
4897	77	1557
19897	352	27523
19897	378	16557
4897	24	12523
4547	226	5527
19547	414	22023
19547	414	15487
19547	414	20527
4547	226	7023
7887	226	719
22887	296	15925
22887	414	15719
7887	4	925
22887	414	17672
12452	159	994
27452	381	15994
27452	330	15994
4831	159	994
15994	384	17777
27975	330	21914
28605	330	21914
28364	330	21914
28444	330	21914
11985	159	6914
8845	160	816
23845	351	15816
23845	271	16260
8845	160	3432
23845	413	26945
4053	168	7437
4053	144	7709
4053	168	14940
19053	269	22437
19053	303	22709
29056	330	20776
19381	330	20776
7607	48	5776
19381	381	20776
16466	330	20776
3359	205	13131
18359	284	28131
18359	296	17349
3359	226	14633
18359	414	29633
21740	296	27248
21740	381	20096
21740	330	24980
21740	364	20096
21740	414	20096
22636	331	18747
7636	29	8624
22636	369	15843
18747	372	22636
7636	29	843
15861	344	28718
861	189	13718
861	145	2513
861	53	3622
15858	368	27262
15858	267	24319
29625	307	15858
858	6	14625
858	145	10661
14998	205	1365
29998	284	16365
28013	284	16365
13013	205	1365
25304	284	16365
8548	226	7216
23548	364	20969
23548	414	22216
23548	414	22958
23548	284	21150
12748	226	7366
13838	226	7366
28838	414	22366
27748	414	22366
728	226	7366
7824	226	11655
7824	48	891
22824	414	23021
22824	414	22680
22824	414	16333
27998	414	17442
12998	226	2442
20490	414	17442
7808	226	2442
2442	99	11884
19837	414	25236
4837	226	10236
19837	414	15732
4837	226	8117
19837	414	23117
9239	89	3272
24239	248	18272
24239	384	22301
16373	414	29697
1373	226	14697
1373	226	2536
16373	414	17536
16373	259	20849
5002	145	14926
20002	414	29926
20002	330	29926
20002	364	29926
5002	159	14926
22819	296	19971
22819	330	29771
7819	226	8871
22819	364	22222
22819	304	27531
29023	344	19679
23085	344	19679
14023	61	4679
14023	78	4679
8085	78	4679
15135	330	20063
15135	381	20063
15135	364	20063
135	145	5063
15135	259	20849
17623	364	19323
17623	414	28621
2623	226	13621
2623	226	1914
17623	259	20849
110	41	7223
15110	248	22223
15110	362	21276
110	46	6276
15110	384	20099
22908	351	21012
7908	160	6012
22908	271	16260
19200	351	16139
19200	271	25371
4200	160	10371
4200	230	10371
4200	160	1139
29778	285	19879
14778	25	4879
514	222	4879
15514	341	19879
19879	317	18592
7628	139	10555
22628	290	17441
22628	397	25555
7628	69	2441
22628	290	21779
21515	296	22339
23439	296	22339
8439	4	7339
11630	4	7339
18316	296	22339
20543	414	24358
20543	414	24177
20543	284	26534
5543	226	9358
5543	226	9177
1884	226	12396
16884	414	27396
16884	414	22545
1884	226	7545
16884	259	20849
14079	226	7886
29079	414	22886
4832	226	7886
7445	226	7886
10433	226	7886
29021	344	18162
22512	344	18162
15447	344	18162
14021	78	3162
447	78	3162
4862	23	10165
19862	259	25165
28764	293	15281
13764	172	281
7766	172	281
20536	293	15281
24622	293	15281
3616	156	6940
18616	303	21940
29343	344	22770
23089	344	22770
27018	344	22770
22770	379	18432
23499	344	22770
1614	48	13217
16614	381	28217
1614	145	13665
16614	296	18199
16614	381	21154
29265	330	19185
23715	381	19185
14265	159	4185
23715	330	19185
4517	159	4185
19365	414	29012
4365	226	14012
4365	159	12720
4365	48	12720
19365	259	20849
27693	414	16886
14192	145	1886
3664	226	1886
3265	226	1886
9241	226	1886
24755	311	28300
24755	364	26989
24755	414	23910
9755	145	11989
24755	414	19987
29123	351	20232
5232	29	8889
8889	43	5232
5232	172	5232
26970	351	20232
12544	234	9461
2560	234	9461
28067	265	24461
28858	265	24461
12341	234	9461
20418	414	19521
20418	414	15487
5418	226	4521
5418	226	487
20418	259	20849
24320	414	15169
24320	414	15732
24320	414	16309
9320	226	1309
9320	226	732
21882	296	28151
6882	226	5810
6882	145	8936
6882	159	8936
21882	364	23936
12298	20	9952
27298	321	24952
9369	20	9952
20793	321	24952
1860	20	9952
29784	343	15218
14784	115	218
28260	343	15218
13260	115	218
18924	343	15218
19107	414	28252
4107	226	427
4107	226	13252
19107	414	15427
19107	259	20849
23341	296	22817
8341	145	1576
23341	364	21902
8341	48	5893
8341	205	4470
17811	343	28094
13094	146	2811
2811	29	183
17811	384	20099
17811	295	23800
13776	226	8021
21120	414	23021
15428	414	23021
8021	160	9205
25081	414	23021
24509	414	28557
9509	226	13557
24509	414	22875
24509	304	28300
24509	414	19844
5975	48	3478
3629	48	3478
29750	381	18478
18629	381	18478
15774	381	18478
217	188	6618
15217	363	21618
17916	344	16534
19755	344	16534
29403	344	16534
26806	344	16534
2916	61	1534
801	225	14901
15801	267	29901
14901	151	801
29901	368	15801
16003	411	20246
16003	284	22157
1003	205	7157
1003	169	5246
16003	409	26417
19433	296	27485
4433	205	3483
19433	364	18030
19433	284	18483
19433	259	20849
27692	414	19203
12692	226	4203
944	226	4203
15944	414	19203
19203	384	20872
8017	103	380
8017	188	380
23017	293	15380
23017	281	15380
23017	363	15380
27084	364	15550
12159	145	550
27159	364	15550
6489	145	550
16089	364	15550
15645	414	28970
15645	414	23402
15645	414	17605
645	226	2605
15645	259	20849
18653	344	22847
25764	344	22847
28989	344	22847
17825	344	22847
20834	344	22847
29169	296	22520
29821	296	22520
14821	4	7520
27385	296	22520
17634	414	22520
20433	414	18442
5433	226	3442
5433	205	1429
20433	284	16429
20433	259	20849
3018	53	4753
18018	250	21976
3018	53	6976
18018	250	19753
29839	414	15427
13209	226	427
18762	414	15427
28209	414	15427
7396	226	427
7146	226	8180
22146	414	23180
22146	259	20849
13258	44	2
28258	357	15002
11597	44	2
17518	357	15002
8039	44	2
28338	296	21517
14663	4	6517
27817	296	21517
12817	4	6517
12607	4	6517
24637	414	29025
9637	226	14025
24637	414	15382
9637	226	382
24637	386	16260
23455	284	17855
8455	205	2855
23455	259	20849
29458	330	18750
14458	159	3750
11465	159	3750
26465	381	18750
26465	330	18750
17059	368	29990
29990	267	17059
17059	267	28419
17059	416	19598
2059	51	4598
14826	53	4904
29826	250	19904
16833	250	19904
27168	250	19904
28729	250	19904
1625	41	11948
16625	362	20698
16625	248	26948
1625	46	5698
16625	384	20099
