6463	25851
877	20265
6473	25861
2638	22026
9414	28802
2506	21894
9734	29122
5767	25155
5833	25221
3169	22557
8954	28342
3628	23016
8429	27817
1089	20477
9857	29245
9600	28988
10092	29480
3116	22504
2006	21394
2895	22283
502	19890
4860	24248
7416	26804
9099	28487
698	20086
3780	23168
6459	25847
9114	28502
9106	28494
6266	25654
299	19687
1897	21285
4418	23806
5832	25220
3195	22583
8948	28336
3025	22413
8370	27758
7045	26433
6025	25413
10289	29677
1312	20700
4396	23784
1925	21313
5539	24927
6988	26376
7914	27302
4589	23977
2987	22375
7382	26770
9851	29239
2714	22102
4936	24324
7817	27205
3447	22835
9859	29247
3406	22794
9704	29092
8365	27753
4883	24271
7057	26445
1906	21294
746	20134
9976	29364
5620	25008
765	20153
3188	22576
107	19495
556	19944
1190	20578
4212	23600
5358	24746
728	20116
41	19429
964	20352
1566	20954
1534	20922
28	19416
10305	29693
8840	28228
3923	23311
7046	26434
4892	24280
6895	26283
1549	20937
9988	29376
4786	24174
6018	25406
441	19829
8792	28180
4555	23943
7645	27033
8763	28151
830	20218
6986	26374
8930	28318
2498	21886
7211	26599
1649	21037
6970	26358
1687	21075
7403	26791
5807	25195
5318	24706
841	20229
3910	23298
3323	22711
5653	25041
2924	22312
8064	27452
50	19438
8815	28203
6717	26105
7462	26850
1308	20696
5448	24836
5306	24694
7910	27298
8319	27707
2288	21676
7747	27135
3960	23348
2879	22267
8353	27741
6406	25794
369	19757
7256	26644
9079	28467
7508	26896
6329	25717
236	19624
7803	27191
9328	28716
4240	23628
1700	21088
3754	23142
3061	22449
2014	21402
2391	21779
4869	24257
2872	22260
955	20343
2612	22000
2818	22206
5289	24677
8411	27799
9511	28899
5543	24931
7520	26908
5573	24961
5325	24713
8590	27978
8112	27500
6703	26091
390	19778
7389	26777
6677	26065
8984	28372
2839	22227
7367	26755
9946	29334
2102	21490
3369	22757
7314	26702
456	19844
4293	23681
8278	27666
8329	27717
9847	29235
7189	26577
10160	29548
7953	27341
3830	23218
1703	21091
10089	29477
3435	22823
5064	24452
4010	23398
375	19763
6733	26121
5426	24814
292	19680
9571	28959
607	19995
5932	25320
5726	25114
2595	21983
9008	28396
4669	24057
6396	25784
146	19534
7021	26409
6787	26175
6413	25801
10073	29461
9271	28659
9834	29222
6932	26320
6646	26034
8979	28367
10100	29488
5169	24557
5058	24446
10410	29798
6799	26187
5635	25023
1702	21090
202	19590
3861	23249
394	19782
401	19789
9640	29028
5841	25229
5113	24501
7470	26858
654	20042
9533	28921
8113	27501
9690	29078
8912	28300
320	19708
4055	23443
5340	24728
5475	24863
2244	21632
6251	25639
7915	27303
4438	23826
2874	22262
8788	28176
6011	25399
1862	21250
1870	21258
1754	21142
7703	27091
7796	27184
7827	27215
5437	24825
9869	29257
6387	25775
5486	24874
5204	24592
1981	21369
7437	26825
517	19905
3833	23221
482	19870
1774	21162
6819	26207
4546	23934
9290	28678
1726	21114
6424	25812
1923	21311
5782	25170
4473	23861
7291	26679
8156	27544
6801	26189
4339	23727
759	20147
785	20173
6508	25896
613	20001
3004	22392
3913	23301
5087	24475
2222	21610
6904	26292
10190	29578
2135	21523
7678	27066
288	19676
8306	27694
1671	21059
9068	28456
10335	29723
7558	26946
6727	26115
5647	25035
7521	26909
1793	21181
182	19570
10403	29791
5624	25012
4209	23597
9362	28750
7445	26833
4657	24045
10497	29885
9560	28948
9154	28542
4718	24106
5958	25346
