165	189	11221
165	189	10670
19553	1890	27310
165	189	10675
19553	1890	30609
19553	1890	30058
165	189	14080
165	189	14025
165	189	1573
19553	1890	33468
19553	1890	30063
19553	1890	32338
19553	1890	33413
165	189	12950
19553	1890	20961
0	0	0
8925	875	4383
7358	875	4383
28414	2576	23771
28313	2576	23771
23771	1738	26746
23771	2496	31676
26746	2576	23771
23771	2260	32619
4383	795	12288
0	0	0
3135	1570	14123
22523	1855	33973
30074	2291	22523
33973	1927	22523
22523	2234	30074
22523	2164	32618
22523	1994	37518
22523	2528	37518
22523	2291	36321
22523	2353	36321
3135	154	14585
14585	226	3135
0	0	0
8411	1560	8177
27799	2353	28207
8411	1558	8819
8411	1095	11481
8177	908	8411
8819	1690	8411
8411	1560	8295
2180	1021	8411
14273	1361	8411
8295	908	8411
30718	2426	27799
14273	1558	8411
27799	2127	27683
28207	2520	27799
8411	1661	8411
0	0	0
5949	745	10956
5949	502	11551
25455	2203	25337
10956	502	5949
5949	745	4922
25337	2203	30939
6067	502	5949
25337	2446	25455
25337	2446	24310
25337	2446	30344
5949	745	6067
24310	2203	25337
25337	2401	35248
30344	2203	25337
5949	700	17568
0	0	0
29747	1791	38733
29747	2554	21256
11968	1606	10359
10359	1606	16319
10359	1606	11968
10359	1606	15979
8346	1606	10359
10359	1606	9357
10359	1606	8346
3807	1606	10359
10359	1606	3807
10359	1606	5612
5612	1606	10359
29747	2484	31756
0	0	0
27727	1862	32967
9593	1457	8339
33800	1761	27727
2891	1457	8339
8339	442	2431
27727	2143	21819
27287	1761	27727
28813	2238	27727
6767	1457	8339
14412	1457	8339
28981	2238	27727
26155	2238	27727
0	0	0
1851	414	6877
1851	271	6877
21239	1972	24966
1851	271	5578
21239	1972	28995
1851	271	13908
21239	2177	25710
1851	494	5578
6322	343	1851
24966	2044	21239
21239	2195	24966
25710	2044	21239
21239	2115	26265
21239	1972	26265
21239	1972	33296
0	0	0
3549	819	2321
1058	79	2321
2321	652	3549
10658	652	2321
7838	79	2321
23593	2573	21709
22937	2520	21709
8149	634	2321
21709	2520	30046
4205	872	2321
30046	2335	21709
20446	2335	21709
21709	2335	23656
21709	2335	22937
21709	2353	22937
0	0	0
7346	463	1698
5591	652	7346
7346	463	8486
7346	652	11951
7346	471	947
11951	819	7346
7346	819	5591
7346	21	5371
24979	2353	26734
27874	2141	26734
26734	2353	31339
31339	2234	26734
26734	2164	27874
26734	2199	27117
26734	2164	21086
0	0	0
29870	1899	27311
7923	351	6932
27311	1899	38142
7923	351	3401
7923	351	4781
7923	351	14547
27311	2052	26320
27311	2052	33935
27311	2052	22789
7923	198	1580
27311	2052	32782
7947	1316	7923
10482	198	7923
7923	198	17609
6717	198	7923
0	0	0
4649	878	2232
30542	1984	24037
27180	1984	24037
4649	878	7792
4649	878	11154
24037	2579	21620
2232	283	4649
24037	2579	30542
24037	2579	27006
24037	2579	27180
11154	283	4649
7792	283	4649
0	0	0
22940	2520	22143
22143	2353	22940
22940	2528	28321
22940	2509	19675
2755	652	3552
3552	819	2755
11432	819	3552
22940	2509	33896
3552	652	11432
22940	2172	22502
30820	2520	22940
22940	2353	30820
0	0	0
20999	2520	31615
31615	2353	20999
20999	2164	26230
1611	463	6132
12227	590	1611
20999	2172	25223
1611	471	5835
20999	2164	25520
5835	652	1611
1611	463	6842
20999	2164	21187
1611	533	12227
12227	652	1611
1611	819	12227
20999	1722	33785
0	0	0
23986	2511	30974
30974	2360	23986
4598	810	11586
4598	810	12901
4598	810	12736
23986	2511	32289
23986	2511	32124
26379	2052	23986
6991	351	4598
23986	1966	26379
4598	810	2265
4598	265	6991
23986	1966	24246
4598	265	4858
5289	851	4598
0	0	0
8805	183	5983
8961	183	5983
5983	1572	16363
7323	34	5983
11650	183	5983
9631	34	5983
8983	34	5983
5983	1166	13139
12041	183	5983
4929	34	5983
5290	34	5983
28371	2509	25371
4234	183	5983
5599	34	5983
9556	183	5983
0	0	0
6538	680	12644
3186	680	6538
6538	471	10599
6538	21	14397
32032	2291	25926
22574	2381	25926
22574	2234	25926
25926	2381	32032
32032	2403	25926
25926	2234	32032
25926	2291	22574
25926	2403	22574
25926	1722	33785
25926	2509	25554
25926	2510	25554
0	0	0
