need:	[7461, 1479, 8878]	[26849, 2127, 28266],delete:
need:	[5986, 1479, 7461]	[8878, 1479, 7461],delete:
need:	[7461, 1479, 8878]	[26849, 2127, 28266],delete:
need:	[8878, 1479, 7461]	[26849, 2127, 28266],delete:
need:	[7461, 1479, 8878]	[28266, 2127, 26849],delete:
need:	[7461, 1479, 8878]	[26849, 2127, 28266],delete:
need:	[8878, 1479, 7461]	[26849, 2127, 28266],delete:
need:	[8878, 1479, 7461]	[28266, 2127, 26849],delete:
need:	[8878, 1479, 7461]	[26849, 2127, 28266],delete:
need:	[7461, 1479, 8878]	[26849, 2127, 28266],delete:
need:	[8878, 1479, 7461]	[26849, 2127, 28266],delete:
need:	[7461, 1479, 8878]	[26849, 2127, 28266],delete:
need:	[26849, 2127, 25374]	[8878, 1479, 7461]	[7461, 1479, 5986],delete:
need:	[7461, 1479, 8878]	[28266, 2127, 26849],delete:
need:	[7461, 1479, 8878]	[26849, 2127, 28266],delete:
need:	[26849, 2127, 25374]	[7461, 1479, 5986],delete:
need:	[8878, 1479, 7461]	[26849, 2127, 28266],delete:
need:	[8878, 1479, 7461]	[28266, 2127, 26849],delete:
need:	[8878, 1479, 7461]	[26849, 2127, 28266],delete:
need:	[8878, 1479, 7461]	[28266, 2127, 26849],delete:
need:	[5986, 1479, 7461]	[26849, 2127, 25374],delete:
need:	[8878, 1479, 7461]	[26849, 2127, 28266],delete:
need:	[26849, 2127, 25374]	[7461, 1479, 5986],delete:
need:	[5986, 1479, 7461]	[26849, 2127, 25374]	[7461, 1479, 5986],delete:
need:	[5986, 1479, 7461]	[26849, 2127, 25374]	[7461, 1459, 4188],delete:
need:	[26849, 2127, 25374]	[28266, 2127, 26849],delete:
need:	[26849, 2127, 26786]	[8878, 1479, 7461]	[26849, 2127, 28266],delete:
need:	[26849, 2127, 25374]	[8878, 1479, 7461]	[26849, 2089, 31269],delete:
need:	[26849, 2127, 25374]	[7461, 1479, 5986],delete:
need:	[5986, 1479, 7461]	[26849, 2127, 25374],delete:
need:	[26849, 2127, 25374]	[8878, 1479, 7461]	[7461, 1479, 5986],delete:
need:	[26849, 2127, 25374]	[7461, 1479, 5986],delete:
need:	[7461, 1479, 8878]	[28266, 2127, 26849],delete:
need:	[7461, 1479, 8878]	[28266, 2127, 26849],delete:
need:	[8878, 1479, 7461]	[26849, 2127, 28266],delete:
need:	[7461, 1479, 8878]	[8878, 1479, 7461]	[28266, 2127, 26849],delete:
need:	[5986, 1479, 7461]	[26849, 2127, 25374]	[8878, 1479, 7461],delete:
need:	[8878, 1479, 7461]	[28266, 2127, 26849],delete:
need:	[5986, 1479, 7461]	[26849, 2127, 25374],delete:
need:	[8878, 1479, 7461]	[28266, 2127, 26849],delete:
need:	[8878, 1479, 7461]	[28266, 2127, 26849],delete:
need:	[7461, 1479, 8878]	[26849, 2127, 25374]	[7461, 986, 11881],delete:
need:	[8878, 1479, 7461]	[28266, 2127, 26849],delete:
need:	[26849, 2127, 25374]	[26849, 2528, 23576]	[7461, 1479, 5986],delete:
need:	[26849, 2127, 25374]	[7461, 1479, 5986],delete:
need:	[8878, 1479, 7461]	[26849, 2127, 28266],delete:
need:	[26849, 2127, 25374]	[7461, 1479, 5986],delete:
need:	[5986, 1479, 7461]	[26849, 2127, 25374],delete:
need:	[26849, 2127, 25374]	[7461, 1479, 5986],delete:
need:	[26849, 2127, 25374]	[7461, 1479, 5986],delete:
need:	[7461, 1479, 8878]	[26849, 2127, 28266],delete:
need:	[7461, 1479, 8878]	[28266, 2127, 26849],delete:
need:	[8878, 1479, 7461]	[26849, 2127, 28266],delete:
need:	[8878, 1479, 7461]	[26849, 2127, 28266],delete:
need:	[7461, 1479, 8878]	[26849, 2127, 28266],delete:
need:	[8878, 1479, 7461]	[26849, 2127, 28266],delete:
need:	[26849, 2127, 25374]	[28266, 2127, 26849],delete:
need:	[8878, 1479, 7461]	[26849, 2127, 28266],delete:
need:	[7461, 1479, 8878]	[28266, 2127, 26849],delete:
need:	[7461, 1479, 8878]	[26849, 2127, 28266],delete:
need:	[7461, 1479, 8878]	[28266, 2127, 26849],delete:
need:	[7461, 1479, 8878]	[28266, 2127, 26849],delete:
need:	[7461, 1479, 8878]	[28266, 2127, 26849],delete:
need:	[5986, 1479, 7461]	[7461, 1479, 8878]	[26849, 2127, 25374],delete:
need:	[8878, 1479, 7461]	[28266, 2127, 26849],delete:
need:	[8878, 1479, 7461]	[28266, 2127, 26849],delete:
need:	[7461, 1479, 8878]	[26849, 2127, 28266],delete:
need:	[8878, 1479, 7461]	[26849, 2127, 28266],delete:
need:	[8878, 1479, 7461]	[28266, 2127, 26849],delete:
need:	[7461, 1479, 8878]	[28266, 2127, 26849],delete:
need:	[26849, 2127, 25374]	[7461, 1479, 5986],delete:
need:	[5986, 1479, 7461]	[26849, 2127, 25374]	[26849, 2528, 23576],delete:
need:	[7461, 1479, 8878]	[28266, 2127, 26849],delete:
need:	[8878, 1479, 7461]	[28266, 2127, 26849],delete:
need:	[7461, 1479, 8878]	[28266, 2127, 26849],delete:
need:	[8878, 1479, 7461]	[28266, 2127, 26849],delete:
need:	[26849, 2127, 25374]	[7461, 1479, 5986],delete:
need:	[8878, 1479, 7461]	[26849, 2127, 28266],delete:
need:	[7461, 1479, 8878]	[28266, 2127, 26849],delete:
need:	[26849, 2127, 25374]	[7461, 1479, 5986],delete:
need:	[8878, 1479, 7461]	[26849, 2127, 28266],delete:
need:	[26849, 2127, 25374]	[8878, 1479, 7461],delete:
need:	[8878, 1479, 7461]	[26849, 2127, 28266],delete:
need:	[7461, 1479, 8878]	[26849, 2127, 25374]	[7461, 1479, 5986],delete:
need:	[5986, 1479, 7461]	[26849, 2127, 25374],delete:
need:	[8878, 1479, 7461]	[28266, 2127, 26849],delete:
need:	[26849, 2127, 25374]	[8878, 1479, 7461]	[28266, 2127, 26849],delete:
need:	[7461, 1479, 8878]	[26849, 2127, 28266],delete:
need:	[26849, 2127, 25374]	[7461, 1479, 5986],delete:
need:	[7461, 1479, 8878]	[28266, 2127, 26849],delete:
need:	[5986, 1479, 7461]	[26849, 2127, 25374]	[7461, 1479, 7398],delete:
need:	[26849, 2127, 25374]	[7461, 1479, 5986],delete:
need:	[8878, 1479, 7461]	[26849, 2127, 28266],delete:
need:	[7461, 1479, 8878]	[28266, 2127, 26849],delete:
need:	[7461, 1479, 8878]	[26849, 2127, 28266],delete:
need:	[7461, 1479, 8878]	[26849, 2127, 28266],delete:
need:	[7461, 1479, 8878]	[28266, 2127, 26849],delete:
need:	[5986, 1479, 7461]	[26849, 2127, 25374],delete:
need:	[5986, 1479, 7461]	[26849, 2127, 25374],delete:
need:	[7461, 1479, 8878]	[28266, 2127, 26849],delete:
need:	[5986, 1479, 7461]	[26849, 2127, 25374],delete:
need:	[26849, 2127, 25374]	[28266, 2127, 26849],delete:
need:	[8878, 1479, 7461]	[26849, 2127, 28266],delete:
need:	[7461, 1479, 8878]	[26849, 2127, 28266],delete:
need:	[7461, 1479, 8878]	[26849, 2127, 28266],delete:
need:	[5986, 1479, 7461]	[26849, 2127, 25374],delete:
need:	[26849, 2127, 25374]	[7461, 1479, 5986],delete:
need:	[26849, 2127, 25374]	[7461, 1479, 5986],delete:
need:	[26849, 2127, 25374]	[8878, 1479, 7461]	[7461, 1479, 5986],delete:
need:	[5986, 1479, 7461]	[26849, 2127, 25374],delete:
need:	[5986, 1479, 7461]	[26849, 2127, 25374]	[8878, 1479, 7461],delete:
need:	[26849, 2127, 25374]	[7461, 1479, 5986],delete:
need:	[7461, 1479, 8878]	[26849, 2127, 28266],delete:
need:	[7461, 1479, 8878]	[28266, 2127, 26849],delete:
need:	[7461, 1479, 8878]	[26849, 2127, 28266],delete:
need:	[8878, 1479, 7461]	[26849, 2127, 28266],delete:
need:	[5986, 1479, 7461]	[26849, 2127, 25374]	[7461, 986, 11881],delete:
need:	[5986, 1479, 7461]	[26849, 2127, 25374]	[8878, 1479, 7461],delete:
need:	[8878, 1479, 7461]	[28266, 2127, 26849],delete:
need:	[7461, 1479, 8878]	[28266, 2127, 26849],delete:
need:	[26849, 2127, 25374]	[7461, 1479, 5986],delete:
need:	[7461, 1479, 8878]	[26849, 2127, 28266],delete:
need:	[7461, 1479, 8878]	[28266, 2127, 26849],delete:
need:	[7461, 1479, 8878]	[26849, 2127, 25374],delete:
need:	[8878, 1479, 7461]	[26849, 2127, 28266],delete:
need:	[26849, 2127, 25374]	[26849, 2127, 28266],delete:
need:	[8878, 1479, 7461]	[26849, 2127, 28266],delete:
need:	[8878, 1479, 7461]	[28266, 2127, 26849],delete:
need:	[7461, 1479, 8878]	[28266, 2127, 26849],delete:
need:	[26849, 2127, 25374]	[7461, 1479, 5986],delete:
need:	[7461, 1479, 8878]	[28266, 2127, 26849],delete:
need:	[7461, 1479, 8878]	[28266, 2127, 26849],delete:
need:	[8878, 1479, 7461]	[26849, 2127, 28266],delete:
need:	[26849, 2127, 25374]	[7461, 1479, 5986],delete:
need:	[26849, 2127, 25374]	[7461, 1479, 5986],delete:
need:	[7461, 1479, 8878]	[26849, 2127, 25374],delete:
need:	[7461, 1479, 8878]	[28266, 2127, 26849],delete:
need:	[7461, 1479, 8878]	[26849, 2127, 28266],delete:
need:	[7461, 1479, 8878]	[26849, 2127, 25374]	[7461, 1479, 5986],delete:
need:	[8878, 1479, 7461]	[26849, 2127, 28266],delete:
need:	[5986, 1479, 7461]	[26849, 2127, 25374],delete:
need:	[26849, 2127, 25374]	[7461, 1479, 5986],delete:
need:	[5986, 1479, 7461]	[26849, 2127, 25374],delete:
need:	[8878, 1479, 7461]	[28266, 2127, 26849],delete:
need:	[8878, 1479, 7461]	[26849, 2127, 28266],delete:
need:	[5986, 1479, 7461]	[26849, 2127, 25374],delete:
need:	[8878, 1479, 7461]	[28266, 2127, 26849],delete:
need:	[26849, 2127, 25374]	[7461, 986, 11881],delete:
need:	[8878, 1479, 7461]	[26849, 2127, 28266],delete:
need:	[26849, 2127, 25374]	[7461, 1479, 5986],delete:
need:	[7461, 1479, 8878]	[28266, 2127, 26849],delete:
need:	[7461, 1479, 8878]	[28266, 2127, 26849],delete:
need:	[7461, 1479, 8878]	[28266, 2127, 26849],delete:
need:	[26849, 2127, 25374]	[7461, 1479, 5986],delete:
need:	[26849, 2127, 25374]	[8878, 1479, 7461],delete:
need:	[5986, 1479, 7461]	[26849, 2127, 25374],delete:
need:	[8878, 1479, 7461]	[26849, 2127, 28266],delete:
need:	[7461, 1479, 8878]	[26849, 2127, 28266],delete:
need:	[8878, 1479, 7461]	[26849, 2127, 28266],delete:
need:	[5986, 1479, 7461]	[26849, 2127, 25374],delete:
need:	[7461, 1479, 8878]	[26849, 2127, 28266],delete:
need:	[26849, 2127, 25374]	[7461, 1479, 5986],delete:
need:	[8878, 1479, 7461]	[28266, 2127, 26849],delete:
need:	[26849, 2127, 25374]	[7461, 1479, 5986],delete:
need:	[5986, 1479, 7461]	[26849, 2127, 25374]	[7461, 1479, 5986],delete:
need:	[5986, 1479, 7461]	[26849, 2127, 25374],delete:
need:	[5986, 1479, 7461]	[26849, 2127, 25374],delete:
need:	[5986, 1479, 7461]	[26849, 2127, 25374],delete:
need:	[7461, 1479, 8878]	[26849, 2127, 25374],delete:
need:	[8878, 1479, 7461]	[28266, 2127, 26849],delete:
need:	[26849, 2127, 25374]	[7461, 1479, 5986],delete:
need:	[26849, 2127, 25374]	[8878, 1479, 7461],delete:
need:	[8878, 1479, 7461]	[26849, 2127, 28266],delete:
need:	[26849, 2127, 25374]	[8878, 1479, 7461]	[28266, 2127, 26849],delete:
need:	[7461, 1479, 8878]	[28266, 2127, 26849],delete:
need:	[5986, 1479, 7461]	[7461, 1479, 8878]	[26849, 2127, 25374],delete:
need:	[26849, 2127, 25374]	[8878, 1479, 7461],delete:
need:	[7461, 1479, 8878]	[28266, 2127, 26849],delete:
need:	[26849, 2127, 25374]	[7461, 1479, 5986],delete:
need:	[7461, 1479, 8878]	[26849, 2127, 28266],delete:
need:	[26849, 2127, 25374]	[7461, 1479, 5986],delete:
need:	[26849, 2127, 25374]	[7461, 1479, 5986],delete:
need:	[5986, 1479, 7461]	[26849, 2127, 25374],delete:
need:	[7461, 1479, 8878]	[26849, 2127, 28266],delete:
need:	[26849, 2127, 25374]	[7461, 1479, 5986],delete:
need:	[8878, 1479, 7461]	[28266, 2127, 26849],delete:
need:	[7461, 1479, 8878]	[26849, 2127, 28266],delete:
need:	[5986, 1479, 7461]	[26849, 2127, 25374],delete:
need:	[26849, 2127, 25374]	[7461, 1479, 5986],delete:
need:	[26849, 2127, 25374]	[7461, 1479, 5986],delete:
need:	[8878, 1479, 7461]	[28266, 2127, 26849],delete:
need:	[26849, 2127, 25374]	[7461, 1479, 5986],delete:
need:	[8878, 1479, 7461]	[26849, 2127, 28266],delete:
need:	[8878, 1479, 7461]	[28266, 2127, 26849],delete:
need:	[7461, 1479, 8878]	[26849, 2127, 25374],delete:
need:	[26849, 2127, 25374]	[7461, 1479, 5986],delete:
need:	[7461, 1479, 8878]	[26849, 2127, 28266],delete:
need:	[7461, 1479, 8878]	[26849, 2127, 28266],delete:
need:	[5986, 1479, 7461]	[26849, 2127, 25374],delete:
need:	[5986, 1479, 7461]	[26849, 2127, 25374],delete:
need:	[26849, 2127, 25374]	[7461, 1479, 5986],delete:
need:	[26849, 2127, 25374]	[26849, 2528, 23576],delete:
need:	[5986, 1479, 7461]	[26849, 2127, 25374],delete:
need:	[7461, 1479, 8878]	[28266, 2127, 26849],delete:
need:	[7461, 1479, 8878]	[26849, 2127, 28266],delete:
need:	[8878, 1479, 7461]	[26849, 2127, 28266],delete:
need:	[26849, 2127, 25374]	[7461, 1479, 5986],delete:
need:	[7461, 1479, 8878]	[28266, 2127, 26849],delete:
need:	[26849, 2127, 25374]	[26849, 2089, 31269],delete:
need:	[7461, 1479, 8878]	[26849, 2127, 28266],delete:
need:	[5986, 1479, 7461]	[26849, 2127, 25374],delete:
need:	[5986, 1479, 7461]	[26849, 2127, 25374],delete:
need:	[26849, 2127, 25374]	[28266, 2127, 26849],delete:
need:	[26849, 2127, 25374]	[7461, 1479, 5986],delete:
need:	[8878, 1479, 7461]	[28266, 2127, 26849],delete:
need:	[8878, 1479, 7461]	[26849, 2127, 28266],delete:
need:	[26849, 2127, 25374]	[7461, 1479, 5986],delete:
need:	[26849, 2127, 25374]	[7461, 1479, 7398],delete:
need:	[5986, 1479, 7461]	[26849, 2127, 25374],delete:
need:	[26849, 2127, 25374]	[7461, 1479, 5986],delete:
need:	[8878, 1479, 7461]	[28266, 2127, 26849],delete:
need:	[7461, 1479, 8878]	[26849, 2127, 28266],delete:
need:	[7461, 1479, 8878]	[28266, 2127, 26849],delete:
need:	[7461, 1479, 8878]	[26849, 2127, 28266],delete:
need:	[5986, 1479, 7461]	[26849, 2127, 25374],delete:
need:	[7461, 1479, 8878]	[28266, 2127, 26849],delete:
need:	[5986, 1479, 7461]	[26849, 2127, 25374],delete:
need:	[7461, 1479, 8878]	[26849, 2127, 28266],delete:
need:	[26849, 2127, 25374]	[7461, 1479, 5986],delete:
need:	[8878, 1479, 7461]	[28266, 2127, 26849],delete:
need:	[7461, 1479, 8878]	[26849, 2127, 28266],delete:
need:	[26849, 2127, 25374]	[7461, 1479, 5986],delete:
need:	[26849, 2127, 25374]	[8878, 1479, 7461]	[7461, 1479, 5986],delete:
need:	[7461, 1479, 8878]	[26849, 2127, 25374],delete:
need:	[26849, 2127, 25374]	[26849, 2089, 31269],delete:
need:	[26849, 2127, 25374]	[7461, 1479, 5986],delete:
need:	[26849, 2127, 25374]	[8878, 1479, 7461],delete:
need:	[26849, 2127, 25374]	[8878, 1479, 7461],delete:
need:	[8878, 1479, 7461]	[26849, 2127, 28266],delete:
need:	[7461, 1479, 8878]	[28266, 2127, 26849],delete:
need:	[26849, 2127, 25374]	[7461, 1479, 5986],delete:
need:	[5986, 1479, 7461]	[26849, 2127, 25374],delete:
need:	[8878, 1479, 7461]	[28266, 2127, 26849],delete:
need:	[26849, 2127, 25374]	[8878, 1479, 7461],delete:
need:	[26849, 2127, 25374]	[7461, 1479, 5986],delete:
need:	[8878, 1479, 7461]	[28266, 2127, 26849],delete:
need:	[26849, 2127, 25374]	[7461, 1479, 5986],delete:
need:	[26849, 2127, 25374]	[7461, 1479, 5986]	[28266, 2127, 26849],delete:
need:	[26849, 2127, 25374]	[26849, 2528, 23576],delete:
need:	[8878, 1479, 7461]	[28266, 2127, 26849],delete:
need:	[8878, 1479, 7461]	[26849, 2127, 28266],delete:
need:	[7461, 1479, 8878]	[26849, 2127, 28266],delete:
need:	[7461, 1479, 8878]	[28266, 2127, 26849],delete:
need:	[26849, 2127, 25374]	[7461, 1479, 5986],delete:
need:	[7461, 1479, 8878]	[26849, 2127, 28266],delete:
need:	[7461, 1479, 8878]	[26849, 2127, 25374],delete:
need:	[5986, 1479, 7461]	[26849, 2127, 25374],delete:
need:	[5986, 1479, 7461]	[26849, 2021, 23576]	[26849, 2127, 25374],delete:
need:	[7461, 1479, 8878]	[28266, 2127, 26849],delete:
need:	[26849, 2127, 25374]	[7461, 1479, 5986],delete:
need:	[8878, 1479, 7461]	[28266, 2127, 26849],delete:
need:	[5986, 1479, 7461]	[26849, 2127, 25374],delete:
need:	[26849, 2127, 25374]	[7461, 1479, 5986],delete:
need:	[26849, 2127, 25374]	[7461, 1479, 5986],delete:
need:	[7461, 1479, 8878]	[26849, 2127, 25374],delete:
need:	[26849, 2127, 25374]	[7461, 1459, 4188],delete:
need:	[26849, 2127, 25374]	[7461, 1479, 5986],delete:
need:	[26849, 2127, 25374]	[7461, 1479, 5986],delete:
need:	[7461, 1479, 8878]	[26849, 2127, 28266],delete:
need:	[5986, 1479, 7461]	[26849, 2127, 25374],delete:
need:	[7461, 1479, 8878]	[26849, 2127, 25374],delete:
need:	[7461, 1479, 8878]	[28266, 2127, 26849],delete:
need:	[7461, 1479, 8878]	[26849, 2127, 28266],delete:
need:	[26849, 2127, 26786]	[26849, 2127, 25374],delete:
need:	[26849, 2127, 25374]	[26849, 2528, 23576],delete:
need:	[7461, 1479, 8878]	[28266, 2127, 26849],delete:
need:	[5986, 1479, 7461]	[26849, 2127, 25374],delete:
need:	[8878, 1479, 7461]	[26849, 2127, 28266],delete:
need:	[26849, 2127, 25374]	[7461, 1479, 5986],delete:
need:	[26849, 2127, 26786]	[26849, 2127, 25374],delete:
need:	[8878, 1479, 7461]	[28266, 2127, 26849],delete:
need:	[26849, 2021, 23576]	[26849, 2127, 25374],delete:
need:	[5986, 1479, 7461]	[26849, 2127, 25374],delete:
need:	[7461, 1479, 8878]	[28266, 2127, 26849],delete:
need:	[7461, 1479, 8878]	[26849, 2127, 25374],delete:
need:	[26849, 2127, 25374]	[7461, 1479, 5986],delete:
need:	[26849, 2127, 25374]	[26849, 2528, 23576],delete:
need:	[5986, 1479, 7461]	[26849, 2127, 25374],delete:
need:	[7461, 1479, 8878]	[26849, 2127, 28266],delete:
need:	[8878, 1479, 7461]	[26849, 2127, 28266],delete:
need:	[7461, 1479, 8878]	[26849, 2127, 28266],delete:
need:	[26849, 2127, 25374]	[28266, 2127, 26849],delete:
need:	[7461, 1479, 8878]	[26849, 2127, 28266],delete:
need:	[7461, 1479, 8878]	[28266, 2127, 26849],delete:
need:	[5986, 1479, 7461]	[26849, 2127, 25374],delete:
need:	[5986, 1479, 7461]	[26849, 2127, 25374]	[8878, 1479, 7461],delete:
need:	[8878, 1479, 7461]	[26849, 2127, 28266],delete:
need:	[8878, 1479, 7461]	[26849, 2127, 28266],delete:
need:	[8878, 1479, 7461]	[26849, 2127, 28266],delete:
need:	[8878, 1479, 7461]	[26849, 2127, 28266],delete:
need:	[8878, 1479, 7461]	[26849, 2127, 28266],delete:
need:	[8878, 1479, 7461]	[28266, 2127, 26849],delete:
need:	[7461, 1479, 8878]	[26849, 2127, 28266],delete:
need:	[7461, 1479, 8878]	[26849, 2127, 28266],delete:
need:	[5986, 1479, 7461]	[26849, 2127, 25374],delete:
need:	[5986, 1479, 7461]	[26849, 2127, 25374],delete:
need:	[5986, 1479, 7461]	[26849, 2127, 25374],delete:
need:	[26849, 2127, 25374]	[7461, 1479, 5986],delete:
need:	[8878, 1479, 7461]	[28266, 2127, 26849],delete:
need:	[26849, 2127, 25374]	[28266, 2127, 26849],delete:
need:	[8878, 1479, 7461]	[28266, 2127, 26849],delete:
need:	[8878, 1479, 7461]	[28266, 2127, 26849],delete:
need:	[7461, 1479, 8878]	[26849, 2127, 25374],delete:
need:	[7461, 1479, 8878]	[28266, 2127, 26849],delete:
need:	[8878, 1479, 7461]	[26849, 2127, 28266],delete:
need:	[7461, 1479, 8878]	[26849, 2127, 25374]	[26849, 2127, 28266],delete:
need:	[7461, 1479, 8878]	[28266, 2127, 26849],delete:
need:	[7461, 1479, 8878]	[28266, 2127, 26849],delete:
need:	[8878, 1479, 7461]	[26849, 2127, 28266],delete:
need:	[7461, 1479, 8878]	[28266, 2127, 26849],delete:
need:	[7461, 1479, 8878]	[26849, 2127, 28266],delete:
need:	[8878, 1479, 7461]	[28266, 2127, 26849],delete:
need:	[26849, 2127, 25374]	[28266, 2127, 26849],delete:
need:	[26849, 2021, 23576]	[26849, 2127, 25374],delete:
need:	[5986, 1479, 7461]	[26849, 2127, 25374],delete:
need:	[7461, 1479, 8878]	[28266, 2127, 26849],delete:
need:	[8878, 1479, 7461]	[26849, 2127, 28266],delete:
need:	[5986, 1479, 7461]	[26849, 2127, 25374],delete:
need:	[5986, 1479, 7461]	[26849, 2127, 25374],delete:
need:	[26849, 2127, 25374]	[7461, 1479, 5986],delete:
need:	[7461, 1479, 8878]	[28266, 2127, 26849],delete:
need:	[5986, 1479, 7461]	[26849, 2127, 25374],delete:
need:	[7461, 1479, 8878]	[28266, 2127, 26849],delete:
need:	[5986, 1479, 7461]	[26849, 2127, 25374],delete:
need:	[5986, 1479, 7461]	[26849, 2127, 25374],delete:
need:	[5986, 1479, 7461]	[26849, 2127, 25374],delete:
need:	[7461, 1479, 8878]	[26849, 2127, 28266],delete:
need:	[8878, 1479, 7461]	[26849, 2127, 28266],delete:
need:	[5986, 1479, 7461]	[26849, 2127, 25374],delete:
need:	[8878, 1479, 7461]	[26849, 2127, 28266],delete:
need:	[5986, 1479, 7461]	[26849, 2127, 25374]	[7461, 1479, 5986],delete:
need:	[26849, 2127, 25374]	[7461, 1479, 5986],delete:
need:	[26849, 2127, 25374]	[7461, 1479, 5986],delete:
need:	[7461, 1479, 8878]	[28266, 2127, 26849],delete:
need:	[7461, 1479, 8878]	[26849, 2127, 28266],delete:
need:	[5986, 1479, 7461]	[26849, 2127, 25374],delete:
need:	[8878, 1479, 7461]	[26849, 2127, 28266],delete:
need:	[26849, 2127, 25374]	[7461, 1479, 5986],delete:
need:	[8878, 1479, 7461]	[28266, 2127, 26849],delete:
need:	[5986, 1479, 7461]	[26849, 2127, 25374],delete:
need:	[7461, 1479, 8878]	[28266, 2127, 26849],delete:
need:	[5986, 1479, 7461]	[26849, 2127, 25374],delete:
need:	[8878, 1479, 7461]	[28266, 2127, 26849],delete:
need:	[8878, 1479, 7461]	[28266, 2127, 26849],delete:
need:	[26849, 2127, 25374]	[7461, 1479, 5986],delete:
need:	[7461, 1479, 8878]	[28266, 2127, 26849],delete:
need:	[8878, 1479, 7461]	[26849, 2127, 28266],delete:
need:	[5986, 1479, 7461]	[26849, 2127, 25374],delete:
need:	[7461, 1479, 8878]	[26849, 2127, 25374],delete:
need:	[7461, 1479, 8878]	[26849, 2127, 28266],delete:
need:	[8878, 1479, 7461]	[26849, 2127, 28266],delete:
need:	[7461, 1479, 8878]	[26849, 2127, 28266],delete:
need:	[5986, 1479, 7461]	[26849, 2127, 25374],delete:
need:	[26849, 2127, 25374]	[7461, 1479, 5986],delete:
need:	[8878, 1479, 7461]	[28266, 2127, 26849],delete:
need:	[5986, 1479, 7461]	[26849, 2127, 25374],delete:
need:	[8878, 1479, 7461]	[26849, 2127, 28266],delete:
need:	[26849, 2127, 25374]	[7461, 1479, 5986],delete:
need:	[7461, 1479, 8878]	[28266, 2127, 26849],delete:
need:	[5986, 1479, 7461]	[26849, 2127, 25374]	[26849, 2528, 23576],delete:
need:	[8878, 1479, 7461]	[26849, 2127, 28266],delete:
need:	[8878, 1479, 7461]	[28266, 2127, 26849],delete:
need:	[8878, 1479, 7461]	[28266, 2127, 26849],delete:
need:	[26849, 2127, 25374]	[7461, 1479, 5986],delete:
need:	[7461, 1479, 8878]	[26849, 2127, 28266],delete:
need:	[8878, 1479, 7461]	[28266, 2127, 26849],delete:
need:	[26849, 2127, 25374]	[26849, 2127, 28266],delete:
need:	[26849, 2127, 25374]	[28266, 2127, 26849],delete:
need:	[26849, 2127, 25374]	[7461, 1479, 5986],delete:
need:	[26849, 2127, 25374]	[7461, 1479, 5986],delete:
need:	[26849, 2127, 25374]	[7461, 1479, 5986],delete:
need:	[8878, 1479, 7461]	[28266, 2127, 26849],delete:
need:	[5986, 1479, 7461]	[26849, 2127, 25374]	[8878, 1479, 7461],delete:
need:	[5986, 1479, 7461]	[26849, 2127, 25374],delete:
need:	[26849, 2127, 26786]	[26849, 2127, 25374],delete:
need:	[7461, 1479, 8878]	[26849, 2127, 28266],delete:
need:	[5986, 1479, 7461]	[26849, 2127, 25374],delete:
need:	[26849, 2127, 25374]	[7461, 1479, 5986],delete:
need:	[8878, 1479, 7461]	[28266, 2127, 26849],delete:
need:	[5986, 1479, 7461]	[26849, 2127, 25374],delete:
need:	[26849, 2127, 25374]	[7461, 1479, 5986],delete:
need:	[26849, 2127, 25374]	[8878, 1479, 7461],delete:
need:	[8878, 1479, 7461]	[26849, 2127, 28266],delete:
need:	[7461, 1479, 8878]	[26849, 2127, 28266],delete:
need:	[8878, 1479, 7461]	[28266, 2127, 26849],delete:
need:	[7461, 1479, 8878]	[28266, 2127, 26849],delete:
need:	[5986, 1479, 7461]	[26849, 2127, 25374],delete:
need:	[7461, 1479, 8878]	[8878, 1479, 7461]	[26849, 2127, 28266],delete:
need:	[7461, 1479, 8878]	[26849, 2127, 28266],delete:
need:	[5986, 1479, 7461]	[26849, 2127, 25374],delete:
need:	[8878, 1479, 7461]	[28266, 2127, 26849],delete:
need:	[7461, 1479, 8878]	[26849, 2127, 28266],delete:
need:	[7461, 1479, 8878]	[28266, 2127, 26849],delete:
need:	[7461, 1479, 8878]	[26849, 2127, 25374],delete:
need:	[7461, 1479, 8878]	[26849, 2127, 28266],delete:
need:	[26849, 2127, 25374]	[8878, 1479, 7461],delete:
need:	[8878, 1479, 7461]	[28266, 2127, 26849],delete:
need:	[8878, 1479, 7461]	[26849, 2127, 28266],delete:
need:	[7461, 1479, 8878]	[26849, 2127, 28266],delete:
need:	[26849, 2127, 25374]	[7461, 1479, 5986],delete:
need:	[7461, 1479, 8878]	[26849, 2127, 25374],delete:
need:	[7461, 1479, 8878]	[28266, 2127, 26849],delete:
need:	[5986, 1479, 7461]	[26849, 2127, 25374],delete:
need:	[8878, 1479, 7461]	[26849, 2127, 28266],delete:
need:	[5986, 1479, 7461]	[26849, 2127, 25374],delete:
need:	[8878, 1479, 7461]	[26849, 2127, 28266],delete:
need:	[5986, 1479, 7461]	[26849, 2127, 25374],delete:
need:	[26849, 2127, 25374]	[7461, 1479, 5986],delete:
need:	[5986, 1479, 7461]	[26849, 2127, 25374]	[7461, 1459, 4188],delete:
need:	[8878, 1479, 7461]	[26849, 2127, 28266],delete:
need:	[5986, 1479, 7461]	[26849, 2127, 25374],delete:
need:	[8878, 1479, 7461]	[28266, 2127, 26849],delete:
need:	[26849, 2127, 25374]	[8878, 1479, 7461]	[7461, 1479, 5986],delete:
need:	[8878, 1479, 7461]	[28266, 2127, 26849],delete:
need:	[5986, 1479, 7461]	[26849, 2127, 25374],delete:
need:	[7461, 1479, 8878]	[28266, 2127, 26849],delete:
need:	[26849, 2127, 25374]	[8878, 1479, 7461],delete:
need:	[5986, 1479, 7461]	[26849, 2127, 25374],delete:
need:	[5986, 1479, 7461]	[26849, 2127, 25374],delete:
need:	[26849, 2127, 25374]	[26849, 2528, 23576]	[7461, 1479, 5986],delete:
need:	[7461, 1479, 8878]	[28266, 2127, 26849],delete:
need:	[7461, 1479, 8878]	[26849, 2127, 28266],delete:
need:	[7461, 1479, 8878]	[28266, 2127, 26849],delete:
need:	[7461, 1479, 8878]	[26849, 2127, 25374],delete:
need:	[5986, 1479, 7461]	[26849, 2127, 25374],delete:
need:	[8878, 1479, 7461]	[26849, 2127, 28266],delete:
need:	[26849, 2127, 25374]	[7461, 1479, 5986],delete:
need:	[8878, 1479, 7461]	[28266, 2127, 26849],delete:
need:	[7461, 1479, 8878]	[28266, 2127, 26849],delete:
need:	[8878, 1479, 7461]	[26849, 2127, 28266],delete:
need:	[8878, 1479, 7461]	[26849, 2127, 28266],delete:
need:	[8878, 1479, 7461]	[28266, 2127, 26849],delete:
need:	[26849, 2127, 25374]	[28266, 2127, 26849],delete:
need:	[7461, 1479, 8878]	[26849, 2127, 25374]	[28266, 2127, 26849],delete:
need:	[7461, 1479, 8878]	[26849, 2127, 28266],delete:
need:	[8878, 1479, 7461]	[26849, 2127, 28266],delete:
need:	[8878, 1479, 7461]	[28266, 2127, 26849],delete:
need:	[7461, 1479, 8878]	[28266, 2127, 26849],delete:
need:	[26849, 2127, 25374]	[8878, 1479, 7461]	[28266, 2127, 26849],delete:
need:	[26849, 2127, 25374]	[8878, 1479, 7461]	[28266, 2127, 26849],delete:
need:	[26849, 2127, 25374]	[8878, 1479, 7461]	[7461, 1479, 5986],delete:
need:	[8878, 1479, 7461]	[26849, 2127, 28266],delete:
need:	[7461, 1479, 8878]	[28266, 2127, 26849],delete:
need:	[5986, 1479, 7461]	[26849, 2127, 25374],delete:
need:	[5986, 1479, 7461]	[26849, 2127, 25374],delete:
need:	[26849, 2127, 25374]	[8878, 1479, 7461],delete:
need:	[7461, 1479, 8878]	[26849, 2127, 25374],delete:
need:	[7461, 1479, 8878]	[28266, 2127, 26849],delete:
need:	[7461, 1479, 8878]	[28266, 2127, 26849],delete:
need:	[26849, 2127, 26786]	[26849, 2127, 25374],delete:
need:	[26849, 2127, 25374]	[7461, 1479, 5986],delete:
need:	[26849, 2127, 25374]	[8878, 1479, 7461],delete:
need:	[26849, 2127, 25374]	[7461, 1479, 5986],delete:
need:	[7461, 1479, 8878]	[28266, 2127, 26849],delete:
need:	[5986, 1479, 7461]	[26849, 2127, 25374]	[8878, 1479, 7461],delete:
need:	[8878, 1479, 7461]	[26849, 2127, 28266],delete:
need:	[7461, 1479, 8878]	[26849, 2127, 28266],delete:
need:	[26849, 2127, 25374]	[7461, 1479, 5986]	[7461, 986, 11881],delete:
need:	[8878, 1479, 7461]	[26849, 2127, 28266],delete:
need:	[5986, 1479, 7461]	[26849, 2127, 25374],delete:
need:	[7461, 1479, 8878]	[26849, 2127, 25374],delete:
need:	[5986, 1479, 7461]	[26849, 2127, 25374],delete:
need:	[8878, 1479, 7461]	[28266, 2127, 26849],delete:
need:	[8878, 1479, 7461]	[28266, 2127, 26849],delete:
need:	[8878, 1479, 7461]	[28266, 2127, 26849],delete:
need:	[7461, 1479, 8878]	[28266, 2127, 26849],delete:
need:	[8878, 1479, 7461]	[28266, 2127, 26849],delete:
need:	[5986, 1479, 7461]	[26849, 2127, 25374],delete:
need:	[7461, 1479, 8878]	[28266, 2127, 26849],delete:
need:	[8878, 1479, 7461]	[26849, 2127, 28266],delete:
need:	[7461, 1479, 8878]	[26849, 2127, 28266],delete:
need:	[8878, 1479, 7461]	[28266, 2127, 26849],delete:
need:	[5986, 1479, 7461]	[26849, 2127, 25374],delete:
need:	[5986, 1479, 7461]	[26849, 2127, 25374],delete:
need:	[5986, 1479, 7461]	[26849, 2127, 25374],delete:
need:	[5986, 1479, 7461]	[26849, 2127, 25374]	[7461, 1479, 5986],delete:
need:	[8878, 1479, 7461]	[26849, 2127, 28266],delete:
need:	[26849, 2127, 25374]	[8878, 1479, 7461]	[7461, 1479, 5986],delete:
need:	[7461, 1479, 8878]	[26849, 2127, 25374],delete:
need:	[26849, 2127, 25374]	[7461, 1479, 5986],delete:
need:	[26849, 2127, 25374]	[8878, 1479, 7461],delete:
need:	[8878, 1479, 7461]	[26849, 2127, 28266],delete:
need:	[5986, 1479, 7461]	[26849, 2127, 25374]	[8878, 1479, 7461],delete:
need:	[26849, 2127, 25374]	[8878, 1479, 7461],delete:
need:	[7461, 1479, 8878]	[26849, 2127, 25374],delete:
need:	[26849, 2127, 25374]	[7461, 1479, 5986],delete:
need:	[5986, 1479, 7461]	[26849, 2127, 25374],delete:
need:	[7461, 1479, 8878]	[28266, 2127, 26849],delete:
need:	[7461, 1479, 8878]	[28266, 2127, 26849],delete:
need:	[7461, 1479, 8878]	[28266, 2127, 26849],delete:
need:	[7461, 1479, 8878]	[28266, 2127, 26849],delete:
need:	[8878, 1479, 7461]	[26849, 2127, 28266],delete:
need:	[7461, 1479, 8878]	[28266, 2127, 26849],delete:
need:	[26849, 2127, 25374]	[7461, 1479, 5986],delete:
need:	[8878, 1479, 7461]	[28266, 2127, 26849],delete:
need:	[26849, 2127, 25374]	[7461, 1479, 5986],delete:
need:	[5986, 1479, 7461]	[26849, 2127, 25374],delete:
need:	[7461, 1479, 8878]	[28266, 2127, 26849],delete:
need:	[7461, 1479, 8878]	[26849, 2127, 28266],delete:
need:	[26849, 2127, 25374]	[8878, 1479, 7461],delete:
need:	[7461, 1479, 8878]	[28266, 2127, 26849],delete:
need:	[7461, 1479, 8878]	[26849, 2127, 28266],delete:
need:	[26849, 2127, 25374]	[8878, 1479, 7461]	[28266, 2127, 26849],delete:
need:	[26849, 2127, 25374]	[7461, 1479, 5986],delete:
need:	[26849, 2127, 25374]	[7461, 1479, 5986],delete:
need:	[7461, 1479, 8878]	[28266, 2127, 26849],delete:
need:	[5986, 1479, 7461]	[26849, 2127, 25374]	[28266, 2127, 26849],delete:
need:	[8878, 1479, 7461]	[26849, 2127, 28266],delete:
need:	[26849, 2127, 25374]	[7461, 1479, 5986],delete:
need:	[26849, 2127, 25374]	[7461, 1479, 5986],delete:
need:	[7461, 1479, 8878]	[28266, 2127, 26849],delete:
need:	[7461, 1479, 8878]	[26849, 2127, 28266],delete:
need:	[7461, 1479, 8878]	[26849, 2127, 25374],delete:
need:	[5986, 1479, 7461]	[26849, 2127, 25374]	[7461, 986, 11881],delete:
need:	[8878, 1479, 7461]	[28266, 2127, 26849],delete:
need:	[5986, 1479, 7461]	[26849, 2127, 25374]	[7461, 1459, 4188],delete:
need:	[8878, 1479, 7461]	[28266, 2127, 26849],delete:
need:	[26849, 2127, 25374]	[7461, 1479, 5986],delete:
need:	[26849, 2127, 25374]	[7461, 1479, 5986],delete:
need:	[7461, 1479, 8878]	[26849, 2127, 28266],delete:
need:	[5986, 1479, 7461]	[26849, 2127, 25374],delete:
need:	[8878, 1479, 7461]	[26849, 2127, 28266],delete:
need:	[26849, 2127, 25374]	[26849, 2127, 28266],delete:
need:	[8878, 1479, 7461]	[26849, 2127, 28266],delete:
need:	[7461, 1479, 8878]	[26849, 2127, 25374],delete:
need:	[5986, 1479, 7461]	[26849, 2127, 25374],delete:
need:	[7461, 1479, 8878]	[26849, 2127, 28266],delete:
need:	[5986, 1479, 7461]	[26849, 2127, 25374]	[8878, 1479, 7461],delete:
need:	[26849, 2127, 25374]	[8878, 1479, 7461]	[28266, 2127, 26849],delete:
need:	[8878, 1479, 7461]	[28266, 2127, 26849],delete:
need:	[26849, 2127, 25374]	[7461, 1479, 5986],delete:
need:	[5986, 1479, 7461]	[26849, 2127, 25374],delete:
need:	[26849, 2127, 25374]	[7461, 1479, 7398],delete:
need:	[26849, 2127, 25374]	[7461, 1479, 5986],delete:
need:	[7461, 1479, 8878]	[26849, 2127, 28266],delete:
need:	[26849, 2127, 25374]	[7461, 1479, 5986],delete:
need:	[7461, 1479, 8878]	[26849, 2127, 28266],delete:
need:	[8878, 1479, 7461]	[26849, 2127, 28266],delete:
need:	[26849, 2127, 25374]	[7461, 1479, 5986],delete:
need:	[8878, 1479, 7461]	[26849, 2127, 28266],delete:
need:	[7461, 1479, 8878]	[26849, 2127, 25374],delete:
need:	[7461, 1479, 8878]	[26849, 2127, 25374]	[26849, 2127, 28266],delete:
need:	[8878, 1479, 7461]	[28266, 2127, 26849],delete:
need:	[7461, 1479, 8878]	[26849, 2127, 25374],delete:
need:	[5986, 1479, 7461]	[26849, 2127, 25374]	[26849, 2089, 31269],delete:
need:	[7461, 1479, 8878]	[26849, 2127, 28266],delete:
need:	[26849, 2127, 25374]	[7461, 1479, 5986],delete:
need:	[8878, 1479, 7461]	[28266, 2127, 26849],delete:
need:	[5986, 1479, 7461]	[26849, 2127, 25374],delete:
need:	[26849, 2127, 25374]	[7461, 1479, 5986],delete:
need:	[7461, 1479, 8878]	[28266, 2127, 26849],delete:
need:	[7461, 1479, 8878]	[28266, 2127, 26849],delete:
need:	[26849, 2127, 25374]	[7461, 1479, 5986],delete:
need:	[5986, 1479, 7461]	[26849, 2127, 25374],delete:
need:	[7461, 1479, 8878]	[26849, 2127, 28266],delete:
need:	[7461, 1479, 8878]	[26849, 2127, 28266],delete:
need:	[26849, 2127, 25374]	[7461, 1479, 5986],delete:
need:	[7461, 1479, 8878]	[8878, 1479, 7461],delete:
need:	[26849, 2127, 25374]	[7461, 1479, 5986],delete:
need:	[8878, 1479, 7461]	[26849, 2127, 28266],delete:
need:	[5986, 1479, 7461]	[26849, 2127, 25374],delete:
need:	[5986, 1479, 7461]	[26849, 2127, 25374],delete:
need:	[8878, 1479, 7461]	[26849, 2127, 28266],delete:
need:	[7461, 1479, 8878]	[26849, 2127, 28266],delete:
need:	[7461, 1479, 8878]	[26849, 2127, 28266],delete:
need:	[5986, 1479, 7461]	[26849, 2127, 25374],delete:
need:	[26849, 2127, 25374]	[8878, 1479, 7461]	[28266, 2127, 26849],delete:
need:	[8878, 1479, 7461]	[28266, 2127, 26849],delete:
need:	[5986, 1479, 7461]	[26849, 2127, 25374],delete:
need:	[26849, 2127, 25374]	[8878, 1479, 7461],delete:
need:	[26849, 2127, 25374]	[8878, 1479, 7461],delete:
need:	[7461, 1479, 8878]	[26849, 2127, 28266],delete:
need:	[8878, 1479, 7461]	[26849, 2127, 28266],delete:
need:	[8878, 1479, 7461]	[26849, 2127, 28266],delete:
need:	[26849, 2127, 25374]	[8878, 1479, 7461],delete:
need:	[7461, 1479, 8878]	[28266, 2127, 26849],delete:
need:	[26849, 2127, 25374]	[7461, 1479, 5986],delete:
need:	[8878, 1479, 7461]	[26849, 2127, 28266],delete:
need:	[26849, 2127, 25374]	[7461, 1479, 5986],delete:
need:	[8878, 1479, 7461]	[26849, 2127, 28266],delete:
need:	[7461, 1479, 8878]	[28266, 2127, 26849],delete:
need:	[26849, 2127, 25374]	[8878, 1479, 7461]	[7461, 1479, 5986],delete:
need:	[26849, 2127, 25374]	[7461, 1479, 7398]	[8878, 1479, 7461],delete:
need:	[26849, 2127, 25374]	[7461, 1479, 5986],delete:
need:	[5986, 1479, 7461]	[26849, 2127, 25374]	[26849, 2528, 23576],delete:
need:	[7461, 1479, 8878]	[26849, 2127, 28266],delete:
need:	[26849, 2127, 26786]	[26849, 2127, 25374]	[7461, 1479, 5986],delete:
need:	[7461, 1479, 8878]	[26849, 2127, 28266],delete:
need:	[26849, 2127, 25374]	[7461, 1479, 5986],delete:
need:	[5986, 1479, 7461]	[26849, 2127, 25374],delete:
need:	[26849, 2127, 25374]	[7461, 1479, 5986],delete:
need:	[26849, 2127, 25374]	[7461, 1479, 5986],delete:
need:	[5986, 1479, 7461]	[26849, 2127, 25374],delete:
need:	[7461, 1479, 8878]	[26849, 2127, 28266],delete:
need:	[8878, 1479, 7461]	[26849, 2127, 28266],delete:
need:	[8878, 1479, 7461]	[28266, 2127, 26849],delete:
need:	[7461, 1479, 8878]	[28266, 2127, 26849],delete:
need:	[8878, 1479, 7461]	[26849, 2127, 28266],delete:
need:	[8878, 1479, 7461]	[28266, 2127, 26849],delete:
need:	[26849, 2127, 25374]	[7461, 1479, 5986],delete:
need:	[26849, 2127, 25374]	[7461, 1479, 5986],delete:
need:	[5986, 1479, 7461]	[26849, 2127, 25374],delete:
need:	[7461, 1479, 8878]	[28266, 2127, 26849],delete:
need:	[7461, 1479, 8878]	[28266, 2127, 26849],delete:
need:	[8878, 1479, 7461]	[28266, 2127, 26849],delete:
need:	[5986, 1479, 7461]	[26849, 2127, 25374],delete:
need:	[8878, 1479, 7461]	[28266, 2127, 26849],delete:
need:	[7461, 1479, 8878]	[28266, 2127, 26849],delete:
need:	[7461, 1479, 8878]	[26849, 2127, 28266],delete:
need:	[7461, 1479, 8878]	[28266, 2127, 26849],delete:
need:	[8878, 1479, 7461]	[26849, 2127, 28266],delete:
need:	[7461, 1479, 8878]	[26849, 2127, 25374]	[7461, 1479, 5986],delete:
need:	[8878, 1479, 7461]	[28266, 2127, 26849],delete:
need:	[7461, 1479, 8878]	[26849, 2127, 28266],delete:
need:	[8878, 1479, 7461]	[26849, 2127, 28266],delete:
need:	[26849, 2127, 25374]	[7461, 1479, 5986],delete:
need:	[7461, 1479, 8878]	[26849, 2127, 28266],delete:
need:	[7461, 1479, 8878]	[28266, 2127, 26849],delete:
need:	[7461, 1479, 8878]	[26849, 2127, 28266],delete:
need:	[8878, 1479, 7461]	[28266, 2127, 26849],delete:
need:	[7461, 1479, 8878]	[28266, 2127, 26849],delete:
need:	[8878, 1479, 7461]	[28266, 2127, 26849],delete:
need:	[5986, 1479, 7461]	[26849, 2127, 25374],delete:
need:	[7461, 1479, 8878]	[28266, 2127, 26849],delete:
need:	[5986, 1479, 7461]	[26849, 2127, 25374],delete:
need:	[26849, 2127, 25374]	[8878, 1479, 7461]	[28266, 2127, 26849],delete:
need:	[7461, 1479, 8878]	[26849, 2127, 28266],delete:
need:	[7461, 1479, 8878]	[26849, 2127, 28266],delete:
need:	[26849, 2127, 25374]	[7461, 1479, 5986],delete:
need:	[8878, 1479, 7461]	[28266, 2127, 26849],delete:
need:	[5986, 1479, 7461]	[26849, 2127, 25374],delete:
need:	[26849, 2127, 25374]	[7461, 1479, 5986],delete:
need:	[5986, 1479, 7461]	[26849, 2127, 25374],delete:
need:	[5986, 1479, 7461]	[26849, 2127, 25374],delete:
need:	[26849, 2127, 25374]	[7461, 1479, 5986],delete:
need:	[26849, 2127, 25374]	[7461, 1479, 5986],delete:
need:	[7461, 1479, 8878]	[26849, 2127, 28266],delete:
need:	[26849, 2127, 25374]	[8878, 1479, 7461]	[28266, 2127, 26849],delete:
need:	[5986, 1479, 7461]	[26849, 2127, 25374],delete:
need:	[7461, 1479, 8878]	[28266, 2127, 26849],delete:
need:	[7461, 1479, 8878]	[28266, 2127, 26849],delete:
need:	[5986, 1479, 7461]	[26849, 2127, 25374],delete:
need:	[26849, 2127, 25374]	[7461, 1479, 5986],delete:
need:	[7461, 1479, 8878]	[28266, 2127, 26849],delete:
need:	[5986, 1479, 7461]	[26849, 2127, 25374],delete:
need:	[5986, 1479, 7461]	[26849, 2127, 25374]	[7461, 1459, 4188],delete:
need:	[26849, 2127, 25374]	[7461, 1459, 4188],delete:
need:	[5986, 1479, 7461]	[26849, 2127, 25374]	[7461, 1479, 7398],delete:
need:	[8878, 1479, 7461]	[26849, 2127, 28266],delete:
need:	[5986, 1479, 7461]	[26849, 2127, 25374],delete:
need:	[7461, 1479, 8878]	[26849, 2127, 28266],delete:
need:	[8878, 1479, 7461]	[26849, 2127, 28266],delete:
need:	[5986, 1479, 7461]	[7461, 1479, 8878]	[26849, 2127, 25374],delete:
need:	[7461, 1479, 8878]	[28266, 2127, 26849],delete:
need:	[7461, 1479, 8878]	[26849, 2127, 28266],delete:
need:	[7461, 1479, 8878]	[26849, 2127, 25374],delete:
need:	[26849, 2127, 25374]	[7461, 1479, 5986],delete:
need:	[7461, 1479, 8878]	[26849, 2127, 28266],delete:
need:	[26849, 2127, 25374]	[28266, 2127, 26849],delete:
need:	[5986, 1479, 7461]	[26849, 2127, 25374],delete:
need:	[7461, 1479, 8878]	[26849, 2127, 28266],delete:
need:	[8878, 1479, 7461]	[26849, 2127, 28266],delete:
need:	[7461, 1479, 8878]	[28266, 2127, 26849],delete:
need:	[5986, 1479, 7461]	[26849, 2127, 25374]	[7461, 1479, 7398],delete:
need:	[7461, 1479, 8878]	[26849, 2127, 28266],delete:
need:	[7461, 1479, 8878]	[28266, 2127, 26849],delete:
need:	[26849, 2127, 25374]	[8878, 1479, 7461],delete:
need:	[26849, 2127, 25374]	[7461, 1479, 7398],delete:
need:	[26849, 2127, 25374]	[7461, 1479, 5986],delete:
need:	[8878, 1479, 7461]	[28266, 2127, 26849],delete:
need:	[26849, 2127, 25374]	[7461, 1479, 7398],delete:
need:	[26849, 2127, 25374]	[28266, 2127, 26849],delete:
need:	[8878, 1479, 7461]	[28266, 2127, 26849],delete:
need:	[7461, 1479, 8878]	[28266, 2127, 26849],delete:
need:	[26849, 2127, 25374]	[7461, 1479, 5986],delete:
need:	[5986, 1479, 7461]	[26849, 2127, 25374],delete:
need:	[5986, 1479, 7461]	[26849, 2127, 25374],delete:
need:	[7461, 1479, 8878]	[28266, 2127, 26849],delete:
need:	[26849, 2127, 25374]	[8878, 1479, 7461],delete:
need:	[5986, 1479, 7461]	[26849, 2127, 25374],delete:
need:	[7461, 1479, 8878]	[28266, 2127, 26849],delete:
need:	[26849, 2127, 25374]	[7461, 1479, 5986],delete:
need:	[26849, 2127, 25374]	[7461, 1479, 5986],delete:
need:	[7461, 1479, 8878]	[26849, 2127, 25374],delete:
need:	[26849, 2127, 26786]	[26849, 2127, 25374]	[7461, 1479, 5986],delete:
need:	[26849, 2127, 25374]	[7461, 1479, 5986],delete:
need:	[8878, 1479, 7461]	[28266, 2127, 26849],delete:
need:	[8878, 1479, 7461]	[28266, 2127, 26849],delete:
need:	[26849, 2127, 25374]	[8878, 1479, 7461]	[7461, 1479, 5986],delete:
need:	[5986, 1479, 7461]	[26849, 2127, 25374],delete:
need:	[5986, 1479, 7461]	[26849, 2127, 25374],delete:
need:	[5986, 1479, 7461]	[26849, 2127, 25374],delete:
need:	[7461, 1479, 8878]	[26849, 2127, 28266],delete:
need:	[5986, 1479, 7461]	[26849, 2127, 25374]	[26849, 2089, 31269],delete:
need:	[7461, 1479, 8878]	[28266, 2127, 26849],delete:
need:	[8878, 1479, 7461]	[26849, 2127, 28266],delete:
need:	[5986, 1479, 7461]	[26849, 2127, 25374],delete:
need:	[5986, 1479, 7461]	[26849, 2127, 25374],delete:
need:	[7461, 1479, 8878]	[26849, 2127, 25374]	[7461, 1479, 5986],delete:
need:	[8878, 1479, 7461]	[28266, 2127, 26849],delete:
need:	[5986, 1479, 7461]	[26849, 2127, 25374],delete:
need:	[7461, 1479, 7398]	[26849, 2127, 28266],delete:
need:	[7461, 1479, 7398]	[8878, 1479, 7461]	[28266, 2127, 26849],delete:
need:	[7461, 1479, 8878]	[28266, 2127, 26849],delete:
need:	[5986, 1479, 7461]	[26849, 2127, 25374],delete:
need:	[26849, 2127, 25374]	[7461, 1479, 5986],delete:
need:	[5986, 1479, 7461]	[26849, 2021, 23576]	[26849, 2127, 25374],delete:
need:	[7461, 1479, 8878]	[28266, 2127, 26849],delete:
need:	[5986, 1479, 7461]	[26849, 2127, 25374],delete:
need:	[7461, 1479, 8878]	[28266, 2127, 26849],delete:
need:	[26849, 2127, 25374]	[26849, 2127, 28266],delete:
need:	[8878, 1479, 7461]	[28266, 2127, 26849],delete:
need:	[5986, 1479, 7461]	[26849, 2127, 25374],delete:
need:	[8878, 1479, 7461]	[28266, 2127, 26849],delete:
need:	[5986, 1479, 7461]	[7461, 1479, 8878]	[26849, 2127, 25374],delete:
need:	[7461, 1479, 8878]	[26849, 2127, 25374],delete:
need:	[26849, 2127, 25374]	[7461, 1479, 5986],delete:
need:	[26849, 2127, 25374]	[26849, 2528, 23576],delete:
need:	[5986, 1479, 7461]	[26849, 2127, 25374],delete:
need:	[26849, 2127, 25374]	[7461, 1479, 5986],delete:
need:	[7461, 1479, 8878]	[28266, 2127, 26849],delete:
need:	[8878, 1479, 7461]	[28266, 2127, 26849],delete:
need:	[5986, 1479, 7461]	[26849, 2127, 25374],delete:
need:	[5986, 1479, 7461]	[26849, 2127, 25374],delete:
need:	[26849, 2127, 25374]	[7461, 1479, 5986],delete:
need:	[7461, 1479, 8878]	[28266, 2127, 26849],delete:
need:	[5986, 1479, 7461]	[26849, 2127, 25374],delete:
need:	[8878, 1479, 7461]	[26849, 2127, 28266],delete:
need:	[8878, 1479, 7461]	[28266, 2127, 26849],delete:
need:	[7461, 1479, 8878]	[28266, 2127, 26849],delete:
need:	[8878, 1479, 7461]	[28266, 2127, 26849],delete:
need:	[8878, 1479, 7461]	[28266, 2127, 26849],delete:
need:	[26849, 2127, 25374]	[7461, 1479, 5986],delete:
need:	[7461, 1479, 8878]	[28266, 2127, 26849],delete:
need:	[8878, 1479, 7461]	[28266, 2127, 26849],delete:
need:	[26849, 2127, 25374]	[7461, 1479, 5986],delete:
need:	[7461, 1479, 8878]	[26849, 2127, 25374],delete:
need:	[26849, 2127, 25374]	[7461, 1479, 5986],delete:
need:	[26849, 2127, 25374]	[7461, 986, 11881],delete:
need:	[7461, 1479, 8878]	[28266, 2127, 26849],delete:
need:	[8878, 1479, 7461]	[28266, 2127, 26849],delete:
need:	[8878, 1479, 7461]	[28266, 2127, 26849],delete:
need:	[8878, 1479, 7461]	[28266, 2127, 26849],delete:
need:	[26849, 2127, 25374]	[7461, 1479, 5986],delete:
need:	[8878, 1479, 7461]	[26849, 2127, 28266],delete:
need:	[5986, 1479, 7461]	[26849, 2127, 25374],delete:
need:	[26849, 2127, 25374]	[7461, 1479, 5986],delete:
need:	[7461, 1479, 8878]	[26849, 2127, 28266],delete:
need:	[7461, 1479, 8878]	[28266, 2127, 26849],delete:
need:	[7461, 1479, 8878]	[26849, 2127, 25374],delete:
need:	[8878, 1479, 7461]	[26849, 2127, 28266],delete:
need:	[5986, 1479, 7461]	[26849, 2127, 25374],delete:
need:	[8878, 1479, 7461]	[28266, 2127, 26849],delete:
need:	[26849, 2127, 25374]	[7461, 1479, 5986],delete:
need:	[26849, 2127, 25374]	[7461, 1479, 5986],delete:
need:	[26849, 2127, 25374]	[7461, 1479, 5986],delete:
need:	[7461, 1479, 8878]	[28266, 2127, 26849],delete:
need:	[26849, 2127, 25374]	[7461, 1479, 5986],delete:
need:	[5986, 1479, 7461]	[26849, 2127, 25374],delete:
need:	[7461, 1479, 8878]	[26849, 2127, 28266],delete:
need:	[7461, 1479, 8878]	[26849, 2127, 28266],delete:
need:	[7461, 1479, 8878]	[26849, 2127, 28266],delete:
need:	[26849, 2127, 25374]	[7461, 1479, 5986],delete:
need:	[7461, 1479, 8878]	[28266, 2127, 26849],delete:
need:	[26849, 2127, 25374]	[7461, 1479, 5986],delete:
need:	[5986, 1479, 7461]	[26849, 2127, 25374],delete:
need:	[26849, 2127, 25374]	[7461, 1479, 5986],delete:
need:	[8878, 1479, 7461]	[26849, 2127, 28266],delete:
need:	[8878, 1479, 7461]	[28266, 2127, 26849],delete:
need:	[7461, 1479, 8878]	[28266, 2127, 26849],delete:
need:	[8878, 1479, 7461]	[28266, 2127, 26849],delete:
need:	[5986, 1479, 7461]	[26849, 2127, 25374],delete:
need:	[7461, 1479, 8878]	[26849, 2127, 25374]	[26849, 2127, 28266],delete:
need:	[8878, 1479, 7461]	[26849, 2127, 28266],delete:
need:	[26849, 2127, 25374]	[26849, 2528, 23576]	[7461, 1479, 5986],delete:
need:	[7461, 1479, 8878]	[28266, 2127, 26849],delete:
need:	[5986, 1479, 7461]	[26849, 2127, 25374],delete:
need:	[26849, 2127, 25374]	[7461, 1479, 7398],delete:
need:	[5986, 1479, 7461]	[26849, 2127, 25374],delete:
need:	[7461, 1479, 8878]	[28266, 2127, 26849],delete:
need:	[7461, 1479, 8878]	[26849, 2127, 25374]	[7461, 1479, 5986],delete:
need:	[8878, 1479, 7461]	[26849, 2127, 28266],delete:
need:	[8878, 1479, 7461]	[26849, 2127, 28266],delete:
need:	[8878, 1479, 7461]	[26849, 2127, 28266],delete:
need:	[8878, 1479, 7461]	[26849, 2127, 28266],delete:
need:	[26849, 2127, 25374]	[7461, 1479, 5986],delete:
need:	[26849, 2127, 25374]	[7461, 1479, 5986],delete:
need:	[26849, 2127, 25374]	[28266, 2127, 26849],delete:
need:	[8878, 1479, 7461]	[26849, 2127, 28266],delete:
need:	[26849, 2127, 25374]	[7461, 1479, 5986],delete:
need:	[7461, 1479, 8878]	[26849, 2127, 25374],delete:
need:	[5986, 1479, 7461]	[26849, 2127, 25374],delete:
need:	[7461, 1479, 8878]	[26849, 2127, 28266],delete:
need:	[7461, 1479, 8878]	[26849, 2127, 25374],delete:
need:	[26849, 2127, 25374]	[7461, 1479, 5986],delete:
need:	[7461, 1479, 8878]	[26849, 2127, 28266],delete:
need:	[8878, 1479, 7461]	[28266, 2127, 26849],delete:
need:	[8878, 1479, 7461]	[26849, 2127, 28266],delete:
need:	[5986, 1479, 7461]	[26849, 2127, 25374],delete:
need:	[7461, 1479, 8878]	[28266, 2127, 26849],delete:
need:	[8878, 1479, 7461]	[26849, 2127, 28266],delete:
need:	[8878, 1479, 7461]	[26849, 2127, 28266],delete:
need:	[5986, 1479, 7461]	[26849, 2127, 25374],delete:
need:	[5986, 1479, 7461]	[26849, 2127, 25374],delete:
need:	[26849, 2127, 25374]	[7461, 1479, 5986],delete:
need:	[5986, 1479, 7461]	[26849, 2127, 25374],delete:
need:	[7461, 1479, 8878]	[26849, 2127, 25374],delete:
need:	[26849, 2127, 25374]	[7461, 1479, 5986],delete:
need:	[5986, 1479, 7461]	[26849, 2127, 25374]	[8878, 1479, 7461],delete:
need:	[8878, 1479, 7461]	[28266, 2127, 26849],delete:
need:	[26849, 2127, 25374]	[7461, 1479, 5986],delete:
need:	[8878, 1479, 7461]	[26849, 2127, 28266],delete:
need:	[26849, 2127, 26786]	[26849, 2127, 25374],delete:
need:	[7461, 1479, 8878]	[26849, 2127, 28266],delete:
need:	[7461, 1479, 8878]	[26849, 2127, 25374],delete:
need:	[8878, 1479, 7461]	[28266, 2127, 26849],delete:
need:	[8878, 1479, 7461]	[28266, 2127, 26849],delete:
need:	[7461, 1479, 8878]	[26849, 2127, 28266],delete:
need:	[26849, 2127, 25374]	[8878, 1479, 7461],delete:
need:	[7461, 1479, 8878]	[28266, 2127, 26849],delete:
need:	[8878, 1479, 7461]	[26849, 2127, 28266],delete:
need:	[26849, 2127, 25374]	[7461, 1459, 4188],delete:
need:	[26849, 2127, 25374]	[7461, 1479, 5986],delete:
need:	[8878, 1479, 7461]	[26849, 2127, 28266],delete:
need:	[5986, 1479, 7461]	[26849, 2127, 26786]	[26849, 2127, 25374],delete:
need:	[8878, 1479, 7461]	[28266, 2127, 26849],delete:
need:	[5986, 1479, 7461]	[26849, 2127, 25374],delete:
need:	[5986, 1479, 7461]	[26849, 2127, 25374],delete:
need:	[26849, 2127, 25374]	[7461, 1479, 5986],delete:
need:	[26849, 2127, 25374]	[8878, 1479, 7461],delete:
need:	[7461, 1479, 8878]	[26849, 2127, 25374],delete:
need:	[8878, 1479, 7461]	[26849, 2127, 28266],delete:
need:	[8878, 1479, 7461]	[28266, 2127, 26849],delete:
need:	[8878, 1479, 7461]	[28266, 2127, 26849],delete:
need:	[7461, 1479, 8878]	[28266, 2127, 26849],delete:
need:	[5986, 1479, 7461]	[26849, 2127, 25374],delete:
need:	[5986, 1479, 7461]	[26849, 2127, 25374],delete:
need:	[8878, 1479, 7461]	[28266, 2127, 26849],delete:
need:	[26849, 2127, 25374]	[7461, 1479, 5986],delete:
need:	[7461, 1479, 8878]	[28266, 2127, 26849],delete:
need:	[26849, 2127, 25374]	[7461, 1479, 5986],delete:
need:	[26849, 2127, 25374]	[8878, 1479, 7461],delete:
need:	[7461, 1479, 8878]	[28266, 2127, 26849],delete:
need:	[7461, 1479, 8878]	[28266, 2127, 26849],delete:
need:	[5986, 1479, 7461]	[26849, 2127, 25374],delete:
need:	[7461, 1479, 8878]	[28266, 2127, 26849],delete:
need:	[7461, 1479, 8878]	[26849, 2127, 28266],delete:
need:	[8878, 1479, 7461]	[28266, 2127, 26849],delete:
need:	[26849, 2127, 25374]	[7461, 1479, 5986],delete:
need:	[26849, 2127, 25374]	[7461, 1479, 5986],delete:
need:	[5986, 1479, 7461]	[26849, 2127, 25374],delete:
need:	[7461, 1479, 8878]	[26849, 2127, 25374],delete:
need:	[8878, 1479, 7461]	[26849, 2127, 28266],delete:
need:	[5986, 1479, 7461]	[26849, 2127, 25374],delete:
need:	[26849, 2127, 25374]	[7461, 1479, 5986],delete:
need:	[26849, 2127, 25374]	[8878, 1479, 7461],delete:
need:	[7461, 1479, 8878]	[26849, 2127, 28266],delete:
need:	[8878, 1479, 7461]	[26849, 2127, 28266],delete:
need:	[26849, 2127, 25374]	[7461, 1479, 5986],delete:
need:	[26849, 2127, 25374]	[7461, 1479, 5986],delete:
need:	[7461, 1479, 8878]	[26849, 2127, 25374],delete:
need:	[8878, 1479, 7461]	[26849, 2127, 28266],delete:
need:	[26849, 2127, 25374]	[7461, 1479, 5986],delete:
need:	[7461, 1479, 8878]	[26849, 2127, 25374],delete:
need:	[26849, 2127, 25374]	[7461, 1479, 5986],delete:
need:	[8878, 1479, 7461]	[26849, 2127, 28266],delete:
need:	[5986, 1479, 7461]	[26849, 2127, 25374],delete:
need:	[26849, 2127, 25374]	[7461, 1479, 5986],delete:
need:	[8878, 1479, 7461]	[28266, 2127, 26849],delete:
need:	[26849, 2127, 25374]	[26849, 2127, 28266],delete:
need:	[5986, 1479, 7461]	[26849, 2127, 25374],delete:
need:	[26849, 2127, 25374]	[7461, 1479, 5986],delete:
need:	[5986, 1479, 7461]	[26849, 2127, 25374],delete:
need:	[5986, 1479, 7461]	[26849, 2127, 25374],delete:
need:	[5986, 1479, 7461]	[26849, 2127, 25374],delete:
need:	[8878, 1479, 7461]	[28266, 2127, 26849],delete:
need:	[26849, 2127, 25374]	[8878, 1479, 7461],delete:
need:	[26849, 2127, 25374]	[8878, 1479, 7461],delete:
need:	[26849, 2127, 25374]	[7461, 1479, 5986],delete:
need:	[8878, 1479, 7461]	[26849, 2127, 28266],delete:
need:	[26849, 2127, 25374]	[7461, 1479, 5986],delete:
need:	[5986, 1479, 7461]	[26849, 2127, 25374],delete:
need:	[8878, 1479, 7461]	[28266, 2127, 26849],delete:
need:	[8878, 1479, 7461]	[28266, 2127, 26849],delete:
need:	[7461, 1479, 8878]	[26849, 2127, 28266],delete:
need:	[5986, 1479, 7461]	[7461, 1479, 8878]	[26849, 2127, 25374],delete:
need:	[5986, 1479, 7461]	[26849, 2127, 25374],delete:
need:	[8878, 1479, 7461]	[28266, 2127, 26849],delete:
need:	[8878, 1479, 7461]	[26849, 2127, 28266],delete:
need:	[8878, 1479, 7461]	[28266, 2127, 26849],delete:
need:	[5986, 1479, 7461]	[26849, 2127, 25374],delete:
need:	[8878, 1479, 7461]	[28266, 2127, 26849],delete:
need:	[7461, 1479, 8878]	[26849, 2127, 28266],delete:
need:	[26849, 2127, 25374]	[7461, 1479, 5986],delete:
need:	[7461, 1479, 8878]	[28266, 2127, 26849],delete:
need:	[7461, 1479, 8878]	[28266, 2127, 26849],delete:
need:	[8878, 1479, 7461]	[28266, 2127, 26849],delete:
need:	[8878, 1479, 7461]	[28266, 2127, 26849],delete:
need:	[26849, 2127, 25374]	[7461, 1479, 5986],delete:
need:	[8878, 1479, 7461]	[26849, 2127, 28266],delete:
need:	[5986, 1479, 7461]	[26849, 2127, 25374],delete:
need:	[8878, 1479, 7461]	[28266, 2127, 26849],delete:
need:	[8878, 1479, 7461]	[26849, 2127, 28266],delete:
need:	[26849, 2127, 26786]	[26849, 2127, 25374]	[7461, 1459, 4188],delete:
need:	[26849, 2127, 25374]	[7461, 1479, 5986],delete:
need:	[5986, 1479, 7461]	[26849, 2127, 25374],delete:
need:	[5986, 1479, 7461]	[26849, 2127, 25374],delete:
need:	[26849, 2127, 25374]	[7461, 1479, 5986],delete:
need:	[8878, 1479, 7461]	[26849, 2127, 28266],delete:
need:	[5986, 1479, 7461]	[26849, 2127, 25374],delete:
need:	[8878, 1479, 7461]	[28266, 2127, 26849],delete:
need:	[7461, 1479, 8878]	[28266, 2127, 26849],delete:
need:	[7461, 1479, 8878]	[26849, 2127, 28266],delete:
need:	[8878, 1479, 7461]	[28266, 2127, 26849],delete:
need:	[8878, 1479, 7461]	[26849, 2127, 28266],delete:
need:	[26849, 2127, 25374]	[7461, 1479, 5986],delete:
need:	[8878, 1479, 7461]	[26849, 2127, 28266],delete:
need:	[26849, 2127, 25374]	[7461, 1479, 7398],delete:
need:	[26849, 2127, 25374]	[7461, 1479, 5986],delete:
need:	[5986, 1479, 7461]	[26849, 2127, 25374],delete:
need:	[8878, 1479, 7461]	[26849, 2127, 28266],delete:
need:	[7461, 1479, 8878]	[28266, 2127, 26849],delete:
need:	[7461, 1479, 8878]	[28266, 2127, 26849],delete:
need:	[5986, 1479, 7461]	[26849, 2127, 25374],delete:
need:	[8878, 1479, 7461]	[28266, 2127, 26849],delete:
need:	[7461, 1479, 8878]	[26849, 2127, 28266],delete:
need:	[5986, 1479, 7461]	[26849, 2127, 25374],delete:
need:	[7461, 1479, 8878]	[26849, 2127, 25374]	[26849, 2127, 28266],delete:
need:	[8878, 1479, 7461]	[28266, 2127, 26849],delete:
need:	[26849, 2127, 25374]	[7461, 1479, 5986],delete:
need:	[8878, 1479, 7461]	[28266, 2127, 26849],delete:
need:	[7461, 1479, 8878]	[26849, 2127, 28266],delete:
need:	[5986, 1479, 7461]	[26849, 2127, 25374],delete:
need:	[8878, 1479, 7461]	[26849, 2127, 28266],delete:
need:	[26849, 2127, 25374]	[8878, 1479, 7461],delete:
need:	[26849, 2127, 25374]	[8878, 1479, 7461]	[28266, 2127, 26849],delete:
need:	[26849, 2127, 25374]	[28266, 2127, 26849],delete:
need:	[8878, 1479, 7461]	[26849, 2127, 28266],delete:
need:	[26849, 2127, 25374]	[7461, 1479, 7398]	[7461, 1479, 5986],delete:
need:	[7461, 1479, 8878]	[28266, 2127, 26849],delete:
need:	[7461, 1479, 8878]	[26849, 2127, 28266],delete:
need:	[26849, 2127, 25374]	[7461, 1479, 7398],delete:
need:	[5986, 1479, 7461]	[26849, 2127, 25374],delete:
need:	[7461, 1479, 8878]	[26849, 2127, 28266],delete:
need:	[7461, 1479, 8878]	[26849, 2127, 28266],delete:
need:	[7461, 1479, 8878]	[28266, 2127, 26849],delete:
need:	[8878, 1479, 7461]	[28266, 2127, 26849],delete:
need:	[7461, 1479, 8878]	[28266, 2127, 26849],delete:
need:	[26849, 2127, 25374]	[7461, 1479, 5986],delete:
need:	[5986, 1479, 7461]	[26849, 2127, 25374],delete:
need:	[8878, 1479, 7461]	[28266, 2127, 26849],delete:
need:	[8878, 1479, 7461]	[26849, 2127, 28266],delete:
need:	[8878, 1479, 7461]	[28266, 2127, 26849],delete:
need:	[5986, 1479, 7461]	[26849, 2127, 25374],delete:
need:	[7461, 1479, 8878]	[26849, 2127, 25374],delete:
need:	[26849, 2127, 25374]	[7461, 1479, 5986],delete:
need:	[26849, 2127, 25374]	[7461, 1479, 5986],delete:
need:	[8878, 1479, 7461]	[26849, 2127, 28266],delete:
need:	[26849, 2127, 25374]	[7461, 1479, 5986],delete:
need:	[8878, 1479, 7461]	[26849, 2127, 28266],delete:
need:	[8878, 1479, 7461]	[26849, 2127, 28266],delete:
need:	[26849, 2127, 25374]	[8878, 1479, 7461]	[7461, 1479, 5986],delete:
need:	[26849, 2127, 25374]	[8878, 1479, 7461]	[7461, 1479, 5986],delete:
need:	[8878, 1479, 7461]	[28266, 2127, 26849],delete:
need:	[7461, 1479, 8878]	[26849, 2127, 28266],delete:
need:	[8878, 1479, 7461]	[28266, 2127, 26849],delete:
need:	[8878, 1479, 7461]	[28266, 2127, 26849],delete:
need:	[26849, 2127, 25374]	[8878, 1479, 7461],delete:
need:	[7461, 1479, 8878]	[26849, 2127, 28266],delete:
need:	[8878, 1479, 7461]	[26849, 2127, 28266],delete:
need:	[8878, 1479, 7461]	[26849, 2127, 28266],delete:
need:	[7461, 1479, 8878]	[26849, 2127, 28266],delete:
need:	[7461, 1479, 8878]	[28266, 2127, 26849],delete:
need:	[8878, 1479, 7461]	[26849, 2127, 28266],delete:
need:	[7461, 1479, 8878]	[26849, 2127, 28266],delete:
need:	[7461, 1479, 8878]	[28266, 2127, 26849],delete:
need:	[8878, 1479, 7461]	[26849, 2127, 28266],delete:
need:	[8878, 1479, 7461]	[26849, 2127, 28266],delete:
need:	[8878, 1479, 7461]	[28266, 2127, 26849],delete:
need:	[26849, 2127, 25374]	[26849, 2528, 23576],delete:
need:	[5986, 1479, 7461]	[26849, 2127, 25374],delete:
need:	[5986, 1479, 7461]	[26849, 2127, 25374],delete:
need:	[26849, 2127, 25374]	[28266, 2127, 26849],delete:
need:	[8878, 1479, 7461]	[26849, 2127, 28266],delete:
need:	[7461, 1479, 8878]	[26849, 2127, 28266],delete:
need:	[26849, 2127, 25374]	[7461, 1479, 5986],delete:
need:	[26849, 2127, 25374]	[7461, 1479, 5986],delete:
need:	[8878, 1479, 7461]	[28266, 2127, 26849],delete:
need:	[26849, 2127, 25374]	[7461, 1479, 5986],delete:
need:	[8878, 1479, 7461]	[26849, 2127, 28266],delete:
