1144	243	10511
1144	42	10352
1144	42	14002
20532	1944	29899
20532	1743	29488
20532	1743	33390
9267	652	8617
8617	819	9267
8119	463	8617
13757	463	8617
11907	872	8617
28655	2353	28005
28005	2520	28655
27507	2164	28005
33145	2164	28005
31295	2573	28005
7694	42	10163
14206	42	10163
2187	42	10163
7682	0	10163
10163	137	7682
13571	42	10163
11363	42	10163
812	42	10163
6693	42	10163
9240	1145	10163
10163	225	6411
6411	137	10163
4252	42	10163
1135	42	10163
1822	42	10163
8175	42	10163
14815	42	10163
12527	42	10163
9173	42	10163
14601	1145	10163
276	42	10163
10163	137	3560
3560	0	10163
5736	42	10163
9324	0	10163
10163	137	9324
12679	42	10163
10568	42	10163
11848	137	10163
13388	42	10163
8889	1145	10163
3710	42	10163
3700	42	10163
11827	137	10163
1427	42	10163
2778	42	10163
12477	42	10163
4346	42	10163
9942	1145	10163
424	42	10163
13242	42	10163
1800	1145	10163
6037	42	10163
3430	42	10163
3519	1525	10163
14271	42	10163
12479	42	10163
5091	42	10163
6817	42	10163
5056	42	10163
1664	42	10163
27082	1743	29551
33594	1743	29551
22018	1743	29551
27070	1701	29551
29551	1838	27070
32959	1743	29551
30751	1743	29551
25425	1743	29551
21052	1743	29551
23734	1743	29551
29551	1701	25799
25799	1838	29551
25425	1743	29551
20523	1743	29551
25425	1743	29551
27563	1743	29551
34203	1743	29551
31915	1743	29551
28561	1743	29551
33989	1743	29551
19664	1743	29551
29551	1838	22948
22948	1701	29551
25124	1743	29551
28712	1701	29551
29551	1838	28712
32067	1743	29551
29956	1743	29551
31236	1838	29551
32776	1743	29551
23154	1743	29551
26723	1743	29551
22018	1743	29551
31215	1838	29551
22018	1743	29551
23108	1743	29551
31865	1743	29551
27084	1743	29551
28277	1743	29551
22018	1743	29551
32630	1743	29551
27082	1743	29551
22557	1743	29551
26723	1743	29551
22907	1743	29551
33659	1743	29551
31867	1743	29551
28627	1743	29551
26205	1743	29551
26723	1743	29551
21052	1743	29551
1895	177	1195
11883	177	1195
1195	755	11310
2846	177	1195
1195	24	10874
1195	495	8573
1195	340	1753
1195	755	6854
1195	755	6257
1195	410	8001
11444	177	1195
21283	1878	20583
31271	1878	20583
20583	2456	30698
21283	1878	20583
20583	1725	30262
20583	2196	27961
20583	2041	21141
20583	2456	26242
20583	2456	25645
20583	2111	27389
30832	1878	20583
8353	998	14508
27741	2509	33896
4893	429	6670
6670	838	4893
6670	429	11926
11926	838	6670
24281	2130	26058
26058	2539	24281
26058	2522	31314
31314	2539	26058
12231	147	8727
8727	634	12231
12231	463	8727
12999	434	8727
9117	434	8727
5310	111	8727
31619	1848	28115
28115	2335	31619
31619	2164	28115
32387	2135	28115
25220	2135	28115
24698	1812	28115
3355	177	5998
1086	271	3355
4426	102	3355
5673	271	3355
3355	331	7263
3704	494	3355
2417	271	3355
1544	271	3355
22743	1878	25386
20474	1972	22743
23814	1803	22743
25061	1972	22743
22743	1815	26651
23092	1972	22743
22743	2044	21805
20932	1972	22743
1861	482	3905
1861	652	14342
4790	198	1861
1861	198	3989
21249	2183	23293
21249	2353	33730
24178	1899	21249
24178	1899	21249
7446	717	4354
7446	413	946
3167	786	7446
7446	21	14403
13465	786	7446
7446	413	10384
23742	1836	26834
26834	2114	20334
22555	2487	26834
33791	2487	26834
32853	2487	26834
26834	2114	20334
5880	618	7619
5880	173	7619
12259	697	5880
11208	697	5880
25268	2319	27007
27007	2571	25268
31647	2398	25268
30596	2398	25268
7959	869	6499
6624	1447	6499
11074	869	6499
8113	869	6499
10834	211	6499
1444	78	6499
6156	351	6499
6703	869	6499
2895	869	6499
6771	869	6499
7195	869	6499
6499	265	2163
11939	869	6499
274	211	6499
6812	681	6499
27347	2382	25887
25887	1857	26012
30462	2382	25887
27501	2382	25887
30222	1912	25887
27501	2382	25887
25544	1912	25887
26091	2382	25887
22283	2382	25887
26200	2382	25887
22283	2382	25887
25887	1966	21551
31327	2570	25887
25544	1912	25887
26200	2382	25887
4368	471	14843
4368	471	12983
4368	590	4677
4368	652	9014
4368	590	9014
4368	819	3736
4368	533	3736
23756	2172	34231
23756	2172	32371
23756	2520	26065
23756	2353	28402
28402	2520	23756
23124	2335	23756
23124	2353	23756
13330	374	7146
8885	374	7146
4097	374	7146
14383	471	7146
14383	374	7146
7146	569	9121
32718	2075	26534
23485	2172	26534
23485	2172	26534
33771	2075	26534
26534	1728	33771
26534	2270	28509
3110	745	13127
3110	538	8709
8709	745	3110
3110	745	12338
32515	2239	22498
28097	2446	22498
22498	2203	28097
31726	2239	22498
7411	817	1730
1730	222	7411
11497	355	1730
1730	388	6016
26799	2518	21118
21118	1923	26799
30885	2056	21118
21118	2089	25404
11973	533	6459
6459	750	6342
4014	590	6459
25847	2353	31361
25847	2451	25730
25847	2520	23402
6674	21	5371
6674	652	14823
6674	463	13230
6674	680	12326
6674	440	9829
6674	388	524
26062	1722	24759
26062	2353	34211
26062	2164	32618
26062	2381	31714
26062	2141	29217
26062	2089	19912
9847	302	12344
650	815	9847
4080	457	9847
31732	2555	29235
23993	2141	29235
29235	2457	23468
884	382	14011
884	118	919
884	382	13149
884	382	5781
884	118	8060
20272	2083	33399
20272	1819	20307
20272	2083	32537
20272	2083	25169
20272	1819	20307
9623	21	14397
12856	498	9623
6058	463	9623
9623	463	14337
11359	463	9623
9623	652	10237
9623	819	6604
6604	652	9623
29011	1722	33785
32244	2199	29011
25446	2164	29011
29011	2164	33725
30747	2164	29011
29625	2898	29011
29011	2520	25992
25992	2353	29011
10167	323	13211
13733	38	10167
29555	2024	32599
33121	1739	29555
7741	807	2251
2251	819	4945
4945	652	2251
2251	866	4126
2251	1570	13521
2251	866	12961
490	819	2251
2251	652	490
2251	147	3933
2251	819	3636
21639	2353	19878
21639	2520	24333
24333	2353	21639
21639	2164	23514
21639	2089	32909
21639	1812	32349
19878	2520	21639
21639	2353	19878
21639	1848	23321
21639	2520	23024
11941	476	5286
3868	476	5286
10896	476	5286
4619	476	5286
7799	476	5286
5286	610	13008
13008	395	5286
10336	476	5286
9874	476	5286
914	476	5286
6319	476	5286
5286	606	7702
5286	606	4950
11413	476	5286
3028	476	5286
14004	476	5286
5819	476	5286
12108	476	5286
5286	606	9130
4254	476	5286
5286	57	7626
6579	476	5286
7475	476	5286
13894	476	5286
5957	476	5286
14972	476	5286
11332	476	5286
13692	476	5286
9354	476	5286
8377	476	5286
3233	476	5286
8768	476	5286
31329	2177	24674
23256	2177	24674
30284	2177	24674
24674	2044	24007
24674	2044	27187
32396	2195	24674
24674	2311	32396
20302	2177	24674
24674	2044	29262
20302	2177	24674
25707	2177	24674
24674	2307	27090
24674	2307	24338
30801	2177	24674
22416	2177	24674
33392	2177	24674
24674	2044	25207
31496	2177	24674
24674	2307	28518
24674	2044	25207
27014	2177	24674
25967	2177	24674
26863	2177	24674
33282	2177	24674
25345	2177	24674
34360	2177	24674
24674	2044	30720
24674	2044	33080
22416	2177	24674
24674	2044	27187
24674	2044	22621
28156	2177	24674
5590	533	14686
14166	533	5590
5590	590	14166
34074	2353	24978
24978	2353	33554
33554	2520	24978
491	622	13602
491	59	3790
5608	958	491
32990	2172	19879
19879	1760	23178
19879	1961	24996
1421	827	13385
1421	271	13691
12340	343	1421
8084	343	1421
20809	2528	32773
20809	1972	33079
20809	1972	31728
20809	1972	27472
409	994	4279
13110	177	409
5360	177	409
19797	2206	23667
19797	2371	32498
24748	2172	19797
14989	652	5887
2253	199	5887
25275	2549	34377
25275	2353	29818
651	753	567
567	936	14258
9026	875	567
3014	753	567
14672	296	567
19955	1738	20039
33646	2058	19955
28414	2576	19955
22402	2454	19955
34060	1997	19955
5217	271	12571
5217	271	11237
5217	476	9750
31959	2044	24605
24605	1972	30625
24605	2177	29138
2816	538	1609
12778	538	2816
2816	538	8219
2816	745	11898
11898	538	2816
22204	2239	20997
22204	2446	32166
22204	2239	27607
31286	2239	22204
22204	2446	31286
10065	271	6843
10065	271	9641
10065	271	10827
10065	271	2060
29453	1972	26231
29029	2044	29453
29453	1972	30215
29453	1972	21448
5093	463	919
5093	79	6462
13886	275	5093
8659	79	5093
5093	21	7154
5093	652	14442
5093	79	14442
24481	2164	20307
24481	2335	25850
24481	2335	33274
24481	2335	25850
24481	1722	26542
24481	2353	33830
24481	2335	33830
1039	271	6111
1039	476	7316
1039	271	14400
13201	343	1039
1039	271	14256
20427	1972	25499
26704	2044	20427
33788	2044	20427
32589	2044	20427
20427	1972	33644
8152	141	11771
8152	141	6172
8152	141	12061
8152	482	2553
8152	141	10548
27540	1842	31159
27540	1842	25560
27540	1842	31449
21941	2122	27540
27540	1842	29936
1959	882	6784
3662	388	6784
3171	388	6784
12099	388	6784
9254	733	6784
4369	388	6784
11409	388	6784
10841	733	6784
1040	388	6784
4185	959	6784
9131	126	6784
2091	882	6784
8119	388	6784
8279	4	6784
3684	126	6784
11676	388	6784
13220	388	6784
13367	882	6784
7698	388	6784
11282	4	6784
13850	388	6784
150	388	6784
11766	882	6784
7625	388	6784
14516	388	6784
14956	388	6784
12532	388	6784
2526	388	6784
12190	882	6784
3729	126	6784
6291	388	6784
11731	388	6784
14150	126	6784
6784	440	12915
6085	388	6784
10881	388	6784
12869	733	6784
6020	388	6784
11640	388	6784
10895	388	6784
1227	126	6784
1460	4	6784
2113	388	6784
21347	2583	26172
23050	2089	26172
22559	2089	26172
31487	2089	26172
28642	2434	26172
23757	2089	26172
30797	2434	26172
30229	2434	26172
20428	2089	26172
23050	2089	26172
28519	2583	26172
21479	2583	26172
27507	2089	26172
27667	1705	26172
23072	1827	26172
31064	2089	26172
32608	2089	26172
32755	2583	26172
27086	2089	26172
30670	1705	26172
33238	2089	26172
19538	2089	26172
31154	2583	26172
27013	2089	26172
33904	2089	26172
34344	2089	26172
31920	2089	26172
21914	2089	26172
31578	2583	26172
28642	2434	26172
25679	2089	26172
31119	2089	26172
33538	2089	26172
26172	2141	32303
25473	2089	26172
30269	2089	26172
32257	2434	26172
25408	2089	26172
31028	2089	26172
30283	1702	26172
25473	2089	26172
27667	1705	26172
21501	2089	26172
619	482	9401
11006	198	9401
2881	482	9401
10266	482	9401
9401	739	12966
12701	482	9401
9401	547	5473
13157	590	9401
20007	2183	28789
30394	1856	28789
29654	2183	28789
29654	2183	28789
28789	2440	32354
32089	2183	28789
28789	2248	24861
32545	2183	28789
14422	819	1542
1542	193	14422
1542	652	14422
1542	510	7688
33810	2520	20930
20930	2353	33810
20930	1894	33810
20930	2211	27076
11566	870	2351
2351	674	10872
30954	2571	21739
21739	2375	30260
13260	413	7845
7845	21	2218
3155	413	7845
2742	413	7845
1910	413	7845
11368	413	7845
11830	819	7845
7845	652	11830
12040	413	7845
32648	2114	27233
27233	1722	21606
22543	2114	27233
22130	2114	27233
21298	2114	27233
30756	2114	27233
27233	2114	31218
27233	2353	31218
31428	2114	27233
4007	1441	3963
3963	1252	4007
1838	511	4007
4007	1441	10788
23351	1932	23395
23395	1789	23351
21226	2364	23395
23395	1789	30176
7831	317	4895
2838	652	7831
7831	819	2838
7831	533	10593
7831	819	10593
7831	320	13963
27219	2018	24283
22226	2353	27219
27219	2520	22226
29981	2353	27219
27219	2520	29981
27219	2509	33351
3995	223	4432
4432	440	3995
4432	807	11947
4432	21	14397
4432	388	11175
23383	1924	23820
23820	2141	23383
23820	2508	31335
23820	1722	33785
23820	2089	30563
2511	1270	12851
13178	34	2511
4784	854	2511
21899	2552	32239
32566	1735	21899
21899	2341	24172
3680	494	9806
3680	271	4309
3680	476	5443
14492	343	3680
3680	271	11345
3680	271	11176
23068	1972	29194
23068	1972	23697
23068	2177	24831
23068	1972	33880
23068	1972	30733
23068	1972	30564
8423	271	9107
9370	271	9107
13991	271	9107
11319	271	9107
10875	271	9107
9107	343	12396
12396	271	9107
564	271	9107
9107	177	5861
9107	343	1242
1242	271	9107
9107	343	14690
14690	271	9107
9107	343	14627
14627	271	9107
9750	102	9107
9107	343	9668
9668	271	9107
2745	271	9107
9107	343	2745
9107	343	9420
9420	271	9107
800	271	9107
27811	1972	28495
28495	2044	22133
33379	1972	28495
30707	1972	28495
30263	1972	28495
31784	1972	28495
28495	2044	31784
28495	2044	22133
28495	1878	25249
20630	1972	28495
28495	2044	20630
34078	1972	28495
28495	2044	34078
34015	1972	28495
28495	2044	34015
29138	1803	28495
22133	1972	28495
28495	2044	22133
28495	2044	22133
22133	1972	28495
20630	1972	28495
28495	2044	20630
20188	1972	28495
3592	271	4757
3592	395	6813
3592	395	12754
12754	512	3592
22980	2096	24145
22980	2096	26201
32142	2213	22980
22980	2195	32142
1162	485	10590
29978	2186	20550
596	463	1995
596	819	12919
12919	652	596
13614	652	596
596	320	14678
596	652	12749
596	590	12749
19984	2164	21383
19984	2520	32307
32307	2353	19984
33002	2353	19984
19984	2528	34066
19984	2353	32137
32137	2520	19984
153	343	3899
3899	271	153
153	343	3195
3195	271	153
12702	271	153
153	343	9274
9274	271	153
4001	271	153
153	343	4001
2330	102	153
153	343	4338
4338	271	153
4575	271	153
153	343	4575
153	343	12881
12881	271	153
4422	102	153
153	343	8029
8029	271	153
153	177	9253
23287	1972	19541
19541	2044	23287
22583	1972	19541
19541	2044	22583
32090	2115	19541
23963	1972	19541
19541	2044	23963
19541	2044	22583
22583	1972	19541
21718	1803	19541
23726	1972	19541
19541	2044	23726
19541	2044	23963
23963	1972	19541
32269	1972	19541
19541	2044	32269
23810	1803	19541
22583	1972	19541
19541	2044	22583
19541	1878	28641
4402	1137	10407
4402	1137	6853
4402	1137	1452
4402	1137	7952
4402	1543	9635
4402	1291	14703
13581	1291	4402
4402	1504	13581
4402	1137	873
4402	1137	10972
4402	1137	2160
23790	2562	29795
23790	2562	26241
23790	2562	27340
23790	2562	27340
23790	2562	29023
23790	2377	34091
32969	2377	23790
23790	1853	32969
23790	2562	20261
23790	2562	30360
23790	2562	21548
10410	1290	12409
10410	1199	1383
29798	2105	31797
29798	2029	20771
223	968	4049
14309	968	4049
2494	968	4049
4049	968	10708
23437	2412	19611
23437	2412	33697
23437	2412	21882
23437	2412	30096
6183	271	2734
6183	271	14277
6183	1148	12502
6183	271	9641
6183	271	4333
25571	1972	22122
25571	1972	33665
25571	2021	31890
29029	2044	25571
25571	2115	23721
3890	476	13566
3890	476	11630
3890	271	10874
3890	271	12486
3890	271	5205
23278	2177	32954
31018	2044	23278
23278	2115	30262
23278	1972	31874
24593	2044	23278
9478	373	12502
28866	2074	31890
1214	476	4770
1214	271	6173
1214	476	1549
1214	271	3301
1214	271	4728
20602	2177	20937
20602	1972	25561
20602	2177	20937
20602	1972	22689
20602	1972	24116
9331	231	10408
5909	339	10408
12814	1479	10408
28719	1932	29796
25297	2040	29796
29796	2127	32202
698	1095	14661
20086	2301	34049
992	463	2878
13744	463	2878
2878	634	13744
11560	463	2878
2878	634	11560
2878	652	3296
20380	2164	22266
33132	2164	22266
22266	2335	33132
30948	2164	22266
22266	2335	30948
22266	2353	22684
2618	271	6843
2618	271	5143
2618	271	5542
2618	271	6661
2618	271	2797
2797	343	2618
22006	1972	26231
22006	1972	24531
22006	1972	24930
22006	1972	26049
22185	2044	22006
22006	1972	22185
1355	439	422
1355	163	12886
20743	2557	19810
20743	1864	32274
3119	476	7990
3119	476	4348
22507	2177	27378
22507	2177	23736
343	336	5935
10701	663	5935
25323	1760	19731
30089	2364	25323
14809	609	3966
12894	471	3966
641	471	3966
6825	609	3966
6687	609	3966
14527	374	3966
1257	374	3966
12918	374	3966
8877	374	3966
6677	374	3966
6485	609	3966
4112	374	3966
34197	2075	23354
32282	2075	23354
26065	2172	23354
28265	2075	23354
26065	2172	23354
33915	2075	23354
20645	2310	23354
32306	2075	23354
28265	2075	23354
26065	2310	23354
19725	2172	23354
23500	2310	23354
8858	174	11921
28246	1875	31309
14259	652	1220
1220	819	14259
33647	2353	20608
20608	2520	33647
6577	538	12691
6577	745	4430
25965	2239	32079
23818	2239	25965
8272	388	3326
1710	79	8272
8272	463	5770
9226	652	8272
8272	819	9226
12722	79	8272
8272	652	14418
14418	819	8272
27660	2089	22714
21098	2335	27660
27660	2164	25158
28614	2353	27660
28614	2335	27660
32110	2335	27660
27660	2353	33806
33806	2520	27660
795	339	8091
3467	260	8091
8091	88	2142
8091	42	740
8091	88	11599
5749	339	8091
100	339	8091
20183	2040	27479
25137	2040	27479
27479	1789	21530
27479	1743	20128
27479	1789	30987
25137	2040	27479
19488	2040	27479
9883	436	11013
6427	199	9883
11575	199	9883
14382	788	9883
12810	542	9883
9883	255	11665
221	199	9883
4054	413	9883
14433	199	9883
4165	725	9883
29271	2137	30401
25815	1900	29271
30963	1900	29271
33770	2114	29271
32198	2426	29271
29271	2172	31053
25815	1900	29271
23442	2114	29271
33821	1900	29271
23553	2426	29271
13839	388	10267
10062	388	10267
33227	2089	29655
29450	2089	29655
756	271	10418
10418	343	1254
1254	271	10418
10418	343	13065
7940	102	10418
29806	2044	20642
20642	1972	29806
29806	2044	20642
32453	1972	29806
27328	1803	29806
5365	471	4121
4121	569	5365
5365	808	13393
24753	2172	23509
23509	2270	24753
24753	2509	32781
5714	59	14449
5714	59	1802
12809	471	5714
25102	1760	33837
25102	1760	21190
32197	2172	25102
5147	476	2577
5147	1148	9130
11347	343	5147
5147	271	2061
5147	1244	4950
5147	271	9897
5147	271	5924
24535	2177	21965
24535	2528	28518
24535	2177	30735
24535	1972	21449
24535	2528	24338
24535	1972	29285
24535	1972	25312
1735	181	1655
8538	476	1735
1735	343	8538
1735	102	12706
1735	102	5775
7871	476	1735
1735	343	7871
1735	102	10561
6653	395	1735
1735	409	12341
2036	476	1735
1735	343	2036
21043	2177	21123
21123	2044	27926
27926	2177	21123
21123	1803	32094
21123	1803	25163
21123	2044	27259
27259	2177	21123
21123	1803	29949
26041	2096	21123
21123	2110	31729
21123	2044	21424
21424	2177	21123
2368	482	12207
2368	141	7637
2368	141	6172
31595	2122	21756
21756	1842	25560
21756	1842	25560
10101	476	14139
10101	271	4197
10101	271	12343
10101	271	9897
33527	2044	29489
29489	1972	23585
31731	2044	29489
29489	1972	29285
14047	174	113
33435	2709	19501
2222	463	7865
4862	819	2222
2222	652	4862
2222	388	12046
2222	463	1835
24250	2520	21610
24250	2520	21610
21610	2353	24250
21610	2089	31434
25811	2520	21610
651	342	8108
8108	739	5530
8108	242	1354
1354	654	8108
11522	611	8108
3014	342	8108
8108	795	6694
11144	342	8108
20039	2043	27496
27496	2440	24918
27496	1928	20742
20742	2355	27496
30910	2261	27496
22402	2043	27496
26082	2043	27496
30532	2043	27496
1533	652	8805
1533	590	8805
11650	590	1533
11650	652	1533
20921	2353	28193
28193	2520	20921
20921	2520	31038
31038	2353	20921
6599	388	7304
7304	331	13746
7304	440	9930
6223	882	7304
7304	218	4292
25987	2089	26692
26692	2032	33134
26692	2141	29318
25611	2583	26692
26692	1919	23680
2515	388	14811
2515	463	9267
2515	374	454
2515	634	13553
10932	590	2515
21903	2089	34199
21903	2164	28655
21903	2172	19842
21903	2335	32941
30320	2291	21903
7506	288	13332
7506	196	14375
7506	280	6897
7506	819	6524
7506	187	10944
26894	1989	32720
26894	1897	33763
26894	1981	26285
26894	2520	25912
30332	2085	26894
7231	177	7235
14563	271	7231
1274	271	7231
11995	102	7231
26619	1878	26623
33951	1972	26619
20662	2115	26619
31383	1803	26619
4599	388	13073
4599	733	14258
4599	701	11446
23987	2434	32461
23987	2434	33646
23987	2402	30834
9851	986	11489
9851	1448	10809
29239	2089	30877
29239	2767	30197
11761	1636	9713
9713	1699	7563
14359	1240	9713
1152	1098	9713
31149	2291	29101
29101	2264	29852
33747	2127	29101
29101	2264	29852
2475	80	7970
7970	21	2475
6846	79	7970
7970	463	6846
5206	590	7970
5206	652	7970
7970	471	2568
7970	652	12604
7970	590	12604
21863	1781	27358
27358	1722	21863
26234	2335	27358
27358	2164	26234
27358	2520	24594
24594	2353	27358
27358	2075	21956
27358	2353	31992
31992	2520	27358
13040	118	10098
7646	471	10098
8292	688	10098
32428	1819	29486
27034	2172	29486
27680	2389	29486
13083	413	7703
32471	2114	27091
10520	271	9249
4359	271	9249
13499	271	9249
2588	880	9249
9249	471	3818
10858	271	9249
7316	102	9249
6911	571	9249
13190	271	9249
12006	271	9249
14089	102	9249
6556	880	9249
29908	1972	28637
23747	1972	28637
28637	2044	32887
21976	2581	28637
28637	1878	23206
30246	1972	28637
26704	1803	28637
26299	2581	28637
32578	1972	28637
28637	2044	31394
33477	1803	28637
25944	2581	28637
3518	817	11815
11815	222	3518
3518	817	10603
14147	222	3518
3518	817	13425
3518	126	12364
22906	2518	31203
31203	1923	22906
22906	2518	29991
33535	1923	22906
22906	2518	32813
22906	2583	31752
8219	745	5139
5139	538	7706
5139	745	6626
5139	745	13993
1609	745	5139
24527	2239	27607
24527	2239	27607
24527	2446	26014
24527	2446	33381
24527	2239	20997
10524	271	1313
10021	102	1313
866	271	1313
5116	24	1313
5116	670	1313
1313	177	5116
29912	1972	20701
29409	1803	20701
20254	1972	20701
24504	2371	20701
20701	1878	24504
24504	1725	20701
9051	271	815
10836	271	815
117	271	815
5994	395	815
13282	271	815
12514	494	815
815	177	8573
11315	271	815
5638	271	815
853	271	815
2916	271	815
112	271	815
20203	2044	28439
20203	2044	30224
19505	1972	20203
25382	2096	20203
20203	2044	32670
20203	2044	31902
20203	1878	27961
20203	2044	30703
25026	2115	20203
20241	2115	20203
25026	2115	20203
19500	1972	20203
1079	177	1131
13520	177	1131
3705	177	1131
7026	177	1131
5050	177	1131
1131	340	1753
3373	177	1131
396	177	1131
20467	1878	20519
32908	1878	20519
23093	1878	20519
26414	1878	20519
24438	1878	20519
20519	2041	21141
20519	1725	22761
19784	1878	20519
