3109	21103
319	26158
1485	23798
1561	24814
8891	20881
9041	21374
1663	29545
3846	25087
3630	23480
5449	27741
3223	24409
1388	28520
3949	23943
3728	27919
2151	21857
9608	25393
9180	20225
2632	28863
7282	25143
4239	26984
2788	29789
4495	20916
1737	22070
9218	19504
8422	25068
9729	21975
1287	24931
1272	24414
2769	29824
2547	20152
2022	28092
278	24713
5724	23221
3581	25111
3074	26121
8096	21889
5397	24038
7000	21049
5194	22675
3372	28513
6416	23108
4876	26809
9141	27195
944	19448
3336	28555
1453	29695
7929	23878
5269	27005
5942	28610
5524	23094
6463	25851
877	20265
6473	25861
2638	22026
9414	28802
1157	20545
175	19563
6917	26305
6544	25932
1620	21008
6320	25708
1212	20600
7511	26899
7491	26879
7862	27250
6512	25900
873	20261
3756	23144
10005	29393
9680	29068
8862	28250
2340	21728
2162	21550
7153	26541
881	20269
831	20219
404	19792
3601	22989
5188	24576
4038	23426
8183	27571
1368	20756
6256	25644
5546	24934
6035	25423
6590	25978
7342	26730
6309	25697
5683	25071
4981	24369
8691	28079
1114	20502
2756	22144
2774	22162
9688	29076
9843	29231
5599	24987
7856	27244
2438	21826
7445	26833
