9121	24121
5543	20543
8668	23668
3120	18120
7507	22507
8945	23945
3149	18149
2030	17030
9648	24648
5635	20635
1229	16229
5061	20061
116	15116
4222	19222
4097	19097
6965	21965
1802	16802
3959	18959
1463	16463
6643	21643
3041	18041
2348	17348
8747	23747
1789	16789
6911	21911
10358	25358
7491	22491
5253	20253
2461	17461
910	15910
2413	17413
6719	21719
8792	23792
9108	24108
3030	18030
4380	19380
1427	16427
10461	25461
5942	20942
9947	24947
5048	20048
8663	23663
730	15730
387	15387
4074	19074
6002	21002
4270	19270
9798	24798
4001	19001
4724	19724
1880	16880
1064	16064
3319	18319
7034	22034
3497	18497
10164	25164
2135	17135
3784	18784
7495	22495
8657	23657
2047	17047
3969	18969
7388	22388
9149	24149
2649	17649
7169	22169
5974	20974
1705	16705
779	15779
5212	20212
1097	16097
1335	16335
126	15126
9760	24760
3486	18486
2053	17053
2750	17750
1184	16184
5364	20364
2049	17049
8861	23861
6629	21629
3228	18228
827	15827
6262	21262
79	15079
85	15085
7323	22323
6712	21712
499	15499
3095	18095
1174	16174
9612	24612
6916	21916
8950	23950
8010	23010
9205	24205
7502	22502
8551	23551
870	15870
9624	24624
4022	19022
10195	25195
6050	21050
3950	18950
2051	17051
1656	16656
2364	17364
3494	18494
3649	18649
7380	22380
8089	23089
5263	20263
6749	21749
2863	17863
7147	22147
7193	22193
2119	17119
5467	20467
9063	24063
7663	22663
4277	19277
6108	21108
4893	19893
3442	18442
8196	23196
3336	18336
9441	24441
700	15700
10073	25073
3189	18189
8752	23752
6435	21435
8383	23383
10346	25346
7249	22249
7796	22796
9106	24106
6512	21512
2478	17478
2632	17632
4566	19566
4068	19068
3105	18105
9189	24189
2545	17545
5039	20039
8475	23475
10036	25036
526	15526
1528	16528
1501	16501
8337	23337
597	15597
3090	18090
5138	20138
10348	25348
7995	22995
6377	21377
1977	16977
6362	21362
5164	20164
1188	16188
8566	23566
7643	22643
2384	17384
4485	19485
8294	23294
8615	23615
10089	25089
6685	21685
10442	25442
439	15439
3708	18708
9571	24571
1720	16720
6527	21527
8966	23966
10184	25184
2874	17874
6107	21107
361	15361
8697	23697
8269	23269
7201	22201
7906	22906
1045	16045
8382	23382
2691	17691
3227	18227
3491	18491
8588	23588
9962	24962
8606	23606
4924	19924
471	15471
7333	22333
7400	22400
6744	21744
6015	21015
3274	18274
6365	21365
4457	19457
3450	18450
6317	21317
8921	23921
4045	19045
7994	22994
8174	23174
8477	23477
4734	19734
7704	22704
9340	24340
3638	18638
1263	16263
351	15351
5446	20446
8801	23801
6413	21413
9562	24562
10301	25301
8464	23464
9415	24415
9412	24412
6355	21355
10113	25113
8246	23246
1987	16987
3517	18517
5042	20042
5441	20441
8203	23203
3377	18377
10457	25457
3301	18301
3018	18018
7717	22717
2032	17032
4255	19255
542	15542
1489	16489
3424	18424
5566	20566
2302	17302
4601	19601
9079	24079
6306	21306
5911	20911
9315	24315
3753	18753
1532	16532
2230	17230
466	15466
2562	17562
844	15844
6779	21779
7178	22178
4473	19473
3722	18722
187	15187
8880	23880
5698	20698
7114	22114
3435	18435
1708	16708
5288	20288
8925	23925
4180	19180
3713	18713
3004	18004
9719	24719
7204	22204
842	15842
794	15794
6869	21869
7191	22191
9462	24462
767	15767
1096	16096
1317	16317
9458	24458
6922	21922
3543	18543
6027	21027
92	15092
5341	20341
2660	17660
2074	17074
1649	16649
5374	20374
8020	23020
8003	23003
10006	25006
10450	25450
1976	16976
10447	25447
8912	23912
4536	19536
8979	23979
5256	20256
6968	21968
3028	18028
10269	25269
5548	20548
9634	24634
4813	19813
10245	25245
3089	18089
3727	18727
285	15285
271	15271
4366	19366
4415	19415
7025	22025
10463	25463
2432	17432
6791	21791
2098	17098
4645	19645
222	15222
3387	18387
4922	19922
1579	16579
9596	24596
2776	17776
4375	19375
4846	19846
10239	25239
3988	18988
9434	24434
9923	24923
2331	17331
8640	23640
9611	24611
7593	22593
134	15134
7332	22332
2278	17278
8890	23890
3203	18203
1747	16747
257	15257
795	15795
5202	20202
4876	19876
6988	21988
9640	24640
3616	18616
5002	20002
2543	17543
3625	18625
888	15888
6255	21255
1226	16226
5290	20290
8057	23057
456	15456
3481	18481
2175	17175
4260	19260
3542	18542
4576	19576
78	15078
5699	20699
1211	16211
8240	23240
7164	22164
9215	24215
9036	24036
3716	18716
787	15787
6607	21607
919	15919
8418	23418
4768	19768
6364	21364
10367	25367
8879	23879
40	15040
4669	19669
5020	20020
5800	20800
5637	20637
9549	24549
5507	20507
445	15445
7199	22199
202	15202
4322	19322
6862	21862
6548	21548
5632	20632
2553	17553
5576	20576
5860	20860
7826	22826
4336	19336
2234	17234
9919	24919
3035	18035
3786	18786
3151	18151
7876	22876
1166	16166
7143	22143
7098	22098
1553	16553
6415	21415
5481	20481
2497	17497
3700	18700
2827	17827
3849	18849
10179	25179
604	15604
7361	22361
435	15435
4947	19947
6444	21444
3564	18564
7426	22426
7063	22063
6604	21604
5839	20839
5221	20221
7794	22794
3416	18416
3761	18761
74	15074
728	15728
9146	24146
1877	16877
3736	18736
6513	21513
2028	17028
3773	18773
6289	21289
9781	24781
6296	21296
5408	20408
9937	24937
6720	21720
4574	19574
2900	17900
8308	23308
1013	16013
9077	24077
8249	23249
3582	18582
1763	16763
3335	18335
3886	18886
5502	20502
5838	20838
7455	22455
2010	17010
2274	17274
8943	23943
6861	21861
6450	21450
9293	24293
9501	24501
262	15262
4965	19965
5466	20466
9133	24133
1284	16284
3574	18574
10001	25001
4584	19584
9165	24165
151	15151
661	15661
5079	20079
3326	18326
3563	18563
2817	17817
1728	16728
9581	24581
1469	16469
5540	20540
3558	18558
7462	22462
4689	19689
4781	19781
1828	16828
5399	20399
4121	19121
6574	21574
10272	25272
9905	24905
2317	17317
5530	20530
8797	23797
9337	24337
7387	22387
4534	19534
6379	21379
1522	16522
5411	20411
1460	16460
1841	16841
52	15052
8548	23548
7799	22799
2702	17702
72	15072
6877	21877
7421	22421
8967	23967
4236	19236
9645	24645
7846	22846
6813	21813
1772	16772
9595	24595
7586	22586
6540	21540
8870	23870
2456	17456
3109	18109
718	15718
9533	24533
4288	19288
8482	23482
8905	23905
2718	17718
7264	22264
2152	17152
6705	21705
9261	24261
7053	22053
4744	19744
6066	21066
4085	19085
4476	19476
2448	17448
3192	18192
7012	22012
4590	19590
9216	24216
2346	17346
4450	19450
8586	23586
6370	21370
6908	21908
6571	21571
9325	24325
4612	19612
2385	17385
5964	20964
8841	23841
1092	16092
3687	18687
4852	19852
5000	20000
3811	18811
1659	16659
10080	25080
7660	22660
3129	18129
8251	23251
301	15301
4100	19100
4383	19383
4950	19950
9379	24379
3081	18081
5452	20452
8448	23448
9183	24183
2868	17868
5962	20962
889	15889
5123	20123
5397	20397
4693	19693
8375	23375
5627	20627
4231	19231
3457	18457
1957	16957
9208	24208
218	15218
8303	23303
9506	24506
10276	25276
4763	19763
5205	20205
5114	20114
9597	24597
9275	24275
10119	25119
9304	24304
279	15279
9321	24321
2854	17854
9591	24591
3235	18235
2864	17864
2916	17916
7548	22548
2901	17901
10409	25409
2361	17361
8851	23851
817	15817
4858	19858
9879	24879
7688	22688
6999	21999
5233	20233
5706	20706
9236	24236
8184	23184
588	15588
8311	23311
4547	19547
4946	19946
883	15883
419	15419
1707	16707
8714	23714
6552	21552
7339	22339
2031	17031
6900	21900
5014	20014
7218	22218
2564	17564
6449	21449
6573	21573
2582	17582
8992	23992
4943	19943
4849	19849
9461	24461
3410	18410
4754	19754
1546	16546
6298	21298
10094	25094
3986	18986
4495	19495
6495	21495
9516	24516
6609	21609
7229	22229
8293	23293
2208	17208
5110	20110
2343	17343
10379	25379
10010	25010
3495	18495
4323	19323
3767	18767
7472	22472
4805	19805
2744	17744
8804	23804
2511	17511
9778	24778
6106	21106
2959	17959
8107	23107
6490	21490
3418	18418
1149	16149
771	15771
10003	25003
3780	18780
5012	20012
4939	19939
8395	23395
2588	17588
2846	17846
10204	25204
3098	18098
6409	21409
9396	24396
9747	24747
4914	19914
10305	25305
2836	17836
3449	18449
2465	17465
502	15502
2906	17906
1818	16818
7188	22188
6417	21417
81	15081
390	15390
2171	17171
9608	24608
9164	24164
5710	20710
7708	22708
697	15697
8520	23520
91	15091
9191	24191
5063	20063
2480	17480
9974	24974
6741	21741
10127	25127
7692	22692
8081	23081
4494	19494
8887	23887
8172	23172
1344	16344
64	15064
3697	18697
7689	22689
3729	18729
8902	23902
8910	23910
7433	22433
4487	19487
4387	19387
1928	16928
6788	21788
4940	19940
7591	22591
7595	22595
3642	18642
2045	17045
7157	22157
959	15959
3676	18676
825	15825
1011	16011
6000	21000
9906	24906
7720	22720
4080	19080
6731	21731
2610	17610
3901	18901
5447	20447
30	15030
6648	21648
7336	22336
9139	24139
6129	21129
7020	22020
5718	20718
6756	21756
783	15783
1248	16248
9017	24017
2542	17542
5927	20927
784	15784
7512	22512
3118	18118
395	15395
1606	16606
10156	25156
6019	21019
5758	20758
1886	16886
1122	16122
295	15295
1379	16379
8986	23986
3390	18390
6332	21332
9958	24958
7842	22842
8723	23723
5132	20132
4847	19847
6185	21185
9448	24448
2475	17475
7050	22050
8360	23360
3712	18712
5339	20339
7750	22750
952	15952
1383	16383
3633	18633
5882	20882
8369	23369
6818	21818
9495	24495
2966	17966
1234	16234
2269	17269
9113	24113
10228	25228
3595	18595
2070	17070
3152	18152
3333	18333
9311	24311
10026	25026
6284	21284
9484	24484
6888	21888
3913	18913
2224	17224
2193	17193
3344	18344
4149	19149
9547	24547
2920	17920
5918	20918
856	15856
2505	17505
10429	25429
6632	21632
4920	19920
2157	17157
8197	23197
10192	25192
5366	20366
9378	24378
853	15853
7698	22698
10362	25362
3373	18373
4702	19702
2144	17144
3404	18404
1557	16557
628	15628
6335	21335
2124	17124
3477	18477
7093	22093
976	15976
6012	21012
8737	23737
9214	24214
9279	24279
7468	22468
6395	21395
3612	18612
2631	17631
4062	19062
4792	19792
3942	18942
10178	25178
3747	18747
4594	19594
8043	23043
9920	24920
1577	16577
4018	19018
4314	19314
4596	19596
8297	23297
2190	17190
2423	17423
9683	24683
4848	19848
6097	21097
989	15989
8947	23947
7798	22798
165	15165
5011	20011
7073	22073
6137	21137
7597	22597
1289	16289
3388	18388
7038	22038
1177	16177
8913	23913
5826	20826
6868	21868
7789	22789
3620	18620
4857	19857
56	15056
8784	23784
7923	22923
8648	23648
2802	17802
9882	24882
695	15695
9023	24023
5051	20051
7239	22239
1216	16216
6133	21133
5901	20901
5907	20907
3229	18229
7731	22731
4632	19632
6084	21084
6840	21840
8673	23673
7500	22500
4138	19138
1629	16629
2809	17809
8695	23695
5943	20943
3874	18874
6591	21591
6709	21709
5377	20377
1322	16322
228	15228
2084	17084
9942	24942
9443	24443
235	15235
2985	17985
3238	18238
4833	19833
5771	20771
7261	22261
3523	18523
2268	17268
4687	19687
7886	22886
4707	19707
4253	19253
9374	24374
7887	22887
1745	16745
10242	25242
1348	16348
5989	20989
3406	18406
6778	21778
7838	22838
10495	25495
3833	18833
7449	22449
6058	21058
9118	24118
3023	18023
9933	24933
1285	16285
65	15065
176	15176
3728	18728
5348	20348
3437	18437
5790	20790
8923	23923
6391	21391
1571	16571
7966	22966
7136	22136
6252	21252
6484	21484
1860	16860
8333	23333
1482	16482
1983	16983
613	15613
8262	23262
5089	20089
3193	18193
1048	16048
2254	17254
6056	21056
3541	18541
3841	18841
8654	23654
9187	24187
8677	23677
6357	21357
2498	17498
5747	20747
9574	24574
8726	23726
8362	23362
9994	24994
7026	22026
1151	16151
9647	24647
5852	20852
4762	19762
5687	20687
7183	22183
7864	22864
171	15171
7484	22484
3123	18123
1787	16787
113	15113
4389	19389
3610	18610
1423	16423
1309	16309
6212	21212
789	15789
8768	23768
940	15940
964	15964
9784	24784
7669	22669
5605	20605
2086	17086
8008	23008
9267	24267
2280	17280
10217	25217
3537	18537
5175	20175
1939	16939
6873	21873
4646	19646
8346	23346
1991	16991
1094	16094
3619	18619
1352	16352
740	15740
1889	16889
10131	25131
9151	24151
6418	21418
3199	18199
3461	18461
769	15769
4613	19613
9594	24594
1884	16884
2558	17558
9908	24908
7241	22241
839	15839
5863	20863
9246	24246
10493	25493
2040	17040
2983	17983
3213	18213
9726	24726
4301	19301
1608	16608
100	15100
6528	21528
8367	23367
669	15669
4516	19516
9736	24736
6288	21288
2973	17973
2587	17587
659	15659
4682	19682
2858	17858
704	15704
8029	23029
2701	17701
4015	19015
2296	17296
9013	24013
8328	23328
2407	17407
896	15896
6321	21321
9067	24067
240	15240
1432	16432
3539	18539
4692	19692
8350	23350
1690	16690
7865	22865
5083	20083
3237	18237
6328	21328
6593	21593
7718	22718
2414	17414
4652	19652
1794	16794
4078	19078
3806	18806
4376	19376
5973	20973
3647	18647
7520	22520
9341	24341
7083	22083
7255	22255
8271	23271
3817	18817
3094	18094
6319	21319
7422	22422
5707	20707
4483	19483
2438	17438
8833	23833
8929	23929
10176	25176
2652	17652
7155	22155
4042	19042
3772	18772
9213	24213
6621	21621
2368	17368
6264	21264
9776	24776
9043	24043
10108	25108
4897	19897
10482	25482
3352	18352
6889	21889
8244	23244
4928	19928
1754	16754
2509	17509
9386	24386
4756	19756
17	15017
431	15431
10288	25288
3766	18766
5853	20853
8140	23140
4125	19125
8282	23282
2591	17591
6842	21842
2474	17474
6802	21802
2442	17442
5650	20650
6309	21309
9857	24857
736	15736
318	15318
8044	23044
5900	20900
3588	18588
7378	22378
5378	20378
625	15625
6127	21127
2979	17979
733	15733
908	15908
2548	17548
8214	23214
666	15666
2791	17791
5532	20532
985	15985
9455	24455
864	15864
7901	22901
150	15150
5492	20492
7792	22792
1061	16061
1746	16746
2377	17377
5410	20410
5886	20886
1202	16202
2378	17378
7710	22710
7207	22207
2851	17851
4480	19480
6489	21489
6460	21460
3165	18165
1040	16040
2944	17944
635	15635
5980	20980
2962	17962
5060	20060
3524	18524
7329	22329
8786	23786
8220	23220
4617	19617
468	15468
330	15330
9701	24701
2290	17290
10161	25161
7299	22299
7823	22823
7814	22814
2528	17528
10030	25030
6815	21815
5273	20273
7005	22005
9894	24894
181	15181
8629	23629
8802	23802
6572	21572
112	15112
2684	17684
4723	19723
8462	23462
3567	18567
6323	21323
2997	17997
5238	20238
6885	21885
558	15558
8190	23190
3981	18981
5099	20099
4894	19894
8156	23156
8721	23721
3711	18711
2853	17853
9872	24872
7981	22981
2293	17293
3290	18290
8371	23371
8038	23038
8580	23580
1687	16687
6241	21241
1757	16757
2937	17937
4057	19057
10284	25284
10051	25051
3762	18762
3351	18351
7417	22417
4232	19232
7496	22496
8065	23065
1534	16534
9281	24281
3800	18800
1134	16134
8749	23749
3365	18365
8316	23316
6017	21017
1015	16015
8773	23773
7226	22226
7668	22668
9757	24757
8275	23275
6124	21124
136	15136
1206	16206
5254	20254
9667	24667
6072	21072
5772	20772
6162	21162
4968	19968
3831	18831
2097	17097
8815	23815
3659	18659
1559	16559
227	15227
8757	23757
1386	16386
6729	21729
859	15859
1095	16095
7018	22018
8745	23745
7510	22510
2376	17376
5936	20936
5207	20207
8968	23968
9827	24827
3067	18067
8794	23794
6902	21902
4636	19636
4183	19183
1993	16993
5935	20935
3126	18126
3173	18173
5090	20090
8862	23862
806	15806
7513	22513
5701	20701
9545	24545
10208	25208
2264	17264
7144	22144
2298	17298
9628	24628
10376	25376
2404	17404
716	15716
5094	20094
4621	19621
190	15190
847	15847
8342	23342
6021	21021
9203	24203
2620	17620
2604	17604
3131	18131
8961	23961
10349	25349
8743	23743
340	15340
4092	19092
4455	19455
6013	21013
4518	19518
5674	20674
1311	16311
5892	20892
8434	23434
3172	18172
4320	19320
4167	19167
3202	18202
2211	17211
3973	18973
8856	23856
3234	18234
299	15299
9723	24723
5013	20013
7344	22344
6206	21206
3838	18838
3379	18379
2146	17146
8612	23612
582	15582
785	15785
2595	17595
1287	16287
8222	23222
10022	25022
4562	19562
660	15660
1875	16875
73	15073
1265	16265
5531	20531
3556	18556
10009	25009
1119	16119
7825	22825
5881	20881
9859	24859
2241	17241
3557	18557
1259	16259
5338	20338
6534	21534
4602	19602
9945	24945
26	15026
6557	21557
9302	24302
1148	16148
8118	23118
5425	20425
7773	22773
5211	20211
5873	20873
4926	19926
1685	16685
3661	18661
4112	19112
6191	21191
8336	23336
8312	23312
5612	20612
6625	21625
9073	24073
5969	20969
6507	21507
7059	22059
9845	24845
8211	23211
6918	21918
9555	24555
10016	25016
6669	21669
4984	19984
6820	21820
1033	16033
1390	16390
5833	20833
7411	22411
2810	17810
618	15618
7403	22403
412	15412
6768	21768
5289	20289
69	15069
5865	20865
10140	25140
321	15321
3589	18589
6532	21532
3646	18646
2428	17428
3679	18679
266	15266
8340	23340
1418	16418
47	15047
7198	22198
410	15410
677	15677
7206	22206
6154	21154
5281	20281
358	15358
5261	20261
5473	20473
1529	16529
3293	18293
7962	22962
2494	17494
3045	18045
1648	16648
6956	21956
3920	18920
3810	18810
1988	16988
7947	22947
4196	19196
10226	25226
905	15905
6483	21483
9559	24559
8295	23295
2463	17463
2452	17452
7024	22024
1218	16218
2079	17079
319	15319
241	15241
1630	16630
10236	25236
7035	22035
816	15816
601	15601
7603	22603
9272	24272
5788	20788
9050	24050
5829	20829
750	15750
1968	16968
1467	16467
7610	22610
2949	17949
4056	19056
3402	18402
8040	23040
2170	17170
8110	23110
2697	17697
4075	19075
9363	24363
9384	24384
3668	18668
4241	19241
9305	24305
4468	19468
372	15372
8415	23415
10274	25274
7319	22319
3937	18937
7407	22407
4787	19787
8313	23313
4569	19569
4686	19686
417	15417
6337	21337
7641	22641
5404	20404
4107	19107
267	15267
5640	20640
6940	21940
4664	19664
5944	20944
101	15101
5931	20931
9423	24423
937	15937
9314	24314
2517	17517
4712	19712
4493	19493
2396	17396
1963	16963
5976	20976
4743	19743
58	15058
2373	17373
9522	24522
8143	23143
5461	20461
545	15545
5435	20435
5749	20749
1555	16555
7222	22222
8623	23623
2914	17914
8344	23344
6667	21667
4090	19090
2968	17968
4028	19028
6248	21248
7542	22542
9764	24764
10098	25098
8806	23806
10412	25412
8453	23453
923	15923
9065	24065
672	15672
4665	19665
6577	21577
10085	25085
8335	23335
61	15061
7275	22275
9004	24004
8291	23291
2590	17590
2899	17899
1494	16494
5671	20671
9154	24154
10154	25154
2760	17760
2330	17330
536	15536
1360	16360
1411	16411
1089	16089
5415	20415
10254	25254
2156	17156
4850	19850
6912	21912
6210	21210
6032	21032
7150	22150
7230	22230
6961	21961
3079	18079
1286	16286
178	15178
8990	23990
2844	17844
7929	22929
1604	16604
5618	20618
8113	23113
9317	24317
4747	19747
4668	19668
10210	25210
6715	21715
8550	23550
6612	21612
1511	16511
6331	21331
7436	22436
4348	19348
3141	18141
8528	23528
2527	17527
8264	23264
6633	21633
6424	21424
5764	20764
9092	24092
3892	18892
3439	18439
9864	24864
8391	23391
8598	23598
2857	17857
10291	25291
3135	18135
2363	17363
9521	24521
6979	21979
4407	19407
7781	22781
7885	22885
369	15369
8074	23074
5308	20308
10114	25114
5456	20456
7604	22604
1275	16275
10166	25166
9486	24486
8103	23103
6187	21187
7571	22571
6620	21620
2433	17433
2768	17768
3117	18117
5101	20101
4672	19672
10045	25045
2855	17855
353	15353
2139	17139
7364	22364
2998	17998
6472	21472
1675	16675
4409	19409
3356	18356
8181	23181
8970	23970
155	15155
2080	17080
8637	23637
8445	23445
1550	16550
2222	17222
3796	18796
4951	19951
10230	25230
837	15837
4060	19060
3139	18139
3518	18518
2804	17804
10475	25475
9086	24086
1547	16547
9367	24367
1980	16980
9837	24837
2567	17567
8569	23569
5488	20488
9878	24878
6771	21771
6354	21354
2614	17614
3471	18471
4727	19727
5529	20529
2220	17220
3029	18029
4802	19802
4960	19960
3069	18069
5898	20898
243	15243
4560	19560
4677	19677
6947	21947
895	15895
5121	20121
10132	25132
2653	17653
4532	19532
2095	17095
7722	22722
4220	19220
5717	20717
5994	20994
2069	17069
2464	17464
4809	19809
2716	17716
4052	19052
8063	23063
4126	19126
8636	23636
2198	17198
7935	22935
3763	18763
8100	23100
9728	24728
9195	24195
7290	22290
1870	16870
3603	18603
3851	18851
1452	16452
8370	23370
9710	24710
3680	18680
752	15752
4866	19866
109	15109
723	15723
296	15296
6194	21194
5634	20634
8078	23078
2664	17664
2248	17248
9838	24838
3714	18714
4009	19009
2565	17565
8125	23125
8839	23839
5166	20166
2169	17169
1003	16003
6202	21202
9910	24910
4386	19386
755	15755
5246	20246
6522	21522
963	15963
9122	24122
3225	18225
6742	21742
10372	25372
8338	23338
8955	23955
9681	24681
3374	18374
6590	21590
6114	21114
2483	17483
8778	23778
1065	16065
2332	17332
6239	21239
7444	22444
3591	18591
4165	19165
4994	19994
9280	24280
96	15096
8325	23325
4285	19285
4976	19976
737	15737
5983	20983
8988	23988
1058	16058
1408	16408
8377	23377
5930	20930
4568	19568
5222	20222
9093	24093
1774	16774
427	15427
4410	19410
10454	25454
5383	20383
8746	23746
858	15858
4264	19264
3241	18241
1866	16866
541	15541
6425	21425
5871	20871
802	15802
4515	19515
1141	16141
3719	18719
4956	19956
9957	24957
2515	17515
5406	20406
7372	22372
3514	18514
5956	20956
1172	16172
8809	23809
8443	23443
1060	16060
1410	16410
3053	18053
8483	23483
2828	17828
9621	24621
1519	16519
3133	18133
464	15464
2320	17320
8318	23318
8900	23900
6044	21044
1869	16869
5328	20328
6412	21412
7410	22410
6638	21638
5247	20247
9552	24552
9888	24888
7189	22189
5599	20599
8978	23978
4874	19874
3587	18587
799	15799
3648	18648
2244	17244
8035	23035
1803	16803
10389	25389
6732	21732
8766	23766
9507	24507
8161	23161
8266	23266
8991	23991
3602	18602
4319	19319
354	15354
2421	17421
5704	20704
114	15114
1603	16603
6695	21695
3857	18857
9309	24309
9803	24803
9046	24046
4609	19609
1433	16433
5036	20036
6541	21541
11	15011
3778	18778
5856	20856
6995	21995
4470	19470
3992	18992
2495	17495
878	15878
7431	22431
9083	24083
4839	19839
5925	20925
9166	24166
9774	24774
3451	18451
1525	16525
5606	20606
9573	24573
8488	23488
8703	23703
4565	19565
4952	19952
10075	25075
1264	16264
8273	23273
4998	19998
6024	21024
593	15593
3017	18017
4800	19800
5458	20458
950	15950
3283	18283
498	15498
7625	22625
8959	23959
9551	24551
3570	18570
2724	17724
5821	20821
4610	19610
5026	20026
5628	20628
861	15861
4961	19961
615	15615
5905	20905
153	15153
3888	18888
932	15932
10473	25473
8117	23117
6074	21074
1142	16142
7497	22497
3508	18508
5692	20692
832	15832
6281	21281
6053	21053
5659	20659
4642	19642
5732	20732
9336	24336
5047	20047
1523	16523
6086	21086
4916	19916
8836	23836
3019	18019
2266	17266
1975	16975
4433	19433
1893	16893
3353	18353
6785	21785
7850	22850
9265	24265
6063	21063
5046	20046
10393	25393
9425	24425
5494	20494
8720	23720
5664	20664
1658	16658
4611	19611
244	15244
1646	16646
7808	22808
3964	18964
1362	16362
10126	25126
5679	20679
5645	20645
10490	25490
4308	19308
8552	23552
1181	16181
9575	24575
3176	18176
6957	21957
1357	16357
8865	23865
9622	24622
8427	23427
7287	22287
6825	21825
2295	17295
10174	25174
191	15191
6494	21494
9403	24403
8930	23930
4774	19774
8250	23250
304	15304
6711	21711
3484	18484
7007	22007
8878	23878
1113	16113
8989	23989
2765	17765
3889	18889
2753	17753
1686	16686
6055	21055
5521	20521
4843	19843
2845	17845
1378	16378
1237	16237
760	15760
1878	16878
36	15036
877	15877
668	15668
7986	22986
7915	22915
2580	17580
7237	22237
8831	23831
10177	25177
5119	20119
7289	22289
7338	22338
6270	21270
808	15808
4309	19309
8680	23680
7705	22705
2799	17799
364	15364
2121	17121
10344	25344
8539	23539
3459	18459
10189	25189
7463	22463
3441	18441
4944	19944
10462	25462
3012	18012
10265	25265
5295	20295
1133	16133
2216	17216
6311	21311
9944	24944
3145	18145
3375	18375
4831	19831
1953	16953
7386	22386
6217	21217
3718	18718
8355	23355
1733	16733
275	15275
3372	18372
10366	25366
6240	21240
873	15873
383	15383
3485	18485
5653	20653
7716	22716
7460	22460
5031	20031
5660	20660
4563	19563
1752	16752
7749	22749
8023	23023
637	15637
1762	16762
396	15396
3540	18540
3320	18320
3454	18454
6910	21910
2941	17941
6567	21567
5071	20071
0	15000
9211	24211
1593	16593
3420	18420
796	15796
474	15474
1839	16839
5503	20503
10315	25315
1666	16666
6618	21618
2504	17504
1822	16822
6271	21271
7328	22328
389	15389
1596	16596
2035	17035
2336	17336
3998	18998
5665	20665
547	15547
3689	18689
3827	18827
5172	20172
8348	23348
8853	23853
7805	22805
9410	24410
9765	24765
3816	18816
8301	23301
10298	25298
2687	17687
5789	20789
8478	23478
8635	23635
1768	16768
10110	25110
3183	18183
8130	23130
1347	16347
8999	23999
633	15633
9322	24322
3329	18329
562	15562
88	15088
6140	21140
8381	23381
7790	22790
4358	19358
1102	16102
7968	22968
6448	21448
10028	25028
7494	22494
504	15504
2102	17102
8595	23595
3674	18674
4524	19524
9114	24114
9298	24298
1385	16385
9161	24161
5775	20775
9687	24687
1500	16500
5517	20517
7110	22110
7953	22953
2390	17390
2895	17895
4586	19586
6393	21393
9617	24617
3211	18211
653	15653
1258	16258
2518	17518
4641	19641
4759	19759
4651	19651
4128	19128
3885	18885
9915	24915
7485	22485
5774	20774
1159	16159
4714	19714
3688	18688
3752	18752
7978	22978
7008	22008
9269	24269
10299	25299
2393	17393
6263	21263
546	15546
2767	17767
3815	18815
5158	20158
532	15532
7646	22646
8159	23159
177	15177
7585	22585
4521	19521
3487	18487
9134	24134
5545	20545
6958	21958
10403	25403
2896	17896
5429	20429
4899	19899
4824	19824
5067	20067
7736	22736
1927	16927
648	15648
7263	22263
2783	17783
7976	22976
6970	21970
9855	24855
3963	18963
9490	24490
1200	16200
378	15378
9201	24201
10378	25378
5801	20801
5528	20528
7662	22662
3995	18995
5418	20418
1405	16405
6925	21925
2988	17988
4607	19607
1484	16484
2133	17133
3948	18948
6169	21169
5356	20356
1361	16361
7234	22234
8611	23611
657	15657
4181	19181
7617	22617
9421	24421
1366	16366
1605	16605
3526	18526
1582	16582
6138	21138
8164	23164
3834	18834
6198	21198
9953	24953
1578	16578
8558	23558
943	15943
8750	23750
1784	16784
6689	21689
9663	24663
1992	16992
3622	18622
9303	24303
9867	24867
5217	20217
9197	24197
2575	17575
9385	24385
4887	19887
4194	19194
6760	21760
8452	23452
6267	21267
6313	21313
8059	23059
2618	17618
5283	20283
7938	22938
5478	20478
1783	16783
8472	23472
1137	16137
4806	19806
4430	19430
7498	22498
7137	22137
1947	16947
6414	21414
7048	22048
4608	19608
1373	16373
3707	18707
1087	16087
6598	21598
9832	24832
6455	21455
3121	18121
8972	23972
1083	16083
1499	16499
9890	24890
8626	23626
3445	18445
6349	21349
5010	20010
264	15264
8248	23248
7659	22659
5874	20874
4233	19233
6392	21392
3799	18799
8048	23048
5523	20523
5702	20702
2790	17790
6831	21831
6693	21693
5539	20539
7514	22514
10144	25144
5527	20527
8859	23859
3961	18961
4572	19572
7080	22080
9539	24539
9420	24420
1110	16110
4656	19656
9391	24391
1538	16538
9405	24405
3967	18967
6175	21175
9951	24951
5814	20814
10335	25335
611	15611
6865	21865
9511	24511
3538	18538
7761	22761
80	15080
6549	21549
8121	23121
2443	17443
4782	19782
348	15348
1107	16107
4046	19046
4799	19799
4812	19812
3315	18315
1431	16431
10279	25279
9849	24849
7678	22678
6615	21615
5996	20996
5840	20840
7735	22735
5889	20889
690	15690
2544	17544
127	15127
3303	18303
9435	24435
6458	21458
2223	17223
5245	20245
3400	18400
9678	24678
3362	18362
8160	23160
1521	16521
904	15904
638	15638
3515	18515
8177	23177
987	15987
3577	18577
3842	18842
6602	21602
5468	20468
5027	20027
7958	22958
5347	20347
587	15587
10093	25093
7267	22267
3594	18594
2705	17705
8574	23574
8715	23715
2118	17118
10079	25079
7983	22983
9806	24806
1631	16631
2422	17422
9482	24482
8813	23813
2798	17798
4218	19218
3652	18652
1235	16235
7148	22148
10415	25415
1355	16355
5096	20096
4413	19413
167	15167
6151	21151
10152	25152
8774	23774
961	15961
10121	25121
2449	17449
206	15206
4556	19556
6477	21477
4384	19384
10141	25141
1504	16504
5537	20537
10464	25464
9898	24898
3132	18132
6980	21980
6508	21508
7553	22553
9350	24350
2219	17219
7307	22307
2009	17009
9902	24902
8901	23901
6258	21258
1475	16475
6291	21291
3887	18887
5235	20235
5323	20323
4844	19844
8239	23239
179	15179
9090	24090
689	15689
1136	16136
850	15850
1304	16304
1969	16969
1340	16340
10175	25175
9218	24218
7016	22016
1444	16444
8767	23767
8812	23812
5409	20409
210	15210
3022	18022
1185	16185
5299	20299
5858	20858
4070	19070
871	15871
1863	16863
3062	18062
4570	19570
2682	17682
4152	19152
9074	24074
5803	20803
1713	16713
6701	21701
872	15872
9292	24292
7182	22182
1607	16607
6468	21468
2091	17091
339	15339
6378	21378
10069	25069
9358	24358
10484	25484
2210	17210
7687	22687
5033	20033
7627	22627
10283	25283
5562	20562
9299	24299
6798	21798
7043	22043
4730	19730
1005	16005
6360	21360
8361	23361
3572	18572
8924	23924
8468	23468
1655	16655
6160	21160
6153	21153
10203	25203
422	15422
6714	21714
8064	23064
9032	24032
8102	23102
2628	17628
3783	18783
5796	20796
9373	24373
6872	21872
8575	23575
599	15599
4937	19937
8389	23389
1832	16832
8651	23651
3340	18340
2712	17712
4694	19694
3186	18186
6545	21545
2934	17934
8152	23152
9670	24670
995	15995
3162	18162
6481	21481
2507	17507
971	15971
9061	24061
1028	16028
6339	21339
7058	22058
7213	22213
1721	16721
1127	16127
1162	16162
5782	20782
7624	22624
1434	16434
6870	21870
5587	20587
3605	18605
9730	24730
6274	21274
4417	19417
1178	16178
9088	24088
3033	18033
5739	20739
1874	16874
7057	22057
3417	18417
6654	21654
246	15246
6088	21088
2029	17029
425	15425
5753	20753
7998	22998
5224	20224
1922	16922
6745	21745
10314	25314
8738	23738
4296	19296
2557	17557
3392	18392
5913	20913
224	15224
8883	23883
1372	16372
1054	16054
4564	19564
3952	18952
4755	19755
2873	17873
25	15025
7969	22969
6662	21662
392	15392
5890	20890
9907	24907
10467	25467
4210	19210
2825	17825
3345	18345
4579	19579
283	15283
8139	23139
9233	24233
534	15534
5223	20223
1477	16477
8532	23532
5768	20768
8963	23963
238	15238
729	15729
7224	22224
2586	17586
3198	18198
2951	17951
2491	17491
9097	24097
385	15385
3161	18161
7911	22911
1743	16743
709	15709
1231	16231
791	15791
5428	20428
5736	20736
5533	20533
117	15117
2786	17786
9847	24847
2950	17950
5604	20604
6559	21559
9917	24917
3999	18999
9949	24949
2569	17569
544	15544
5721	20721
2572	17572
2354	17354
7996	22996
1256	16256
2242	17242
9537	24537
10282	25282
1595	16595
5167	20167
8274	23274
8157	23157
2345	17345
382	15382
6636	21636
5103	20103
8341	23341
9616	24616
137	15137
993	15993
1535	16535
5358	20358
7175	22175
4200	19200
7406	22406
6269	21269
4660	19660
2698	17698
8682	23682
3548	18548
8820	23820
8032	23032
2288	17288
1793	16793
6148	21148
3447	18447
2024	17024
7423	22423
3820	18820
9241	24241
9691	24691
10182	25182
4141	19141
418	15418
1998	16998
8783	23783
8582	23582
6950	21950
3575	18575
3666	18666
5293	20293
9190	24190
4267	19267
8186	23186
4983	19983
7853	22853
9274	24274
4224	19224
6345	21345
9808	24808
4251	19251
3260	18260
968	15968
535	15535
5266	20266
2214	17214
8848	23848
9369	24369
8085	23085
8994	23994
2137	17137
3217	18217
4234	19234
94	15094
6536	21536
2081	17081
2467	17467
9270	24270
3050	18050
1138	16138
2960	17960
7317	22317
2197	17197
6780	21780
2059	17059
62	15062
4418	19418
3960	18960
9796	24796
3355	18355
4429	19429
6929	21929
929	15929
3781	18781
4911	19911
6600	21600
6351	21351
5957	20957
9568	24568
3223	18223
7266	22266
731	15731
5919	20919
4666	19666
5750	20750
1937	16937
4889	19889
2938	17938
1213	16213
2153	17153
5579	20579
7295	22295
4351	19351
10294	25294
9101	24101
6410	21410
2109	17109
3717	18717
10441	25441
3276	18276
7045	22045
8886	23886
3190	18190
1738	16738
6478	21478
3279	18279
7106	22106
7054	22054
5832	20832
7439	22439
8556	23556
1948	16948
461	15461
8104	23104
6190	21190
1814	16814
4525	19525
501	15501
6369	21369
6585	21585
2813	17813
3088	18088
9556	24556
3380	18380
5703	20703
6886	21886
2751	17751
2212	17212
4051	19051
4767	19767
4136	19136
6803	21803
1280	16280
6157	21157
2099	17099
4103	19103
1890	16890
570	15570
8681	23681
3867	18867
7499	22499
9534	24534
946	15946
4765	19765
10363	25363
7547	22547
2297	17297
7437	22437
7620	22620
10148	25148
4794	19794
8364	23364
9062	24062
3869	18869
6566	21566
1549	16549
3236	18236
4324	19324
4535	19535
9517	24517
2325	17325
4206	19206
277	15277
966	15966
8891	23891
10486	25486
749	15749
1062	16062
5934	20934
9221	24221
6453	21453
8835	23835
720	15720
6052	21052
875	15875
8460	23460
4640	19640
1196	16196
2848	17848
7925	22925
2277	17277
7294	22294
1219	16219
5170	20170
6631	21631
8458	23458
8512	23512
1821	16821
1112	16112
7095	22095
1160	16160
9159	24159
2195	17195
2833	17833
2416	17416
7377	22377
3565	18565
5926	20926
1716	16716
4679	19679
2142	17142
10474	25474
8803	23803
5178	20178
4836	19836
9439	24439
1430	16430
7871	22871
9056	24056
1037	16037
8435	23435
6516	21516
4139	19139
3720	18720
1042	16042
4490	19490
4352	19352
7129	22129
5947	20947
3048	18048
3401	18401
4670	19670
9708	24708
7291	22291
8216	23216
656	15656
7555	22555
1961	16961
1249	16249
4271	19271
7599	22599
3801	18801
4258	19258
343	15343
5419	20419
7786	22786
3847	18847
6205	21205
3007	18007
780	15780
5945	20945
778	15778
1810	16810
3262	18262
4151	19151
6356	21356
6938	21938
9330	24330
9762	24762
3911	18911
5120	20120
1450	16450
5787	20787
138	15138
6041	21041
5578	20578
8616	23616
3160	18160
9836	24836
1043	16043
815	15815
8058	23058
2058	17058
3289	18289
3273	18273
1704	16704
6172	21172
7913	22913
1955	16955
8939	23939
2834	17834
1194	16194
4977	19977
7419	22419
8661	23661
5250	20250
4598	19598
8506	23506
2451	17451
6159	21159
7563	22563
3058	18058
4330	19330
5738	20738
3812	18812
8162	23162
1395	16395
3900	18900
1085	16085
1262	16262
4726	19726
803	15803
10423	25423
229	15229
6077	21077
1271	16271
1368	16368
5134	20134
9136	24136
9862	24862
10308	25308
6069	21069
5489	20489
2005	17005
5197	20197
5176	20176
1161	16161
3990	18990
8437	23437
400	15400
46	15046
1950	16950
9928	24928
6521	21521
6469	21469
9488	24488
5810	20810
10418	25418
7734	22734
5361	20361
1891	16891
1270	16270
9985	24985
5327	20327
1614	16614
4729	19729
921	15921
2349	17349
9840	24840
6879	21879
4505	19505
3468	18468
7363	22363
8975	23975
631	15631
758	15758
7612	22612
4752	19752
5725	20725
1912	16912
4604	19604
4077	19077
4661	19661
4496	19496
7739	22739
2093	17093
2787	17787
1554	16554
4402	19402
4949	19949
3987	18987
8289	23289
517	15517
5734	20734
7696	22696
21	15021
3480	18480
4048	19048
289	15289
3768	18768
899	15899
6735	21735
8531	23531
4190	19190
5424	20424
7001	22001
320	15320
941	15941
4808	19808
4982	19982
8167	23167
1643	16643
8758	23758
9327	24327
7481	22481
4753	19753
6582	21582
4191	19191
9204	24204
1328	16328
1903	16903
5455	20455
3466	18466
5258	20258
8904	23904
1123	16123
1075	16075
4578	19578
9003	24003
7690	22690
5093	20093
3463	18463
5864	20864
8076	23076
6814	21814
722	15722
6996	21996
5661	20661
1777	16777
39	15039
6276	21276
7474	22474
10499	25499
9277	24277
8165	23165
2746	17746
486	15486
6316	21316
9672	24672
5454	20454
5443	20443
6501	21501
9745	24745
5955	20955
5715	20715
2487	17487
1826	16826
6728	21728
2123	17123
8524	23524
1508	16508
2861	17861
8358	23358
5515	20515
8858	23858
2082	17082
1864	16864
2323	17323
3618	18618
2183	17183
671	15671
4169	19169
3425	18425
6048	21048
8128	23128
6565	21565
6	15006
4517	19517
6876	21876
988	15988
4325	19325
9602	24602
3073	18073
3268	18268
7819	22819
4760	19760
7232	22232
8660	23660
6305	21305
9422	24422
6327	21327
7044	22044
5486	20486
7216	22216
1851	16851
2002	17002
1512	16512
3446	18446
3569	18569
3280	18280
3448	18448
9012	24012
8304	23304
2034	17034
6606	21606
4017	19017
5133	20133
5436	20436
5694	20694
2648	17648
10472	25472
6990	21990
6389	21389
10445	25445
5151	20151
4925	19925
565	15565
8109	23109
6037	21037
405	15405
686	15686
1530	16530
4526	19526
2309	17309
1016	16016
5848	20848
869	15869
745	15745
1933	16933
8694	23694
3124	18124
6605	21605
1392	16392
1779	16779
8948	23948
2561	17561
1421	16421
8129	23129
4132	19132
3864	18864
8133	23133
4635	19635
8147	23147
6443	21443
8405	23405
7270	22270
4554	19554
8105	23105
7430	22430
9656	24656
2877	17877
6111	21111
5353	20353
5903	20903
7368	22368
9446	24446
7848	22848
3462	18462
3409	18409
2539	17539
1524	16524
4478	19478
4741	19741
9027	24027
9572	24572
8438	23438
4600	19600
2188	17188
8189	23189
6773	21773
8385	23385
2806	17806
1622	16622
4953	19953
5709	20709
4592	19592
1349	16349
3064	18064
1081	16081
1167	16167
1325	16325
1823	16823
6716	21716
1435	16435
1384	16384
2733	17733
693	15693
9431	24431
110	15110
9163	24163
7568	22568
1039	16039
2758	17758
7163	22163
3298	18298
5054	20054
2910	17910
3102	18102
391	15391
209	15209
1035	16035
9889	24889
8993	23993
305	15305
6954	21954
9709	24709
5689	20689
10434	25434
7985	22985
9111	24111
7797	22797
5113	20113
10234	25234
2189	17189
251	15251
9720	24720
9389	24389
7051	22051
10153	25153
4855	19855
5855	20855
9697	24697
5305	20305
5622	20622
948	15948
8678	23678
10267	25267
9263	24263
3378	18378
3309	18309
1619	16619
5050	20050
8194	23194
1517	16517
3394	18394
7869	22869
8509	23509
1846	16846
8674	23674
9698	24698
2875	17875
4364	19364
1187	16187
5082	20082
8073	23073
4595	19595
776	15776
2380	17380
6649	21649
8187	23187
9968	24968
8597	23597
8182	23182
9306	24306
9156	24156
6672	21672
8218	23218
5143	20143
10049	25049
8503	23503
9212	24212
9437	24437
617	15617
7273	22273
9550	24550
6003	21003
9505	24505
10185	25185
3917	18917
4438	19438
2350	17350
4803	19803
10123	25123
862	15862
10300	25300
6254	21254
7071	22071
4350	19350
2777	17777
3792	18792
4115	19115
4913	19913
4221	19221
8895	23895
268	15268
6062	21062
9	15009
1561	16561
829	15829
9956	24956
10439	25439
2583	17583
5414	20414
583	15583
1506	16506
6143	21143
9251	24251
4703	19703
5914	20914
9034	24034
8969	23969
2598	17598
561	15561
1885	16885
6390	21390
363	15363
6931	21931
9688	24688
3146	18146
5214	20214
2402	17402
333	15333
6118	21118
9329	24329
2887	17887
2187	17187
4842	19842
6131	21131
4019	19019
9147	24147
8793	23793
3208	18208
1702	16702
9349	24349
4392	19392
5272	20272
3695	18695
973	15973
2772	17772
2202	17202
9746	24746
8541	23541
4146	19146
148	15148
3924	18924
2663	17663
3873	18873
10251	25251
6025	21025
10469	25469
453	15453
5303	20303
7740	22740
41	15041
3855	18855
8936	23936
590	15590
10198	25198
3910	18910
2609	17609
1967	16967
8408	23408
10214	25214
2020	17020
5024	20024
10042	25042
1914	16914
3968	18968
3512	18512
1365	16365
1369	16369
9257	24257
9153	24153
3692	18692
9148	24148
10350	25350
2801	17801
4561	19561
3052	18052
10392	25392
4229	19229
5385	20385
8622	23622
6223	21223
7065	22065
9971	24971
7391	22391
3624	18624
10405	25405
1809	16809
10470	25470
2092	17092
8410	23410
1451	16451
7092	22092
1959	16959
10491	25491
3643	18643
8366	23366
7335	22335
8814	23814
441	15441
5185	20185
8608	23608
10165	25165
7300	22300
8005	23005
4176	19176
4287	19287
7408	22408
6192	21192
9770	24770
8195	23195
6614	21614
7602	22602
3453	18453
8306	23306
2521	17521
3110	18110
4257	19257
1897	16897
6899	21899
10316	25316
4865	19865
8425	23425
8719	23719
1906	16906
7013	22013
6934	21934
3586	18586
9366	24366
10371	25371
4416	19416
4030	19030
3432	18432
3338	18338
925	15925
1291	16291
5897	20897
7369	22369
124	15124
4135	19135
1084	16084
3140	18140
533	15533
1077	16077
9984	24984
2926	17926
6664	21664
3264	18264
3908	18908
6838	21838
3790	18790
5522	20522
7401	22401
9184	24184
3644	18644
1868	16868
7242	22242
1241	16241
2928	17928
3640	18640
7824	22824
8053	23053
7504	22504
2250	17250
6680	21680
5589	20589
10101	25101
9858	24858
8704	23704
3651	18651
8319	23319
9255	24255
360	15360
10186	25186
9223	24223
8687	23687
2683	17683
3949	18949
9459	24459
8547	23547
4750	19750
7937	22937
367	15367
3157	18157
9100	24100
6438	21438
7302	22302
1098	16098
6275	21275
10002	25002
5516	20516
1380	16380
5317	20317
5842	20842
1541	16541
5602	20602
429	15429
8329	23329
2073	17073
7956	22956
6673	21673
7320	22320
5691	20691
6777	21777
6752	21752
8191	23191
8298	23298
415	15415
236	15236
1830	16830
2615	17615
8242	23242
7523	22523
476	15476
1602	16602
4311	19311
6057	21057
2158	17158
527	15527
8455	23455
3272	18272
7075	22075
2344	17344
10082	25082
6839	21839
3361	18361
6909	21909
7451	22451
8911	23911
8711	23711
8241	23241
5006	20006
3415	18415
5069	20069
10397	25397
2795	17795
8374	23374
3882	18882
8198	23198
7807	22807
2021	17021
5420	20420
6374	21374
5350	20350
2881	17881
7108	22108
421	15421
4228	19228
1319	16319
1041	16041
9185	24185
7829	22829
5320	20320
807	15807
9160	24160
4543	19543
6836	21836
1905	16905
10218	25218
757	15757
6786	21786
6388	21388
4869	19869
3091	18091
213	15213
5112	20112
6502	21502
8320	23320
89	15089
7298	22298
463	15463
7545	22545
6797	21797
5825	20825
7087	22087
3482	18482
10065	25065
3248	18248
1120	16120
5359	20359
4658	19658
2341	17341
6098	21098
2117	17117
4971	19971
7385	22385
3868	18868
699	15699
2838	17838
8036	23036
10355	25355
2755	17755
6846	21846
5477	20477
5669	20669
6523	21523
4192	19192
10419	25419
6537	21537
2125	17125
6043	21043
1671	16671
7493	22493
298	15298
9076	24076
1203	16203
824	15824
6722	21722
8180	23180
1067	16067
6434	21434
1121	16121
3805	18805
287	15287
6897	21897
9884	24884
10067	25067
1654	16654
4738	19738
1724	16724
4789	19789
6139	21139
4230	19230
3675	18675
3825	18825
4034	19034
4796	19796
5365	20365
3881	18881
6117	21117
6082	21082
7954	22954
2482	17482
6928	21928
6510	21510
7613	22613
10334	25334
9662	24662
5336	20336
3458	18458
7033	22033
5274	20274
1359	16359
9761	24761
1480	16480
7945	22945
6718	21718
8243	23243
8299	23299
9297	24297
147	15147
7837	22837
2722	17722
406	15406
5952	20952
2516	17516
5778	20778
9988	24988
4829	19829
7151	22151
2550	17550
7212	22212
1338	16338
3776	18776
8922	23922
207	15207
5442	20442
6150	21150
6882	21882
2259	17259
5128	20128
6596	21596
10072	25072
1584	16584
7702	22702
9432	24432
7103	22103
5490	20490
10240	25240
9966	24966
6891	21891
2149	17149
2174	17174
4393	19393
1999	16999
507	15507
5763	20763
538	15538
2389	17389
6986	21986
4394	19394
4466	19466
4066	19066
10440	25440
4117	19117
6123	21123
6009	21009
43	15043
7305	22305
2256	17256
9222	24222
119	15119
2103	17103
7316	22316
8072	23072
9924	24924
6430	21430
8317	23317
3167	18167
4879	19879
7560	22560
1135	16135
6047	21047
7655	22655
5887	20887
10143	25143
6095	21095
4655	19655
8097	23097
7902	22902
3384	18384
6216	21216
8765	23765
3270	18270
3552	18552
9536	24536
10377	25377
3483	18483
7260	22260
2459	17459
4854	19854
8671	23671
1871	16871
4580	19580
4061	19061
8536	23536
3824	18824
436	15436
10498	25498
7657	22657
3188	18188
3347	18347
4736	19736
4343	19343
327	15327
1765	16765
1982	16982
3026	18026
2629	17629
5244	20244
3590	18590
3529	18529
7618	22618
3042	18042
9401	24401
7759	22759
8446	23446
6136	21136
7809	22809
10364	25364
4344	19344
6399	21399
9669	24669
4105	19105
1536	16536
3232	18232
6817	21817
10117	25117
5785	20785
7067	22067
9578	24578
2324	17324
4801	19801
4065	19065
9249	24249
10374	25374
6960	21960
4492	19492
5683	20683
831	15831
8545	23545
1750	16750
9943	24943
5760	20760
4172	19172
2419	17419
790	15790
3316	18316
620	15620
3412	18412
1556	16556
3185	18185
7453	22453
5520	20520
6878	21878
9938	24938
5215	20215
1124	16124
8577	23577
4370	19370
8052	23052
5180	20180
7009	22009
4589	19589
5835	20835
5875	20875
7506	22506
3743	18743
5949	20949
5325	20325
3583	18583
6064	21064
10112	25112
9095	24095
6447	21447
3637	18637
5834	20834
4995	19995
6071	21071
6991	21991
3745	18745
7742	22742
3921	18921
7158	22158
170	15170
748	15748
7414	22414
5744	20744
8621	23621
8892	23892
7070	22070
10381	25381
9480	24480
5684	20684
10035	25035
9039	24039
7621	22621
514	15514
4156	19156
195	15195
6688	21688
8728	23728
4567	19567
1929	16929
4452	19452
9449	24449
2977	17977
2366	17366
433	15433
1351	16351
2232	17232
5767	20767
8827	23827
7817	22817
432	15432
6708	21708
8535	23535
4440	19440
8349	23349
5318	20318
3056	18056
8028	23028
4367	19367
1684	16684
2394	17394
2291	17291
10054	25054
9593	24593
8534	23534
928	15928
6259	21259
6733	21733
10222	25222
1145	16145
10005	25005
6486	21486
10070	25070
9006	24006
4988	19988
8603	23603
1640	16640
744	15744
8094	23094
7418	22418
4571	19571
1021	16021
3101	18101
3334	18334
9228	24228
9351	24351
7539	22539
5688	20688
4667	19667
2849	17849
5201	20201
4291	19291
7469	22469
7551	22551
6982	21982
6158	21158
2108	17108
4881	19881
5654	20654
3275	18275
8647	23647
1917	16917
1339	16339
2952	17952
1164	16164
9850	24850
7511	22511
4219	19219
5756	20756
4748	19748
8439	23439
3343	18343
3694	18694
5433	20433
6261	21261
2991	17991
309	15309
654	15654
3861	18861
2326	17326
10332	25332
5608	20608
449	15449
4577	19577
1719	16719
6421	21421
2769	17769
2237	17237
6464	21464
8414	23414
8918	23918
2911	17911
4403	19403
8225	23225
3037	18037
9295	24295
6320	21320
6920	21920
7445	22445
10481	25481
7942	22942
4408	19408
775	15775
10147	25147
5577	20577
777	15777
2247	17247
6547	21547
4055	19055
32	15032
6324	21324
10221	25221
5382	20382
884	15884
7541	22541
1972	16972
10385	25385
3878	18878
4385	19385
455	15455
568	15568
6230	21230
7769	22769
2601	17601
10492	25492
4237	19237
9145	24145
6713	21713
4477	19477
5029	20029
10256	25256
4508	19508
4540	19540
855	15855
3296	18296
4935	19935
1093	16093
294	15294
5043	20043
8962	23962
6619	21619
140	15140
3723	18723
5234	20234
5371	20371
8951	23951
5642	20642
7074	22074
6234	21234
8234	23234
9952	24952
5777	20777
9031	24031
6113	21113
9653	24653
688	15688
577	15577
10478	25478
6103	21103
2155	17155
1314	16314
8077	23077
5068	20068
3989	18989
9975	24975
10260	25260
3389	18389
7177	22177
7636	22636
6901	21901
9445	24445
5673	20673
2570	17570
7666	22666
2454	17454
874	15874
1168	16168
216	15216
6871	21871
7974	22974
10173	25173
3576	18576
9932	24932
4041	19041
6480	21480
6653	21653
9408	24408
810	15810
9519	24519
5685	20685
6329	21329
4335	19335
1855	16855
9258	24258
6880	21880
2076	17076
7112	22112
7867	22867
1034	16034
8368	23368
9438	24438
8069	23069
1715	16715
9000	24000
10032	25032
252	15252
5049	20049
4329	19329
1729	16729
1894	16894
7000	22000
8288	23288
3304	18304
9997	24997
4133	19133
3634	18634
7154	22154
8646	23646
1638	16638
9646	24646
1502	16502
7931	22931
9271	24271
788	15788
6941	21941
2640	17640
3393	18393
9158	24158
642	15642
169	15169
9557	24557
6586	21586
9037	24037
9841	24841
6962	21962
3371	18371
2625	17625
8860	23860
9704	24704
9427	24427
7360	22360
8412	23412
10125	25125
1727	16727
1108	16108
10341	25341
444	15444
8587	23587
394	15394
4816	19816
9237	24237
2579	17579
9371	24371
6492	21492
4818	19818
5333	20333
8343	23343
3381	18381
4317	19317
2314	17314
10249	25249
7006	22006
1941	16941
3295	18295
4373	19373
958	15958
7235	22235
7874	22874
2087	17087
9969	24969
1240	16240
10354	25354
1562	16562
4653	19653
8933	23933
10432	25432
9630	24630
4722	19722
7352	22352
4443	19443
8440	23440
5203	20203
4725	19725
9055	24055
8877	23877
2774	17774
6943	21943
702	15702
6333	21333
8272	23272
9783	24783
4705	19705
3509	18509
2078	17078
3970	18970
606	15606
6511	21511
5277	20277
6304	21304
9641	24641
6843	21843
430	15430
3194	18194
3431	18431
7473	22473
5017	20017
7447	22447
10087	25087
4162	19162
7152	22152
7684	22684
346	15346
492	15492
3584	18584
166	15166
10031	25031
4441	19441
3257	18257
2534	17534
4268	19268
5154	20154
324	15324
2420	17420
7811	22811
2263	17263
9895	24895
9157	24157
1493	16493
1053	16053
2489	17489
9727	24727
2931	17931
4363	19363
7751	22751
2568	17568
4391	19391
6816	21816
4884	19884
684	15684
133	15133
3835	18835
7721	22721
5194	20194
2447	17447
7259	22259
3774	18774
4448	19448
8842	23842
2425	17425
5651	20651
4356	19356
5512	20512
5237	20237
9025	24025
4101	19101
2675	17675
621	15621
8666	23666
4735	19735
5032	20032
8416	23416
6226	21226
10066	25066
2913	17913
8843	23843
8270	23270
9682	24682
8406	23406
3313	18313
6694	21694
1132	16132
4372	19372
7119	22119
347	15347
3414	18414
6228	21228
8163	23163
8676	23676
2584	17584
1479	16479
7951	22951
3664	18664
7827	22827
7682	22682
9965	24965
8817	23817
4821	19821
2436	17436
5331	20331
6637	21637
1321	16321
9283	24283
2771	17771
9020	24020
9848	24848
2726	17726
6772	21772
1900	16900
8467	23467
9226	24226
95	15095
4502	19502
3789	18789
6353	21353
1847	16847
326	15326
2552	17552
4489	19489
8185	23185
579	15579
10258	25258
9071	24071
6748	21748
10428	25428
3138	18138
483	15483
5546	20546
6542	21542
8004	23004
10421	25421
9199	24199
9290	24290
3940	18940
4991	19991
7356	22356
9564	24564
9406	24406
3759	18759
313	15313
1382	16382
1429	16429
14	15014
6506	21506
4286	19286
308	15308
8476	23476
9028	24028
4757	19757
3043	18043
8149	23149
6531	21531
4832	19832
7023	22023
106	15106
44	15044
1844	16844
6699	21699
4549	19549
3209	18209
8009	23009
8235	23235
2667	17667
5690	20690
1476	16476
5064	20064
2359	17359
9693	24693
7262	22262
7770	22770
6834	21834
9053	24053
7715	22715
6936	21936
2612	17612
3702	18702
8493	23493
6795	21795
6394	21394
10406	25406
281	15281
6091	21091
5182	20182
8664	23664
8093	23093
6300	21300
7884	22884
8596	23596
7709	22709
199	15199
3907	18907
9903	24903
4000	19000
2441	17441
6955	21955
2623	17623
2476	17476
866	15866
9800	24800
8617	23617
1099	16099
1207	16207
9110	24110
8732	23732
9885	24885
9792	24792
5021	20021
3181	18181
7752	22752
9085	24085
9162	24162
8729	23729
1104	16104
6919	21919
1761	16761
2116	17116
2955	17955
8942	23942
7875	22875
8864	23864
500	15500
1009	16009
6660	21660
6704	21704
10324	25324
5729	20729
6299	21299
608	15608
754	15754
7197	22197
4377	19377
6168	21168
1944	16944
6268	21268
1669	16669
9356	24356
5003	20003
8354	23354
9677	24677
7567	22567
107	15107
9607	24607
3143	18143
887	15887
67	15067
5074	20074
2064	17064
6253	21253
528	15528
4671	19671
5951	20951
2577	17577
1490	16490
4202	19202
4482	19482
5657	20657
4776	19776
1255	16255
1236	16236
1424	16424
2940	17940
735	15735
2415	17415
994	15994
1281	16281
511	15511
420	15420
3629	18629
3066	18066
3317	18317
6787	21787
7706	22706
4021	19021
5960	20960
4810	19810
29	15029
9787	24787
7589	22589
3658	18658
9763	24763
8229	23229
24	15024
2694	17694
7883	22883
2707	17707
3436	18436
5053	20053
7236	22236
5998	20998
7324	22324
954	15954
10183	25183
3954	18954
269	15269
6440	21440
5663	20663
2239	17239
9702	24702
759	15759
813	15813
10158	25158
1680	16680
4451	19451
4790	19790
4436	19436
10426	25426
2862	17862
4625	19625
10238	25238
8957	23957
5413	20413
10078	25078
7793	22793
6350	21350
6075	21075
5171	20171
3785	18785
3641	18641
6165	21165
1394	16394
7068	22068
9676	24676
1242	16242
7744	22744
174	15174
9014	24014
4023	19023
8315	23315
8838	23838
10255	25255
5479	20479
7785	22785
182	15182
6622	21622
10328	25328
2882	17882
10259	25259
3003	18003
681	15681
10216	25216
3306	18306
9891	24891
6535	21535
942	15942
496	15496
8111	23111
7975	22975
6754	21754
8523	23523
6214	21214
4249	19249
9103	24103
255	15255
2338	17338
1402	16402
6101	21101
4700	19700
1483	16483
4537	19537
6898	21898
7084	22084
6576	21576
4795	19795
7072	22072
9070	24070
480	15480
5100	20100
9436	24436
4456	19456
4775	19775
8257	23257
10092	25092
9238	24238
6314	21314
1114	16114
9779	24779
3621	18621
5986	20986
4399	19399
7713	22713
983	15983
6376	21376
1017	16017
1573	16573
2685	17685
9927	24927
185	15185
9948	24948
4868	19868
3863	18863
5500	20500
7228	22228
3455	18455
569	15569
1882	16882
4426	19426
3527	18527
9417	24417
4398	19398
4709	19709
1723	16723
1387	16387
6935	21935
6976	21976
462	15462
4281	19281
8484	23484
4974	19974
2782	17782
8045	23045
4688	19688
4657	19657
407	15407
10453	25453
944	15944
5393	20393
9626	24626
1706	16706
7587	22587
5948	20948
1155	16155
9934	24934
10431	25431
2807	17807
8845	23845
9873	24873
5445	20445
9508	24508
10414	25414
2519	17519
4539	19539
3156	18156
9825	24825
5387	20387
6738	21738
1220	16220
290	15290
1381	16381
5770	20770
1441	16441
1741	16741
9900	24900
2870	17870
6249	21249
1154	16154
5648	20648
317	15317
882	15882
2411	17411
8204	23204
1935	16935
6822	21822
9284	24284
3503	18503
5565	20565
5265	20265
5376	20376
5582	20582
7812	22812
2055	17055
6183	21183
2046	17046
3854	18854
3243	18243
3632	18632
2879	17879
3038	18038
4552	19552
5243	20243
4174	19174
1888	16888
2842	17842
6141	21141
312	15312
7880	22880
5555	20555
457	15457
6726	21726
1307	16307
2471	17471
4131	19131
4186	19186
10120	25120
225	15225
1086	16086
3947	18947
2405	17405
7220	22220
7779	22779
2908	17908
4300	19300
4834	19834
7060	22060
6196	21196
2283	17283
6915	21915
9577	24577
8071	23071
5058	20058
2585	17585
193	15193
7552	22552
8798	23798
10468	25468
1915	16915
9699	24699
2670	17670
9030	24030
7330	22330
10162	25162
7086	22086
1591	16591
2699	17699
5932	20932
4786	19786
3843	18843
9960	24960
5191	20191
2976	17976
4788	19788
7815	22815
1795	16795
9912	24912
8855	23855
10136	25136
9755	24755
5	15005
4533	19533
4137	19137
6504	21504
9313	24313
7243	22243
3547	18547
2644	17644
4766	19766
560	15560
1472	16472
7760	22760
7961	22961
9514	24514
8400	23400
7914	22914
953	15953
4371	19371
2335	17335
5837	20837
5179	20179
4427	19427
7903	22903
6383	21383
9068	24068
1371	16371
2822	17822
4338	19338
7311	22311
6115	21115
8790	23790
7250	22250
4244	19244
5554	20554
2351	17351
31	15031
3808	18808
4297	19297
9109	24109
8643	23643
8146	23146
5588	20588
10369	25369
2752	17752
4004	19004
1320	16320
8173	23173
8998	23998
4728	19728
6792	21792
76	15076
4582	19582
9921	24921
2026	17026
4746	19746
9137	24137
1251	16251
9811	24811
4973	19973
9496	24496
2409	17409
4182	19182
3002	18002
2048	17048
2477	17477
2397	17397
7787	22787
9851	24851
6533	21533
8650	23650
7596	22596
9715	24715
1946	16946
5805	20805
9359	24359
5827	20827
6758	21758
3615	18615
3341	18341
6592	21592
8927	23927
641	15641
4585	19585
2485	17485
5915	20915
7314	22314
6094	21094
7644	22644
2138	17138
2490	17490
4223	19223
10402	25402
7912	22912
2068	17068
7046	22046
6001	21001
2194	17194
4185	19185
6061	21061
3653	18653
2418	17418
9250	24250
2961	17961
1804	16804
5457	20457
811	15811
3521	18521
8006	23006
9060	24060
4157	19157
9700	24700
2888	17888
6049	21049
7711	22711
9442	24442
10018	25018
6428	21428
3119	18119
1109	16109
5177	20177
6060	21060
234	15234
4919	19919
5776	20776
7413	22413
4328	19328
4044	19044
8281	23281
9485	24485
7366	22366
10497	25497
7118	22118
7932	22932
2709	17709
5484	20484
459	15459
8755	23755
7844	22844
4039	19039
5525	20525
5337	20337
9680	24680
8667	23667
4936	19936
7181	22181
10008	25008
8206	23206
4662	19662
6923	21923
9810	24810
7972	22972
4419	19419
4008	19008
221	15221
3000	18000
8868	23868
2720	17720
7881	22881
1496	16496
1850	16850
5431	20431
8691	23691
2508	17508
10375	25375
1817	16817
6930	21930
105	15105
2749	17749
4990	19990
2042	17042
3677	18677
2999	17999
1635	16635
10038	25038
5200	20200
984	15984
1150	16150
4189	19189
3513	18513
7427	22427
8884	23884
5933	20933
3744	18744
2969	17969
9542	24542
2607	17607
4695	19695
9320	24320
4507	19507
2075	17075
10313	25313
8819	23819
8255	23255
368	15368
1032	16032
37	15037
4650	19650
3956	18956
10263	25263
7022	22022
77	15077
1498	16498
9509	24509
4095	19095
5104	20104
5899	20899
1412	16412
9976	24976
9995	24995
4290	19290
524	15524
2088	17088
3438	18438
5888	20888
3097	18097
4002	19002
3367	18367
3216	18216
3251	18251
4378	19378
4390	19390
6641	21641
3788	18788
8935	23935
4676	19676
7671	22671
8463	23463
2243	17243
8502	23502
5902	20902
9352	24352
4159	19159
6543	21543
8409	23409
6076	21076
4177	19177
7125	22125
6983	21983
2996	17996
9469	24469
9512	24512
10343	25343
3469	18469
2626	17626
9377	24377
5360	20360
8254	23254
5728	20728
981	15981
7223	22223
2468	17468
8137	23137
2964	17964
2533	17533
4026	19026
6811	21811
5667	20667
7115	22115
7693	22693
3551	18551
8276	23276
1051	16051
8199	23199
494	15494
6651	21651
342	15342
3363	18363
4530	19530
10388	25388
7939	22939
6341	21341
8776	23776
9016	24016
3300	18300
8917	23917
8332	23332
3255	18255
7888	22888
10476	25476
4158	19158
4798	19798
9649	24649
488	15488
2839	17839
2704	17704
8470	23470
3601	18601
12	15012
9650	24650
5830	20830
10360	25360
719	15719
489	15489
8530	23530
1074	16074
7471	22471
2933	17933
5231	20231
5225	20225
8686	23686
9107	24107
4116	19116
5257	20257
3376	18376
6747	21747
1296	16296
926	15926
1331	16331
4488	19488
2362	17362
7282	22282
8481	23481
3927	18927
9168	24168
6338	21338
5144	20144
3510	18510
8127	23127
1117	16117
2666	17666
793	15793
3896	18896
3929	18929
8916	23916
1695	16695
6301	21301
8824	23824
5001	20001
1764	16764
6691	21691
2165	17165
1513	16513
9173	24173
8279	23279
692	15692
10477	25477
2039	17039
10102	25102
7327	22327
9492	24492
4942	19942
4013	19013
7930	22930
7429	22429
3413	18413
9665	24665
3277	18277
7908	22908
4461	19461
2860	17860
1449	16449
8326	23326
5780	20780
5547	20547
2235	17235
1057	16057
6280	21280
9301	24301
712	15712
6496	21496
1272	16272
8805	23805
5713	20713
7231	22231
3516	18516
2891	17891
7531	22531
3922	18922
3252	18252
7847	22847
573	15573
1994	16994
3501	18501
4778	19778
4449	19449
3807	18807
5269	20269
9041	24041
10159	25159
2869	17869
8513	23513
2391	17391
6135	21135
9868	24868
9639	24639
9470	24470
4312	19312
2101	17101
8432	23432
2148	17148
8874	23874
1964	16964
3297	18297
1936	16936
8907	23907
5695	20695
288	15288
5619	20619
2686	17686
5312	20312
8958	23958
10212	25212
7173	22173
3828	18828
4053	19053
6575	21575
951	15951
10250	25250
6152	21152
10277	25277
3592	18592
7694	22694
8033	23033
626	15626
10135	25135
5965	20965
10338	25338
6883	21883
9365	24365
3684	18684
600	15600
5204	20204
1824	16824
9382	24382
3757	18757
6109	21109
8771	23771
8540	23540
9210	24210
3750	18750
10060	25060
3057	18057
10400	25400
8209	23209
3059	18059
4882	19882
5309	20309
5972	20972
9718	24718
8555	23555
7392	22392
8760	23760
3027	18027
5549	20549
2956	17956
4302	19302
6222	21222
3096	18096
5670	20670
7755	22755
9047	24047
1539	16539
4423	19423
6398	21398
2974	17974
2444	17444
8284	23284
5298	20298
7374	22374
2560	17560
2613	17613
3955	18955
8310	23310
1965	16965
9613	24613
1397	16397
6972	21972
3976	18976
6578	21578
7010	22010
10466	25466
211	15211
5843	20843
1290	16290
1204	16204
1425	16425
6520	21520
3696	18696
6029	21029
1589	16589
7116	22116
192	15192
6702	21702
843	15843
6182	21182
5600	20600
1190	16190
5469	20469
4349	19349
8126	23126
8442	23442
662	15662
5232	20232
4904	19904
9830	24830
1717	16717
336	15336
2112	17112
2342	17342
9498	24498
3136	18136
212	15212
3328	18328
2671	17671
4845	19845
7202	22202
10285	25285
1792	16792
9742	24742
2995	17995
6850	21850
7598	22598
10408	25408
1867	16867
6380	21380
4453	19453
4929	19929
9954	24954
7526	22526
2633	17633
3779	18779
5240	20240
5783	20783
6330	21330
9414	24414
495	15495
5349	20349
9846	24846
9419	24419
6953	21953
9822	24822
3127	18127
8021	23021
9451	24451
6083	21083
54	15054
4038	19038
5793	20793
9660	24660
6998	21998
4310	19310
3386	18386
3339	18339
9220	24220
331	15331
4208	19208
7313	22313
7315	22315
9675	24675
7920	22920
8571	23571
7185	22185
550	15550
1459	16459
3049	18049
4711	19711
10205	25205
8098	23098
7248	22248
1552	16552
1642	16642
4104	19104
2551	17551
1100	16100
848	15848
9033	24033
9198	24198
10061	25061
2661	17661
8741	23741
10232	25232
7521	22521
2067	17067
10280	25280
3520	18520
1212	16212
2967	17967
4978	19978
9193	24193
1448	16448
7322	22322
9925	24925
3730	18730
8421	23421
2676	17676
7529	22529
1667	16667
4150	19150
6126	21126
9129	24129
3212	18212
3875	18875
5055	20055
9475	24475
1567	16567
711	15711
7312	22312
248	15248
9333	24333
6473	21473
2788	17788
3606	18606
8731	23731
2659	17659
2943	17943
5159	20159
8940	23940
765	15765
4250	19250
9532	24532
5072	20072
10395	25395
9652	24652
6628	21628
5809	20809
357	15357
2703	17703
3478	18478
3876	18876
7579	22579
6580	21580
1173	16173
2935	17935
5284	20284
2466	17466
3844	18844
4298	19298
9904	24904
3787	18787
1842	16842
1024	16024
9248	24248
9696	24696
8810	23810
9380	24380
1209	16209
9839	24839
7134	22134
5345	20345
7676	22676
7893	22893
1023	16023
3205	18205
1652	16652
8649	23649
9513	24513
10191	25191
6322	21322
10106	25106
10056	25056
146	15146
3267	18267
8386	23386
10337	25337
1474	16474
4830	19830
1943	16943
5746	20746
1403	16403
8430	23430
8713	23713
8324	23324
6073	21073
8115	23115
3214	18214
1030	16030
8980	23980
3001	18001
9112	24112
1126	16126
7515	22515
1497	16497
2134	17134
7286	22286
3628	18628
5891	20891
4059	19059
3159	18159
5314	20314
2300	17300
4817	19817
9604	24604
6213	21213
5820	20820
7577	22577
5724	20724
9399	24399
4155	19155
2514	17514
10427	25427
8278	23278
9042	24042
8828	23828
3626	18626
6373	21373
2819	17819
10211	25211
8066	23066
5804	20804
2246	17246
4087	19087
2859	17859
4681	19681
7187	22187
10015	25015
1152	16152
7833	22833
7816	22816
1960	16960
3957	18957
6851	21851
901	15901
7990	22990
1997	16997
1228	16228
9658	24658
8296	23296
8816	23816
7725	22725
7227	22227
1191	16191
1979	16979
1261	16261
8777	23777
9038	24038
5041	20041
2780	17780
4214	19214
8559	23559
10331	25331
9494	24494
160	15160
4445	19445
4166	19166
4463	19463
5319	20319
103	15103
7168	22168
8529	23529
10261	25261
2479	17479
10290	25290
1282	16282
5633	20633
6896	21896
49	15049
3724	18724
3100	18100
5819	20819
18	15018
5836	20836
881	15881
8176	23176
632	15632
2856	17856
7784	22784
7162	22162
9694	24694
10437	25437
2929	17929
676	15676
6874	21874
7828	22828
1260	16260
5647	20647
250	15250
9731	24731
1834	16834
10266	25266
8563	23563
7479	22479
7517	22517
3656	18656
8772	23772
8108	23108
7950	22950
5018	20018
8633	23633
7279	22279
1625	16625
9307	24307
6181	21181
782	15782
9130	24130
4252	19252
8965	23965
1709	16709
3263	18263
6597	21597
6623	21623
9637	24637
3218	18218
7268	22268
5868	20868
9029	24029
9844	24844
2759	17759
5845	20845
8871	23871
3429	18429
8404	23404
4898	19898
7036	22036
2662	17662
2727	17727
3573	18573
7076	22076
3219	18219
9123	24123
682	15682
7782	22782
9096	24096
3553	18553
5940	20940
9444	24444
4716	19716
4513	19513
7271	22271
9654	24654
450	15450
2841	17841
8090	23090
8584	23584
2383	17383
3433	18433
5183	20183
9235	24235
6656	21656
8516	23516
7640	22640
9316	24316
8811	23811
10021	25021
8692	23692
6470	21470
8228	23228
6371	21371
5396	20396
3191	18191
6828	21828
8952	23952
6727	21727
8447	23447
7467	22467
1367	16367
7459	22459
8016	23016
2673	17673
2520	17520
7186	22186
9188	24188
1801	16801
8017	23017
7927	22927
891	15891
8984	23984
6770	21770
10444	25444
9242	24242
8718	23718
7384	22384
1628	16628
10281	25281
2168	17168
3845	18845
7971	22971
893	15893
5923	20923
5626	20626
1683	16683
969	15969
9703	24703
9528	24528
4511	19511
9132	24132
5004	20004
2531	17531
7519	22519
7478	22478
645	15645
2299	17299
3327	18327
5941	20941
8869	23869
609	15609
291	15291
9089	24089
9592	24592
2723	17723
7802	22802
10053	25053
484	15484
2540	17540
2236	17236
4327	19327
7488	22488
1345	16345
6493	21493
6156	21156
2619	17619
2233	17233
1819	16819
5062	20062
9460	24460
4434	19434
8207	23207
2945	17945
4047	19047
2205	17205
1624	16624
7475	22475
2147	17147
6932	21932
3284	18284
487	15487
7171	22171
4374	19374
3337	18337
7891	22891
380	15380
1788	16788
4031	19031
2114	17114
9463	24463
7616	22616
7527	22527
1791	16791
6875	21875
9540	24540
3872	18872
6517	21517
4934	19934
8702	23702
7064	22064
6266	21266
8070	23070
3840	18840
5161	20161
3737	18737
9409	24409
894	15894
914	15914
3086	18086
10048	25048
1651	16651
5607	20607
7576	22576
5928	20928
2532	17532
2563	17563
584	15584
8322	23322
9328	24328
4397	19397
9287	24287
8428	23428
2445	17445
830	15830
6951	21951
10128	25128
2939	17939
4764	19764
1337	16337
4454	19454
9104	24104
374	15374
9684	24684
1515	16515
10292	25292
6233	21233
627	15627
3103	18103
2775	17775
1080	16080
9453	24453
437	15437
10452	25452
5987	20987
5340	20340
10483	25483
6467	21467
821	15821
8873	23873
1545	16545
490	15490
2357	17357
10407	25407
2486	17486
9116	24116
6750	21750
7685	22685
3474	18474
6256	21256
1031	16031
3357	18357
556	15556
8247	23247
9717	24717
6227	21227
4981	19981
10410	25410
6456	21456
2779	17779
6740	21740
1978	16978
7003	22003
5762	20762
10200	25200
664	15664
7667	22667
5422	20422
6251	21251
23	15023
8630	23630
1639	16639
9308	24308
5034	20034
8499	23499
4529	19529
5880	20880
9897	24897
3265	18265
4331	19331
6806	21806
2816	17816
7768	22768
8178	23178
10382	25382
1066	16066
7728	22728
3751	18751
3254	18254
7997	22997
9398	24398
9563	24563
8396	23396
4134	19134
804	15804
1201	16201
163	15163
7130	22130
7910	22910
9428	24428
5037	20037
10130	25130
3084	18084
5904	20904
10352	25352
5437	20437
7964	22964
3144	18144
10448	25448
6070	21070
5474	20474
4467	19467
1898	16898
8825	23825
9979	24979
6068	21068
8934	23934
10233	25233
194	15194
413	15413
4201	19201
1696	16696
7879	22879
1465	16465
7002	22002
7482	22482
6277	21277
5315	20315
9632	24632
2128	17128
5023	20023
7296	22296
924	15924
5596	20596
5439	20439
7941	22941
316	15316
1797	16797
9758	24758
798	15798
8872	23872
6978	21978
8656	23656
6642	21642
4587	19587
1305	16305
4164	19164
540	15540
10438	25438
1601	16601
8426	23426
3489	18489
2036	17036
9244	24244
5390	20390
6040	21040
9348	24348
5482	20482
7745	22745
9725	24725
9128	24128
9711	24711
6994	21994
5260	20260
4807	19807
215	15215
1585	16585
7432	22432
9751	24751
5893	20893
3063	18063
5116	20116
5966	20966
9081	24081
7184	22184
161	15161
7924	22924
198	15198
7661	22661
1485	16485
7772	22772
8261	23261
6583	21583
3207	18207
4365	19365
10494	25494
9395	24395
4522	19522
9457	24457
5127	20127
10224	25224
7988	22988
1333	16333
338	15338
10052	25052
4863	19863
1734	16734
529	15529
10025	25025
7528	22528
8744	23744
710	15710
6081	21081
4213	19213
8614	23614
3991	18991
10422	25422
9686	24686
454	15454
3581	18581
9456	24456
3923	18923
3982	18982
4698	19698
1722	16722
7082	22082
9570	24570
2725	17725
3797	18797
4853	19853
10435	25435
1440	16440
4979	19979
4892	19892
5398	20398
9259	24259
10353	25353
5720	20720
1644	16644
8018	23018
9843	24843
4512	19512
2	15002
1540	16540
1856	16856
4129	19129
9169	24169
2688	17688
4020	19020
800	15800
397	15397
4050	19050
2281	17281
5992	20992
9120	24120
1157	16157
8709	23709
10044	25044
1269	16269
9998	24998
822	15822
6197	21197
6051	21051
5057	20057
7303	22303
1934	16934
1800	16800
2501	17501
3915	18915
6404	21404
8417	23417
8546	23546
1144	16144
5678	20678
2294	17294
6429	21429
1488	16488
3370	18370
2672	17672
4557	19557
1115	16115
3222	18222
2085	17085
8562	23562
3061	18061
3302	18302
4915	19915
8411	23411
6441	21441
4623	19623
2289	17289
6679	21679
5781	20781
2017	17017
5938	20938
9005	24005
10081	25081
3726	18726
10321	25321
2764	17764
3639	18639
10373	25373
7904	22904
1146	16146
1466	16466
3699	18699
7492	22492
10246	25246
5590	20590
9009	24009
10306	25306
5534	20534
4211	19211
4272	19272
1576	16576
9657	24657
1346	16346
1391	16391
2912	17912
4259	19259
7973	22973
5316	20316
8433	23433
3444	18444
5091	20091
7398	22398
2593	17593
362	15362
5544	20544
9234	24234
9179	24179
3738	18738
7859	22859
1182	16182
6134	21134
2062	17062
5005	20005
9887	24887
9186	24186
3397	18397
5389	20389
8791	23791
9099	24099
5730	20730
7107	22107
5639	20639
398	15398
2427	17427
6180	21180
2231	17231
7638	22638
9931	24931
3115	18115
53	15053
10391	25391
2410	17410
2457	17457
9600	24600
8402	23402
7208	22208
2905	17905
4395	19395
3013	18013
7873	22873
8014	23014
4987	19987
3015	18015
1377	16377
7358	22358
5405	20405
3765	18765
5872	20872
6804	21804
7832	22832
9300	24300
8898	23898
2742	17742
4867	19867
6981	21981
4274	19274
6286	21286
8384	23384
9970	24970
4680	19680
84	15084
605	15605
2496	17496
7396	22396
9052	24052
7117	22117
572	15572
3802	18802
8015	23015
4195	19195
2689	17689
2927	17927
3108	18108
4859	19859
6279	21279
3220	18220
8854	23854
4240	19240
8652	23652
5078	20078
8392	23392
6120	21120
4444	19444
7415	22415
9117	24117
715	15715
6784	21784
8202	23202
4435	19435
7149	22149
7860	22860
4462	19462
2462	17462
8914	23914
6674	21674
598	15598
5432	20432
7383	22383
2796	17796
9127	24127
6551	21551
2677	17677
2566	17566
1537	16537
6257	21257
7863	22863
7952	22952
5198	20198
6845	21845
2536	17536
6755	21755
4345	19345
2192	17192
2150	17150
3858	18858
4458	19458
7868	22868
8300	23300
2537	17537
1389	16389
3672	18672
2763	17763
6905	21905
131	15131
1453	16453
5601	20601
8379	23379
602	15602
3359	18359
2334	17334
9896	24896
1769	16769
7365	22365
4486	19486
5617	20617
3025	18025
9918	24918
1069	16069
286	15286
4673	19673
10322	25322
10383	25383
4266	19266
8662	23662
7464	22464
8693	23693
8230	23230
8388	23388
2140	17140
3686	18686
9454	24454
6640	21640
732	15732
349	15349
10307	25307
10359	25359
5615	20615
9008	24008
1492	16492
7042	22042
4168	19168
717	15717
7281	22281
7944	22944
9737	24737
898	15898
4674	19674
10059	25059
840	15840
7341	22341
7133	22133
4528	19528
7762	22762
9713	24713
7203	22203
3530	18530
6105	21105
9732	24732
1143	16143
3070	18070
7097	22097
2184	17184
9865	24865
4628	19628
5073	20073
7062	22062
8083	23083
5791	20791
1252	16252
2282	17282
5282	20282
1426	16426
6250	21250
5668	20668
6433	21433
7272	22272
2200	17200
4282	19282
9548	24548
1298	16298
520	15520
8131	23131
8407	23407
180	15180
4559	19559
9381	24381
8807	23807
3614	18614
9177	24177
5682	20682
6848	21848
9001	24001
1996	16996
8631	23631
6819	21819
9142	24142
5184	20184
8669	23669
5550	20550
7309	22309
4985	19985
9991	24991
3011	18011
559	15559
5551	20551
2207	17207
205	15205
6844	21844
6283	21283
1930	16930
4284	19284
5646	20646
6203	21203
6663	21663
5453	20453
2038	17038
6163	21163
10271	25271
4618	19618
470	15470
5841	20841
2852	17852
1436	16436
157	15157
8449	23449
475	15475
10318	25318
2611	17611
6406	21406
7448	22448
2458	17458
9452	24452
10194	25194
2898	17898
8826	23826
2555	17555
2762	17762
9809	24809
6030	21030
1471	16471
5572	20572
5229	20229
1400	16400
1457	16457
2710	17710
7096	22096
4143	19143
3701	18701
4199	19199
7049	22049
115	15115
1833	16833
2164	17164
9853	24853
1623	16623
2502	17502
399	15399
9481	24481
1913	16913
2209	17209
2120	17120
1232	16232
1393	16393
8533	23533
3332	18332
5917	20917
7830	22830
3195	18195
1564	16564
956	15956
7456	22456
5199	20199
1594	16594
3939	18939
8511	23511
3897	18897
4299	19299
4620	19620
2287	17287
8995	23995
8785	23785
7681	22681
6723	21723
4032	19032
9253	24253
8658	23658
7078	22078
3006	18006
8593	23593
1461	16461
3532	18532
2773	17773
2982	17982
3490	18490
4474	19474
814	15814
3528	18528
1995	16995
2658	17658
9815	24815
8888	23888
10057	25057
6975	21975
4406	19406
1052	16052
3657	18657
2015	17015
8698	23698
8834	23834
3083	18083
6782	21782
2199	17199
7446	22446
6555	21555
3770	18770
2738	17738
3369	18369
4226	19226
5239	20239
5806	20806
4497	19497
10480	25480
3421	18421
3150	18150
5403	20403
5286	20286
2513	17513
2431	17431
2721	17721
4993	19993
4313	19313
6763	21763
10417	25417
10398	25398
5076	20076
1510	16510
3078	18078
3456	18456
1038	16038
4175	19175
4837	19837
9200	24200
9869	24869
6626	21626
1592	16592
3200	18200
5362	20362
8823	23823
2728	17728
9989	24989
253	15253
1583	16583
5226	20226
465	15465
141	15141
3760	18760
4713	19713
6776	21776
8756	23756
460	15460
6193	21193
8092	23092
2669	17669
10485	25485
4359	19359
4096	19096
1071	16071
5978	20978
2115	17115
8011	23011
1735	16735
539	15539
1780	16780
9661	24661
9791	24791
6422	21422
6144	21144
543	15543
458	15458
1865	16865
2154	17154
310	15310
8334	23334
8314	23314
4355	19355
1736	16736
186	15186
3171	18171
8618	23618
7858	22858
7233	22233
2589	17589
6215	21215
6245	21245
9002	24002
4624	19624
9098	24098
7747	22747
6363	21363
5686	20686
10327	25327
9854	24854
8926	23926
2437	17437
6944	21944
8051	23051
9609	24609
3426	18426
5302	20302
7345	22345
4294	19294
8764	23764
1811	16811
4254	19254
3093	18093
6866	21866
4446	19446
7538	22538
7101	22101
531	15531
890	15890
979	15979
1406	16406
4510	19510
4071	19071
6033	21033
8553	23553
554	15554
7342	22342
6837	21837
2000	17000
8742	23742
4896	19896
1329	16329
2162	17162
6130	21130
1139	16139
9503	24503
9049	24049
2605	17605
4089	19089
7642	22642
9264	24264
1358	16358
10459	25459
3703	18703
9636	24636
10076	25076
8578	23578
9567	24567
428	15428
3182	18182
2110	17110
6860	21860
5636	20636
8605	23605
7727	22727
1621	16621
10304	25304
2006	17006
5210	20210
665	15665
8280	23280
6584	21584
4639	19639
2902	17902
6781	21781
6128	21128
426	15426
1610	16610
4037	19037
2434	17434
5342	20342
3829	18829
6439	21439
8331	23331
2050	17050
6315	21315
9619	24619
8560	23560
1156	16156
4122	19122
10387	25387
658	15658
9618	24618
3177	18177
6560	21560
5526	20526
9318	24318
1447	16447
8762	23762
1565	16565
2071	17071
809	15809
2986	17986
9288	24288
9679	24679
9980	24980
1711	16711
2450	17450
6613	21613
6178	21178
9407	24407
7308	22308
1443	16443
4873	19873
8977	23977
4295	19295
3935	18935
2535	17535
8716	23716
5173	20173
6235	21235
9256	24256
3281	18281
9861	24861
2634	17634
6326	21326
5107	20107
5603	20603
149	15149
3877	18877
7607	22607
1186	16186
9135	24135
6556	21556
7984	22984
7635	22635
3075	18075
1692	16692
9977	24977
7424	22424
7091	22091
3819	18819
10039	25039
7200	22200
986	15986
3051	18051
8699	23699
8037	23037
8062	23062
7550	22550
2429	17429
4575	19575
5248	20248
2382	17382
801	15801
5570	20570
3741	18741
9388	24388
646	15646
1904	16904
4481	19481
8223	23223
7878	22878
6461	21461
2089	17089
7373	22373
8283	23283
7221	22221
9576	24576
7919	22919
2546	17546
6821	21821
571	15571
8889	23889
6657	21657
9224	24224
1678	16678
258	15258
4649	19649
649	15649
7395	22395
8609	23609
9786	24786
5876	20876
1731	16731
1816	16816
10007	25007
10275	25275
9171	24171
7609	22609
6278	21278
6635	21635
8012	23012
2990	17990
2401	17401
245	15245
8079	23079
3906	18906
863	15863
4615	19615
7283	22283
7841	22841
2019	17019
303	15303
3899	18899
1835	16835
