8889	23889
49	15049
5224	20224
2550	17550
613	15613
4191	19191
496	15496
10279	25279
5101	20101
2822	17822
3711	18711
6896	21896
1229	16229
2579	17579
9844	24844
10352	25352
2409	17409
8859	23859
3357	18357
6353	21353
4846	19846
4844	19844
10381	25381
6837	21837
5467	20467
5396	20396
1400	16400
4045	19045
5319	20319
7655	22655
8334	23334
8509	23509
9628	24628
8826	23826
2849	17849
4892	19892
6140	21140
3889	18889
6905	21905
6202	21202
7790	22790
10175	25175
1075	16075
9723	24723
1471	16471
2158	17158
6169	21169
3336	18336
3557	18557
4624	19624
9509	24509
10476	25476
7811	22811
7997	22997
3807	18807
3875	18875
8853	23853
1498	16498
7191	22191
8651	23651
4417	19417
2198	17198
9532	24532
3707	18707
2509	17509
7313	22313
4133	19133
7643	22643
4078	19078
2995	17995
4552	19552
2235	17235
5739	20739
954	15954
9047	24047
7824	22824
7773	22773
193	15193
966	15966
4253	19253
7013	22013
5890	20890
3726	18726
3213	18213
3045	18045
5645	20645
2248	17248
1863	16863
9595	24595
6784	21784
4687	19687
1659	16659
4095	19095
2632	17632
4816	19816
1394	16394
8778	23778
9425	24425
8350	23350
4234	19234
6935	21935
9761	24761
7267	22267
2205	17205
709	15709
2567	17567
5647	20647
9838	24838
8794	23794
9302	24302
3773	18773
5543	20543
9563	24563
6115	21115
4978	19978
2334	17334
3920	18920
8991	23991
7396	22396
6490	21490
5572	20572
8936	23936
9512	24512
3641	18641
5446	20446
8392	23392
9632	24632
2726	17726
3254	18254
7935	22935
1347	16347
1780	16780
2841	17841
5210	20210
7762	22762
7961	22961
6577	21577
3797	18797
10350	25350
10204	25204
4146	19146
8149	23149
7874	22874
539	15539
390	15390
3100	18100
8294	23294
10165	25165
9574	24574
10469	25469
8484	23484
305	15305
8528	23528
7305	22305
383	15383
10360	25360
565	15565
6131	21131
8374	23374
1275	16275
3792	18792
9849	24849
2764	17764
1947	16947
9534	24534
4621	19621
1745	16745
2299	17299
7827	22827
8718	23718
2816	17816
1114	16114
577	15577
1774	16774
3394	18394
9868	24868
6991	21991
3760	18760
9682	24682
10015	25015
7736	22736
7488	22488
9555	24555
3788	18788
4384	19384
568	15568
7996	22996
5312	20312
517	15517
5408	20408
6468	21468
9218	24218
895	15895
10194	25194
559	15559
1554	16554
461	15461
9847	24847
3858	18858
784	15784
1976	16976
2593	17593
3211	18211
6444	21444
8681	23681
4455	19455
2362	17362
1042	16042
5263	20263
1955	16955
7294	22294
8328	23328
4461	19461
1589	16589
4953	19953
4115	19115
6044	21044
9008	24008
2901	17901
2437	17437
558	15558
1284	16284
9832	24832
1728	16728
2407	17407
3160	18160
666	15666
5905	20905
8608	23608
6872	21872
4539	19539
3819	18819
3680	18680
7577	22577
3845	18845
2187	17187
6033	21033
6263	21263
2147	17147
4135	19135
7998	22998
4565	19565
1441	16441
4300	19300
1844	16844
3127	18127
4735	19735
5237	20237
5305	20305
748	15748
2906	17906
6394	21394
4057	19057
6919	21919
9458	24458
562	15562
6156	21156
3595	18595
8395	23395
3017	18017
4796	19796
1624	16624
9444	24444
951	15951
5026	20026
6576	21576
321	15321
5260	20260
8548	23548
8035	23035
74	15074
9521	24521
10191	25191
1083	16083
6709	21709
6305	21305
3388	18388
7025	22025
4702	19702
1934	16934
2610	17610
3238	18238
6551	21551
2682	17682
1477	16477
6958	21958
6013	21013
7638	22638
4830	19830
4019	19019
9037	24037
5316	20316
8968	23968
8386	23386
4874	19874
6876	21876
9210	24210
3140	18140
7797	22797
8841	23841
2879	17879
5635	20635
1783	16783
4066	19066
10026	25026
1642	16642
3844	18844
5776	20776
3262	18262
238	15238
3882	18882
7517	22517
8421	23421
2779	17779
6555	21555
4688	19688
6517	21517
56	15056
723	15723
7823	22823
5605	20605
2583	17583
7844	22844
2026	17026
2860	17860
8575	23575
606	15606
2348	17348
3610	18610
5729	20729
1988	16988
4071	19071
9306	24306
968	15968
3333	18333
4359	19359
10280	25280
2855	17855
3220	18220
7034	22034
5078	20078
5336	20336
8986	23986
9117	24117
7625	22625
4651	19651
234	15234
4682	19682
8902	23902
1058	16058
3512	18512
8898	23898
10366	25366
2119	17119
7226	22226
2810	17810
190	15190
3151	18151
3668	18668
5492	20492
778	15778
2297	17297
7095	22095
8077	23077
4074	19074
9221	24221
89	15089
569	15569
5948	20948
96	15096
874	15874
5829	20829
281	15281
6580	21580
3319	18319
6653	21653
1142	16142
418	15418
1087	16087
2071	17071
3628	18628
6520	21520
10205	25205
3369	18369
7481	22481
5018	20018
4310	19310
6986	21986
9484	24484
9547	24547
8921	23921
9577	24577
5062	20062
4002	19002
1607	16607
7495	22495
2941	17941
6811	21811
361	15361
7995	22995
3801	18801
4457	19457
9498	24498
6399	21399
10324	25324
9013	24013
10437	25437
9403	24403
9428	24428
8593	23593
8242	23242
3450	18450
5791	20791
1188	16188
9043	24043
2542	17542
3581	18581
3989	18989
6828	21828
9016	24016
9215	24215
8532	23532
6256	21256
1867	16867
1465	16465
4386	19386
9130	24130
2888	17888
4096	19096
3810	18810
8338	23338
25	15025
1421	16421
7689	22689
210	15210
3716	18716
9063	24063
8477	23477
8922	23922
6891	21891
7097	22097
7595	22595
5079	20079
3899	18899
8643	23643
635	15635
9593	24593
1917	16917
5749	20749
4752	19752
3217	18217
2219	17219
9462	24462
6778	21778
318	15318
3510	18510
10492	25492
8165	23165
4252	19252
10337	25337
6718	21718
1741	16741
1878	16878
8058	23058
7388	22388
4607	19607
1016	16016
1282	16282
4589	19589
9419	24419
3448	18448
7950	22950
10258	25258
6101	21101
459	15459
2912	17912
9920	24920
7352	22352
4937	19937
3700	18700
2138	17138
3643	18643
10475	25475
872	15872
4089	19089
10218	25218
2029	17029
6815	21815
7260	22260
8952	23952
969	15969
1060	16060
4991	19991
582	15582
5422	20422
9246	24246
9763	24763
10123	25123
7642	22642
3026	18026
7859	22859
1865	16865
847	15847
2502	17502
5399	20399
617	15617
1998	16998
9329	24329
1606	16606
6760	21760
8288	23288
9991	24991
8129	23129
3789	18789
2124	17124
7075	22075
8704	23704
8460	23460
859	15859
5796	20796
10438	25438
8511	23511
3847	18847
3176	18176
5848	20848
385	15385
9528	24528
6754	21754
4782	19782
6660	21660
1640	16640
9257	24257
3634	18634
6441	21441
1448	16448
2777	17777
994	15994
9998	24998
30	15030
4392	19392
9112	24112
5758	20758
8824	23824
8483	23483
3270	18270
10002	25002
2670	17670
3713	18713
5225	20225
5229	20229
9985	24985
4181	19181
9480	24480
8715	23715
5076	20076
6354	21354
7942	22942
4879	19879
8766	23766
733	15733
5284	20284
10261	25261
1519	16519
4430	19430
6871	21871
4470	19470
7782	22782
9969	24969
4015	19015
3097	18097
2325	17325
3481	18481
2266	17266
9710	24710
3811	18811
2765	17765
8382	23382
2976	17976
5703	20703
3084	18084
5695	20695
6076	21076
942	15942
166	15166
5199	20199
5576	20576
4287	19287
3676	18676
10069	25069
570	15570
7333	22333
10082	25082
2887	17887
9439	24439
2256	17256
9163	24163
1460	16460
2031	17031
7472	22472
8293	23293
2733	17733
3745	18745
149	15149
1378	16378
3592	18592
8578	23578
777	15777
9039	24039
10301	25301
8185	23185
9305	24305
2582	17582
5089	20089
9652	24652
7555	22555
718	15718
3484	18484
8475	23475
4613	19613
6970	21970
10217	25217
2672	17672
5938	20938
7539	22539
3436	18436
7098	22098
10485	25485
4979	19979
2768	17768
5253	20253
9000	24000
131	15131
7807	22807
7493	22493
8468	23468
10102	25102
887	15887
7282	22282
9656	24656
9910	24910
7248	22248
4107	19107
4676	19676
501	15501
2968	17968
8959	23959
10421	25421
5295	20295
5014	20014
405	15405
1219	16219
4845	19845
3351	18351
1830	16830
5112	20112
6324	21324
3456	18456
7204	22204
6000	21000
9033	24033
5387	20387
7152	22152
4249	19249
4709	19709
3688	18688
5639	20639
2139	17139
5293	20293
9857	24857
2956	17956
5067	20067
141	15141
5780	20780
2165	17165
9737	24737
8587	23587
8182	23182
6478	21478
4899	19899
29	15029
4490	19490
7429	22429
7498	22498
3923	18923
202	15202
4349	19349
9934	24934
749	15749
7752	22752
9027	24027
6447	21447
4837	19837
2109	17109
6898	21898
6154	21154
5642	20642
2684	17684
654	15654
1631	16631
5973	20973
5607	20607
7869	22869
267	15267
4196	19196
1466	16466
1167	16167
2156	17156
6574	21574
8178	23178
9837	24837
4308	19308
8053	23053
6417	21417
8806	23806
8396	23396
6956	21956
7051	22051
1369	16369
9770	24770
5710	20710
6846	21846
8663	23663
7725	22725
4608	19608
7309	22309
7510	22510
8839	23839
632	15632
7837	22837
6557	21557
2723	17723
2914	17914
9971	24971
2552	17552
2604	17604
100	15100
1695	16695
3694	18694
8023	23023
8250	23250
8384	23384
7378	22378
8980	23980
6592	21592
7484	22484
9637	24637
9882	24882
6210	21210
9858	24858
3144	18144
1262	16262
5340	20340
7749	22749
8891	23891
7984	22984
10395	25395
3854	18854
6955	21955
2342	17342
5825	20825
3515	18515
2863	17863
4139	19139
2517	17517
5806	20806
4656	19656
10285	25285
1746	16746
676	15676
5516	20516
8942	23942
8009	23009
5873	20873
3942	18942
3644	18644
2135	17135
583	15583
1630	16630
2495	17495
5419	20419
3762	18762
6604	21604
4866	19866
9378	24378
6264	21264
10344	25344
4983	19983
9148	24148
7303	22303
8503	23503
9071	24071
3143	18143
7668	22668
8275	23275
4727	19727
1126	16126
5835	20835
760	15760
6901	21901
941	15941
6931	21931
788	15788
2208	17208
4493	19493
1602	16602
8945	23945
7745	22745
8204	23204
6118	21118
303	15303
8079	23079
5350	20350
3406	18406
3457	18457
8756	23756
5461	20461
8803	23803
8650	23650
6153	21153
7596	22596
10349	25349
1972	16972
2422	17422
9822	24822
6351	21351
9912	24912
421	15421
296	15296
5517	20517
8313	23313
4700	19700
4462	19462
4370	19370
1772	16772
8289	23289
10127	25127
4480	19480
9873	24873
2998	17998
5257	20257
9081	24081
10054	25054
9179	24179
2209	17209
1435	16435
4800	19800
8070	23070
21	15021
5456	20456
2423	17423
9564	24564
3982	18982
8349	23349
3744	18744
5034	20034
2801	17801
10159	25159
7344	22344
1912	16912
7317	22317
9030	24030
348	15348
9009	24009
494	15494
9373	24373
8335	23335
101	15101
4549	19549
9133	24133
602	15602
6001	21001
2676	17676
3724	18724
3328	18328
5633	20633
484	15484
1337	16337
5377	20377
10239	25239
10490	25490
1168	16168
531	15531
10184	25184
1669	16669
3049	18049
3437	18437
6866	21866
9106	24106
10462	25462
6641	21641
1567	16567
5767	20767
1842	16842
7985	22985
4944	19944
9060	24060
5860	20860
5197	20197
1286	16286
3058	18058
9994	24994
9095	24095
2144	17144
444	15444
2648	17648
9736	24736
7083	22083
6071	21071
8819	23819
2461	17461
1696	16696
6088	21088
2535	17535
9975	24975
5546	20546
888	15888
2620	17620
3927	18927
319	15319
8045	23045
4949	19949
7299	22299
1583	16583
6735	21735
5248	20248
2686	17686
2443	17443
3048	18048
5409	20409
7759	22759
3540	18540
7610	22610
8676	23676
4832	19832
4540	19540
9274	24274
2359	17359
4570	19570
10461	25461
7768	22768
3917	18917
2391	17391
4521	19521
6679	21679
8230	23230
7586	22586
5093	20093
2210	17210
7694	22694
8470	23470
198	15198
9423	24423
9093	24093
4390	19390
5778	20778
8269	23269
3050	18050
7747	22747
8038	23038
9267	24267
8809	23809
1061	16061
4723	19723
5290	20290
1371	16371
4658	19658
5770	20770
5673	20673
4330	19330
3095	18095
8377	23377
6776	21776
9330	24330
3816	18816
3073	18073
3237	18237
4788	19788
8513	23513
10010	25010
8159	23159
1692	16692
2952	17952
1290	16290
10377	25377
588	15588
8925	23925
4489	19489
9250	24250
3620	18620
4022	19022
1270	16270
8109	23109
1927	16927
2669	17669
10251	25251
7924	22924
2857	17857
6868	21868
5521	20521
7624	22624
5114	20114
9933	24933
8758	23758
9146	24146
2036	17036
4458	19458
2377	17377
6802	21802
6355	21355
4164	19164
3806	18806
7755	22755
1141	16141
4266	19266
2508	17508
3633	18633
6513	21513
10208	25208
4282	19282
4849	19849
4254	19254
4408	19408
3208	18208
9409	24409
2973	17973
9650	24650
8432	23432
3412	18412
9809	24809
2658	17658
2786	17786
8220	23220
227	15227
6798	21798
4781	19781
3280	18280
2716	17716
9001	24001
659	15659
10021	25021
9958	24958
2628	17628
4620	19620
1702	16702
7046	22046
9988	24988
3390	18390
5756	20756
8556	23556
9287	24287
4757	19757
2268	17268
2075	17075
1200	16200
6258	21258
6129	21129
8143	23143
8010	23010
546	15546
313	15313
5100	20100
9841	24841
6214	21214
1232	16232
4582	19582
5353	20353
9974	24974
6583	21583
6274	21274
4366	19366
7162	22162
1816	16816
3572	18572
476	15476
7832	22832
3800	18800
8506	23506
4151	19151
3378	18378
2787	17787
4817	19817
6339	21339
1255	16255
1706	16706
9061	24061
9894	24894
9727	24727
1715	16715
8755	23755
877	15877
2862	17862
7050	22050
7504	22504
1823	16823
9704	24704
9463	24463
4801	19801
7275	22275
10238	25238
10359	25359
793	15793
4126	19126
7063	22063
2819	17819
3778	18778
2164	17164
9304	24304
4829	19829
831	15831
769	15769
4435	19435
1905	16905
9612	24612
10126	25126
9316	24316
2263	17263
6842	21842
10494	25494
4984	19984
5915	20915
8243	23243
9641	24641
2519	17519
3929	18929
10094	25094
357	15357
7057	22057
4201	19201
8072	23072
3570	18570
3588	18588
6831	21831
456	15456
6804	21804
2710	17710
8317	23317
5339	20339
9216	24216
6299	21299
7296	22296
9630	24630
4136	19136
9708	24708
5964	20964
1747	16747
2344	17344
9365	24365
7212	22212
61	15061
2428	17428
9422	24422
3575	18575
875	15875
3415	18415
9336	24336
9576	24576
8883	23883
1506	16506
3530	18530
10003	25003
4174	19174
9279	24279
2416	17416
1013	16013
1104	16104
3605	18605
4640	19640
1204	16204
2281	17281
5017	20017
4350	19350
5048	20048
4610	19610
9128	24128
2755	17755
2572	17572
5974	20974
2296	17296
290	15290
1096	16096
9025	24025
1939	16939
1352	16352
3834	18834
4186	19186
3090	18090
4449	19449
6642	21642
4080	19080
7270	22270
5911	20911
976	15976
8464	23464
827	15827
2929	17929
3418	18418
2042	17042
1987	16987
8905	23905
8184	23184
10189	25189
2536	17536
9191	24191
1093	16093
8994	23994
10388	25388
3675	18675
2091	17091
2234	17234
7709	22709
9132	24132
4051	19051
628	15628
4397	19397
791	15791
10364	25364
4547	19547
3528	18528
3701	18701
8666	23666
2868	17868
6860	21860
908	15908
5341	20341
5678	20678
3033	18033
3973	18973
1344	16344
1996	16996
6365	21365
9891	24891
10369	25369
9298	24298
10178	25178
3089	18089
6541	21541
5060	20060
5648	20648
8083	23083
6286	21286
9142	24142
4496	19496
8194	23194
3001	18001
9226	24226
9461	24461
1053	16053
4336	19336
6535	21535
3657	18657
8760	23760
7692	22692
6064	21064
4894	19894
7702	22702
10032	25032
1017	16017
10409	25409
8411	23411
2746	17746
4429	19429
4950	19950
6565	21565
5277	20277
8827	23827
7230	22230
1475	16475
5507	20507
8162	23162
5732	20732
3959	18959
6649	21649
7289	22289
9359	24359
9079	24079
2373	17373
4032	19032
8677	23677
6729	21729
5289	20289
9639	24639
8926	23926
5888	20888
8747	23747
9621	24621
7018	22018
6283	21283
2540	17540
8391	23391
4060	19060
1045	16045
32	15032
7972	22972
8723	23723
5457	20457
4754	19754
422	15422
1764	16764
4104	19104
6241	21241
5602	20602
9953	24953
9905	24905
5171	20171
953	15953
1629	16629
7521	22521
7006	22006
3222	18222
2699	17699
8234	23234
6806	21806
7784	22784
2913	17913
1384	16384
4195	19195
6607	21607
3765	18765
5881	20881
8296	23296
8057	23057
7424	22424
298	15298
1488	16488
3183	18183
8621	23621
7938	22938
8646	23646
3478	18478
9256	24256
5832	20832
7400	22400
1119	16119
8337	23337
8923	23923
9264	24264
6330	21330
6360	21360
5184	20184
8918	23918
4913	19913
8582	23582
3487	18487
5308	20308
6755	21755
6748	21748
3651	18651
9742	24742
9948	24948
9204	24204
3306	18306
2447	17447
4210	19210
3586	18586
10228	25228
5004	20004
5704	20704
5094	20094
5810	20810
10327	25327
6395	21395
9337	24337
5618	20618
8798	23798
5941	20941
2585	17585
2332	17332
2444	17444
7616	22616
10036	25036
1034	16034
3276	18276
961	15961
10374	25374
2120	17120
426	15426
6279	21279
3454	18454
3203	18203
3035	18035
3589	18589
9348	24348
4947	19947
2877	17877
3435	18435
4799	19799
6705	21705
1979	16979
1891	16891
1351	16351
7327	22327
6326	21326
3156	18156
9161	24161
8367	23367
5734	20734
7491	22491
9088	24088
8189	23189
6024	21024
1727	16727
1557	16557
253	15253
2845	17845
8878	23878
9952	24952
5694	20694
5904	20904
7545	22545
8940	23940
1335	16335
2035	17035
6910	21910
8559	23559
5374	20374
10039	25039
7268	22268
10216	25216
8326	23326
4865	19865
8015	23015
4444	19444
2607	17607
10079	25079
4338	19338
8452	23452
4926	19926
3320	18320
2644	17644
6605	21605
8113	23113
8331	23331
4409	19409
4805	19805
4768	19768
6414	21414
10348	25348
7828	22828
6742	21742
10001	25001
767	15767
8325	23325
8223	23223
2059	17059
1593	16593
2521	17521
9350	24350
2501	17501
10214	25214
5935	20935
3209	18209
8033	23033
7005	22005
2390	17390
2940	17940
5664	20664
6615	21615
8633	23633
3892	18892
5842	20842
4021	19021
5809	20809
2613	17613
6940	21940
8214	23214
8637	23637
6930	21930
5856	20856
3763	18763
7143	22143
9947	24947
5544	20544
7785	22785
8127	23127
4568	19568
5000	20000
1950	16950
7735	22735
8606	23606
9645	24645
8308	23308
9437	24437
4259	19259
6288	21288
3316	18316
5651	20651
7008	22008
3447	18447
9076	24076
5582	20582
2099	17099
3841	18841
7903	22903
2944	17944
299	15299
2694	17694
2	15002
7646	22646
4707	19707
2846	17846
1846	16846
1392	16392
2402	17402
8872	23872
6976	21976
7168	22168
1360	16360
4924	19924
3123	18123
4478	19478
556	15556
7474	22474
9442	24442
2557	17557
7444	22444
1752	16752
6923	21923
9719	24719
3558	18558
5258	20258
8139	23139
1811	16811
9385	24385
10224	25224
776	15776
853	15853
2939	17939
1109	16109
2019	17019
2170	17170
2289	17289
9005	24005
2873	17873
8297	23297
3069	18069
6982	21982
5494	20494
7529	22529
6086	21086
1999	16999
2675	17675
4750	19750
7497	22497
5698	20698
4125	19125
4495	19495
4023	19023
199	15199
4655	19655
9677	24677
46	15046
3252	18252
6602	21602
6051	21051
3501	18501
7770	22770
10439	25439
3352	18352
665	15665
1434	16434
5005	20005
1160	16160
150	15150
1269	16269
6965	21965
544	15544
10418	25418
309	15309
6257	21257
4560	19560
4046	19046
10246	25246
3081	18081
5918	20918
9313	24313
455	15455
2098	17098
7272	22272
4760	19760
6928	21928
9157	24157
2701	17701
9261	24261
4722	19722
850	15850
2825	17825
9107	24107
2115	17115
2767	17767
62	15062
195	15195
7308	22308
10448	25448
3037	18037
6779	21779
3741	18741
638	15638
722	15722
8462	23462
6795	21795
7661	22661
6613	21613
4218	19218
5458	20458
6249	21249
1997	16997
10009	25009
2595	17595
4961	19961
7263	22263
1173	16173
7886	22886
4257	19257
4320	19320
9249	24249
4056	19056
1667	16667
77	15077
4356	19356
5588	20588
2269	17269
9454	24454
7988	22988
6771	21771
5687	20687
453	15453
3590	18590
6819	21819
7715	22715
3780	18780
7249	22249
10281	25281
9136	24136
7951	22951
3284	18284
6998	21998
1166	16166
7208	22208
8916	23916
4233	19233
6938	21938
921	15921
4512	19512
4859	19859
4716	19716
6567	21567
5403	20403
1513	16513
8218	23218
9149	24149
7151	22151
24	15024
9924	24924
5699	20699
3228	18228
4618	19618
533	15533
8943	23943
5173	20173
6791	21791
3367	18367
2570	17570
4497	19497
1359	16359
7233	22233
2207	17207
4211	19211
464	15464
2806	17806
7078	22078
9415	24415
10426	25426
7036	22036
2149	17149
4199	19199
4808	19808
251	15251
2666	17666
8552	23552
4410	19410
2038	17038
358	15358
4724	19724
10066	25066
2899	17899
7386	22386
1577	16577
4286	19286
4692	19692
6388	21388
7315	22315
6994	21994
7003	22003
4981	19981
1194	16194
6632	21632
10410	25410
2487	17487
3022	18022
462	15462
3471	18471
10445	25445
5957	20957
2652	17652
2852	17852
4418	19418
2762	17762
9455	24455
730	15730
4376	19376
3190	18190
6772	21772
6672	21672
6376	21376
5441	20441
4268	19268
6548	21548
8062	23062
9356	24356
4670	19670
333	15333
6566	21566
9944	24944
5223	20223
3344	18344
3901	18901
255	15255
6284	21284
6377	21377
9537	24537
5989	20989
2712	17712
3529	18529
633	15633
9596	24596
3553	18553
1154	16154
6869	21869
6157	21157
6276	21276
3990	18990
2744	17744
4319	19319
9848	24848
7419	22419
4413	19413
4729	19729
4935	19935
9417	24417
9233	24233
1092	16092
5945	20945
689	15689
6012	21012
3494	18494
2068	17068
1803	16803
1305	16305
4329	19329
3000	18000
8314	23314
3063	18063
9618	24618
8636	23636
7234	22234
9774	24774
7687	22687
4202	19202
5037	20037
10022	25022
4898	19898
8771	23771
9050	24050
10185	25185
7808	22808
8913	23913
6547	21547
7456	22456
9352	24352
6484	21484
6840	21840
10282	25282
6575	21575
8877	23877
1066	16066
6393	21393
10267	25267
7865	22865
2836	17836
53	15053
6758	21758
6731	21731
662	15662
981	15981
0	15000
1493	16493
8197	23197
4836	19836
10119	25119
6428	21428
9020	24020
8228	23228
7358	22358
1960	16960
697	15697
6694	21694
9781	24781
984	15984
5203	20203
1733	16733
3093	18093
7341	22341
3098	18098
8211	23211
5736	20736
3345	18345
1463	16463
8901	23901
4561	19561
7667	22667
8765	23765
1610	16610
471	15471
7975	22975
2280	17280
4513	19513
3486	18486
4522	19522
10447	25447
6516	21516
8975	23975
2934	17934
7255	22255
7130	22130
218	15218
4554	19554
3108	18108
2017	17017
3948	18948
2949	17949
2911	17911
10212	25212
486	15486
3340	18340
8917	23917
5302	20302
9827	24827
9506	24506
8078	23078
5011	20011
10143	25143
3243	18243
441	15441
10182	25182
10470	25470
10294	25294
5932	20932
1914	16914
6074	21074
8322	23322
1539	16539
2084	17084
3199	18199
3851	18851
10125	25125
971	15971
1540	16540
621	15621
4344	19344
7809	22809
2345	17345
7463	22463
10186	25186
5917	20917
7291	22291
9113	24113
973	15973
6233	21233
9469	24469
7158	22158
4914	19914
9449	24449
9665	24665
5027	20027
8584	23584
43	15043
1841	16841
6111	21111
9441	24441
2569	17569
6968	21968
7884	22884
3404	18404
4695	19695
2551	17551
1621	16621
6	15006
8186	23186
5431	20431
2851	17851
1649	16649
6788	21788
10038	25038
4466	19466
2653	17653
4290	19290
9162	24162
10007	25007
8107	23107
5211	20211
891	15891
2659	17659
8777	23777
6108	21108
4090	19090
5442	20442
7237	22237
800	15800
10414	25414
4977	19977
10318	25318
4450	19450
7082	22082
7591	22591
8843	23843
6364	21364
2718	17718
8692	23692
10242	25242
9778	24778
1822	16822
5158	20158
4916	19916
8935	23935
1151	16151
8661	23661
1405	16405
1765	16765
4664	19664
287	15287
1968	16968
3377	18377
9957	24957
2751	17751
8379	23379
1472	16472
4623	19623
2079	17079
6785	21785
6323	21323
499	15499
117	15117
9214	24214
3067	18067
4221	19221
6543	21543
2859	17859
7888	22888
9333	24333
6261	21261
4511	19511
6664	21664
9077	24077
6531	21531
8140	23140
5628	20628
1585	16585
5936	20936
6740	21740
2494	17494
3441	18441
5410	20410
8093	23093
6523	21523
9567	24567
339	15339
6193	21193
7579	22579
5023	20023
4990	19990
5874	20874
1888	16888
6797	21797
9602	24602
5570	20570
10173	25173
3117	18117
5887	20887
5061	20061
858	15858
2853	17853
4662	19662
3708	18708
8121	23121
8911	23911
8118	23118
710	15710
2691	17691
243	15243
5032	20032
1296	16296
7117	22117
5274	20274
47	15047
504	15504
3564	18564
646	15646
3300	18300
3640	18640
80	15080
7203	22203
2040	17040
2351	17351
571	15571
2467	17467
5266	20266
5774	20774
7365	22365
6117	21117
257	15257
3824	18824
1485	16485
9731	24731
10108	25108
3043	18043
9559	24559
2587	17587
9825	24825
3968	18968
8366	23366
4223	19223
9031	24031
7421	22421
2239	17239
4255	19255
732	15732
5843	20843
6702	21702
5318	20318
6689	21689
3309	18309
8998	23998
3618	18618
8836	23836
6389	21389
2212	17212
7012	22012
10382	25382
3162	18162
9864	24864
1553	16553
6440	21440
2807	17807
9290	24290
5502	20502
10059	25059
10400	25400
4925	19925
1191	16191
7106	22106
1211	16211
9938	24938
1579	16579
8616	23616
410	15410
7155	22155
2560	17560
1138	16138
6429	21429
6270	21270
6591	21591
1555	16555
10288	25288
7448	22448
6688	21688
6922	21922
10314	25314
1272	16272
6172	21172
4419	19419
3621	18621
4971	19971
39	15039
9269	24269
9908	24908
6055	21055
7311	22311
2288	17288
9280	24280
1291	16291
8130	23130
3438	18438
1944	16944
5523	20523
8105	23105
4642	19642
5530	20530
1582	16582
3647	18647
8772	23772
2117	17117
5215	20215
3007	18007
1680	16680
1122	16122
8865	23865
4267	19267
1040	16040
7621	22621
6165	21165
1900	16900
212	15212
7300	22300
9092	24092
2960	17960
5383	20383
7511	22511
2854	17854
1532	16532
285	15285
8131	23131
1256	16256
529	15529
4159	19159
5113	20113
3956	18956
3783	18783
5166	20166
1054	16054
295	15295
3802	18802
6448	21448
5804	20804
1390	16390
5534	20534
6314	21314
8647	23647
2950	17950
2230	17230
2534	17534
6371	21371
9340	24340
378	15378
9193	24193
2070	17070
10075	25075
5243	20243
6254	21254
507	15507
4744	19744
4323	19323
1623	16623
3313	18313
1635	16635
901	15901
7881	22881
1654	16654
5468	20468
4763	19763
4363	19363
7902	22902
9134	24134
5566	20566
4068	19068
432	15432
9259	24259
2243	17243
2999	17999
4372	19372
6954	21954
4703	19703
3751	18751
2483	17483
8529	23529
1824	16824
2790	17790
8074	23074
898	15898
6545	21545
6637	21637
5526	20526
3317	18317
5949	20949
6127	21127
6699	21699
829	15829
9470	24470
9199	24199
10452	25452
3152	18152
2188	17188
9151	24151
2722	17722
7682	22682
9810	24810
2010	17010
6680	21680
2451	17451
4047	19047
7547	22547
1348	16348
7339	22339
3537	18537
5785	20785
3779	18779
894	15894
1762	16762
8482	23482
6861	21861
8443	23443
5852	20852
1880	16880
3410	18410
7329	22329
5424	20424
6960	21960
8098	23098
4311	19311
8463	23463
2967	17967
7799	22799
277	15277
228	15228
5762	20762
5833	20833
9002	24002
4143	19143
2982	17982
6818	21818
9921	24921
6048	21048
883	15883
1787	16787
5443	20443
1057	16057
6600	21600
6882	21882
148	15148
5713	20713
6770	21770
6750	21750
7519	22519
9806	24806
771	15771
2425	17425
2979	17979
6978	21978
3768	18768
4587	19587
7526	22526
9320	24320
1048	16048
3466	18466
3198	18198
2039	17039
6489	21489
4383	19383
5063	20063
5717	20717
3281	18281
10256	25256
7520	22520
9878	24878
6139	21139
7485	22485
5240	20240
8752	23752
3337	18337
5720	20720
5872	20872
2128	17128
1216	16216
7385	22385
8247	23247
6480	21480
10292	25292
3173	18173
6628	21628
3424	18424
9004	24004
4904	19904
669	15669
10322	25322
803	15803
1164	16164
10434	25434
5882	20882
4578	19578
9783	24783
4569	19569
10283	25283
7663	22663
6278	21278
2760	17760
58	15058
5404	20404
4385	19385
7662	22662
8856	23856
4327	19327
7492	22492
2577	17577
2441	17441
2614	17614
5033	20033
3425	18425
3950	18950
6507	21507
6245	21245
7403	22403
1596	16596
3967	18967
8295	23295
2758	17758
9023	24023
3995	18995
6877	21877
5744	20744
10393	25393
1559	16559
1750	16750
6929	21929
9867	24867
10120	25120
6745	21745
1110	16110
6629	21629
9954	24954
2568	17568
392	15392
6136	21136
248	15248
1340	16340
9966	24966
6540	21540
9184	24184
9693	24693
9792	24792
10152	25152
2776	17776
8156	23156
10006	25006
711	15711
1320	16320
4533	19533
6618	21618
3177	18177
6911	21911
2405	17405
9570	24570
304	15304
3689	18689
5969	20969
10346	25346
1534	16534
9270	24270
2951	17951
336	15336
7901	22901
1614	16614
4481	19481
3301	18301
600	15600
9684	24684
3616	18616
10454	25454
2074	17074
1810	16810
8273	23273
9166	24166
9519	24519
3784	18784
4389	19389
3195	18195
222	15222
6335	21335
597	15597
3565	18565
9482	24482
1828	16828
4848	19848
2882	17882
5725	20725
177	15177
3674	18674
9517	24517
9177	24177
10444	25444
8746	23746
2795	17795
8988	23988
2720	17720
8558	23558
1936	16936
10053	25053
235	15235
2133	17133
6082	21082
1791	16791
8276	23276
7868	22868
3518	18518
4182	19182
2309	17309
7602	22602
4652	19652
4284	19284
6726	21726
1890	16890
7287	22287
2839	17839
2076	17076
9303	24303
2420	17420
3302	18302
6888	21888
2078	17078
5214	20214
7826	22826
3722	18722
2237	17237
4169	19169
1605	16605
7720	22720
4653	19653
9315	24315
9962	24962
540	15540
668	15668
8750	23750
6212	21212
7368	22368
4915	19915
5789	20789
2413	17413
8586	23586
7110	22110
3772	18772
825	15825
1522	16522
2828	17828
8617	23617
9369	24369
1397	16397
8278	23278
3449	18449
715	15715
9539	24539
9508	24508
5667	20667
3186	18186
9800	24800
6329	21329
7473	22473
1708	16708
10498	25498
4594	19594
9453	24453
2685	17685
7885	22885
9896	24896
7589	22589
6464	21464
9288	24288
7447	22447
6472	21472
7531	22531
7514	22514
2067	17067
2085	17085
5914	20914
10018	25018
2415	17415
1395	16395
4264	19264
2896	17896
5331	20331
5405	20405
9619	24619
795	15795
9034	24034
185	15185
9943	24943
8032	23032
1930	16930
4730	19730
7721	22721
431	15431
8993	23993
5133	20133
2202	17202
5962	20962
8478	23478
10049	25049
2462	17462
2032	17032
3075	18075
5204	20204
9486	24486
9846	24846
8089	23089
7612	22612
9658	24658
487	15487
8907	23907
5233	20233
7459	22459
3059	18059
4586	19586
8282	23282
745	15745
8368	23368
6528	21528
5821	20821
7147	22147
6874	21874
4563	19563
88	15088
6120	21120
1436	16436
6883	21883
10315	25315
85	15085
10031	25031
8656	23656
6317	21317
893	15893
2566	17566
6838	21838
5978	20978
4852	19852
5728	20728
3482	18482
8069	23069
4348	19348
1871	16871
2588	17588
5836	20836
7966	22966
1652	16652
8311	23311
5893	20893
5435	20435
8598	23598
1365	16365
6150	21150
2788	17788
6217	21217
8662	23662
1237	16237
5654	20654
6669	21669
1510	16510
3786	18786
6070	21070
7372	22372
605	15605
9747	24747
7216	22216
6552	21552
7392	22392
5393	20393
4571	19571
76	15076
10265	25265
5454	20454
6058	21058
695	15695
757	15757
3121	18121
8979	23979
9041	24041
6094	21094
2246	17246
258	15258
3381	18381
9600	24600
4116	19116
3539	18539
1980	16980
2537	17537
8488	23488
3145	18145
7739	22739
9053	24053
9980	24980
1236	16236
1367	16367
1975	16975
4463	19463
10423	25423
3214	18214
1379	16379
5356	20356
4667	19667
8092	23092
138	15138
8439	23439
182	15182
7221	22221
6322	21322
3787	18787
5886	20886
5036	20036
9960	24960
5615	20615
9611	24611
7286	22286
7609	22609
4375	19375
10405	25405
3738	18738
3828	18828
3363	18363
1483	16483
2463	17463
3843	18843
3737	18737
9212	24212
8251	23251
4438	19438
5325	20325
5414	20414
7074	22074
8530	23530
1687	16687
9803	24803
225	15225
2259	17259
7636	22636
5364	20364
8890	23890
7093	22093
8551	23551
8190	23190
9931	24931
5238	20238
9717	24717
9965	24965
8967	23967
3532	18532
6227	21227
2317	17317
3960	18960
3695	18695
8248	23248
6267	21267
5119	20119
5247	20247
8660	23660
4585	19585
7038	22038
2028	17028
2558	17558
5525	20525
8855	23855
6357	21357
8195	23195
717	15717
110	15110
9183	24183
7115	22115
5646	20646
4231	19231
8147	23147
801	15801
6198	21198
331	15331
10298	25298
3431	18431
10486	25486
10016	25016
8658	23658
1157	16157
4572	19572
3315	18315
5931	20931
9626	24626
5830	20830
3365	18365
10422	25422
7713	22713
1074	16074
4423	19423
1469	16469
7415	22415
1052	16052
1889	16889
3327	18327
8738	23738
2937	17937
6194	21194
4473	19473
6235	21235
4537	19537
526	15526
1528	16528
3632	18632
7947	22947
1207	16207
983	15983
2283	17283
1964	16964
3064	18064
10089	25089
2404	17404
2591	17591
1329	16329
8848	23848
5103	20103
9104	24104
7242	22242
8930	23930
6693	21693
5834	20834
10131	25131
5239	20239
4853	19853
4270	19270
1325	16325
3999	18999
9485	24485
1009	16009
4681	19681
9791	24791
8816	23816
1368	16368
3761	18761
7323	22323
10067	25067
5943	20943
8299	23299
2069	17069
7022	22022
3207	18207
9927	24927
1671	16671
1789	16789
1501	16501
3840	18840
5	15005
8804	23804
587	15587
2586	17586
1041	16041
3083	18083
9917	24917
5282	20282
5763	20763
9746	24746
10255	25255
6017	21017
5198	20198
5577	20577
7262	22262
1410	16410
9815	24815
2486	17486
8402	23402
9118	24118
4101	19101
8797	23797
6782	21782
7408	22408
3102	18102
4141	19141
4013	19013
6226	21226
2295	17295
2231	17231
2798	17798
7060	22060
6289	21289
3273	18273
1431	16431
914	15914
3908	18908
4842	19842
9942	24942
7789	22789
2155	17155
615	15615
4590	19590
789	15789
9989	24989
136	15136
6091	21091
4271	19271
4152	19152
1839	16839
1051	16051
1480	16480
3911	18911
9203	24203
4122	19122
1719	16719
4452	19452
3374	18374
1085	16085
6050	21050
8955	23955
1738	16738
7968	22968
262	15262
6912	21912
2082	17082
483	15483
6825	21825
919	15919
7494	22494
6850	21850
8860	23860
8028	23028
9902	24902
3370	18370
5362	20362
6148	21148
7279	22279
9591	24591
7202	22202
3212	18212
9552	24552
9244	24244
8719	23719
7086	22086
5855	20855
2475	17475
1186	16186
813	15813
5661	20661
7026	22026
5500	20500
7657	22657
475	15475
10195	25195
5180	20180
6596	21596
8742	23742
9730	24730
349	15349
1502	16502
1523	16523
5071	20071
2490	17490
5669	20669
5234	20234
8566	23566
8873	23873
7418	22418
1707	16707
5685	20685
2533	17533
787	15787
6182	21182
187	15187
10362	25362
9379	24379
5281	20281
10276	25276
1102	16102
3257	18257
5200	20200
8016	23016
4398	19398
179	15179
932	15932
9228	24228
6456	21456
6152	21152
9046	24046
7684	22684
7659	22659
5397	20397
7363	22363
8063	23063
889	15889
7971	22971
106	15106
8884	23884
1797	16797
10435	25435
8631	23631
1561	16561
4646	19646
92	15092
6932	21932
1549	16549
241	15241
4635	19635
3601	18601
1124	16124
340	15340
6648	21648
10427	25427
7794	22794
8405	23405
3964	18964
6253	21253
2118	17118
8198	23198
2058	17058
7819	22819
7171	22171
9085	24085
4566	19566
2474	17474
5515	20515
364	15364
4042	19042
5589	20589
2456	17456
9784	24784
7878	22878
5250	20250
5164	20164
4857	19857
6406	21406
1768	16768
1309	16309
10008	25008
382	15382
4443	19443
3906	18906
6262	21262
288	15288
1556	16556
6951	21951
7001	22001
3433	18433
8447	23447
3003	18003
6822	21822
8453	23453
5221	20221
4528	19528
4399	19399
4150	19150
9745	24745
1132	16132
3606	18606
3182	18182
8364	23364
3692	18692
7983	22983
8792	23792
5232	20232
6043	21043
5159	20159
7241	22241
9110	24110
7261	22261
6380	21380
6175	21175
2590	17590
4889	19889
855	15855
1449	16449
2429	17429
3334	18334
3886	18886
2148	17148
3642	18642
5116	20116
119	15119
10005	25005
979	15979
10158	25158
1260	16260
2393	17393
6057	21057
9675	24675
2006	17006
6049	21049
5820	20820
5660	20660
9503	24503
1081	16081
7994	22994
8711	23711
4786	19786
9662	24662
8389	23389
5191	20191
7213	22213
95	15095
1651	16651
2190	17190
2804	17804
3491	18491
4743	19743
5533	20533
3829	18829
10121	25121
5527	20527
10453	25453
3937	18937
3038	18038
7125	22125
8216	23216
3827	18827
4693	19693
2961	17961
9609	24609
8354	23354
9238	24238
3132	18132
9186	24186
171	15171
5706	20706
7033	22033
9855	24855
6631	21631
1675	16675
9436	24436
1148	16148
9578	24578
3421	18421
5919	20919
5927	20927
1287	16287
3970	18970
1792	16792
2773	17773
2783	17783
2988	17988
8629	23629
7751	22751
8785	23785
9979	24979
8329	23329
4897	19897
466	15466
4137	19137
9918	24918
9557	24557
3126	18126
10474	25474
8071	23071
4807	19807
1137	16137
9616	24616
6663	21663
9670	24670
1190	16190
8732	23732
6228	21228
1995	16995
7169	22169
437	15437
3079	18079
3602	18602
7137	22137
3766	18766
10375	25375
7054	22054
3442	18442
8810	23810
2609	17609
871	15871
191	15191
9275	24275
6138	21138
6081	21081
2689	17689
9380	24380
7875	22875
7887	22887
878	15878
9646	24646
7177	22177
2385	17385
8699	23699
8523	23523
5753	20753
6597	21597
2580	17580
545	15545
1564	16564
1929	16929
3159	18159
9412	24412
4672	19672
1628	16628
4833	19833
3576	18576
5858	20858
420	15420
4789	19789
9900	24900
8301	23301
9728	24728
10061	25061
413	15413
3842	18842
5003	20003
229	15229
5452	20452
6609	21609
8385	23385
5702	20702
716	15716
4776	19776
4309	19309
8375	23375
1231	16231
9542	24542
9234	24234
2698	17698
7427	22427
8029	23029
9101	24101
1242	16242
6534	21534
6084	21084
6160	21160
1184	16184
8360	23360
1156	16156
4177	19177
8869	23869
9341	24341
541	15541
8516	23516
4380	19380
8458	23458
3384	18384
1112	16112
1071	16071
5366	20366
950	15950
6816	21816
8580	23580
5261	20261
3103	18103
7904	22904
2254	17254
641	15641
843	15843
4604	19604
3432	18432
7366	22366
4373	19373
2955	17955
6190	21190
2064	17064
728	15728
3523	18523
458	15458
2875	17875
2891	17891
8773	23773
4355	19355
7705	22705
1322	16322
10200	25200
9317	24317
213	15213
2112	17112
937	15937
1851	16851
4896	19896
14	15014
3468	18468
989	15989
7222	22222
399	15399
3520	18520
9718	24718
7391	22391
3417	18417
3569	18569
3361	18361
7842	22842
69	15069
1339	16339
8361	23361
4943	19943
389	15389
6980	21980
9090	24090
1601	16601
3490	18490
7189	22189
7671	22671
9460	24460
174	15174
4291	19291
2727	17727
10304	25304
3723	18723
6549	21549
4052	19052
10087	25087
5107	20107
2990	17990
1349	16349
7042	22042
6410	21410
4121	19121
7101	22101
1453	16453
8963	23963
7200	22200
7266	22266
9951	24951
3672	18672
1855	16855
6320	21320
1429	16429
2102	17102
798	15798
6213	21213
890	15890
8410	23410
653	15653
10147	25147
7825	22825
1978	16978
799	15799
4468	19468
2000	17000
4598	19598
7406	22406
1383	16383
5154	20154
822	15822
7332	22332
686	15686
7814	22814
79	15079
5746	20746
1005	16005
2073	17073
1757	16757
1249	16249
6843	21843
7552	22552
1241	16241
618	15618
4367	19367
1722	16722
5012	20012
7091	22091
1729	16729
2782	17782
7690	22690
9263	24263
2250	17250
6711	21711
8825	23825
10070	25070
5073	20073
9070	24070
2687	17687
1521	16521
4671	19671
8657	23657
6623	21623
7068	22068
2707	17707
8531	23531
6259	21259
9056	24056
2626	17626
7499	22499
8933	23933
8481	23481
6944	21944
495	15495
8052	23052
511	15511
9830	24830
10495	25495
5686	20686
3728	18728
1280	16280
10459	25459
10192	25192
7462	22462
2233	17233
5323	20323
6508	21508
8947	23947
2397	17397
4105	19105
7067	22067
8137	23137
8784	23784
8040	23040
2376	17376
6327	21327
8886	23886
6572	21572
3686	18686
693	15693
1123	16123
1508	16508
4351	19351
4302	19302
7043	22043
4868	19868
657	15657
2458	17458
6752	21752
205	15205
186	15186
1622	16622
9701	24701
6066	21066
4821	19821
1043	16043
807	15807
5637	20637
4834	19834
169	15169
1713	16713
6109	21109
3006	18006
4813	19813
3697	18697
9459	24459
1716	16716
5013	20013
7523	22523
7618	22618
9851	24851
2114	17114
2969	17969
6103	21103
1234	16234
3356	18356
8012	23012
4157	19157
7734	22734
1965	16965
5083	20083
9164	24164
6953	21953
178	15178
8871	23871
8695	23695
1992	16992
1065	16065
8266	23266
4516	19516
10335	25335
2153	17153
3897	18897
312	15312
8081	23081
682	15682
2183	17183
3776	18776
463	15463
9052	24052
2427	17427
8449	23449
7848	22848
1298	16298
8957	23957
5532	20532
4077	19077
5668	20668
2584	17584
6990	21990
8577	23577
8989	23989
3864	18864
6027	21027
5488	20488
6230	21230
4214	19214
6635	21635
9036	24036
5793	20793
4055	19055
3556	18556
308	15308
4100	19100
3720	18720
10497	25497
1735	16735
363	15363
6708	21708
9956	24956
155	15155
5987	20987
1433	16433
9122	24122
3872	18872
7445	22445
10305	25305
10081	25081
4567	19567
7116	22116
9699	24699
7369	22369
5428	20428
3216	18216
9371	24371
7478	22478
7893	22893
146	15146
1003	16003
7178	22178
2601	17601
6902	21902
8426	23426
8021	23021
2378	17378
7398	22398
9452	24452
9854	24854
1977	16977
5096	20096
4434	19434
8714	23714
9562	24562
1821	16821
8344	23344
8371	23371
1903	16903
3042	18042
4296	19296
952	15952
2087	17087
7833	22833
5934	20934
115	15115
4922	19922
7235	22235
7335	22335
5548	20548
3283	18283
9006	24006
1731	16731
8332	23332
3120	18120
4762	19762
7939	22939
1135	16135
9253	24253
10045	25045
7706	22706
2357	17357
7316	22316
3241	18241
1690	16690
8948	23948
7307	22307
2763	17763
9017	24017
8927	23927
8668	23668
7925	22925
6449	21449
6511	21511
10057	25057
8970	23970
4260	19260
5788	20788
5265	20265
9327	24327
4229	19229
8774	23774
9622	24622
4226	19226
10291	25291
2752	17752
9594	24594
5317	20317
7182	22182
2799	17799
5361	20361
4274	19274
4244	19244
9836	24836
5170	20170
864	15864
10174	25174
4149	19149
2380	17380
2564	17564
1961	16961
8355	23355
6268	21268
3849	18849
8279	23279
4031	19031
8992	23992
3389	18389
5482	20482
2844	17844
2174	17174
5876	20876
7107	22107
593	15593
9322	24322
8264	23264
2631	17631
824	15824
6300	21300
7020	22020
4863	19863
9307	24307
9395	24395
5337	20337
6749	21749
347	15347
5053	20053
9711	24711
6430	21430
8874	23874
1795	16795
5447	20447
10484	25484
861	15861
2421	17421
7414	22414
7871	22871
206	15206
3446	18446
7395	22395
10341	25341
9758	24758
5473	20473
1608	16608
866	15866
9667	24667
7829	22829
6741	21741
7635	22635
720	15720
1494	16494
2419	17419
2005	17005
10250	25250
10132	25132
5555	20555
1418	16418
10442	25442
3548	18548
5619	20619
10491	25491
3981	18981
5944	20944
3976	18976
3029	18029
10236	25236
5503	20503
2236	17236
8160	23160
7430	22430
3326	18326
8892	23892
4230	19230
7439	22439
8005	23005
9154	24154
7360	22360
4650	19650
5099	20099
4775	19775
1098	16098
4448	19448
8749	23749
8257	23257
450	15450
1864	16864
1097	16097
8694	23694
5445	20445
6467	21467
10028	25028
5082	20082
3455	18455
44	15044
2291	17291
7227	22227
6159	21159
924	15924
1386	16386
905	15905
4705	19705
5123	20123
944	15944
988	15988
9861	24861
7883	22883
1591	16591
7071	22071
3053	18053
161	15161
5771	20771
11	15011
7958	22958
2086	17086
8428	23428
4887	19887
2742	17742
8283	23283
3874	18874
10406	25406
10156	25156
2020	17020
369	15369
5128	20128
2548	17548
3275	18275
8493	23493
2728	17728
7436	22436
5841	20841
6633	21633
4595	19595
925	15925
794	15794
9640	24640
2895	17895
1877	16877
2663	17663
9698	24698
2121	17121
1152	16152
7361	22361
4920	19920
5671	20671
9398	24398
8820	23820
4790	19790
6713	21713
6957	21957
9925	24925
6573	21573
9165	24165
4867	19867
4251	19251
8835	23835
10269	25269
8455	23455
5565	20565
2095	17095
6845	21845
9255	24255
1648	16648
4787	19787
956	15956
4525	19525
4736	19736
137	15137
2459	17459
1788	16788
2282	17282
5439	20439
5864	20864
4008	19008
9438	24438
1504	16504
5299	20299
2774	17774
4940	19940
6337	21337
6356	21356
5074	20074
5837	20837
5863	20863
6656	21656
7377	22377
4612	19612
9408	24408
181	15181
10468	25468
1338	16338
8467	23467
2864	17864
153	15153
8110	23110
9103	24103
8202	23202
5474	20474
3614	18614
2935	17935
4968	19968
7944	22944
3719	18719
1146	16146
5657	20657
8306	23306
5183	20183
9223	24223
8597	23597
2724	17724
5684	20684
3056	18056
6486	21486
9171	24171
445	15445
2775	17775
4741	19741
4220	19220
759	15759
2015	17015
6192	21192
5246	20246
10290	25290
661	15661
6787	21787
4778	19778
221	15221
3420	18420
8671	23671
7880	22880
2157	17157
8383	23383
6820	21820
2750	17750
2442	17442
9839	24839
7597	22597
5272	20272
3062	18062
4584	19584
8762	23762
3495	18495
6309	21309
9885	24885
5031	20031
6266	21266
3161	18161
6657	21657
3603	18603
2175	17175
802	15802
10472	25472
1552	16552
7542	22542
6512	21512
23	15023
4934	19934
3138	18138
7781	22781
4577	19577
7688	22688
814	15814
8990	23990
2223	17223
4085	19085
7364	22364
6839	21839
4324	19324
5469	20469
8499	23499
8842	23842
8316	23316
8262	23262
2677	17677
8834	23834
8691	23691
2361	17361
3219	18219
4454	19454
8445	23445
3658	18658
2908	17908
3109	18109
6814	21814
1500	16500
7927	22927
5691	20691
4738	19738
6704	21704
4222	19222
283	15283
52	15052
2062	17062
2287	17287
9201	24201
8346	23346
2168	17168
6533	21533
215	15215
9012	24012
5512	20512
1031	16031
8596	23596
9549	24549
7912	22912
10466	25466
3863	18863
5120	20120
6821	21821
5880	20880
2598	17598
9617	24617
4492	19492
5522	20522
3235	18235
2050	17050
5345	20345
9757	24757
6614	21614
2142	17142
10284	25284
4609	19609
4000	19000
10042	25042
3583	18583
6638	21638
1870	16870
8064	23064
7183	22183
9720	24720
6062	21062
1720	16720
1897	16897
7620	22620
8133	23133
2772	17772
6068	21068
3767	18767
9321	24321
7696	22696
5481	20481
9111	24111
3293	18293
1182	16182
3194	18194
10177	25177
6178	21178
5420	20420
2002	17002
6073	21073
5537	20537
7604	22604
1957	16957
3799	18799
5245	20245
8547	23547
2247	17247
6494	21494
246	15246
2278	17278
9073	24073
1064	16064
9751	24751
1793	16793
1898	16898
5721	20721
3251	18251
5545	20545
1704	16704
4041	19041
1482	16482
10450	25450
8870	23870
7239	22239
7550	22550
7380	22380
2688	17688
286	15286
4034	19034
4536	19536
10072	25072
6251	21251
3149	18149
2505	17505
5489	20489
194	15194
9843	24843
642	15642
3524	18524
10431	25431
7727	22727
9311	24311
7913	22913
5382	20382
5940	20940
3052	18052
1492	16492
2898	17898
9511	24511
3873	18873
8929	23929
8284	23284
9271	24271
6542	21542
1030	16030
7716	22716
6363	21363
2623	17623
6113	21113
9185	24185
5800	20800
9634	24634
6460	21460
6197	21197
9099	24099
8553	23553
6415	21415
7150	22150
2024	17024
4666	19666
9607	24607
10164	25164
8438	23438
1874	16874
946	15946
1584	16584
4092	19092
4928	19928
8418	23418
7187	22187
7432	22432
133	15133
1802	16802
3139	18139
3497	18497
1317	16317
3290	18290
7923	22923
3335	18335
780	15780
4854	19854
2134	17134
8427	23427
9421	24421
6271	21271
2661	17661
986	15986
7863	22863
4208	19208
1206	16206
1178	16178
6744	21744
8978	23978
4748	19748
3192	18192
10332	25332
1331	16331
2496	17496
4433	19433
8310	23310
9399	24399
2093	17093
3338	18338
91	15091
2331	17331
2910	17910
387	15387
105	15105
2827	17827
1117	16117
1571	16571
4680	19680
2563	17563
3189	18189
7423	22423
8239	23239
3141	18141
3463	18463
6434	21434
2489	17489
6412	21412
9501	24501
671	15671
2964	17964
6037	21037
4809	19809
1875	16875
4406	19406
2482	17482
9407	24407
3812	18812
7841	22841
10316	25316
8174	23174
8726	23726
5273	20273
10313	25313
4665	19665
6521	21521
7198	22198
7451	22451
1321	16321
2562	17562
5486	20486
4543	19543
6862	21862
4167	19167
6061	21061
4576	19576
3359	18359
904	15904
3295	18295
2920	17920
1935	16935
5775	20775
5347	20347
3371	18371
3935	18935
3118	18118
157	15157
1387	16387
4893	19893
18	15018
7314	22314
6695	21695
3453	18453
765	15765
3991	18991
10093	25093
1258	16258
8546	23546
4596	19596
6345	21345
2274	17274
9906	24906
10331	25331
1603	16603
1033	16033
6673	21673
626	15626
7678	22678
9299	24299
8977	23977
1953	16953
5819	20819
2055	17055
9100	24100
775	15775
2532	17532
8649	23649
6135	21135
2528	17528
5360	20360
1209	16209
8303	23303
9242	24242
5892	20892
10387	25387
779	15779
8729	23729
9681	24681
712	15712
4087	19087
10321	25321
8280	23280
6063	21063
8555	23555
2498	17498
3833	18833
1489	16489
7220	22220
572	15572
5024	20024
2477	17477
4628	19628
5986	20986
7281	22281
692	15692
6052	21052
2432	17432
10389	25389
10176	25176
2300	17300
2974	17974
289	15289
9669	24669
672	15672
5283	20283
7250	22250
7259	22259
8340	23340
9351	24351
3028	18028
6321	21321
5590	20590
1450	16450
2290	17290
380	15380
2479	17479
3264	18264
6875	21875
9029	24029
6223	21223
3297	18297
700	15700
5069	20069
4601	19601
2338	17338
884	15884
1800	16800
5587	20587
8180	23180
9456	24456
4530	19530
6280	21280
8207	23207
9401	24401
5178	20178
9513	24513
4030	19030
995	15995
9932	24932
8173	23173
419	15419
5923	20923
310	15310
6162	21162
5161	20161
1685	16685
7064	22064
2125	17125
5868	20868
9976	24976
3574	18574
8630	23630
8833	23833
5185	20185
8199	23199
7873	22873
9494	24494
7981	22981
1127	16127
4960	19960
3157	18157
3041	18041
5531	20531
3401	18401
6306	21306
9654	24654
2881	17881
729	15729
9028	24028
1203	16203
10275	25275
10378	25378
3838	18838
4134	19134
10272	25272
5540	20540
5437	20437
5055	20055
26	15026
8196	23196
10308	25308
3622	18622
5900	20900
8502	23502
1643	16643
8868	23868
1721	16721
5020	20020
5840	20840
167	15167
1100	16100
7112	22112
1366	16366
5679	20679
8272	23272
5254	20254
10385	25385
7567	22567
1023	16023
2983	17983
6105	21105
7144	22144
2047	17047
9281	24281
1411	16411
3376	18376
3400	18400
7374	22374
6255	21255
4453	19453
928	15928
5549	20549
1646	16646
6763	21763
3279	18279
3649	18649
3339	18339
3458	18458
7059	22059
9451	24451
10221	25221
3429	18429
7815	22815
10232	25232
658	15658
10065	25065
8261	23261
500	15500
6556	21556
3659	18659
534	15534
3171	18171
4876	19876
2294	17294
4956	19956
2171	17171
3878	18878
4377	19377
7587	22587
1155	16155
9374	24374
2545	17545
7073	22073
5520	20520
4559	19559
3785	18785
869	15869
8805	23805
5550	20550
9284	24284
8686	23686
1835	16835
457	15457
4183	19183
3638	18638
9700	24700
6383	21383
7986	22986
9581	24581
4294	19294
4162	19162
4686	19686
396	15396
6222	21222
9277	24277
4138	19138
9898	24898
72	15072
5231	20231
1408	16408
4426	19426
985	15985
4884	19884
8793	23793
2298	17298
882	15882
5547	20547
1959	16959
806	15806
1893	16893
704	15704
8697	23697
3451	18451
5960	20960
5777	20777
664	15664
8741	23741
245	15245
9309	24309
5398	20398
5134	20134
8783	23783
3957	18957
6619	21619
9236	24236
4345	19345
2433	17433
8111	23111
5433	20433
4044	19044
9068	24068
1281	16281
6291	21291
3459	18459
2092	17092
252	15252
9568	24568
2833	17833
5596	20596
7206	22206
6773	21773
4753	19753
1763	16763
4172	19172
4517	19517
3567	18567
542	15542
2629	17629
4483	19483
224	15224
8682	23682
6733	21733
4998	19998
737	15737
8073	23073
5478	20478
1181	16181
2366	17366
7952	22952
7528	22528
1032	16032
8164	23164
3086	18086
3265	18265
4155	19155
4764	19764
4285	19285
165	15165
374	15374
9208	24208
1447	16447
5539	20539
3687	18687
863	15863
1095	16095
4050	19050
3521	18521
9840	24840
2809	17809
7453	22453
9235	24235
2349	17349
8319	23319
4416	19416
5606	20606
9065	24065
368	15368
2589	17589
4657	19657
5529	20529
147	15147
1149	16149
4502	19502
8157	23157
8203	23203
211	15211
10073	25073
2384	17384
7812	22812
10478	25478
10432	25432
8605	23605
7411	22411
8437	23437
1235	16235
3402	18402
1479	16479
8076	23076
5803	20803
2927	17927
6999	21999
3474	18474
427	15427
7740	22740
3304	18304
8128	23128
6248	21248
923	15923
9919	24919
5634	20634
5378	20378
1252	16252
4713	19713
627	15627
9224	24224
140	15140
10403	25403
3696	18696
1884	16884
1594	16594
6483	21483
2277	17277
4048	19048
2264	17264
9703	24703
2703	17703
6158	21158
9575	24575
10300	25300
1328	16328
429	15429
6185	21185
5207	20207
899	15899
1743	16743
9762	24762
7710	22710
3193	18193
1263	16263
3414	18414
4765	19765
9968	24968
2123	17123
330	15330
9573	24573
9495	24495
6123	21123
6443	21443
5205	20205
6003	21003
5640	20640
9592	24592
8433	23433
2985	17985
8924	23924
964	15964
2200	17200
6296	21296
1885	16885
9032	24032
1393	16393
6738	21738
3088	18088
7010	22010
5787	20787
1794	16794
3205	18205
1761	16761
2962	17962
10376	25376
8812	23812
1248	16248
2997	17997
5600	20600
1159	16159
10379	25379
6492	21492
5617	20617
5805	20805
758	15758
1202	16202
10161	25161
2662	17662
6187	21187
103	15103
4117	19117
8716	23716
3885	18885
10457	25457
4982	19982
7312	22312
3004	18004
9776	24776
963	15963
9431	24431
10226	25226
4059	19059
7850	22850
6493	21493
9915	24915
7640	22640
8446	23446
7384	22384
3750	18750
7201	22201
5865	20865
6620	21620
7860	22860
10240	25240
6667	21667
3563	18563
3347	18347
372	15372
699	15699
1443	16443
5338	20338
8312	23312
5709	20709
4942	19942
9481	24481
5907	20907
2216	17216
4936	19936
8187	23187
3612	18612
5562	20562
4128	19128
9890	24890
9796	24796
7181	22181
7937	22937
8448	23448
3030	18030
7576	22576
5659	20659
10044	25044
6925	21925
6180	21180
9608	24608
1948	16948
1547	16547
4625	19625
2625	17625
7978	22978
1213	16213
6461	21461
8768	23768
6582	21582
10483	25483
3057	18057
9884	24884
2009	17009
3070	18070
4679	19679
6714	21714
9923	24923
351	15351
2842	17842
5010	20010
8652	23652
6301	21301
3921	18921
9872	24872
3757	18757
6756	21756
7422	22422
9516	24516
4158	19158
7023	22023
6341	21341
4952	19952
8425	23425
4467	19467
109	15109
910	15910
9571	24571
9853	24853
8791	23791
2771	17771
7953	22953
7571	22571
625	15625
1391	16391
6606	21606
10274	25274
4020	19020
2152	17152
7460	22460
10363	25363
1451	16451
1573	16573
7599	22599
1499	16499
10078	25078
2513	17513
9434	24434
1538	16538
4240	19240
4677	19677
4440	19440
7479	22479
6900	21900
5413	20413
10419	25419
127	15127
9779	24779
1333	16333
5875	20875
6439	21439
6424	21424
5144	20144
294	15294
4038	19038
3625	18625
5692	20692
428	15428
2673	17673
209	15209
8017	23017
8731	23731
353	15353
2199	17199
3015	18015
1108	16108
2241	17241
1754	16754
1969	16969
6083	21083
1307	16307
6470	21470
4131	19131
7053	22053
1107	16107
6019	21019
9446	24446
54	15054
815	15815
3664	18664
2780	17780
839	15839
2101	17101
10480	25480
4335	19335
2465	17465
4004	19004
5309	20309
4911	19911
8698	23698
8888	23888
7830	22830
5256	20256
620	15620
78	15078
5608	20608
9198	24198
7118	22118
2856	17856
8545	23545
3514	18514
1517	16517
881	15881
1136	16136
5801	20801
5490	20490
2320	17320
9038	24038
4395	19395
6701	21701
10408	25408
5622	20622
107	15107
7930	22930
3684	18684
4993	19993
8939	23939
649	15649
4301	19301
7919	22919
3343	18343
9887	24887
3131	18131
681	15681
817	15817
6908	21908
367	15367
3552	18552
9098	24098
1562	16562
8336	23336
4562	19562
6477	21477
7990	22990
5670	20670
7207	22207
943	15943
9014	24014
436	15436
4037	19037
6899	21899
7114	22114
9653	24653
609	15609
6114	21114
688	15688
10334	25334
5790	20790
8648	23648
3887	18887
5286	20286
5889	20889
5212	20212
7243	22243
1656	16656
7320	22320
9173	24173
4766	19766
3255	18255
4232	19232
1937	16937
3831	18831
2457	17457
856	15856
3332	18332
2916	17916
1546	16546
2527	17527
9156	24156
8037	23037
1847	16847
8609	23609
10481	25481
6311	21311
4364	19364
1734	16734
4515	19515
7218	22218
10101	25101
4219	19219
5992	20992
940	15940
1069	16069
1490	16490
2471	17471
1529	16529
9888	24888
4192	19192
9787	24787
2410	17410
9147	24147
4759	19759
5342	20342
7548	22548
9189	24189
2671	17671
790	15790
4615	19615
4636	19636
9391	24391
1144	16144
5406	20406
9301	24301
4446	19446
2759	17759
9713	24713
4317	19317
2232	17232
3485	18485
8622	23622
6240	21240
783	15783
1818	16818
3303	18303
5390	20390
7103	22103
5781	20781
9358	24358
36	15036
10056	25056
9889	24889
808	15808
3517	18517
4236	19236
7838	22838
9448	24448
6504	21504
3998	18998
1941	16941
6622	21622
5838	20838
9488	24488
6947	21947
240	15240
6897	21897
1389	16389
5738	20738
4712	19712
6792	21792
7761	22761
7538	22538
10035	25035
9300	24300
6422	21422
2796	17796
7858	22858
9715	24715
3267	18267
8274	23274
4331	19331
9396	24396
4529	19529
8879	23879
1644	16644
1850	16850
7302	22302
1809	16809
4314	19314
2555	17555
6191	21191
7264	22264
10412	25412
6643	21643
5021	20021
5202	20202
7560	22560
10025	25025
840	15840
435	15435
5783	20783
6032	21032
2140	17140
7236	22236
5839	20839
124	15124
6598	21598
9116	24116
4228	19228
7199	22199
3656	18656
5002	20002
1834	16834
7551	22551
343	15343
3752	18752
317	15317
4451	19451
4505	19505
6269	21269
6975	21975
5041	20041
2848	17848
3409	18409
1440	16440
8100	23100
9293	24293
3439	18439
6421	21421
1684	16684
2116	17116
1639	16639
7793	22793
498	15498
3542	18542
8801	23801
6203	21203
9211	24211
9679	24679
10136	25136
9732	24732
6304	21304
2959	17959
5138	20138
207	15207
2222	17222
10154	25154
1576	16576
6915	21915
7134	22134
1826	16826
192	15192
4649	19649
1011	16011
2343	17343
2434	17434
5315	20315
5913	20913
1723	16723
3263	18263
5903	20903
4755	19755
2611	17611
7148	22148
4298	19298
8085	23085
5453	20453
5466	20466
9308	24308
5603	20603
4792	19792
1814	16814
2870	17870
9292	24292
7271	22271
2791	17791
9381	24381
532	15532
6501	21501
5683	20683
9410	24410
7482	22482
3900	18900
449	15449
9205	24205
7515	22515
6934	21934
3061	18061
6316	21316
7045	22045
1683	16683
10392	25392
8961	23961
1423	16423
1024	16024
3910	18910
6374	21374
67	15067
3541	18541
489	15489
488	15488
5998	20998
10098	25098
7173	22173
4855	19855
3272	18272
2154	17154
362	15362
3387	18387
1511	16511
3461	18461
2396	17396
7502	22502
6370	21370
4988	19988
8536	23536
8995	23995
8673	23673
7407	22407
4929	19929
4994	19994
8440	23440
6144	21144
8430	23430
8895	23895
1535	16535
10398	25398
17	15017
6025	21025
3025	18025
1304	16304
324	15324
1062	16062
8588	23588
3619	18619
480	15480
7867	22867
9222	24222
3712	18712
4358	19358
5415	20415
10367	25367
3868	18868
9997	24997
5006	20006
2048	17048
9649	24649
6781	21781
10441	25441
3027	18027
7157	22157
4213	19213
8318	23318
5320	20320
6002	21002
9121	24121
3051	18051
2108	17108
2046	17046
6047	21047
3181	18181
6621	21621
1967	16967
3185	18185
7964	22964
9251	24251
9687	24687
6281	21281
10371	25371
7613	22613
6390	21390
1133	16133
2531	17531
8209	23209
4611	19611
8435	23435
4810	19810
9127	24127
1678	16678
1355	16355
2705	17705
4190	19190
1424	16424
9865	24865
2211	17211
2515	17515
7468	22468
8615	23615
9386	24386
3274	18274
5151	20151
1425	16425
9676	24676
5043	20043
2905	17905
10338	25338
830	15830
5121	20121
816	15816
6803	21803
4995	19995
9187	24187
4456	19456
3727	18727
4645	19645
1595	16595
7338	22338
6350	21350
2302	17302
4313	19313
2520	17520
7188	22188
2189	17189
8244	23244
1427	16427
1994	16994
6362	21362
6349	21349
10391	25391
9086	24086
796	15796
3736	18736
6433	21433
3105	18105
10245	25245
2354	17354
3393	18393
4482	19482
677	15677
8904	23904
5068	20068
8442	23442
470	15470
7641	22641
9055	24055
8823	23823
9977	24977
216	15216
1963	16963
3296	18296
9197	24197
6435	21435
3489	18489
176	15176
1705	16705
2476	17476
5182	20182
2900	17900
9536	24536
2224	17224
1432	16432
5179	20179
7864	22864
7228	22228
4919	19919
4175	19175
2445	17445
3729	18729
8235	23235
4237	19237
4668	19668
10417	25417
9388	24388
7072	22072
6250	21250
4009	19009
10355	25355
2861	17861
5901	20901
3774	18774
5980	20980
4714	19714
8167	23167
7108	22108
1860	16860
6196	21196
8291	23291
7092	22092
527	15527
5947	20947
3110	18110
7076	22076
8177	23177
1357	16357
1604	16604
3362	18362
1904	16904
8914	23914
2080	17080
8369	23369
4802	19802
6107	21107
8614	23614
6128	21128
8851	23851
4660	19660
7433	22433
4365	19365
2194	17194
6141	21141
9109	24109
407	15407
4711	19711
8407	23407
6510	21510
3876	18876
2869	17869
5327	20327
804	15804
9283	24283
5057	20057
7464	22464
5389	20389
7417	22417
9328	24328
9169	24169
412	15412
8702	23702
6473	21473
5665	20665
10353	25353
7915	22915
4600	19600
10051	25051
8571	23571
5176	20176
7080	22080
3702	18702
8966	23966
7786	22786
7879	22879
5688	20688
6712	21712
4325	19325
8790	23790
3380	18380
9859	24859
1658	16658
1915	16915
3012	18012
10085	25085
6069	21069
6151	21151
2660	17660
9405	24405
6590	21590
536	15536
10210	25210
2738	17738
656	15656
326	15326
7084	22084
8626	23626
2817	17817
5952	20952
5579	20579
1452	16452
6333	21333
6425	21425
7772	22772
6537	21537
397	15397
4881	19881
269	15269
3379	18379
8341	23341
4288	19288
2088	17088
2504	17504
5072	20072
9237	24237
6315	21315
8011	23011
1779	16779
126	15126
7792	22792
5689	20689
6215	21215
3094	18094
266	15266
7931	22931
5718	20718
7336	22336
9042	24042
5371	20371
9551	24551
7769	22769
9624	24624
3248	18248
9190	24190
4061	19061
543	15543
5653	20653
1372	16372
9613	24613
9678	24678
2438	17438
3952	18952
395	15395
6398	21398
9657	24657
8737	23737
1120	16120
8254	23254
2414	17414
6560	21560
684	15684
4507	19507
5358	20358
338	15338
10148	25148
4858	19858
7471	22471
465	15465
1161	16161
740	15740
5928	20928
1177	16177
1134	16134
5942	20942
8972	23972
6453	21453
7553	22553
394	15394
3582	18582
8807	23807
5054	20054
9694	24694
3877	18877
10402	25402
1777	16777
8246	23246
6143	21143
7708	22708
547	15547
1228	16228
7779	22779
5902	20902
8569	23569
4485	19485
10140	25140
2986	17986
9367	24367
10234	25234
862	15862
2838	17838
5132	20132
4951	19951
10397	25397
8862	23862
7154	22154
4510	19510
7906	22906
2197	17197
9697	24697
10198	25198
5046	20046
750	15750
160	15160
5348	20348
8300	23300
6972	21972
2323	17323
9550	24550
4258	19258
31	15031
7728	22728
9195	24195
5650	20650
2491	17491
4166	19166
10499	25499
5039	20039
3699	18699
10249	25249
492	15492
5965	20965
1264	16264
2543	17543
8434	23434
10128	25128
8181	23181
3469	18469
6962	21962
474	15474
1218	16218
6916	21916
5001	20001
7024	22024
1038	16038
3718	18718
8817	23817
7224	22224
5288	20288
2097	17097
7496	22496
1906	16906
7186	22186
6685	21685
3961	18961
4474	19474
2383	17383
2364	17364
1928	16928
3661	18661
2335	17335
7976	22976
1035	16035
8206	23206
5314	20314
7290	22290
8152	23152
8004	23004
5760	20760
7044	22044
7469	22469
3629	18629
8222	23222
6056	21056
10307	25307
755	15755
10130	25130
3987	18987
6584	21584
7585	22585
3747	18747
2928	17928
3298	18298
6469	21469
1412	16412
1982	16982
6369	21369
151	15151
3825	18825
3150	18150
3949	18949
8320	23320
10306	25306
4564	19564
1943	16943
1426	16426
8370	23370
1345	16345
2350	17350
9435	24435
1530	16530
2709	17709
6137	21137
4747	19747
4575	19575
7929	22929
1220	16220
3135	18135
2192	17192
5814	20814
6747	21747
3781	18781
736	15736
929	15929
5871	20871
1869	16869
7164	22164
6277	21277
7541	22541
10141	25141
10260	25260
4224	19224
6936	21936
7500	22500
4352	19352
4018	19018
4592	19592
4001	19001
6880	21880
4673	19673
4272	19272
1037	16037
2902	17902
6654	21654
1385	16385
6981	21981
3591	18591
3013	18013
9220	24220
8934	23934
6885	21885
6009	21009
3969	18969
4557	19557
8020	23020
10259	25259
4535	19535
7087	22087
2452	17452
4185	19185
9129	24129
8315	23315
10211	25211
2874	17874
2051	17051
460	15460
7000	22000
5127	20127
3096	18096
417	15417
3234	18234
2418	17418
2485	17485
4445	19445
848	15848
8854	23854
1709	16709
9160	24160
6612	21612
391	15391
2466	17466
8951	23951
6532	21532
9389	24389
959	15959
6651	21651
5674	20674
9688	24688
10179	25179
6234	21234
8172	23172
8512	23512
8669	23669
3172	18172
4976	19976
10277	25277
4873	19873
12	15012
7119	22119
7962	22962
2137	17137
4241	19241
7065	22065
10440	25440
7193	22193
1711	16711
5436	20436
1361	16361
8417	23417
785	15785
9949	24949
5090	20090
6130	21130
7598	22598
6506	21506
8618	23618
611	15611
2146	17146
8813	23813
3397	18397
3653	18653
1406	16406
8720	23720
73	15073
5328	20328
10106	25106
4374	19374
268	15268
342	15342
1515	16515
3527	18527
4698	19698
8828	23828
5996	20996
7846	22846
702	15702
5359	20359
3124	18124
9420	24420
3165	18165
7693	22693
2034	17034
8764	23764
9200	24200
1833	16833
2514	17514
5983	20983
2769	17769
9995	24995
2326	17326
2702	17702
84	15084
6206	21206
3329	18329
6502	21502
1377	16377
538	15538
3516	18516
1819	16819
1346	16346
8388	23388
10030	25030
3002	18002
9123	24123
6458	21458
8664	23664
9903	24903
4026	19026
5167	20167
3820	18820
6720	21720
8472	23472
7342	22342
8115	23115
8786	23786
502	15502
3202	18202
6920	21920
6836	21836
4441	19441
8117	23117
1525	16525
7446	22446
9049	24049
604	15604
4526	19526
1028	16028
6918	21918
8240	23240
7431	22431
2449	17449
4189	19189
6332	21332
3373	18373
3924	18924
6536	21536
8802	23802
4393	19393
8574	23574
9265	24265
8255	23255
2725	17725
4062	19062
8125	23125
1311	16311
1381	16381
5827	20827
10222	25222
1121	16121
7231	22231
2605	17605
4794	19794
4039	19039
3119	18119
3503	18503
7973	22973
8910	23910
8059	23059
7175	22175
6719	21719
6571	21571
6041	21041
2507	17507
10110	25110
1717	16717
8412	23412
8416	23416
1314	16314
9414	24414
170	15170
2813	17813
7847	22847
5972	20972
4574	19574
645	15645
6559	21559
1497	16497
598	15598
2753	17753
2926	17926
8324	23324
2242	17242
1993	16993
7802	22802
3743	18743
6995	21995
10428	25428
9760	24760
7718	22718
3639	18639
4946	19946
5898	20898
7954	22954
10076	25076
1174	16174
3445	18445
9406	24406
8094	23094
4322	19322
9158	24158
6626	21626
8404	23404
3444	18444
4295	19295
8348	23348
3988	18988
8603	23603
7817	22817
3375	18375
9258	24258
4965	19965
7163	22163
8962	23962
3355	18355
4391	19391
4556	19556
1467	16467
719	15719
6768	21768
7796	22796
10203	25203
3577	18577
4661	19661
1187	16187
573	15573
926	15926
5385	20385
5925	20925
4281	19281
1265	16265
8241	23241
7506	22506
10144	25144
5764	20764
2683	17683
9295	24295
236	15236
599	15599
7669	22669
2945	17945
8229	23229
3353	18353
9862	24862
535	15535
5429	20429
6404	21404
9786	24786
4065	19065
7437	22437
41	15041
360	15360
4407	19407
6950	21950
3480	18480
7676	22676
2103	17103
2214	17214
4831	19831
809	15809
7742	22742
5244	20244
1619	16619
842	15842
5226	20226
5418	20418
10233	25233
3861	18861
7295	22295
8950	23950
9475	24475
3922	18922
5411	20411
4639	19639
7617	22617
7413	22413
8541	23541
1143	16143
7527	22527
3939	18939
993	15993
821	15821
2314	17314
10493	25493
5750	20750
8409	23409
5578	20578
4176	19176
2150	17150
7704	22704
9702	24702
5455	20455
1983	16983
6015	21015
1461	16461
9604	24604
9188	24188
6053	21053
6865	21865
9686	24686
2045	17045
3881	18881
8108	23108
4494	19494
9928	24928
2448	17448
3227	18227
9661	24661
5632	20632
10112	25112
1801	16801
2704	17704
4180	19180
7805	22805
4394	19394
8831	23831
514	15514
5682	20682
3136	18136
7891	22891
180	15180
608	15608
3011	18011
3626	18626
9765	24765
1578	16578
8814	23814
3790	18790
5601	20601
1021	16021
9811	24811
5604	20604
8014	23014
8036	23036
8965	23965
1784	16784
1484	16484
8864	23864
3867	18867
7330	22330
4103	19103
2933	17933
10052	25052
5724	20724
6098	21098
2363	17363
1145	16145
4843	19843
3888	18888
7974	22974
1886	16886
8687	23687
400	15400
2966	17966
6941	21941
3855	18855
8539	23539
8815	23815
837	15837
7816	22816
4850	19850
8858	23858
7512	22512
112	15112
163	15163
5612	20612
4343	19343
6662	21662
637	15637
8342	23342
2030	17030
4436	19436
4806	19806
8958	23958
9845	24845
40	15040
2565	17565
5730	20730
10482	25482
7009	22009
10113	25113
4798	19798
2977	17977
5951	20951
8333	23333
3260	18260
6021	21021
9248	24248
8709	23709
3268	18268
3615	18615
9108	24108
3200	18200
7283	22283
4795	19795
1139	16139
9522	24522
1866	16866
6163	21163
1373	16373
810	15810
1382	16382
6450	21450
7956	22956
7666	22666
3907	18907
7383	22383
301	15301
2382	17382
3594	18594
2021	17021
7232	22232
6495	21495
2996	17996
3963	18963
5194	20194
3133	18133
9366	24366
1099	16099
9696	24696
4299	19299
4524	19524
7136	22136
8043	23043
4839	19839
5891	20891
3703	18703
1402	16402
2341	17341
37	15037
8560	23560
3341	18341
5955	20955
3551	18551
1086	16086
1039	16039
10464	25464
10415	25415
2464	17464
8270	23270
6961	21961
1084	16084
3815	18815
7910	22910
7627	22627
9798	24798
6728	21728
9984	24984
4694	19694
1537	16537
4070	19070
4165	19165
9937	24937
6216	21216
9648	24648
10328	25328
10407	25407
5994	20994
4371	19371
7731	22731
4297	19297
2411	17411
4847	19847
7184	22184
5715	20715
7401	22401
8540	23540
7229	22229
811	15811
3770	18770
9003	24003
8623	23623
7133	22133
9726	24726
3392	18392
6060	21060
271	15271
2454	17454
7197	22197
4415	19415
3666	18666
9755	24755
3717	18717
2991	17991
9241	24241
354	15354
9970	24970
9897	24897
5049	20049
398	15398
1832	16832
4987	19987
6391	21391
5690	20690
3477	18477
346	15346
6786	21786
2615	17615
9067	24067
7298	22298
8476	23476
1565	16565
1459	16459
1868	16868
1536	16536
8678	23678
9443	24443
9089	24089
8524	23524
4476	19476
81	15081
6848	21848
10477	25477
3624	18624
8744	23744
1817	16817
6716	21716
9	15009
9432	24432
94	15094
1894	16894
4579	19579
8713	23713
1185	16185
6239	21239
1251	16251
7129	22129
4974	19974
6072	21072
590	15590
1201	16201
8693	23693
10373	25373
4767	19767
6715	21715
6983	21983
6095	21095
10183	25183
10299	25299
4132	19132
9533	24533
3372	18372
1094	16094
4803	19803
9725	24725
3483	18483
8612	23612
560	15560
7467	22467
5177	20177
8281	23281
8776	23776
9120	24120
10473	25473
7876	22876
3167	18167
10135	25135
6780	21780
8667	23667
8550	23550
6106	21106
1444	16444
9945	24945
1736	16736
4726	19726
550	15550
7685	22685
9514	24514
10343	25343
490	15490
6879	21879
9074	24074
10463	25463
8161	23161
4387	19387
6727	21727
6133	21133
1856	16856
10429	25429
8400	23400
2721	17721
4774	19774
3947	18947
7660	22660
2516	17516
9097	24097
1240	16240
5042	20042
7007	22007
6338	21338
1261	16261
320	15320
2401	17401
5899	20899
8912	23912
744	15744
8381	23381
3078	18078
1319	16319
3277	18277
1476	16476
7920	22920
6817	21817
3218	18218
9382	24382
2667	17667
3584	18584
6126	21126
6455	21455
8146	23146
2633	17633
5897	20897
7644	22644
5599	20599
5333	20333
1496	16496
2324	17324
4812	19812
3955	18955
4328	19328
8703	23703
2664	17664
3677	18677
8845	23845
1804	16804
7760	22760
244	15244
4487	19487
5554	20554
10048	25048
6319	21319
584	15584
6813	21813
3835	18835
3805	18805
8984	23984
5484	20484
7426	22426
4028	19028
7475	22475
1430	16430
1655	16655
5747	20747
8414	23414
6732	21732
4728	19728
2612	17612
5047	20047
731	15731
4674	19674
275	15275
4156	19156
2478	17478
6313	21313
7345	22345
782	15782
1358	16358
454	15454
9153	24153
7932	22932
10467	25467
1913	16913
8611	23611
8635	23635
5425	20425
6030	21030
8838	23838
9597	24597
1080	16080
6124	21124
7711	22711
9135	24135
6674	21674
6988	21988
5091	20091
415	15415
10266	25266
6275	21275
7750	22750
5966	20966
7373	22373
1172	16172
2330	17330
8680	23680
4734	19734
1946	16946
5782	20782
7058	22058
425	15425
8743	23743
5933	20933
7681	22681
2834	17834
7223	22223
4534	19534
8191	23191
3915	18915
406	15406
10372	25372
439	15439
4824	19824
6878	21878
5772	20772
6418	21418
3808	18808
2480	17480
5551	20551
520	15520
9548	24548
9647	24647
9683	24683
3913	18913
4168	19168
3869	18869
754	15754
1015	16015
3426	18426
4486	19486
1226	16226
8018	23018
10060	25060
8674	23674
4206	19206
8900	23900
2169	17169
3679	18679
6873	21873
7356	22356
8415	23415
3992	18992
9318	24318
7324	22324
5845	20845
8999	23999
5269	20269
3940	18940
4725	19725
2749	17749
6331	21331
8271	23271
5853	20853
3646	18646
10271	25271
2618	17618
9145	24145
8343	23343
9096	24096
6438	21438
3759	18759
3508	18508
5303	20303
6996	21996
8533	23533
7607	22607
3652	18652
9850	24850
5235	20235
