10305	226	583
10305	159	583
10305	205	7267
25305	414	15583
25305	330	15583
25305	284	22267
0	0	0
5820	226	14534
5820	75	13300
5820	4	5702
20820	414	29534
20820	311	28300
20820	296	20702
0	0	0
7175	200	4540
7175	145	649
7175	159	649
22175	310	19540
22175	364	15649
22175	330	15649
0	0	0
2030	78	13634
2030	225	12034
12034	151	2030
17030	344	28634
17030	267	27034
27034	368	17030
0	0	0
7433	226	8342
22433	414	23342
0	0	0
1162	226	2449
1162	145	2449
16162	414	17449
16162	364	17449
0	0	0
5061	226	12157
5061	205	5069
5061	4	7373
20061	414	27157
20061	284	20069
20061	296	22373
0	0	0
7656	75	244
3307	75	244
12521	75	244
22254	311	15244
18599	311	15244
27521	311	15244
0	0	0
9462	226	199
12311	226	199
1218	226	199
24462	414	15199
27311	414	15199
16218	414	15199
0	0	0
6766	169	3612
4066	169	3612
12080	169	3612
15908	411	18612
19066	411	18612
27080	411	18612
0	0	0
3713	78	10208
12578	78	10208
18713	344	25208
27578	344	25208
0	0	0
14209	189	3200
3814	78	3200
5263	78	3200
29209	344	18200
19402	344	18200
20263	344	18200
0	0	0
4338	48	3638
4899	48	3638
14140	48	3638
19338	381	18638
19899	381	18638
29140	381	18638
0	0	0
2771	4	13968
2771	48	4116
2771	75	12531
17771	296	28968
17771	381	19116
17771	304	27531
0	0	0
5770	225	13583
13583	151	5770
5770	20	850
20770	267	28583
28583	368	20770
20770	321	15850
0	0	0
1822	160	1877
3278	160	1877
16822	351	16877
16822	351	16877
0	0	0
8272	169	2036
141	169	2036
1741	169	2036
23272	411	17036
15141	411	17036
16741	411	17036
0	0	0
7307	205	4190
8139	205	4190
6733	205	4190
22307	284	19190
23139	284	19190
21733	284	19190
0	0	0
12428	169	4928
6772	159	4928
6772	48	4928
27428	411	19928
21772	330	19928
21772	381	19928
0	0	0
1457	160	3904
16457	271	25350
0	0	0
6109	226	12121
6109	205	10113
21109	414	27121
21109	284	25113
0	0	0
8916	151	7497
7497	20	14815
23916	368	22497
22497	321	29815
0	0	0
9844	75	12531
24844	311	27531
0	0	0
8803	230	5618
8803	230	2153
8803	160	14674
23803	271	20618
23803	271	17153
23803	351	29674
0	0	0
6156	41	7000
6156	46	2733
6156	160	3217
21156	248	22000
21156	362	17733
21156	351	18217
0	0	0
9340	226	4611
9340	205	1286
24340	414	19611
24340	284	16286
0	0	0
501	53	8573
501	62	2075
501	193	7083
15501	377	17075
15501	377	17075
15501	336	22083
0	0	0
5290	145	1284
5290	159	1284
5290	205	10008
20290	364	16284
20290	330	16284
20290	284	25008
0	0	0
13834	145	8988
3720	78	8988
4296	78	8988
28834	284	23988
18720	344	23988
19296	344	23988
0	0	0
0	0	0
32	226	14534
32	169	3176
32	226	4611
15032	414	29534
15032	411	18176
15032	414	19611
0	0	0
6412	226	13328
21412	414	28328
0	0	0
2166	75	2401
9492	75	2401
2836	75	2401
24675	311	17401
24492	304	17401
17836	311	17401
0	0	0
8666	49	10371
8666	41	8571
23666	410	25371
23666	248	23571
0	0	0
890	154	4884
890	156	4485
890	168	14256
15890	284	19884
15890	303	19485
15890	269	29256
0	0	0
4344	226	2442
7259	226	2442
2442	160	6158
19344	414	17442
22259	414	17442
17442	351	21158
0	0	0
4836	226	8820
4836	226	507
4836	226	14217
19836	414	23820
19836	414	15507
19836	414	29217
0	0	0
9553	159	9979
7828	159	9979
6256	159	9979
21256	330	24979
22828	330	24979
21256	330	24979
0	0	0
7289	159	1993
7289	48	1993
1993	16	2777
22289	330	16993
22289	381	16993
16993	384	17777
0	0	0
5144	78	14193
13054	225	5144
5144	151	13054
20144	344	29193
28054	267	20144
20144	368	28054
0	0	0
5898	226	5747
14473	226	5747
6728	226	5747
20898	414	20747
29473	414	20747
21728	414	20747
0	0	0
14124	169	4727
985	169	4727
7937	169	4727
29124	411	19727
15985	411	19727
22937	411	19727
0	0	0
7731	151	14149
14149	225	7731
22731	368	29149
29149	267	22731
0	0	0
8845	160	816
23845	351	15816
0	0	0
1328	115	6253
16328	343	21253
0	0	0
5234	226	4221
5876	226	4221
7303	226	4221
20234	414	19221
20876	414	19221
22303	414	19221
0	0	0
3940	42	4593
3940	156	1515
18940	250	20350
18940	303	16515
0	0	0
8244	160	7942
14964	160	7942
9792	160	7942
23244	351	22942
29964	351	22942
24792	351	22942
0	0	0
13228	41	6306
14662	41	6306
28228	248	21306
29662	248	21306
0	0	0
3697	226	8464
3697	226	8649
3697	75	9232
18697	414	23464
18697	414	23649
18697	386	20618
0	0	0
3460	78	3162
3937	48	3162
7281	78	3162
22281	344	18162
18937	344	18162
22281	344	18162
0	0	0
378	226	8910
4258	226	8910
13790	226	8910
15378	414	23910
19258	414	23910
28790	414	23910
0	0	0
6227	78	7847
2825	78	7847
13989	78	7847
21227	344	22847
17825	344	22847
28989	344	22847
0	0	0
8633	144	9003
8633	156	12519
8633	144	12519
23633	294	24003
23633	303	27519
23633	294	27519
0	0	0
9287	160	1260
216	226	9287
9271	226	9287
24287	271	16260
15216	414	24287
24271	414	24287
0	0	0
1915	20	14221
476	151	1915
1915	225	476
16915	321	29221
15476	368	16915
16915	267	15476
0	0	0
5023	33	2844
20023	290	17844
0	0	0
216	226	827
216	226	9287
216	226	10315
15216	414	15827
15216	414	24287
15216	414	25315
0	0	0
4474	169	8131
4474	226	1826
19474	411	23131
19474	414	16826
0	0	0
1207	226	12769
1207	226	5830
16207	414	27769
16207	414	20830
0	0	0
1791	226	9092
1791	4	3864
1791	48	14010
16791	414	24092
16791	296	18864
16791	381	29010
0	0	0
5401	20	1269
13643	20	1269
12006	20	1269
16671	321	16269
28643	321	16269
27006	321	16269
0	0	0
4231	159	3766
4231	4	8556
4231	205	7902
19231	330	18766
19231	296	23556
19231	284	22902
0	0	0
9973	125	7797
2153	183	7797
249	125	7797
24057	409	22797
17153	354	22797
20210	409	22797
0	0	0
13908	226	4911
153	226	4911
4911	16	5872
28908	414	19911
15153	414	19911
19911	384	20872
0	0	0
1192	20	94
9060	20	94
5038	20	94
23310	321	15094
24060	321	15094
24325	321	15094
0	0	0
2123	78	13566
17123	344	28566
0	0	0
8502	226	6918
8502	226	8902
23502	414	21918
23502	414	23902
0	0	0
7229	226	13803
7229	75	2401
7229	4	12906
22229	414	28803
22229	311	17401
22229	296	27906
0	0	0
14216	205	7226
3540	205	7226
5715	205	7226
29216	284	22226
18540	284	22226
20715	284	22226
0	0	0
1071	205	4096
1071	169	2569
1071	4	8318
16071	284	19096
16071	411	17569
16071	296	23318
0	0	0
1393	48	14011
1393	4	2349
1393	48	5969
16393	381	29011
16393	296	17349
16393	381	20969
0	0	0
700	159	968
700	48	968
700	226	9111
15700	330	15968
15700	381	15968
15700	414	24111
0	0	0
4244	48	4434
12591	222	4434
5805	222	4434
19244	381	19434
27591	341	19434
20805	341	19434
0	0	0
6719	168	14940
6719	53	6136
21719	269	29940
21719	250	21136
0	0	0
9460	226	47
14475	226	47
10038	48	47
24460	414	15047
29475	414	15047
25038	381	15047
0	0	0
2967	4	12312
2967	75	13300
17967	296	27312
17967	304	28300
0	0	0
6103	226	6324
6103	226	6456
6103	226	5547
21103	414	21324
21103	414	21456
21103	414	20547
0	0	0
8246	49	5503
23246	410	20503
0	0	0
4756	168	7072
13396	168	7072
1801	168	7072
19756	269	22072
28396	269	22072
16801	269	22072
0	0	0
1087	226	12240
1087	226	13164
1087	226	7239
16087	414	27240
16087	414	28164
16087	414	22239
0	0	0
4767	160	1992
1559	226	4767
19767	351	16992
16559	414	19767
0	0	0
299	226	12087
299	159	3765
15299	414	27087
15299	330	18765
0	0	0
3797	159	6472
3797	226	9410
18797	330	21472
18797	414	24410
0	0	0
782	169	4936
782	226	5907
782	205	4190
15782	411	19936
15782	414	20907
15782	284	19190
0	0	0
10166	160	3718
25166	351	18718
0	0	0
5298	4	1258
7193	4	1258
6887	4	1258
20298	296	16258
22193	296	16258
19674	296	16258
0	0	0
7154	205	8741
9631	145	8741
836	145	8741
22154	284	23741
17010	284	23741
17010	284	23741
0	0	0
5758	42	14245
5758	156	4451
20758	250	29245
20758	303	19451
0	0	0
14563	20	206
269	20	206
29563	321	15206
15269	321	15206
0	0	0
2029	226	9317
2029	205	12631
2029	226	4807
17029	414	24317
17029	284	27631
17029	414	19807
0	0	0
4832	226	4269
4331	51	4832
7693	51	4832
19832	414	20663
19331	416	19832
22693	416	19832
0	0	0
2382	145	4323
2382	4	8667
17382	364	19323
17382	296	23667
0	0	0
2069	194	1608
17069	274	16608
0	0	0
10338	4	13704
10338	226	798
25338	296	28704
25338	414	15798
0	0	0
9640	33	340
9640	33	3551
9640	139	3551
24640	290	15340
24640	290	18551
24640	397	18551
0	0	0
4738	75	12531
4738	4	1928
4738	145	7548
19738	311	27531
19738	296	16928
19738	364	22548
0	0	0
1824	159	12050
12561	225	1824
1824	151	12561
16824	330	27050
27561	267	16824
16824	368	27561
0	0	0
1213	4	13704
1213	226	7984
1213	226	5547
16213	296	28704
16213	414	22984
16213	414	20547
0	0	0
10260	75	9836
10260	226	6370
25260	311	24836
25260	414	21370
0	0	0
