7170	16739
4696	23100
8287	20686
5423	22738
6014	18215
4187	15272
5394	21375
5213	24027
2761	20574
5675	15396
555	15644
7611	23595
3148	24151
6829	20949
8526	22944
1580	25117
8769	16896
411	18028
6087	25237
5160	17934
918	16068
1230	19614
6974	24246
1250	19581
7656	22254
4997	21040
7572	17633
7700	16991
2261	20602
1682	24904
6387	18133
5757	19298
6186	23852
7247	22877
5716	22309
4124	24261
7535	21779
4749	20104
10479	17226
10170	20574
3735	23506
9347	17450
5344	21334
278	16413
4029	18023
7412	25263
9543	18983
2654	25413
10252	17346
5815	21465
10446	24152
9273	23088
2228	25350
6171	15685
1776	23535
4148	22870
5125	19540
6550	22651
9820	19402
5641	20251
3350	22347
1827	16132
4127	16417
1029	18508
6564	17855
265	21618
1025	16988
9515	18672
8504	17513
770	22556
7146	24966
350	15862
6683	23209
980	23249
5693	20636
3005	18875
4503	22070
10286	20855
5553	23534
1918	17922
6884	17086
3604	23507
5593	23110
4276	21296
1478	17883
4980	16619
86	18759
3196	20222
5922	17077
2893	17437
8808	25263
7614	15114
7434	21659
5656	16076
3794	24673
6964	15710
6563	23563
10365	24133
9826	23627
3305	24135
1464	18761
3596	24107
8042	16259
4501	20495
10433	22950
10356	24145
8387	21889
10046	22889
1223	24219
9866	15571
8782	19298
8067	21502
4072	19245
10050	20527
5241	19189
3580	18306
4783	18253
8830	16924
7210	16295
8725	22687
5975	18896
1070	23568
6358	21861
1056	21257
10190	19567
3504	19584
3814	19402
2923	20618
9426	17840
8215	24272
1861	24205
10229	25290
5491	19960
9360	25350
761	15357
8041	22278
6462	24448
5346	16167
8706	20618
8054	20151
1782	20889
5611	24751
5536	22286
1945	18168
4761	18810
1790	23238
4163	22727
4758	16077
2732	25341
5769	20064
7741	24684
4966	20312
10040	21201
183	16260
9842	20030
7648	21585
3754	19916
9767	24394
3550	16727
5765	23941
4341	20718
10396	21560
9510	16882
1507	17603
5157	22757
8928	16151
8941	17858
9926	15497
10014	15226
3777	17778
2793	16214
3314	18102
4986	24701
8145	18884
6361	23494
6046	25371
1748	21987
2717	24286
4523	18795
4188	23048
4465	15418
7675	18019
7637	25463
2245	24530
9935	22941
7559	24508
6161	23569
4588	18890
5230	17051
1491	15741
98	20742
7	21185
7543	15579
2972	25404
9260	21822
1420	21070
2523	17282
8454	25211
6408	18114
7532	19813
8684	22941
2578	23681
6080	20460
4638	19338
4811	17383
4967	23434
2270	17611
4841	15795
8217	23633
5335	15957
4094	17780
5025	15112
7353	17266
2225	21015
2310	16289
9569	19316
930	18178
5476	22809
9999	22366
939	22934
3472	22803
5630	15723
9668	22791
10134	19085
9182	24826
10041	16529
2453	17109
10451	22014
7943	21985
8285	18219
8537	15466
8565	24563
2255	21331
9355	19932
1454	20225
6833	24314
1815	17087
2007	21029
7699	22999
7546	16836
3931	24786
35	23747
8837	21364
1268	20618
6065	15003
8252	20320
1647	16535
8620	17893
6895	16836
3024	16666
1327	20103
5040	20681
8639	23047
566	17220
5797	23515
9880	16176
2313	15327
1956	20139
10138	18745
820	24227
6808	19881
59	19119
7466	24377
6832	16713
3258	18505
1171	22016
4527	23408
1806	21391
4357	23879
10167	15588
9252	24964
5124	17680
5510	21851
10064	17662
2292	21299
4708	19292
4304	15233
3250	23948
4207	21522
334	17365
835	22268
8627	20471
3975	22078
5465	19200
8508	19427
8019	21718
1415	20816
6437	17790
3919	15728
7780	18067
7253	24349
4340	16534
479	15468
9150	23106
4619	22378
1343	22507
7153	15641
5993	25258
9695	23132
2355	19700
3360	22203
325	16378
9294	15535
10247	24059
7565	21102
5563	20477
9986	18191
10196	16581
786	18912
3230	18691
1140	21636
5984	19527
9972	21769
7665	15873
3871	20267
4909	20930
3071	17456
1354	23410
9194	23955
6102	17551
9544	24049
8490	17863
8736	20312
8634	16897
3865	20885
2352	19069
6948	25189
5139	20789
2426	21158
1458	16682
442	15361
6476	18054
5008	22791
3926	21296
168	22704
999	22239
4205	21187
7257	16749
2784	21709
2257	18116
256	24602
1266	22796
655	15755
3322	17005
10496	22002
4248	25460
9741	18706
4197	22591
7683	23047
1068	15579
8046	21259
7821	20850
8456	19992
3065	25263
947	25263
5472	19861
9623	19926
8378	21665
2388	15735
1645	15978
3627	24944
5268	20350
2581	18508
9797	24159
503	25391
3137	16175
5434	20333
4917	17183
7726	21893
6650	24083
7180	18453
4280	16261
2218	18093
3734	15554
4506	17712
8330	23758
4339	23523
1514	15843
10489	19075
7795	21991
8632	16272
8286	24660
833	21493
4903	19233
4379	17763
10370	21861
5621	23654
2386	23357
6225	15316
3206	24505
5509	18413
1176	25465
5849	16260
724	19292
6142	21881
9946	19468
7940	24529
5524	15409
3287	15953
2446	21254
8277	21486
2865	16080
3630	16725
5963	18223
2203	17831
1688	24083
1189	23078
7425	21858
5591	21201
6801	23523
7626	20730
2439	17798
8983	21471
9561	15294
1446	17086
9140	21591
10333	16138
7889	20618
7379	23723
55	17295
10197	23317
3385	24964
575	16541
7120	15322
5939	21848
10289	17633
5573	16221
10273	16801
5059	18386
2596	22155
6952	21784
955	22928
9735	19356
5828	24786
376	21901
451	19473
9795	18593
7877	24694
8245	20460
8985	18732
5946	24792
2481	19747
8867	15322
2826	17239
7588	21317
7525	16122
9262	21373
6290	17077
10399	16476
8522	24803
66	17427
1952	22163
4154	25378
2186	24844
7487	18034
9801	16162
7192	24911
523	15327
5188	18927
5190	19573
7894	17022
473	23666
1318	19053
5859	22570
2127	22387
9909	25080
2981	15400
8205	15899
4581	23672
10055	22853
4424	18362
2622	22149
9362	15501
696	22397
8971	16966
1063	18817
1697	17153
965	16750
4541	16542
2794	15779
9892	23047
7948	18184
1954	21424
7205	17427
1407	25473
2329	16766
4504	16898
7522	21560
6229	19495
6830	22957
3993	19632
10201	24507
57	19477
3419	25045
404	16204
8001	21959
2424	18936
4597	18672
1973	15714
10357	24569
3996	22838
5786	22196
34	17764
10458	17446
2472	17513
7047	17808
3946	20499
4471	22853
6854	24278
6272	18408
5988	22441
9370	19596
7217	23163
8788	24457
7450	15958
8394	16194
9633	17157
3758	23859
9529	24314
2637	23848
4583	23728
7582	20987
1799	22485
8507	15269
8231	16847
8347	22284
247	18320
773	23554
4073	18945
3112	19726
4193	17333
6145	19471
9467	23597
508	17154
242	21102
5131	18320
5451	23435
3884	17931
144	18115
9387	19189
9394	22989
6655	25258
314	23186
8581	16836
1277	17730
9091	18924
1324	18251
5558	16766
5111	16067
9418	20618
8599	15236
6347	15697
5505	19510
7252	24500
8672	17470
9323	17461
4996	24786
1674	16211
5162	15299
1199	23990
2770	25162
6036	15116
8542	22350
2136	19617
3473	23695
8022	22261
8748	23373
4856	15308
3085	23728
3609	18926
1634	17089
865	24306
6059	18025
10097	17861
2240	21193
967	24023
4369	19602
33	24385
7619	19755
5705	25199
2358	22313
5740	15735
812	18114
1153	17662
679	24869
4114	17087
10243	24274
7852	18289
6544	16917
4422	19611
4261	25481
7349	21122
9586	19083
7357	17288
9084	22443
9390	25117
9785	15707
9651	22561
913	25481
675	16392
6603	15693
6499	23446
217	18817
8909	19750
8896	22422
4464	15097
9392	15316
2556	21493
7343	15256
639	21061
4910	23811
9375	20536
1192	23310
4273	16575
6419	24068
8844	23671
10287	17202
585	18720
4079	17934
2741	16260
259	21452
8026	21301
4970	16931
6721	25292
3074	17726
8956	18573
2328	23047
5464	19542
6987	21961
478	15023
9753	24808
4683	17437
9059	18375
1468	23178
1214	17793
9673	21055
7570	18902
1679	15727
2754	19959
10104	23375
9338	16672
7758	25340
6907	22060
6677	25193
4428	22112
3170	18690
345	23352
9530	24738
2980	17028
7351	24256
7325	15660
10248	18274
2922	18200
9714	24540
6518	19312
2130	20759
3113	17958
4198	24107
8683	25215
4262	24181
5498	20104
5620	17619
3613	20889
9705	17521
5174	24895
6853	21750
5802	18880
4216	17162
1616	20626
6028	24726
2936	24159
6939	16788
7533	16583
9813	23652
10361	18093
8356	24286
386	25248
10220	19968
5416	22203
8610	24602
5594	23764
5885	25465
6945	25453
2719	17151
5990	15894
5135	18847
7540	18968
651	22055
3846	19876
311	17649
5921	24015
4307	25123
6085	18454
1118	25383
7639	17153
7052	22768
3599	18307
3525	18807
612	19721
8122	23406
650	21848
8451	20876
1169	16339
4772	15095
2696	20646
6737	16749
6067	19848
5854	17513
3732	21992
6465	17692
9526	20618
7840	18369
7516	17939
9583	18777
9829	15887
7895	19982
7743	15857
2267	24218
7190	25118
2987	22791
1246	18091
5538	16080
8722	20388
927	17440
1694	19017
9479	16299
7899	21953
1283	22281
10188	23063
4412	19718
1849	15163
7537	23043
1350	16380
477	22109
2978	25465
1244	15191
9476	24513
4119	19448
4992	23456
7898	20117
8893	15113
6237	19233
1374	17692
1101	17461
7123	17435
10020	21032
6119	18039
4706	23190
9724	15253
6847	20380
2958	18113
6336	19577
8496	15455
8641	21607
5672	23769
1323	24786
7099	25230
5884	18432
574	19903
9026	19010
4544	18432
3673	16089
9172	19563
2022	20110
9788	20003
7441	17704
1598	15643
1544	25471
7138	18518
2918	16725
9413	16727
1353	22002
3354	17670
4239	20476
9644	19916
6519	21668
3536	19468
2011	16774
2538	18662
8954	24944
9072	20639
10425	15254
5731	15036
1315	24996
447	23543
5373	20805
7756	15711
9045	25350
4278	24475
3240	20449
1516	25109
3660	16212
1985	15447
5249	16528
9659	19696
4519	23597
8944	16752
8573	17075
6446	20310
6488	20087
5556	18146
1892	20214
4049	21859
6018	17650
1931	19970
1599	15631
5296	21192
8327	22443
7140	19941
6147	23275
4246	22096
4005	21327
6260	24663
7806	24871
8973	17694
9175	22224
5109	22207
5997	15958
8937	19101
8208	23226
3715	16827
344	21909
6594	15235
7854	22858
1253	18390
4954	16138
7278	16349
2512	16114
6155	15319
9689	15656
8024	20181
7558	21674
2319	23357
7890	17153
5912	18023
5163	20830
3175	18658
9231	24864
3395	19243
5623	25132
2272	22762
1413	15278
7215	16836
9440	15638
5379	18504
371	24896
5380	23915
2167	16260
7658	21876
5583	17931
4888	21371
10297	24448
2880	21310
8	21349
8739	18545
4663	23169
3330	23249
5264	23304
10471	15727
7936	23560
7409	17711
6482	20357
6170	23900
5733	18800
9040	20224
83	23430
2018	24653
9230	22223
2072	22402
276	21989
27	19562
9834	18538
121	20636
10145	21834
1012	25153
3860	19818
1312	17352
2311	23595
3475	24647
8751	18115
10455	24825
5981	16321
9635	22432
8227	15693
1027	18649
9525	19286
10168	15883
6789	15409
8689	16295
3669	16150
5714	25258
9520	20855
5535	25138
9105	15469
868	17293
5147	16902
5035	21418
6420	23422
7921	22539
7882	17807
7896	16749
5937	18369
2387	16712
4883	15317
6312	19526
5629	21886
7370	24604
8474	15936
7021	22701
1147	18648
2736	22981
231	17389
5386	25341
9739	24322
1907	20889
6867	18200
10278	15254
1641	20837
3204	25228
3047	16630
5817	16897
5142	20654
8238	22443
9402	23047
5511	19005
393	24672
3163	19578
997	20874
916	24000
6293	17916
5285	17081
1125	21428
1597	24803
8007	23707
8796	19443
4573	18949
8119	21615
581	25360
3683	18730
9502	24602
5741	21625
8259	23252
3259	17633
9289	19133
530	16253
2847	22928
3428	23848
4113	15908
4275	16839
7127	19849
2886	21901
2145	22317
1653	19418
4082	22512
906	23804
4024	20879
4083	21278
1942	23126
4106	20002
8953	23169
9674	18602
2808	21954
10012	20739
8050	22602
8705	22981
4631	24114
5559	19611
6474	18795
7764	25080
10122	16261
3087	19667
2708	18289
9625	22676
6146	19612
329	19242
738	23520
424	15378
8183	19577
9996	16291
8480	20540
2740	17633
302	20039
5831	20635
5267	18871
3239	21943
3158	17262
2063	18863
819	23298
1586	21803
9828	15648
5759	15948
652	20135
162	17551
5363	18924
714	15515
10019	20460
2547	19959
8034	20029
7085	22732
721	21046
8759	21889
9818	21593
6710	21668
2003	17943
1301	20542
9080	23788
8543	18415
4006	21886
1193	24871
6463	17957
4064	24325
6023	19189
6402	24767
8419	17099
175	20283
3930	22155
5950	21177
337	20262
6783	21496
68	18696
2592	25426
1921	23597
366	21665
5496	17947
9582	20674
1938	17105
1661	22695
2013	20558
8876	16966
8150	16917
8436	19580
673	21302
9936	19818
2037	24496
7161	19184
8863	15843
6946	19861
4333	25290
4690	22792
9805	24414
7575	23983
4437	16862
2499	24925
1419	18650
263	19577
3704	23209
4036	24540
4204	16685
3826	24733
7765	19907
9729	23889
5861	24667
2989	23304
5643	16796
6093	15948
683	20533
9219	20195
10386	24963
5227	16003
1470	19277
4	18272
10090	20960
945	22302
4388	23543
10043	22652
3598	22982
1007	19458
2206	17468
1808	19297
280	23299
6997	20075
6442	23001
6681	15299
10033	24227
8515	24812
4785	18807
629	18954
2493	21653
493	18857
4864	18847
3822	22857
6881	24322
7476	15689
1902	19626
7056	16562
7615	22429
6856	19757
6340	22791
4178	20490
4353	20602
1966	23047
8696	25218
6971	17583
7855	20742
8351	15524
6285	16809
5542	16285
4964	18655
2065	16589
3561	18508
8527	19402
7440	19322
8352	16410
8818	20201
4875	17614
747	21380
7225	16141
2185	21282
3756	22062
9771	20420
3164	21785
2878	17661
6121	18543
2430	18677
3008	22142
7501	24266
1919	19736
3938	20127
1050	25492
2909	17796
485	22511
2840	17425
1257	24646
3804	15723
3288	21901
7318	23328
8518	15108
10058	24453
826	16374
6039	25381
4955	16575
8236	15852
9368	25007
8136	25494
9276	18254
3578	25080
2832	16442
7122	17947
6426	18244
6343	22331
135	24865
9982	23571
9643	24677
8170	20595
8398	24709
9393	23911
4147	16212
2215	19626
1158	23879
7172	18777
867	15113
3925	20029
1660	16725
2369	19987
3710	17686
3331	22970
5426	17075
7359	17295
698	18116
6985	24427
7371	19671
8357	24192
9119	25027
7810	22896
5906	24103
3579	22105
10312	15735
9590	23065
3111	24159
9468	24227
6775	16217
1620	16051
5155	21398
2932	24767
8485	23044
3690	24164
996	15430
1445	17366
8567	25162
8237	21844
9155	16528
70	15766
2963	16475
6471	23299
8894	24062
9477	15632
10268	24300
5195	24744
2651	16955
6308	17048
8701	18753
3859	18320
6125	18399
3951	19625
9346	23103
3488	24996
7774	17575
912	18432
5574	20963
2440	24062
2312	16297
491	24009
4860	25387
7399	17368
4550	15645
10436	19471
7949	23669
5971	25344
5388	23722
1771	20822
2308	25327
2602	17924
7730	23562
5991	23698
9860	22752
5275	21379
154	15752
1570	17649
365	20460
5514	21032
3731	20251
9430	19961
6500	15560
1059	22397
5799	25327
7977	20020
2301	17937
1740	22563
3533	20349
20	17513
1726	20811
6652	22155
282	15838
10034	21760
6054	21046
7905	21145
2473	19526
3166	15730
6220	15405
1010	19755
10193	18223
9082	24448
1018	19312
2897	22956
6973	24787
3535	19239
6812	22040
8572	19602
763	20701
630	21373
5784	24685
6736	24530
7836	24569
2655	23026
2946	15116
5792	19916
8423	20349
5092	20422
1749	21834
1116	20476
8086	23542
7916	17548
10296	21205
237	24832
9239	16781
335	19573
5811	16726
1807	15685
5896	17554
6104	15588
2262	24739
8501	18467
2871	17385
4957	21238
7753	21886
643	19565
3597	20789
9750	21794
6112	20757
2617	16781
7791	22319
2400	19477
5022	16978
1273	20851
6933	18088
10109	23604
1531	16910
10111	22763
9500	16111
8155	23216
9983	24469
3364	15730
8946	15673
5259	20528
6167	17777
5065	25139
2105	16938
3791	15668
860	19754
8495	16972
7028	22210
4447	15709
7851	16260
3585	22281
3852	19669
9019	16627
2181	24227
6372	18847
5030	16809
3665	25258
9589	17002
525	16475
4614	24124
3650	17729
7132	16836
9759	16033
2057	17699
1990	21147
10091	15466
8717	21834
9901	19028
5081	19383
4499	15870
7605	17931
6924	23066
10219	25190
5075	15735
5696	19111
1079	24306
2811	19243
8735	24363
4931	19427
4027	23602
6244	20315
4558	16032
9078	16424
7534	25091
5711	18653
1773	24261
6485	19384
741	23219
3201	23351
3733	24530
5982	16966
2638	21949
9364	23597
2530	21649
2327	20175
5552	20091
5028	21317
9584	19431
3505	18563
6682	25041
9807	18570
7524	24415
3114	20742
9598	22284
6608	16801
2392	17856
647	18672
10151	20298
9721	21282
6706	23752
4648	20232
1923	21625
3883	17275
9465	25262
9580	25362
5813	17248
9141	16712
7630	23880
5149	22606
6977	18320
6004	19612
5459	24155
3608	22261
10319	19524
5614	15993
8256	23088
5910	15588
5070	16151
2800	21141
9772	23497
3178	24062
7999	25237
6436	18113
2867	24408
5824	18795
2141	15133
9372	15065
713	20788
1798	18730
8707	21886
8570	20742
774	18896
2571	25025
1330	16827
7946	18599
1657	15250
3994	15669
9990	16526
6396	19182
3076	21575
2756	18254
5156	21523
3060	16652
9794	16836
4010	15783
443	25327
7367	15788
5148	20643
5970	25381
1225	22127
8761	17858
5242	21298
6921	20267
880	24692
8465	22332
8906	24300
6835	24649
2970	17711
7862	15687
8171	23251
4098	17468
6863	16842
902	20708
5735	15692
2163	22846
2113	24960
3422	19567
2172	22549
9345	16741
4731	23230
1837	20768
1332	19805
3562	18515
7055	16113
4238	24083
7029	16408
9603	15279
5795	23731
8429	25245
1805	24767
7849	24540
685	21465
3054	16807
1854	18763
7672	21145
90	17517
3187	21171
4035	15071
5354	19280
373	22910
5513	21879
9638	16836
7845	21721
4160	22727
1073	21194
8489	23983
8487	21977
4880	17590
5967	18091
9400	22480
2360	22735
521	16294
5504	16204
5745	23795
3685	24139
4432	25409
4742	18691
1974	15264
4814	16592
8592	22912
1836	15023
726	15889
1288	21455
3782	18573
4871	16625
6546	17526
6218	24274
6382	22312
3654	21313
223	15000
9535	16801
7017	22203
2600	15991
7244	16183
5857	18162
9601	24836
5126	21071
6346	17711
3349	18655
2265	17553
3958	22732
7238	17430
5401	16671
8498	20002
5301	17513
7673	25156
7647	20576
8431	17965
1487	20812
8700	23238
8154	25350
7987	23763
9833	15595
8579	16449
7214	19097
7581	21774
7350	21348
2151	21678
7362	17762
2503	20071
5448	16285
3916	23990
3898	17500
7991	21102
4820	21140
8263	15644
5009	24602
10270	19174
10340	22758
978	16645
5153	22317
2892	21834
6195	23825
9035	16779
4599	16503
323	21141
1375	23562
5088	18382
8376	17089
3	20588
9473	24029
9217	17323
10317	15344
2131	25495
2748	22479
7960	20340
9939	19431
9087	24009
4861	22566
1873	21943
1770	19614
10384	21175
5228	18711
6273	22464
7712	19710
619	22382
3224	24010
71	24879
4334	16607
5279	18432
6858	24126
1560	21032
2706	17931
5322	22171
1306	25460
6451	19457
7089	22165
9450	21559
8919	23043
10257	22750
8002	24395
836	17010
5909	19765
423	25412
4099	15474
2435	16395
5357	21206
2337	24646
7763	20587
2129	16990
7039	25371
1267	17445
8613	18127
8740	22796
10023	20616
2645	21491
142	16194
8372	20650
5541	20520
42	17016
7982	21056
7393	22273
5752	25262
10262	15023
8056	17274
6969	19195
482	24527
6761	24733
7872	16228
5560	24268
6617	24672
8309	19291
9472	19216
4771	21207
292	22513
3909	15826
8645	24886
7536	19731
1019	17233
8708	18926
4962	15905
122	21328
4616	21361
4475	20322
6824	16724
10303	15509
5141	16260
1862	21177
6764	16362
7557	24848
5916	19641
9354	20855
6219	23047
4659	24818
5329	20650
3452	24114
3366	17795
1049	16113
10187	19809
8795	23905
8422	25231
10027	24943
3821	15524
7443	23327
522	17203
2680	21426
5518	15064
4109	23769
586	21369
5251	21422
7176	23071
506	23552
6078	20972
6647	19791
201	16810
8219	15741
3894	19386
2370	15530
7970	18306
762	20750
10253	17015
4989	18148
3009	24671
1872	17931
5924	24462
7707	21437
9821	22865
3944	18778
4531	15606
9876	20561
9716	21768
7926	25095
7306	24650
6841	22266
1245	17575
6344	23484
8492	18454
6579	15481
7509	17983
3974	21384
481	19623
9312	22499
8339	22837
9558	15071
200	25022
3130	16482
3430	15057
3555	19225
1428	21205
5742	25495
10449	25166
2122	19843
4825	19831
3032	23988
7090	19680
9875	19372
746	16961
8321	21616
8779	21486
3168	20802
4069	15515
6164	15950
414	18587
2306	22421
1542	21393
9376	20097
1183	23378
6016	17795
2252	23047
8148	18432
8770	21914
3980	25168
1008	15843
8517	25350
4084	24650
5818	22112
3798	21528
9483	20100
1766	18614
4014	19867
8754	15407
2829	20212
9692	15701
7580	22559
4054	20855
6538	18282
4500	20127
7293	20778
7955	22733
7600	18650
614	18454
3244	25127
3932	19713
6265	21285
3667	16865
742	18462
2347	20835
4779	17013
1737	18308
5851	25344
2674	22000
4245	24569
1618	24417
7967	17075
5287	19542
3407	17738
7674	20618
4720	16732
3398	24201
3020	19565
3977	18599
7933	17060
6589	24268
7801	17226
4439	20561
7574	22791
5438	21102
4538	24100
9911	25361
9978	19733
5564	16480
6367	19937
6166	20694
8500	21464
9819	23346
2201	25254
2574	15648
1078	15319
7304	24426
8106	16626
8060	15291
4932	24904
2204	15027
9471	17053
1026	22912
7788	15226
1858	18745
5743	15877
5501	19751
7340	21595
2375	24151
4361	22624
6645	18173
9404	19129
10227	21065
8554	24673
5954	19273
4396	20416
7465	17729
6769	19171
9075	24369
8124	17502
2885	23047
9176	22561
8733	19129
5351	24647
1755	17775
6524	24241
5391	21909
7416	18969
6407	21310
931	17203
3850	15682
6790	19989
1756	16684
6079	25311
4804	21331
3010	18454
9286	15300
8142	22977
8628	18896
1437	24548
7167	19281
5189	24787
8642	21919
6209	24184
7037	18253
594	24915
3128	18426
7766	22606
5015	15184
10100	24650
8624	15843
5280	19902
764	25376
9429	24968
1518	22955
403	20336
9738	24530
551	22070
1751	17199
5862	16179
9941	15272
6658	16100
3174	22184
82	18291
6893	25497
9124	24629
1712	16374
7276	16065
879	16271
467	19961
9504	17853
7634	18880
3099	15723
8403	15873
284	22455
9416	23312
3933	21296
818	20177
2251	20602
6587	23787
7679	15535
1558	23163
3292	16239
7014	15524
5727	23910
6089	22698
3839	18101
2636	17586
674	15167
4773	19768
6498	15158
8510	24414
158	15958
10302	15991
2056	20320
173	25417
2367	20058
2061	24988
4912	22562
2126	21722
10088	23864
4265	15064
3600	18223
9790	17899
4256	21723
1951	23378
249	20210
8974	21186
438	18439
4872	21339
1700	16766
8538	21450
6757	19490
4289	23356
7583	23258
3830	17075
9870	18215
805	15250
3662	16374
3246	19409
6561	24786
3016	21921
10202	20417
3546	21399
1901	17474
9963	23373
9913	24241
5585	23608
219	15697
5367	23870
4111	18714
7622	18926
102	15135
6302	23791
564	24234
9743	20003
4918	19810
4921	23165
3242	25108
3918	24663
6432	18653
4332	23497
6963	21678
111	25275
9334	22000
1293	21062
7375	21693
4900	19959
5662	19471
3879	25237
8679	20789
10424	16080
9424	19857
2182	21881
1300	16356
5754	22135
9734	17561
50	17210
4145	19105
7980	20101
9835	21709
992	16526
4593	20350
8193	25132
4699	23666
10207	21077
8908	20802
1989	24492
1363	17123
885	18985
4685	18019
753	20177
8444	18884
4627	21701
3880	23908
2273	24889
4890	20492
7651	21550
9881	15622
2398	24062
4161	20434
3936	16789
2573	21585
4086	17730
8822	20733
4878	19242
623	15495
2907	20545
306	21230
5412	20029
2630	16335
2455	21896
8932	22387
10	23673
1971	22326
9138	23576
2522	20262
5332	20836
19	23047
10264	22726
5276	24545
10345	19559
7326	24636
6359	18018
3285	16356
5168	21331
8096	23627
6200	17424
6325	21543
5136	23858
7331	23484
5463	21659
3411	21346
8210	19486
7041	18679
3545	22284
4745	18527
4885	15526
10118	17693
9051	20889
1404	18622
7771	19233
6491	17645
3519	16295
3966	23078
7405	16418
4140	16423
375	23763
6236	15203
9209	17690
1239	16051
10011	18018
10099	21232
6110	19251
1091	25211
6686	15923
2792	17899
2395	20523
8153	23807
578	15579
10213	16862
9852	19315
7435	25466
3044	25090
9487	24395
5097	16568
4472	15436
7584	20029
8655	15409
3636	24545
3269	18716
4902	16221
8881	17513
7831	18091
7258	15814
9605	17661
3080	17575
3039	16550
1254	20601
3307	18599
1566	15433
3544	15958
6610	17427
9993	21774
6826	23417
2639	25481
6207	19771
7518	16541
5145	15601
9823	21409
9893	19859
854	21471
6348	16786
2734	17064
2942	16313
907	22214
5499	25266
8138	17440
3853	22259
1336	19176
7701	20676
2785	18023
2014	21102
6201	19715
3742	21834
1725	17918
8996	17611
5186	17262
7027	24989
977	20561
5708	22261
7461	24137
10133	24594
8175	20914
402	24978
8188	19580
6753	23721
3522	24247
87	16522
5808	16630
9560	21409
10181	25162
2739	20676
7128	21055
3082	20789
4347	23047
3531	19075
5846	19243
1984	23146
1742	18591
7381	24020
624	19246
694	22446
5450	21586
5700	20051
2781	19967
505	16496
1247	20169
595	23475
6294	20880
10157	18641
9178	18447
2690	22798
6411	22109
7402	20460
4421	18369
6232	25099
5867	15589
1758	20029
936	17051
7729	15323
1341	24168
9749	19477
1224	15254
5977	16962
10163	22203
1664	22025
6122	21876
8521	23312
5497	23671
7094	21602
10430	22054
6031	15626
10142	22205
3271	20070
680	23647
3092	17633
2529	15097
2831	17203
9814	19327
10231	24126
2713	20908
1105	24738
6287	24666
3116	18148
3266	24895
2221	15850
10390	20201
6416	15019
7489	24237
9196	16357
10146	24085
5847	22675
2884	24524
3142	18467
4717	18596
4877	17446
3278	16822
8638	17633
7100	16836
1949	18180
3077	17539
5586	25478
962	17899
1879	15092
9232	20618
9131	21187
8359	19194
4225	18454
159	16194
1636	21090
7145	16261
2041	24166
5395	15396
6887	19674
1388	24563
5722	21674
203	15734
5292	18696
2379	23678
7195	16394
7404	21528
2668	22908
1831	17402
9278	21854
10083	25471
6724	19189
2217	24830
6827	16945
2226	16180
7777	16866
8849	17979
2957	18048
8166	15785
4243	25466
9064	19955
5430	17424
220	17899
4321	22421
3310	20476
125	20681
7719	23412
5958	21501
7457	18479
1046	24690
5822	16771
5297	15329
2253	19343
416	19273
6096	19503
8607	19318
5506	18711
7285	24943
7818	24201
6515	18316
2803	25453
8305	17943
6698	21492
2730	25123
8212	18193
99	18847
1303	19097
6799	19225
1414	24445
2279	19518
9874	19112
9152	24777
9342	19076
9466	22529
9296	21747
9740	19362
75	19611
3746	17264
7196	21835
7292	21804
2321	17871
5571	23604
8000	25091
1813	25126
5334	21020
2016	21764
4153	16260
10105	22207
6857	23378
7963	25223
2594	20556
7677	21171
196	20543
5462	18651
6035	24906
10077	25040
2412	22806
4520	19846
8491	19201
8120	23043
7160	20335
5844	20949
7284	22082
7265	25129
9992	15735
10293	24363
7775	15001
5321	24415
4283	19402
2883	18391
5961	18497
5748	21666
8846	21995
2700	20618
2044	25030
4629	16059
452	25341
6725	18526
6539	15652
703	22196
3823	23764
8931	17780
377	23232
9566	20561
8949	16127
6282	21310
2872	21139
5480	24717
7347	15857
2090	16089
3318	21205
7993	25415
3655	22836
8781	24946
2693	17099
8903	23880
6092	22492
7458	24733
4654	22349
8787	21097
2180	19318
152	23560
8525	21432
2179	21158
7069	20117
6318	15291
4891	18439
9247	15108
8380	24569
9174	23626
768	16167
1920	16682
4354	15697
670	16796
5150	20814
9115	24268
6762	20856
6703	25376
2316	19968
4411	21507
3492	23865
4108	20730
2372	21392
1611	19880
616	18432
9964	15000
5095	22410
8885	20618
4479	20835
4337	19763
7124	21134
5676	19912
1533	20849
6595	19890
3912	19382
8789	16630
8200	15449
7733	16518
7691	25291
4637	15315
1302	20042
6810	23022
9225	23090
5773	21493
7601	22498
6247	25164
7561	20252
5355	18454
2805	25441
2917	18232
1131	25019
3663	19869
10063	23406
1668	21331
8866	17661
3705	16801
4063	20602
6678	20258
990	25341
8213	15105
1632	17795
6696	18662
7420	22322
1543	19699
2399	24663
7738	24844
4130	17316
8557	24547
5470	23278
10339	24594
3617	19189
4420	20232
7653	19189
886	18148
7549	23163
6189	24556
4901	15871
7892	22203
3499	18186
9069	16732
4209	15355
4091	15738
7592	16274
751	15316
4945	18593
51	20804
4362	19568
38	19688
5592	24650
6906	20844
4777	22203
1456	17016
4605	19406
1398	20849
5985	19974
5270	16702
5870	24106
5598	21198
7909	20574
4118	20753
9546	25021
580	19345
9499	17620
8644	24507
3125	25219
5066	17275
5652	22284
3405	15038
3502	22907
6099	23122
897	17675
4751	16372
10320	17932
5045	15648
5252	17211
6042	24297
644	16911
8549	18138
9614	21165
1848	19259
10326	23707
2106	18797
10244	25415
9285	18019
3498	23777
3682	19259
1548	16430
1082	16895
6375	20528
3391	16720
4701	22551
4215	25226
5146	16281
3358	16849
1911	17840
9877	17592
4007	20949
8101	17801
5129	20568
7632	18048
8494	19616
1876	22129
5122	21206
9812	16106
6665	22096
2993	16964
1853	15506
7288	24458
5262	18807
1838	17736
172	20695
7104	24226
2731	19757
5613	16779
7804	19171
7979	25245
5638	22856
4514	16085
7256	24027
2177	20618
3291	17604
3440	22984
7179	19644
7776	22332
1313	15689
4067	18034
4279	15685
7111	19898
5850	25292
4360	24282
3934	16085
7211	25346
9579	16347
2830	18042
4227	20320
9202	24677
1180	24812
2160	23197
10460	24826
10129	22265
4484	18702
4835	19847
563	17075
4235	20908
8179	22505
1670	15958
1326	18573
5087	21488
2307	22852
772	17322
2258	18122
1396	16269
9181	18506
1486	25097
2603	21621
2814	16712
7354	20021
7714	23230
1926	21422
5680	20983
7803	15503
1020	21598
8653	19386
1572	17600
10074	22072
3890	19588
4545	16628
3670	25245
4342	16528
4643	16449
10172	21444
934	24680
922	23837
9863	24751
756	16045
9804	20701
1129	17440
384	20823
139	19957
5580	20164
7631	18910
4498	24111
8670	21339
1778	22624
4886	15459
4546	17409
1693	18173
6917	23953
2797	23845
9706	17790
9227	20007
7219	24633
6734	16260
6759	19117
1759	21615
8544	23180
156	25415
10095	22926
3985	15885
5402	18223
972	23512
7566	16294
5712	17055
6690	18972
8882	16271
509	22804
8158	23900
1859	17553
3721	19148
9397	19078
9523	15084
1637	19112
1495	24602
9752	22133
1221	17077
5307	17365
5278	25343
1857	23900
8471	16162
5610	24062
2650	25320
1294	22566
3479	23074
708	20434
2948	17468
4606	25025
5595	16037
1044	16260
7240	24048
8514	20100
1310	21578
6864	21171
9929	21145
1568	20097
4732	20127
9712	19443
7470	19958
8753	24946
370	16836
5894	19112
3997	24220
1299	20835
3233	19296
10180	21643
7697	23088
6800	16769
567	17653
6890	20029
1163	18200
4591	19189
2033	17475
2821	22797
1672	21341
8727	22791
8221	15578
7246	15988
9782	21870
3342	17211
1308	24154
7174	22858
6385	19343
7077	19211
2823	17182
448	16217
7131	24702
7015	21709
9310	20523
4381	17305
28	24363
9775	23266
2549	19519
7703	24246
3631	16524
9266	23236
8591	18096
1650	18091
7606	20536
130	16503
7957	19038
1739	23352
5196	19137
4088	18129
4959	18985
5343	19746
3427	22284
8132	21931
2711	22409
3870	16449
6581	19129
9474	19582
9331	23317
4684	25289
8399	23969
7861	15755
2025	22987
297	23449
1673	20341
6307	18691
2850	19319
1925	17302
4110	22073
10465	19235
4975	23047
7578	17972
8987	15843
4838	16321
2678	23725
2975	23597
1422	24062
596	24950
1175	17248
2657	15727
2824	19796
4740	22208
8505	16727
6554	23630
7900	16966
2624	25041
3566	16246
6849	19026
6132	21785
512	22049
4043	16237
515	15714
8457	24372
3862	16823
5584	16512
4851	16512
4933	22908
5878	22185
260	16165
909	25346
9282	24604
6176	24205
5085	17040
8441	24417
4171	21624
935	24181
1710	19907
6568	22281
2238	19979
5369	19443
1527	22992
9044	24632
3571	19312
2621	19223
6588	18763
274	20501
7490	19503
5220	22022
6739	15064
8039	17518
3972	23864
970	23597
3221	23412
4626	17215
5310	20371
1796	20643
6668	20799
7767	24458
97	24412
549	15832
1055	19985
1786	21348
5959	15922
2954	20785
1001	19608
5169	20117
8253	22367
1908	15226
7254	16707
1916	22660
4827	15814
7394	17147
5968	18023
1111	16966
6005	22939
9010	25346
6746	15535
6400	24166
4780	25228
3464	20127
9780	15485
9048	22240
8302	17900
9756	24736
6949	17638
7348	18912
1520	18041
8564	15911
6774	24563
9627	21845
6967	18865
3169	16519
6525	16528
1526	18575
4733	22035
7897	18178
9766	22809
2597	25019
6992	23616
9610	23879
4093	16619
272	21186
8082	21491
8087	17162
6427	24350
8852	21186
8981	15832
3953	18924
10295	19325
6692	16260
743	17777
2012	20627
5044	18543
8938	22301
1691	16141
766	15267
6937	23879
6295	17412
9022	15948
3282	18969
10336	23325
10096	23434
4170	23007
1364	25206
2043	20445
4927	24926
10086	25258
8960	16545
2835	22919
4905	19836
9599	21185
7562	20676
4553	16654
8260	24946
8323	22744
7483	21183
7554	17555
2554	25401
4793	19662
9824	17633
7321	21831
2333	25215
7477	25120
7934	15939
4999	17783
2340	18685
1609	15272
2757	22717
8459	23004
3467	22191
6452	20072
2083	25401
3803	18320
4969	24410
5798	23542
797	21036
9531	15528
2984	17575
8690	17415
7428	21055
6926	16682
1615	18863
254	16224
8232	23767
7746	15144
4306	18191
5895	20802
328	19573
3312	24787
876	17089
8594	20738
8080	17295
2747	24816
7337	22981
3506	22750
2178	22782
232	17694
8292	24220
10241	18320
7608	17453
1195	23067
5568	23460
1825	17450
8840	25341
3554	17752
5152	20808
5427	22002
6823	16629
2488	15861
2303	22276
5077	18052
2541	20597
2275	20066
9950	22367
8730	24663
7139	20644
9180	17783
9707	18641
9856	25077
518	18425
4509	16150
9671	22912
8112	18891
7628	24600
4425	15910
8353	23497
1569	16037
9916	19006
6601	15533
208	25163
10351	20370
7813	17350
7907	18223
3321	20856
3396	18641
725	19713
1852	21415
6505	24205
938	18629
2904	20503
4123	23520
3693	22062
537	25241
2524	16606
7508	23311
10488	20283
2745	15735
9768	15306
143	18432
10000	17005
2692	21753
9229	18024
5681	18274
9961	25092
60	16917
6514	18189
129	17583
3771	24958
8734	22196
9587	15814
3635	17614
9066	22363
2506	17497
10309	22312
1718	15490
4016	16807
10310	22086
9206	25235
9491	19755
5326	15844
6913	24650
2176	21310
7081	15055
5779	15364
6558	23311
9722	24394
9664	23777
7297	19129
3408	21272
9057	20210
7530	23640
4247	21570
8025	17134
2408	19202
1401	18933
1128	16100
2353	16237
6090	22328
6553	19095
7334	19230
6242	17673
4102	25350
6116	21232
7645	20365
2919	19297
3511	21452
1662	17350
10311	17040
5372	24978
9192	20797
1785	22638
6766	15908
2866	15385
6184	25276
9125	17049
164	16670
5761	16289
9335	18996
93	18963
6966	23003
1198	16260
5352	15911
3902	16830
6466	16224
4797	20422
10323	23689
3891	25495
7019	23597
8602	23721
128	15857
4721	16127
8116	22653
2915	23063
8479	16051
7834	17640
691	24958
4819	20265
7633	24933
1370	23732
3945	20434
1617	15592
663	25239
5751	16260
519	19985
9655	24569
2166	24675
2965	19903
9021	24881
10169	18389
6509	17899
5181	15601
2492	15862
6684	20626
6730	21579
10342	20742
1677	17033
189	19060
7194	22982
7156	25341
3893	22203
9518	23817
9789	15665
3476	20707
4697	17790
7670	23695
6639	15755
7649	23698
10420	16683
10024	25374
734	15779
2403	22762
7959	17295
1376	15730
6526	22073
1767	16512
9464	18223
4460	15521
9489	24545
8568	18454
2608	24663
3809	21491
2947	22122
1588	23791
6431	19296
4769	15133
3308	17081
8561	25252
610	17387
9243	15597
9817	18873
4212	20365
1417	21317
6903	20473
1701	16022
8450	17899
1233	23568
6188	16475
5206	18406
5557	17607
5407	23813
7822	16509
1600	18296
2271	25022
2284	16796
6011	24227
9831	17761
10047	22049
7757	17650
9883	15957
2356	18662
1047	19540
9497	20974
7737	18922
2304	21310
6497	15107
2001	24787
6022	18246
592	23661
7209	24034
9167	24328
3072	17087
6630	22294
1881	18513
7569	19293
3147	22072
8576	21640
5737	20665
7346	25091
8589	23198
1292	15264
9748	17518
4633	18994
5105	25290
1210	23048
8307	15322
9170	24300
6942	17887
9629	16132
8068	19812
3465	24201
7011	23757
3500	22749
3470	24870
5631	23560
5313	18641
9631	17010
8267	18117
2789	24220
960	24192
4184	18605
3549	15145
9094	19038
4542	20464
6530	21930
6793	19189
359	21456
1676	17663
8710	20802
1170	25247
1812	17409
3775	22863
846	24889
3740	22717
845	18200
8665	21450
8091	19200
706	15531
9478	15049
4715	21201
4737	18481
3324	18797
6100	22757
2374	16001
6765	22621
3382	20404
6676	20023
636	20534
307	23509
3764	17195
4548	21508
5236	22471
9541	15095
2876	17505
4263	19562
4469	19402
5487	15529
9054	16132
1334	16260
3154	24722
10329	20477
975	15364
8390	17958
8365	16623
497	22536
4459	16902
2111	20106
5920	19285
8030	16686
5508	23392
4691	20545
7800	23969
1962	23387
10017	17661
1820	17790
2778	25371
1205	22571
9642	21187
5137	24062
1090	23051
381	15135
823	16902
9620	23100
8619	22516
7870	18079
6174	18730
8850	18573
9245	23280
1438	16224
2921	22163
1439	24461
6297	23618
4907	22765
8829	19320
9777	18898
9268	17109
2285	20963
1703	18527
7723	25355
10037	15097
8084	20872
5677	23748
10223	25303
7680	15692
707	21909
8469	25163
3403	15939
6627	18946
6445	16937
1297	24213
2107	17932
4644	18724
2173	24377
640	24609
9058	18433
9690	25184
5219	22969
7121	23225
5471	15300
10115	20210
4840	20237
6366	24928
270	20479
123	20194
7126	15986
3971	21122
3706	21310
9615	20520
4704	17752
108	24247
104	21889
6562	21909
10149	19129
4404	25358
1986	16234
10139	18811
3104	24201
516	15810
4678	23005
10013	20687
2992	21158
5271	17659
6368	17431
472	23434
6989	19441
8031	24572
5999	23008
5304	22284
10155	22048
8688	23861
6149	19876
5869	18215
3725	15540
1409	24569
2052	17544
8857	16103
1276	23855
3507	18024
7004	16789
8141	15612
7061	17402
7030	21857
6010	24507
8659	24358
7965	17479
5255	20855
6959	25156
4963	18593
5567	20513
9332	15477
4305	24297
2843	24448
1613	17415
4242	21743
4076	20753
7102	19859
2286	19907
739	20686
7452	22630
4647	17000
10150	16630
9361	21707
3793	18177
9339	22690
7857	19278
7695	16661
6646	18637
3249	24751
3107	15626
3294	20487
5609	20400
2559	18213
5165	20090
6687	20247
3568	17762
7088	24181
48	17501
7783	17938
9254	21171
8226	18091
8123	15114
3593	17136
2890	20699
6855	15656
2889	24674
8461	19503
8144	20574
2656	15397
2635	25117
7835	24885
7754	22673
2159	20238
6403	18091
852	16223
9024	23047
8875	21494
8997	15282
9240	21616
3645	19689
5929	21252
7594	17577
434	15932
3962	23887
1509	18390
8363	23122
6173	19802
5400	20474
4906	24083
4823	16377
6246	25114
2681	16053
2315	18081
7382	20823
5209	17795
3623	16356
352	22273
1215	19477
188	22661
6671	25254
9207	17330
214	23777
5115	20194
2641	15788
2894	15513
9553	21256
6805	22886
9871	17412
1295	22210
10137	16115
8192	15140
8397	18965
9344	24889
3247	22945
6904	22565
1970	18014
3286	24297
10487	17734
7280	19818
10068	15252
4315	15707
1316	21337
6644	17166
3709	20053
7166	15656
9973	24057
3256	23983
5291	18432
5130	23821
2276	20470
6006	21413
5723	23047
892	15320
3134	22698
4011	19047
5444	20434
379	25276
10206	23090
3903	24358
5140	19387
553	20885
6675	20864
10330	17584
7245	22200
239	17466
6204	24702
10171	19211
2924	19097
8095	17461
5330	24110
341	15108
7142	18008
1689	19260
6796	16628
409	18023
7839	24033
10107	18289
6794	16080
8799	24227
2925	17899
4862	17394
6008	15755
6570	21413
6700	20833
3904	25350
8712	22035
589	25494
8151	25237
4003	21834
10325	17620
5766	20742
5575	18200
7113	23568
5108	15294
4948	17301
5666	24243
3348	18213
2484	20464
4012	16523
6634	17653
10029	20283
5080	21332
1356	15097
3197	18526
7105	20820
9685	24793
8800	16026
834	23362
2004	21378
300	17815
6894	16217
1455	20649
557	15928
957	19267
1006	17603
7310	19097
552	23887
9793	17978
1910	16069
9383	15134
8585	24533
4368	22756
917	17357
120	16805
3914	16291
2735	21777
7355	17147
6487	22349
3748	23302
7390	20603
548	16686
1222	20545
4326	23402
1732	17162
8897	16836
8685	18576
204	24646
10404	19476
5417	15884
9353	20397
9769	17648
3040	18127
4179	18132
1103	18932
9733	22201
10199	20705
3560	17513
8201	21873
1681	24201
9886	18191
3122	21909
4718	24079
5370	18535
7928	16857
2460	22073
8114	20889
3325	24751
2616	16080
1627	21557
9538	19129
446	19755
851	20618
6659	22434
8424	23597
6007	22698
7274	19755
230	17735
1845	24496
2305	17705
4815	20773
5812	20382
2837	15853
6717	25405
4382	15786
4941	17081
1088	23599
2417	16905
2953	19593
1612	19818
10456	23670
2695	16522
7251	19630
9922	23983
6503	20960
5368	18191
4293	21071
8265	25228
2714	25496
3231	22209
4675	23086
6666	21719
3443	17647
8061	22280
9666	21287
7556	21971
8224	17295
8135	17848
5493	18270
5644	19477
408	16260
6914	23770
3210	20561
911	22524
6038	17248
3818	20949
5216	18469
5375	19644
4622	24428
10411	20418
1505	15744
4826	18810
849	23028
1626	24150
8169	20249
705	22129
15	24219
261	18121
5460	20432
3368	21976
7748	23576
1004	24019
6020	17934
8763	21889
4923	23038
332	22637
10401	19248
6243	15203
3928	17730
5187	18320
2060	22933
5658	20695
982	23404
4630	23483
7918	19078
4870	15011
4346	22455
4770	20983
949	23097
6611	24070
591	18795
3153	21180
3261	19260
7664	24727
1587	24613
8486	18547
7301	17752
7992	18122
4739	24963
6401	19540
5294	17295
5649	25262
1887	21486
1072	15064
6045	24777
2143	19418
469	22563
2500	25222
1551	24597
145	16605
6616	21199
10413	19632
622	24881
226	24663
6707	16581
1958	22471
1274	16627
9754	18180
5569	21979
7032	22839
1217	19707
603	20841
4058	20730
5118	20258
6751	18122
2191	16403
1843	19243
1	15770
6221	24021
440	22455
8976	17669
5597	19427
6529	21313
5794	18476
16	19805
10116	18026
838	21236
2665	21751
7686	18652
8724	24540
8258	22583
607	20856
3978	15936
2737	16631
6475	19800
727	21753
401	20217
1197	19403
6859	19573
9324	23563
3691	19742
701	24719
6852	23152
3046	23767
7654	18745
1165	20373
900	20364
2930	19338
7079	24957
510	19105
9967	21767
4930	19378
8915	16223
6381	16749
8268	23816
8821	20002
1416	22305
7442	23382
5866	23158
4710	18976
7989	21858
2371	18133
4144	16772
13	17782
1279	23440
6984	15587
5581	16479
4025	15559
2812	22261
9554	23022
1775	15309
2249	19081
2227	22209
3021	22322
2381	25163
3607	18236
4972	25010
7922	18857
3311	18024
7629	21317
1575	16516
2576	19593
1076	24602
6026	21161
2599	22626
3941	21851
8075	21774
8675	23954
3423	17077
1781	16312
9011	20574
322	25477
5485	16779
915	16875
7480	24543
132	19632
3836	17065
9744	24093
1130	16924
8393	17471
5384	20574
3493	17306
388	15779
6303	16732
1899	19580
1342	16339
5879	24385
8600	17957
4414	23047
4318	20799
2818	15033
118	17436
9959	15377
9585	18093
9143	20365
5052	19769
7505	21961
5908	17738
3496	15257
2642	17697
3036	21198
3434	21161
3681	20963
4791	18146
3848	22593
2526	24067
2766	24306
3983	21736
2643	19540
7376	24524
8345	22957
2743	15432
4401	20882
5995	17548
10103	22624
2470	16009
3755	23202
6599	15340
1665	25362
3671	22214
4033	15480
6454	23048
3226	21624
3180	16627
9802	24885
8775	19932
8847	18891
3559	21723
7544	16208
6423	23104
9524	22428
7732	22248
5193	20846
1503	24391
9447	19251
3299	20268
4292	15724
1000	22814
9987	17248
4958	19713
1574	18374
576	16217
356	21227
2100	19477
7623	24875
2627	15409
1760	17067
857	18432
9319	18332
5483	17319
4217	23597
8047	17252
3611	20822
6457	17965
7389	17302
1179	20862
4603	25196
903	17607
991	18604
5192	18466
3965	21723
9899	23653
7159	24879
2161	19574
1698	21471
2820	15873
6927	22095
4828	17863
6384	16974
10215	23653
3979	18641
667	15832
5086	18115
9007	23311
9940	16836
3905	22881
5218	23969
5655	16734
4431	16474
6310	17765
5392	20520
6177	25205
4142	24401
2606	21403
7778	21794
3014	19926
3031	16196
6809	20497
2213	20050
2510	18212
3739	24680
1208	21073
6352	23434
6179	16164
3179	19445
3534	24220
10071	16897
6292	24499
5953	24384
1243	15124
5038	24325
3215	20618
7269	23821
3068	22045
4120	23126
1940	17507
8290	21398
8168	24266
5697	21331
4551	22185
10084	22350
920	17350
974	21985
5519	18264
8625	22268
2260	18454
8027	16260
5755	18444
3837	21310
678	18456
10062	17184
687	22628
10380	19882
7066	23283
6661	23299
2994	25083
5449	18410
184	24394
7866	22449
7277	19194
933	25271
9343	18357
2815	17894
7820	19387
9930	15732
7590	17448
10004	21075
5877	25215
8134	16165
1014	25247
7503	23378
3832	16966
2646	15480
5979	19981
10368	16080
4634	17777
10237	22121
792	20320
1581	19603
6892	20925
1924	23830
8832	20231
7652	22485
7135	17114
2054	18509
1895	18581
10209	16124
8590	23378
5300	19317
1442	16686
3895	23174
7454	15938
4040	15673
2096	21715
7724	18219
6208	22792
2322	22722
8964	18375
10235	15190
8982	17370
1563	19982
9527	15482
1399	21723
10416	17346
5816	23270
9955	22524
197	22542
1238	23440
5883	16966
5208	17686
233	22568
998	19488
1663	20259
3795	15591
10394	17575
9015	19636
8233	20057
8604	25109
1227	22155
3856	16064
4555	15345
5475	21703
8049	16630
9411	15911
9914	21776
3034	22591
10225	22535
3323	21363
1633	15951
6569	25434
6993	22770
45	21224
5056	15243
5726	25402
5324	18101
1909	22073
273	15432
6807	23286
3813	24578
5421	18690
1106	23762
7165	16271
4303	15828
6767	20209
3769	15787
3106	18937
5719	18653
9144	21943
1840	24275
8401	17065
3460	22281
8099	18138
9126	20459
8601	23721
2027	24943
6479	18653
22	16916
9102	25426
7486	16225
2132	23139
3253	24198
8420	20228
6624	21386
7031	19069
4908	16896
781	23976
9493	20520
4938	17513
6386	16229
9588	22214
2729	15870
4269	20663
1036	21361
513	24685
5007	17203
5381	19129
2903	24940
5561	17350
6334	18558
2339	19587
1744	21723
7438	19817
1590	21909
9799	24235
5807	22536
7109	15291
9816	17747
1883	24547
1829	22529
7040	15553
6211	18481
6238	20963
1002	16766
2679	21735
1981	19595
5019	16898
8920	16260
8473	23804
4081	20976
6697	18295
6231	16698
5624	17378
8413	23373
6199	15011
3698	24566
2094	15868
4784	22944
9291	18817
3055	18781
7856	18122
8583	25099
4895	22763
3749	18369
3943	21554
634	21691
6743	15466
3245	25456
2066	24663
2469	16538
7141	15446
2647	16452
2318	17600
4719	15712
5311	21471
9326	20364
9433	21827
3346	17111
355	19180
4405	22916
1753	16926
6224	15045
1462	24944
6405	21205
8899	16750
4173	25445
5102	24650
8466	16897
1473	17126
4491	24545
3399	24359
9357	18146
10124	22565
1278	21753
7843	25463
9606	21252
5306	16260
2229	23617
6397	15949
6459	18471
2971	23412
5117	24408
293	23163
2715	21854
1022	18432
5106	17111
1896	23769
2023	24619
6034	20013
4316	15447
7650	17187
6670	20670
3866	20007
2077	22844
2406	24306
2008	15619
5625	18873
8373	16457
1699	22864
828	24027
5823	17008
4400	17123
10160	20054
7917	18295
3383	16380
6342	17153
2104	15687
3984	20337
8519	19526
8497	19194
2196	18884
1730	22638
5016	19881
8088	17882
1714	16122
7564	15987
8013	24885
2365	22794
3184	25362
5440	24350
5616	21851
7397	17226
2525	17490
8780	21331
9565	16528
841	18986
8055	20071
1481	22701
10347	19574
3678	18374
4442	22600
9981	25358
7573	20643
63	19522
3155	22168
5495	22969
5098	18148
9773	23738
5084	15068
315	19637
4822	16933
10443	15693
4203	23886
9018	23721
1932	15561
