need:	[26479, 1398, 26087]	[6818, 401, 6426],delete:
need:	[25378, 925, 31869]	[5717, 232, 11135]	[9003, 129, 5717],delete:
need:	[2118, 657, 8038]	[13393, 657, 8038]	[10856, 657, 8038]	[14002, 657, 8038]	[31526, 1316, 27699],delete:
need:	[27510, 2012, 33024]	[7849, 402, 17274],delete:
need:,delete:	[23657, 925, 23533]	[1305, 74, 3996]
need:,delete:	[6711, 729, 9742]	[23878, 944, 29403]	[22901, 944, 29403]
need:	[12975, 177, 1871],delete:
need:	[30064, 961, 33313]	[30064, 961, 21405]	[10403, 705, 13652]	[10403, 705, 4350],delete:
need:,delete:
need:,delete:
need:	[25178, 1734, 30170]	[30170, 1525, 25178]	[5517, 844, 13904],delete:
need:,delete:	[6251, 762, 2060]
need:,delete:
need:	[20665, 1835, 31414]	[20665, 972, 29967],delete:
need:	[12193, 708, 586],delete:
need:,delete:	[2232, 21, 1202]	[21893, 933, 23637]	[2232, 22, 11237]
need:	[5462, 846, 11458],delete:
need:,delete:	[5966, 734, 15305]	[5966, 331, 3500]
need:,delete:
need:,delete:
need:,delete:
need:	[5767, 737, 414]	[919, 389, 414],delete:
need:	[33603, 1525, 21935]	[2274, 490, 13942]	[4277, 767, 2274],delete:
need:,delete:
need:,delete:
need:,delete:
need:,delete:	[22659, 925, 27726]	[22659, 925, 30596]
need:,delete:
need:	[25390, 962, 26190]	[26190, 925, 23484]	[9554, 129, 6529]	[11757, 232, 6529],delete:
need:,delete:
need:,delete:
need:,delete:
need:	[6084, 401, 11812],delete:
need:,delete:
need:	[7384, 397, 15766]	[31400, 1192, 27045],delete:
need:	[997, 84, 5133],delete:
need:	[10323, 18, 14948]	[13378, 84, 10323]	[10323, 18, 9750]	[29984, 904, 21249]	[33039, 1017, 29984]	[29984, 1427, 29411],delete:
need:	[1348, 59, 2189]	[1348, 22, 4486]	[1348, 61, 10765]	[21009, 964, 30426]	[21009, 925, 31749],delete:
need:	[21787, 961, 20660]	[21787, 961, 33413]	[21787, 961, 35605],delete:
need:,delete:
need:,delete:
need:	[12134, 651, 3605]	[31795, 1384, 23266],delete:
need:,delete:	[5236, 868, 8202]	[5236, 310, 909]	[5236, 868, 909]	[24897, 1017, 21156]	[24897, 1017, 27210]
need:	[31853, 964, 24603]	[4942, 22, 11150]	[4942, 22, 7129]	[4942, 22, 3823],delete:
need:,delete:
need:	[24103, 907, 29631]	[24103, 1230, 27856]	[4442, 22, 10145]	[24103, 907, 29093],delete:
need:,delete:
need:	[12042, 651, 5930]	[5930, 844, 12042]	[31703, 1734, 25591],delete:
need:,delete:
need:,delete:	[22372, 1521, 21701]	[30965, 904, 22372]	[32573, 935, 22372]
need:	[8210, 401, 1864]	[8210, 18, 9776]	[9650, 651, 8210]	[1864, 887, 8210]	[8210, 844, 9650]	[8210, 24, 15405],delete:
need:	[6059, 767, 13942]	[25720, 1290, 23901]	[6059, 767, 16683]	[31531, 1564, 25720],delete:
need:	[14915, 577, 5650]	[22015, 1045, 25311]	[2354, 577, 5650]	[34576, 1045, 25311],delete:
need:	[32330, 962, 20071]	[32330, 1200, 20071]	[30550, 962, 20071]	[410, 22, 12711],delete:
need:	[3133, 74, 1119],delete:
need:	[22320, 1681, 31177]	[28436, 1525, 22320]	[22320, 1243, 34731],delete:
need:	[27161, 1017, 34307]	[27161, 1017, 21156]	[23860, 1384, 27161]	[27161, 2048, 31194],delete:
need:,delete:
need:,delete:
need:	[11145, 767, 9434]	[26773, 1602, 29095]	[29095, 1569, 30806],delete:
need:,delete:
need:	[27558, 925, 20439]	[27558, 925, 23484]	[10735, 232, 7897]	[27558, 1861, 30396],delete:
need:,delete:
need:,delete:
need:	[538, 577, 11334],delete:
need:	[10787, 18, 7580]	[25833, 1816, 27241],delete:
need:	[7178, 546, 5309]	[24970, 1032, 33844],delete:
need:,delete:	[9947, 724, 11957]	[9947, 724, 5363]
need:	[28996, 924, 31335]	[9335, 22, 11150]	[9335, 22, 8591],delete:
need:,delete:	[21927, 1017, 22538]	[3801, 490, 2266]
need:,delete:
need:	[21977, 1665, 34442]	[2316, 657, 2521],delete:
need:	[3386, 33, 7390]	[3386, 33, 14751]	[23047, 993, 27317]	[34412, 1688, 23047]	[34412, 1052, 23047]	[23047, 936, 27051]	[23047, 2098, 33214],delete:
need:,delete:
need:,delete:	[26816, 925, 22898]	[26816, 925, 31869]	[7155, 30, 3976]
need:	[2710, 868, 11288]	[2710, 868, 7109]	[2710, 739, 8469]	[22371, 1017, 27843]	[22371, 1681, 30949],delete:
need:	[33375, 1583, 20123],delete:
need:	[4140, 657, 9889]	[4140, 708, 875],delete:
need:	[12130, 708, 1920]	[13647, 708, 1920],delete:
need:	[20984, 1681, 34658]	[1323, 657, 14596]	[1323, 868, 14997]	[20984, 1681, 34257],delete:
need:	[25100, 1095, 29257]	[8062, 882, 5439]	[29257, 1384, 25100],delete:
need:,delete:
need:	[7475, 307, 15876]	[27136, 1154, 37228],delete:
need:,delete:
need:,delete:
need:,delete:
need:,delete:	[7508, 477, 9488]	[9488, 129, 1718]	[9488, 30, 3976]
need:	[11838, 80, 3737]	[23398, 1337, 31336]	[10935, 80, 3737],delete:
need:,delete:
need:,delete:	[2920, 22, 8077]	[2920, 22, 3237]
need:	[23187, 2063, 22508]	[28833, 1716, 23187]	[23187, 1910, 26913]	[25192, 1910, 23187]	[23187, 2065, 25192],delete:
need:,delete:
need:,delete:
need:,delete:
need:,delete:	[10492, 868, 15192]	[10492, 868, 14652]
need:	[4911, 699, 6966]	[24572, 1749, 26627],delete:
need:,delete:
need:	[6184, 651, 4718]	[4718, 844, 6184]	[21871, 1034, 25845],delete:
need:	[11961, 21, 971]	[31622, 924, 20632],delete:
need:	[27777, 925, 30606]	[8116, 22, 11237],delete:
need:,delete:
need:	[9396, 150, 12776]	[29057, 961, 24095],delete:
need:,delete:
need:	[14355, 37, 6732]	[34016, 940, 26393],delete:
need:,delete:	[25320, 925, 23533]	[25320, 924, 32349]	[25320, 925, 20707]
need:,delete:	[9284, 859, 10501]	[28945, 1243, 30162]	[21223, 1233, 28945]	[29652, 1233, 28945]
need:	[22515, 1831, 34619]	[8492, 485, 2854]	[22515, 1792, 25682],delete:
need:	[9839, 22, 8591]	[9839, 22, 11524],delete:
need:,delete:
need:,delete:
need:	[10761, 310, 7745]	[27406, 1539, 30422]	[899, 310, 7745],delete:
need:,delete:
need:	[11543, 130, 1740],delete:
need:,delete:
need:,delete:
need:,delete:
need:,delete:
need:,delete:	[22486, 944, 25865]	[14670, 729, 6204]
need:,delete:
need:,delete:
need:,delete:
need:,delete:
need:,delete:
need:	[13237, 724, 4986]	[12626, 153, 4986]	[4986, 386, 14668],delete:
need:,delete:
need:,delete:
need:	[30818, 1734, 24535]	[32670, 1830, 24535]	[10611, 36, 4874],delete:
need:	[21944, 1507, 27180]	[2283, 370, 7519]	[21944, 1941, 39536],delete:
need:,delete:
need:,delete:
need:,delete:
need:,delete:	[571, 167, 1397]	[14346, 84, 1397]	[28873, 2050, 21058]
need:	[3307, 22, 3872]	[22968, 925, 31749]	[22968, 962, 32241]	[23354, 907, 22968]	[22968, 977, 23354]	[22968, 962, 30225]	[22968, 925, 20939]	[22968, 929, 23034]	[22968, 962, 20591],delete:
need:	[22052, 1034, 34627]	[2391, 677, 13275],delete:
need:	[2310, 508, 3410]	[10569, 74, 2310],delete:
need:,delete:
need:,delete:
need:	[8465, 677, 3531]	[13494, 844, 8465],delete:
need:,delete:
need:,delete:
need:	[23157, 929, 32886]	[3496, 129, 13225]	[3496, 22, 8039]	[23157, 924, 33507],delete:
need:	[1123, 33, 12506]	[1123, 33, 5880]	[32167, 1688, 20784]	[1123, 33, 4053],delete:
need:	[27840, 907, 34326]	[27840, 925, 23498]	[27840, 907, 33655]	[27840, 907, 33866],delete:
need:,delete:	[6345, 153, 4748]	[26006, 1840, 24409]
need:	[29606, 1384, 23072]	[3471, 401, 3411],delete:
need:,delete:
need:,delete:
need:,delete:
need:,delete:
need:,delete:
need:	[1428, 497, 11282],delete:
need:	[6046, 718, 14669]	[12171, 844, 6046]	[31832, 1095, 25707],delete:
need:	[22429, 925, 27710],delete:
need:,delete:
need:	[23450, 1830, 21163]	[3789, 846, 16400],delete:
need:,delete:
need:	[28613, 1095, 33001]	[13340, 651, 8952]	[8952, 844, 13340],delete:
need:	[2031, 395, 5974]	[653, 53, 2031],delete:
need:,delete:
need:,delete:
need:,delete:	[12283, 584, 905]	[9607, 344, 905]	[2460, 584, 905]
need:	[5095, 490, 13880],delete:
need:	[7895, 630, 741],delete:
need:,delete:
need:,delete:
need:	[27953, 925, 21421]	[8292, 35, 11485]	[27953, 938, 31146]	[8292, 22, 3237],delete:
need:	[8378, 660, 4307]	[27925, 1211, 23968]	[3117, 660, 4307],delete:
need:,delete:
need:,delete:
need:,delete:
need:	[10975, 452, 3479]	[23140, 1032, 30842]	[23140, 1931, 25493]	[30842, 1417, 23140]	[23140, 1163, 30636],delete:
need:,delete:
need:,delete:
need:	[10636, 672, 5821]	[24894, 1200, 25482]	[30297, 962, 25482],delete:
need:,delete:
need:,delete:
need:	[23123, 1095, 32618]	[12957, 651, 3462]	[30875, 951, 23123],delete:
need:	[3494, 790, 7893],delete:
need:	[2268, 18, 9776],delete:
need:	[25219, 1055, 25387]	[5726, 17, 11455]	[2155, 665, 5726]	[25387, 1911, 31116],delete:
need:	[32902, 1095, 27149]	[13241, 844, 7488]	[27149, 1288, 29987],delete:
need:,delete:
need:	[21385, 929, 25823]	[13709, 129, 6162]	[32485, 929, 25823],delete:
need:,delete:	[4309, 21, 971]	[4309, 21, 6334]	[23970, 962, 22426]	[23970, 962, 19859]	[23970, 925, 20939]
need:,delete:	[10781, 33, 7645]	[13417, 790, 7645]	[20879, 936, 27306]	[27306, 1210, 20879]	[27306, 1784, 21670]
need:,delete:
need:,delete:	[8562, 658, 7001]	[7001, 380, 14356]	[14356, 244, 7001]
need:,delete:
need:,delete:
need:,delete:	[27158, 1028, 34679]	[7497, 228, 12653]
need:	[25574, 1819, 31959]	[5913, 737, 12298]	[31959, 1261, 25574],delete:
need:,delete:
need:,delete:
need:,delete:
need:,delete:	[25560, 1749, 33901]	[25560, 1749, 23332]
need:	[5253, 84, 11891]	[24914, 1734, 37708],delete:
need:	[4295, 21, 12045]	[23956, 924, 31706]	[23956, 925, 23533]	[23956, 924, 22704]	[23956, 924, 20863]	[23956, 925, 27700],delete:
need:,delete:
need:,delete:
need:,delete:
need:,delete:
need:	[29773, 1816, 26199]	[34244, 1816, 26199],delete:
need:,delete:
need:	[34617, 1211, 29169],delete:
need:,delete:
need:,delete:
need:	[7180, 22, 3872]	[11941, 74, 7180]	[31602, 1089, 26841],delete:
need:	[28200, 1089, 33097]	[8539, 21, 15826]	[8539, 74, 13436],delete:
need:,delete:
need:,delete:
need:,delete:	[13874, 232, 1891]	[1891, 22, 6478]	[1891, 22, 3699]	[1891, 22, 1033]	[1891, 22, 12208]	[33535, 1075, 21552]	[21552, 924, 30617]	[21552, 1861, 33535]	[21552, 925, 23360]	[21552, 924, 25995]	[21552, 924, 22624]	[21552, 924, 29794]
need:,delete:
need:,delete:
need:	[30601, 1154, 19689]	[10940, 235, 28]	[10940, 307, 28],delete:
need:,delete:
need:,delete:
need:	[4799, 660, 5972]	[527, 660, 5972]	[1965, 660, 5972]	[25633, 1886, 27968]	[21626, 1211, 25633]	[21836, 1211, 25633],delete:
need:	[29010, 925, 33035]	[29010, 925, 20694],delete:
need:,delete:
need:	[33974, 1465, 30068],delete:
need:	[1069, 84, 1519]	[1069, 660, 874]	[1069, 577, 10053],delete:
need:	[7115, 490, 11151]	[10611, 797, 7115],delete:
need:,delete:	[5245, 772, 17521]	[24906, 1915, 24781]	[24906, 1915, 26465]
need:,delete:
need:,delete:
need:	[8462, 784, 9550]	[33415, 2058, 29211]	[13754, 400, 9550],delete:
need:,delete:
need:	[1423, 201, 900]	[10689, 201, 900]	[900, 22, 4230]	[20561, 1861, 30350],delete:
need:	[3759, 22, 8591]	[3759, 22, 10945]	[23420, 925, 30673]	[23420, 925, 28252]	[23420, 925, 24147]	[23420, 925, 30606],delete:
need:	[9553, 844, 14320]	[9553, 844, 13195],delete:
need:	[13568, 660, 4011]	[26450, 1211, 23672]	[31353, 1211, 23672],delete:
need:	[2271, 724, 14377]	[2271, 724, 10537]	[21932, 1830, 34038],delete:
need:,delete:
need:,delete:
need:,delete:
need:,delete:
need:,delete:
need:,delete:
need:,delete:	[29374, 2058, 21549]	[29374, 1028, 34679]
need:,delete:	[9467, 812, 6007]	[6007, 812, 7654]	[7654, 827, 6007]	[23714, 1210, 25668]	[25668, 936, 23714]	[23714, 1845, 25668]
need:,delete:
need:,delete:
need:	[3801, 790, 12116]	[31777, 1734, 23462]	[23462, 1525, 31777],delete:
need:	[24360, 1474, 27483],delete:
need:,delete:	[3874, 597, 8152]	[3874, 22, 8077]
need:	[7146, 13, 10852]	[7146, 756, 9852]	[26807, 1886, 30513],delete:
need:	[5680, 130, 17452],delete:
need:	[26966, 1835, 27827],delete:
need:,delete:
need:	[3213, 21, 8129]	[3213, 22, 20]	[13753, 129, 3213],delete:
need:	[5344, 790, 13295]	[32956, 1734, 25005],delete:
need:,delete:
need:	[6438, 651, 10360]	[31513, 1525, 26099],delete:
need:,delete:	[24593, 1979, 20142]	[24593, 1386, 24134]
need:,delete:
need:,delete:
need:	[12635, 74, 8024]	[8024, 727, 12635]	[13318, 477, 8024]	[27685, 907, 32296]	[32296, 977, 27685],delete:
need:	[33483, 1089, 26531]	[26531, 907, 33483],delete:
need:,delete:	[23651, 925, 19681]	[23651, 925, 27700]	[3990, 730, 16437]	[23651, 925, 27085]
need:,delete:	[7102, 30, 3976]	[9972, 477, 7102]
need:,delete:
need:	[27374, 1602, 25802]	[10538, 762, 6141]	[30199, 1617, 25802],delete:
need:,delete:
need:,delete:
need:,delete:
need:,delete:
need:	[30682, 972, 27236]	[27236, 1938, 30682]	[7575, 651, 2583]	[7575, 497, 1884],delete:
need:	[13412, 767, 9224]	[11861, 376, 9224],delete:
need:,delete:	[9769, 84, 12447]	[9769, 53, 16406]	[9769, 718, 1149]	[9769, 84, 10739]	[32108, 2032, 29430]
need:	[29598, 1681, 33398]	[29598, 1243, 19782]	[9937, 868, 13737],delete:
need:,delete:
need:,delete:
need:,delete:
need:,delete:
need:,delete:
need:,delete:
need:	[3732, 727, 14097]	[14097, 74, 3732]	[23393, 925, 25095]	[19774, 1089, 23393]	[23393, 925, 20439]	[23393, 907, 23393]	[23393, 907, 23393]	[23393, 907, 33758]	[23393, 925, 31185]	[23393, 929, 30895]	[33758, 1089, 23393]	[22879, 1089, 23393],delete:
need:	[32312, 2072, 28575]	[6892, 762, 8914]	[26553, 1176, 28575],delete:
need:	[8551, 727, 12090]	[8551, 22, 8077]	[28212, 907, 26573]	[11016, 141, 8551]	[28212, 907, 31751],delete:
need:	[23860, 2077, 34244]	[14583, 522, 4199],delete:
need:,delete:
need:,delete:	[2277, 41, 2254]	[28397, 1002, 21915]
need:	[33717, 2037, 22510],delete:
need:,delete:
need:	[27448, 1861, 33440]	[7787, 22, 11524]	[33440, 1435, 27448],delete:
need:,delete:
need:,delete:
need:	[22280, 1337, 26139]	[22280, 1995, 24741]	[11523, 22, 2619]	[22280, 1995, 21427]	[22280, 1995, 22031]	[20694, 1995, 22280],delete:
need:	[22610, 1830, 35767]	[109, 797, 2949]	[32840, 1835, 22610],delete:
need:	[33320, 1426, 24931]	[30073, 1095, 24931]	[24931, 1095, 21000],delete:
need:	[26074, 925, 28252]	[6413, 22, 10945],delete:
need:	[6008, 705, 709]	[7838, 705, 709]	[6743, 705, 709],delete:
need:,delete:
need:,delete:
need:	[10053, 162, 13883]	[1069, 577, 10053],delete:
need:	[21084, 1861, 39370]	[1423, 201, 12316],delete:
need:	[10924, 800, 3135]	[3135, 18, 12200],delete:
need:	[13270, 129, 7545]	[7545, 21, 6395]	[27206, 1861, 29254]	[27206, 1861, 33193]	[32931, 929, 27206],delete:
need:	[24489, 907, 29838]	[4828, 727, 10177]	[29838, 1200, 20133]	[3794, 413, 10177],delete:
need:,delete:
need:,delete:
need:,delete:	[13748, 21, 6412]
need:	[22484, 1371, 33399]	[30714, 1371, 22484],delete:
need:	[2947, 129, 6328],delete:
need:	[25063, 924, 31470]	[25063, 1017, 34027]	[5402, 724, 14366]	[25063, 1017, 25417],delete:
need:,delete:	[21978, 971, 19838]	[21978, 1840, 29132]
need:	[24323, 1115, 32658]	[30231, 1243, 24323],delete:
need:,delete:	[3190, 657, 10421]	[2424, 868, 10421]	[6419, 657, 10421]	[14087, 644, 10421]	[10421, 247, 4961]	[4041, 657, 10421]	[30082, 1243, 24622]	[34238, 2084, 30082]
need:	[7668, 177, 19514]	[30659, 1017, 27329]	[10998, 84, 7668],delete:
need:,delete:
need:	[9577, 450, 11768]	[24351, 1723, 29238]	[31429, 1723, 29238],delete:
need:	[31182, 1725, 25413]	[14806, 708, 5752]	[13979, 708, 5752],delete:
need:	[12202, 844, 8436]	[31863, 1095, 28097],delete:
need:	[738, 723, 6662]	[738, 356, 10618]	[30279, 1710, 20399],delete:
need:,delete:
need:,delete:
need:,delete:
need:,delete:	[26724, 1681, 28889]	[3207, 7, 9228]	[26921, 1681, 28889]
need:,delete:
need:,delete:	[10780, 729, 460]	[20761, 944, 20121]	[29176, 944, 20121]
need:	[21163, 1261, 26384]	[10825, 724, 6723]	[30486, 1830, 26384]	[34102, 1017, 26384],delete:
need:,delete:
need:	[30592, 1504, 26553]	[26553, 1157, 30592]	[26553, 1504, 26454],delete:
need:,delete:
need:	[8611, 22, 12231]	[24681, 907, 28272]	[33297, 907, 28272],delete:
need:	[22129, 924, 32349]	[2468, 74, 14728]	[22129, 977, 34389],delete:
need:,delete:
need:	[20353, 907, 33891]	[20353, 1280, 33891]	[14230, 196, 692],delete:
need:	[23987, 925, 27710]	[4326, 74, 12144]	[4326, 282, 12564],delete:
need:,delete:
need:	[7432, 843, 7658]	[6975, 153, 7658]	[9604, 153, 7658]	[31148, 1017, 27319]	[23944, 1017, 27319]	[24283, 1789, 27319]	[24126, 1930, 27319],delete:
need:,delete:
need:	[32456, 1089, 22314]	[22314, 929, 22352],delete:
need:	[842, 143, 11957]	[842, 508, 6759]	[842, 74, 13070]	[20503, 1200, 26420]	[32410, 2101, 20503]	[20503, 924, 25072]	[20503, 929, 29928],delete:
need:,delete:	[21049, 925, 27738]	[1388, 730, 11586]	[21049, 925, 23626]
need:,delete:
need:	[1678, 577, 14052]	[1678, 401, 8838],delete:
need:	[2697, 487, 10699]	[10699, 49, 2697]	[6884, 708, 2697]	[30360, 952, 22358]	[6785, 708, 2697]	[9230, 708, 2697]	[22358, 1161, 30360],delete:
need:,delete:
need:,delete:
need:,delete:
need:,delete:
need:	[32987, 1115, 29681]	[34287, 1243, 29681]	[32739, 1243, 29681],delete:
need:	[14037, 762, 1419]	[22333, 1176, 21080],delete:
need:,delete:
need:,delete:
need:	[23709, 1211, 33064]	[4048, 660, 13403],delete:
need:,delete:
need:,delete:	[10431, 33, 10541]	[10431, 734, 17369]	[10431, 812, 17369]	[10431, 33, 11181]	[10431, 827, 13661]	[10431, 658, 13661]	[13661, 812, 10431]	[13661, 734, 10431]
need:	[1972, 859, 4725]	[21633, 1243, 24386],delete:
need:	[34021, 1081, 24749]	[27023, 1734, 24749]	[7362, 651, 5088]	[24749, 907, 29843],delete:
need:	[11306, 651, 9391]	[29052, 1095, 30967]	[30967, 1384, 29052],delete:
need:,delete:
need:,delete:	[19994, 927, 37154]
need:	[20899, 1912, 34150],delete:
need:	[3466, 476, 13272]	[23127, 1243, 32933],delete:
need:,delete:
need:	[32666, 907, 29885]	[32334, 907, 29885],delete:
need:,delete:
need:,delete:
need:,delete:
need:	[7156, 84, 1112]	[1112, 356, 18006]	[26817, 1017, 20773],delete:
need:,delete:
need:,delete:
need:,delete:
need:,delete:
need:	[26125, 944, 28804]	[7643, 260, 6464]	[26125, 944, 33826],delete:
need:,delete:
need:	[2818, 737, 9048]	[22479, 1324, 25239]	[5578, 228, 2818],delete:
need:	[7757, 22, 13175]	[30432, 929, 27418],delete:
need:,delete:
need:,delete:
need:	[2901, 74, 3999]	[2901, 22, 10457]	[22562, 925, 22898]	[22562, 962, 24353]	[34413, 907, 22562],delete:
need:	[6368, 33, 6664]	[2344, 33, 6664]	[26325, 1417, 34171]	[29028, 1417, 26325]	[34171, 1032, 26325],delete:
need:	[5216, 651, 9671]	[10506, 844, 9671]	[9671, 651, 10506],delete:
need:	[10877, 21, 6574]	[30538, 924, 26235]	[26235, 925, 20694]	[26235, 925, 31749],delete:
need:,delete:
need:	[12488, 727, 3845]	[3845, 224, 40]	[23506, 977, 32149]	[32149, 907, 23506]	[23506, 924, 25072],delete:
need:,delete:
need:,delete:
need:,delete:
need:,delete:	[31061, 944, 22836]	[3175, 552, 10824]
need:	[3110, 401, 11466],delete:
need:,delete:
need:,delete:
need:,delete:	[4134, 5, 19002]	[5423, 272, 4134]	[23795, 908, 39522]	[23795, 2071, 24802]
need:,delete:	[4783, 22, 1033]	[4783, 22, 12208]	[4783, 22, 6478]	[4783, 232, 9358]	[4783, 201, 11228]	[4783, 22, 3699]	[24444, 1075, 26100]	[30889, 1861, 24444]	[29019, 1861, 24444]	[24444, 1435, 30889]	[32501, 1861, 24444]	[29144, 929, 24444]	[24444, 925, 26139]	[24444, 924, 30786]	[27661, 1861, 24444]
need:,delete:
need:,delete:
need:	[33206, 1289, 21153],delete:
need:	[4739, 22, 3872]	[11890, 74, 4739]	[31551, 977, 24400]	[24400, 907, 30215]	[24400, 907, 31551],delete:
need:	[31018, 1081, 22756]	[11357, 526, 3095],delete:
need:,delete:	[22508, 1600, 24963]	[22508, 2109, 29387]	[22508, 2089, 24426]	[22508, 2047, 36963]
need:,delete:
need:,delete:	[7610, 649, 10035]	[10035, 884, 7610]	[27271, 1771, 28223]	[27271, 1688, 28578]	[27271, 1417, 29696]	[28578, 936, 27271]
need:,delete:
need:,delete:
need:,delete:
need:	[3255, 22, 13788]	[3255, 22, 8077]	[22916, 928, 22916]	[22916, 928, 22916]	[22916, 925, 33449]	[22916, 925, 20439]	[22916, 925, 30596]	[22916, 925, 31185]	[22916, 1017, 23815]	[22916, 925, 33647]	[22916, 1017, 37811],delete:
need:	[24005, 925, 31845]	[24005, 1200, 30525]	[4344, 22, 8077],delete:
need:,delete:
need:	[4767, 859, 3016]	[14792, 476, 3016]	[3016, 828, 14743]	[22677, 1323, 37097]	[34453, 1243, 22677],delete:
need:	[28453, 925, 22898]	[8792, 22, 8591]	[28453, 925, 28252],delete:
need:,delete:
need:	[33, 232, 14902]	[19694, 1075, 34563]	[19694, 1075, 30628]	[33, 22, 7424],delete:
need:,delete:
need:,delete:
need:	[22448, 962, 34417]	[2787, 61, 14756],delete:
need:,delete:
need:	[29466, 953, 33687]	[10728, 84, 9805],delete:
need:,delete:
need:,delete:	[19672, 925, 30898]	[11, 22, 11237]	[19672, 977, 20780]	[19672, 933, 23637]
need:	[6773, 18, 3539]	[28755, 1034, 26434]	[6773, 651, 477]	[6773, 651, 3159]	[26434, 1045, 23200]	[23315, 1034, 26434]	[6773, 24, 15405]	[26434, 2077, 30339]	[10988, 677, 6773]	[26434, 975, 37154],delete:
need:	[4634, 21, 6334]	[4634, 22, 3085]	[24295, 925, 31869]	[4634, 21, 2963],delete:
need:	[10271, 84, 11826]	[29932, 1211, 32686],delete:
need:	[10204, 651, 11873]	[11873, 844, 10204],delete:
need:,delete:
need:	[135, 457, 5804]	[12407, 18, 135]	[31852, 1816, 19796],delete:
need:	[5569, 600, 11392]	[5569, 41, 18539]	[5569, 41, 2518]	[5569, 600, 16409]	[25230, 1328, 31053],delete:
need:,delete:
need:	[14451, 660, 29]	[34112, 1211, 19690],delete:
need:	[23978, 1045, 28900],delete:
need:	[6488, 22, 778]	[6488, 22, 11784]	[6488, 22, 11524]	[23963, 964, 26149]	[34002, 1230, 26149],delete:
need:,delete:
need:,delete:
need:	[2257, 22, 12208]	[21918, 925, 31869]	[2257, 22, 12088]	[11886, 21, 2257],delete:
need:	[9297, 22, 8077]	[30416, 924, 28958]	[32906, 924, 28958]	[10755, 21, 9297],delete:
need:	[10521, 828, 7804]	[7804, 859, 10521]	[23849, 944, 27465]	[27465, 1243, 30182],delete:
need:	[1637, 767, 13942]	[21298, 1564, 20160],delete:
need:,delete:
need:,delete:
need:,delete:
need:	[14895, 686, 7693],delete:
need:,delete:
need:,delete:
need:,delete:	[28008, 938, 36083]	[28008, 938, 28428]
need:	[6429, 727, 10688]	[26090, 907, 30349]	[6429, 22, 3872]	[6429, 22, 809],delete:
need:,delete:
need:,delete:
need:,delete:
need:,delete:
need:	[30296, 1017, 29535]	[10635, 344, 9874]	[249, 344, 9874]	[13991, 344, 9874],delete:
need:	[27848, 1681, 34257]	[8187, 868, 14596]	[27848, 1243, 22868],delete:
need:,delete:
need:,delete:
need:	[7721, 153, 14258]	[27382, 1840, 33919],delete:
need:	[26634, 1681, 29177]	[12906, 868, 9516],delete:
need:,delete:
need:,delete:	[25493, 1489, 38495]	[25493, 1718, 20639]	[25493, 1022, 38495]
need:,delete:	[7964, 797, 3790]	[7964, 797, 11431]	[7964, 307, 9852]	[7964, 797, 8020]	[27625, 1154, 29513]
need:,delete:	[3676, 893, 15541]	[23337, 1017, 24660]
need:,delete:
need:	[401, 577, 8455]	[401, 24, 15405]	[2623, 844, 401]	[401, 651, 2623]	[401, 401, 12201],delete:
need:,delete:
need:,delete:
need:,delete:
need:,delete:
need:,delete:	[42, 126, 13244]	[42, 362, 13788]	[42, 362, 6613]	[6613, 126, 42]	[42, 126, 3237]	[130, 22, 42]	[3237, 80, 42]	[20900, 925, 19703]	[20256, 925, 19703]	[24846, 925, 19703]
need:,delete:	[8126, 388, 14767]	[14767, 477, 8126]	[27787, 925, 32295]	[27787, 925, 26790]	[27787, 929, 33084]
need:	[1333, 22, 1411]	[1333, 508, 13132]	[1333, 22, 3237]	[20994, 925, 21072]	[20994, 1200, 32793]	[20994, 924, 32349],delete:
need:,delete:
need:,delete:
need:	[20814, 1270, 32135]	[20814, 1503, 22274],delete:
need:,delete:
need:	[21443, 1384, 35355]	[21878, 1384, 21443],delete:
need:,delete:
need:	[32039, 1034, 20318],delete:
need:	[29122, 993, 19716],delete:
need:	[10017, 573, 19269],delete:
need:,delete:	[5738, 555, 14477]
need:	[31692, 1261, 23311]	[31167, 1980, 23311],delete:
need:,delete:
need:	[31302, 1095, 27946],delete:
need:	[10093, 577, 6942]	[10093, 650, 11408]	[26603, 1760, 29754]	[29754, 1244, 25177]	[29754, 1244, 31069],delete:
need:	[2047, 59, 11706]	[2047, 21, 7127]	[21708, 907, 21411]	[21708, 962, 31367],delete:
need:	[31939, 972, 22967]	[22967, 972, 32795],delete:
need:	[28955, 1095, 32066]	[32066, 1384, 28955],delete:
need:	[2485, 64, 10515]	[22146, 967, 30176],delete:
need:	[8927, 22, 3872]	[8927, 22, 4264]	[28588, 907, 30746]	[8927, 727, 541],delete:
need:	[1818, 33, 13036]	[31188, 1688, 21479]	[32697, 1688, 21479]	[1818, 33, 11527],delete:
need:,delete:	[9109, 22, 4486]	[9109, 22, 13594]	[9109, 22, 7129]	[11859, 129, 9109]	[21907, 962, 28770]
need:	[11195, 526, 8381],delete:
need:	[5101, 797, 2265],delete:
need:	[6149, 22, 5434]	[25810, 925, 23424]	[25810, 924, 30348]	[6149, 22, 12647],delete:
need:	[9958, 797, 15245]	[14489, 139, 9958],delete:
need:	[1171, 84, 12758],delete:
need:,delete:
need:,delete:
need:,delete:
need:	[33871, 2072, 21996]	[14210, 281, 2335],delete:
need:,delete:	[27673, 1489, 38495]	[8012, 452, 2614]	[27673, 1022, 38495]	[27673, 1688, 30664]
need:	[22294, 1089, 34529]	[2633, 22, 3237]	[2633, 74, 14868]	[34529, 907, 22294],delete:
need:,delete:
need:,delete:	[3693, 477, 2120]	[2120, 21, 5411]	[21781, 925, 31749]	[21781, 925, 20939]	[21781, 925, 23604]	[21781, 925, 22898]	[21781, 938, 36083]	[33310, 977, 21781]	[21781, 907, 32347]	[21781, 907, 32457]
need:	[29514, 1510, 33111]	[9853, 409, 13450],delete:
need:	[24714, 1539, 23863]	[14887, 577, 5053]	[23863, 907, 24714],delete:
need:,delete:	[11132, 275, 6583]	[6583, 22, 13496]	[6583, 22, 15433]	[6583, 22, 8591]	[6583, 22, 12647]	[6583, 22, 14518]	[26244, 928, 36312]	[30793, 1781, 26244]
need:,delete:
need:,delete:
need:	[4157, 74, 11922]	[4157, 22, 10145]	[23818, 1089, 31583]	[4157, 129, 11997],delete:
need:,delete:	[20568, 923, 33720]	[907, 542, 8123]	[907, 665, 10888]	[20568, 1285, 33945]
need:	[24326, 1244, 34210],delete:
need:,delete:
need:,delete:
need:	[22271, 1095, 28467]	[8806, 799, 6442]	[2610, 844, 8806],delete:
need:	[20845, 1075, 31579]	[20845, 907, 38301],delete:
need:	[7737, 43, 11481]	[22622, 961, 27398]	[27398, 1800, 31142]	[27398, 1800, 28295],delete:
need:,delete:
need:,delete:
need:	[2515, 877, 14387]	[22176, 1979, 37865]	[22176, 1979, 34048],delete:
need:,delete:
need:	[4301, 859, 4901]	[23962, 1243, 24562]	[4301, 476, 4901],delete:
need:,delete:
need:,delete:
need:,delete:
need:	[2385, 650, 9458]	[2385, 844, 8493],delete:
need:	[41, 651, 13340]	[13340, 844, 41]	[19702, 1734, 33001],delete:
need:	[29625, 1417, 24643]	[23349, 1417, 29625],delete:
need:,delete:
need:	[13112, 400, 4922]	[32773, 2058, 24583],delete:
need:	[6506, 859, 11616]	[26167, 1243, 31277],delete:
need:	[20770, 907, 30677]	[1109, 35, 16417]	[1109, 21, 15826]	[30677, 977, 20770],delete:
need:	[379, 107, 12514]	[379, 84, 8588]	[20040, 1202, 32175]	[20040, 1288, 23291]	[20040, 907, 26996],delete:
need:	[1721, 651, 3584]	[3584, 401, 12498]	[27718, 1095, 23245],delete:
need:,delete:	[26057, 1602, 24069]	[26057, 1602, 32272]
need:	[11463, 799, 6821],delete:
need:	[14765, 356, 1300]	[1300, 18, 10505]	[33139, 2058, 20961]	[13478, 400, 1300],delete:
need:,delete:	[977, 21, 8161]	[10363, 21, 8161]	[20638, 924, 27822]
need:,delete:	[1055, 81, 19339]	[1055, 600, 4381]	[1055, 600, 16548]	[20716, 1201, 22179]	[20716, 1328, 35077]	[20716, 1328, 20550]
need:,delete:
need:	[5778, 74, 14090]	[34006, 907, 25439]	[25439, 1089, 33751]	[33751, 907, 25439],delete:
need:,delete:	[4270, 779, 2182]	[4270, 683, 7833]	[4270, 22, 778]	[2182, 641, 4270]	[23931, 977, 33912]	[23931, 925, 31499]	[23931, 925, 20439]	[23931, 925, 30596]
need:	[1766, 126, 88]	[21427, 1995, 25743],delete:
need:	[7176, 457, 13640]	[311, 18, 7176]	[26837, 951, 33301],delete:
need:,delete:
need:	[23915, 907, 23480]	[3819, 30, 3976]	[23480, 962, 25607],delete:
need:,delete:
need:	[13750, 260, 5558]	[25219, 944, 33411]	[25219, 944, 30245],delete:
need:	[25690, 1371, 25878]	[25878, 1371, 33779],delete:
need:	[2071, 22, 3872]	[32252, 929, 21732],delete:
need:,delete:
need:	[14253, 844, 840]	[3355, 401, 840],delete:
need:,delete:
need:	[8299, 660, 4951]	[11973, 43, 4951]	[30880, 1211, 24612]	[28635, 1800, 24612]	[31634, 1862, 24612]	[29055, 1211, 24612],delete:
need:	[3216, 21, 6334]	[34634, 907, 22877]	[22877, 977, 34634]	[22877, 924, 25995],delete:
need:	[32003, 1211, 28208]	[12342, 781, 8547]	[22893, 1211, 28208],delete:
need:	[7397, 22, 3823]	[7397, 22, 3034],delete:
need:	[13976, 577, 5483]	[19828, 1816, 25144],delete:
need:	[24931, 1384, 30073]	[30073, 1193, 32498]	[30073, 951, 32498],delete:
need:,delete:
need:,delete:
need:	[3532, 22, 12208]	[3532, 21, 2963]	[14306, 4, 3532]	[3532, 21, 10956]	[3532, 22, 1033]	[33967, 907, 23193],delete:
need:,delete:
need:,delete:	[10147, 584, 1620]	[1620, 381, 10147]	[33525, 1830, 21281]	[34655, 1319, 21281]	[23464, 1319, 21281]
need:,delete:
need:,delete:
need:	[28050, 925, 28252]	[28050, 925, 26949]	[8389, 22, 3237],delete:
need:	[20189, 1725, 21231]	[20189, 1725, 23248],delete:
need:	[12435, 451, 1242],delete:
need:,delete:
need:	[32325, 1835, 28329]	[3347, 490, 8668]	[34150, 1631, 28329]	[21371, 972, 28329],delete:
need:,delete:
need:,delete:
need:	[30465, 1252, 23246]	[3585, 584, 10804],delete:
need:,delete:
need:,delete:
need:,delete:
need:,delete:
need:,delete:
need:,delete:	[21294, 938, 36083]
need:,delete:	[26939, 964, 26927]	[26939, 964, 32559]
need:	[5612, 902, 9986]	[9986, 305, 10680]	[29647, 2021, 30341],delete:
need:,delete:	[6044, 331, 16288]	[6044, 827, 18107]	[6044, 734, 16634]	[6044, 33, 12920]	[6044, 33, 13558]	[29270, 1718, 25705]	[24215, 1688, 25705]
need:	[3215, 440, 13377],delete:
need:,delete:	[9627, 476, 4769]	[24430, 1113, 21476]	[14303, 859, 4769]	[4769, 828, 2893]
need:,delete:
need:,delete:
need:,delete:
need:,delete:	[2276, 884, 697]	[697, 649, 2276]	[20358, 1052, 28778]
need:,delete:
need:,delete:	[4624, 823, 16952]
need:	[23650, 972, 27475]	[23650, 972, 20427],delete:
need:	[22485, 1398, 20647],delete:
need:	[30044, 1017, 32433]	[10383, 84, 12772]	[10383, 310, 17548],delete:
need:	[9584, 22, 5467]	[29245, 925, 27700],delete:
need:	[23946, 1017, 27411]	[23946, 1934, 23238]	[23946, 1934, 29484]	[4285, 84, 7750],delete:
need:,delete:
need:,delete:	[28951, 925, 20214]	[553, 55, 15796]	[21415, 925, 20214]
need:	[23303, 1938, 27835]	[27835, 972, 23303]	[23303, 1631, 30258]	[30258, 972, 23303],delete:
need:	[14639, 18, 5300],delete:
need:,delete:
need:	[28898, 1861, 26484]	[27043, 1200, 26484]	[33416, 1200, 26484],delete:
need:	[11219, 43, 5261]	[14969, 660, 5261]	[32727, 1213, 24922],delete:
need:,delete:
need:,delete:
need:,delete:
need:	[26673, 1052, 30829]	[1668, 33, 7012]	[11168, 33, 7012]	[26250, 1032, 26673],delete:
need:,delete:
need:	[21986, 1386, 20301]	[34364, 1288, 21986]	[2325, 843, 5741],delete:
need:	[19815, 1868, 28477]	[19815, 1868, 27785],delete:
need:,delete:
need:,delete:
need:	[10445, 84, 14800]	[30106, 1244, 31399],delete:
need:,delete:
need:	[2735, 201, 11047]	[2735, 22, 3872]	[2735, 22, 7424]	[22396, 1861, 24061]	[22396, 1435, 30708],delete:
need:	[5524, 22, 3872]	[5524, 22, 395]	[5524, 22, 1760],delete:
need:	[3515, 18, 13037],delete:
need:	[25400, 925, 25967]	[25400, 925, 23498]	[25400, 925, 22840],delete:
need:,delete:
need:,delete:
need:,delete:
need:,delete:
need:,delete:
need:	[1118, 21, 6180],delete:
need:	[12267, 790, 7911]	[7911, 490, 12267],delete:
need:,delete:
need:,delete:	[27356, 1771, 29687]	[27356, 1688, 39346]	[27356, 1052, 20514]	[27356, 1688, 29687]
need:,delete:
need:	[1805, 825, 963]	[20624, 1484, 31519],delete:
need:,delete:
need:	[8608, 833, 8194]	[31617, 1725, 27855]	[32289, 1725, 27855],delete:
need:,delete:
need:,delete:
need:	[12041, 868, 6285]	[32704, 1503, 25946]	[13043, 657, 6285]	[31702, 1681, 25946],delete:
need:	[21726, 961, 20170]	[20170, 1017, 30219]	[7571, 705, 509],delete:
need:	[8313, 84, 8040]	[8313, 401, 13185]	[8313, 401, 13422],delete:
need:,delete:	[10561, 129, 6367]	[6367, 21, 3843]	[6367, 21, 558]	[6367, 21, 6979]	[6367, 21, 2594]	[30222, 929, 26028]	[31356, 1861, 26028]	[21518, 962, 26028]	[34062, 1081, 26028]	[32841, 1861, 26028]	[26028, 925, 31869]
need:	[32260, 929, 23937],delete:
need:	[4259, 322, 4064]	[5297, 18, 4064],delete:
need:,delete:
need:,delete:
need:,delete:
need:,delete:
need:	[9220, 767, 13982],delete:
need:	[655, 22, 12088]	[655, 22, 3237]	[20316, 907, 35200]	[20316, 907, 21891],delete:
need:	[33074, 1243, 28451]	[28451, 970, 19686]	[28451, 1113, 24780],delete:
need:,delete:	[5303, 729, 5779]	[5303, 260, 8881]	[5303, 729, 4234]	[5303, 260, 5842]	[5303, 729, 3261]	[1532, 729, 5303]	[5303, 729, 12618]	[461, 552, 5303]	[8640, 729, 5303]	[5303, 729, 12173]	[24229, 944, 24964]
need:	[9342, 844, 12203]	[29003, 1095, 31864],delete:
need:	[25890, 1417, 27051]	[11199, 33, 6229]	[25890, 1032, 21937]	[21937, 1417, 25890],delete:
need:,delete:
need:,delete:
need:,delete:
need:,delete:
need:	[20372, 1032, 22041],delete:
need:,delete:
need:	[14213, 457, 742]	[742, 18, 14213],delete:
need:,delete:
need:	[27436, 1399, 22609]	[27436, 1211, 28159]	[7775, 84, 2948]	[14566, 651, 7775],delete:
need:,delete:
need:,delete:
need:	[5010, 859, 16436]	[24671, 2001, 34761]	[24671, 1243, 38477],delete:
need:,delete:
need:,delete:
need:,delete:
need:	[4885, 22, 5191]	[4885, 22, 9728]	[4885, 22, 12634]	[4885, 22, 3872],delete:
need:,delete:
need:	[29812, 944, 33361]	[29812, 944, 31296],delete:
need:,delete:
need:,delete:
need:	[24043, 1095, 33906]	[24043, 1211, 28190],delete:
need:,delete:
need:	[2170, 651, 1212]	[2170, 344, 7656]	[3339, 844, 2170]	[2170, 401, 6610]	[2170, 18, 9776]	[21831, 1017, 32108]	[21831, 1017, 27390]	[21831, 1816, 29437],delete:
need:	[10246, 760, 6397]	[31198, 1600, 26058],delete:
need:	[4346, 139, 12359]	[4346, 844, 19578]	[4346, 846, 14961]	[24007, 1017, 32946]	[24007, 1938, 20744]	[20744, 972, 24007]	[24007, 1631, 26130],delete:
need:	[479, 546, 11165]	[20140, 1032, 35377]	[20140, 1177, 30826]	[20140, 1417, 30753]	[20140, 1643, 30826]	[20140, 1022, 38495]	[20140, 1643, 37934],delete:
need:	[14582, 131, 10463]	[10463, 356, 14582]	[34243, 1725, 30124]	[30124, 2058, 34243],delete:
need:,delete:
need:,delete:
need:	[4340, 724, 11235]	[4340, 724, 667]	[4340, 18, 12428]	[4340, 651, 15995]	[24001, 1816, 32089],delete:
need:	[2262, 781, 1182]	[2862, 117, 2262],delete:
need:,delete:
need:	[21579, 925, 24147]	[1918, 22, 3237],delete:
need:,delete:	[26297, 1288, 24593]	[6636, 366, 16805]	[26297, 2080, 24134]
need:	[13884, 130, 112]	[19773, 1844, 33545],delete:
need:,delete:
need:,delete:
need:	[7188, 22, 4230]	[7188, 22, 10073],delete:
need:,delete:
need:,delete:
need:	[11967, 660, 6872]	[31628, 1211, 26533],delete:
need:,delete:
need:	[27891, 1064, 28528]	[29717, 1243, 27891]	[22974, 1243, 27891]	[27540, 1243, 27891],delete:
need:,delete:
need:	[965, 247, 18810]	[20626, 1243, 34731],delete:
need:	[5939, 508, 12135]	[25600, 929, 35649]	[25600, 1200, 22360]	[28298, 977, 25600]	[25600, 964, 31796]	[25600, 907, 31447],delete:
need:	[14776, 651, 185]	[185, 844, 14776]	[19846, 1816, 32440],delete:
need:,delete:
need:	[29474, 1332, 33263]	[2539, 18, 9813],delete:
need:,delete:
need:,delete:	[8213, 21, 14874]	[8213, 22, 6478]	[8213, 22, 3699]	[8213, 22, 1033]	[8213, 22, 12208]	[27874, 1861, 29762]	[27874, 924, 34535]	[27874, 925, 23360]
need:,delete:
need:,delete:
need:,delete:	[1954, 729, 916]	[916, 859, 9990]	[797, 729, 916]	[8312, 729, 916]	[11126, 729, 916]	[2893, 729, 916]	[916, 476, 5480]	[32801, 944, 20577]	[20577, 1243, 29651]
need:,delete:
need:,delete:
need:,delete:
need:	[30161, 1095, 26431],delete:
need:	[32058, 1090, 24080],delete:
need:,delete:
need:	[6116, 41, 14230]	[6116, 84, 1370]	[6116, 41, 12323]	[25777, 1503, 34785]	[25777, 1017, 21031],delete:
need:,delete:
need:	[21283, 924, 30805]	[21283, 925, 27700]	[1622, 22, 13175],delete:
need:	[32768, 962, 20017]	[13107, 3, 356]	[20017, 925, 30811],delete:
need:	[11118, 21, 10067]	[30779, 924, 29728],delete:
need:,delete:
need:,delete:	[3655, 22, 12088]	[23316, 925, 30898]	[13044, 58, 3655]	[23316, 925, 31749]
need:	[24237, 1243, 29090],delete:
need:,delete:
need:,delete:
need:	[23891, 1337, 29734]	[14100, 126, 10073],delete:
need:	[20970, 1399, 29269]	[33085, 1384, 20970],delete:
need:	[4583, 771, 14398]	[24244, 1641, 27717],delete:
need:	[2921, 247, 11449]	[22582, 1243, 31110],delete:
need:,delete:
need:	[2698, 657, 10780]	[2698, 45, 8879],delete:
need:	[32978, 1781, 21245],delete:
need:	[4827, 33, 13459]	[4827, 33, 18916],delete:
need:	[30733, 1089, 28241]	[11072, 74, 8580]	[8580, 129, 2062]	[28241, 907, 30733],delete:
need:,delete:
need:,delete:
need:	[19862, 1484, 39035],delete:
need:,delete:
need:	[27924, 924, 25693]	[8263, 22, 8021]	[8263, 22, 3872],delete:
need:,delete:
need:,delete:
need:	[29963, 1681, 28339]	[33446, 2084, 28339]	[13785, 868, 8678]	[25598, 1503, 28339],delete:
need:	[2782, 18, 11087]	[2782, 84, 14313]	[22443, 1017, 33974],delete:
need:,delete:	[7292, 22, 8049]	[7292, 22, 11237]	[7292, 30, 3976]	[7292, 143, 856]	[12114, 477, 7292]	[26953, 925, 30898]	[26953, 925, 24147]	[26953, 925, 31278]	[26953, 925, 23478]
need:	[7230, 649, 14653]	[31396, 1417, 26891]	[34314, 1032, 26891],delete:
need:,delete:
need:,delete:
need:,delete:
need:	[2991, 41, 13078]	[2991, 237, 2720]	[22652, 1610, 32739]	[2991, 41, 3892],delete:
need:,delete:	[1754, 21, 971]	[1754, 22, 3237]	[1754, 22, 12088]	[1754, 129, 818]	[1754, 413, 7291]	[1754, 30, 3976]	[21415, 925, 20939]	[33164, 907, 21415]	[21415, 977, 23970]	[21415, 925, 20214]	[21415, 925, 22898]
need:,delete:
need:,delete:
need:	[4392, 22, 14547]	[30584, 907, 24053]	[24053, 1089, 30584],delete:
need:,delete:
need:	[6623, 693, 2051]	[6623, 693, 14826],delete:
need:,delete:
need:	[27662, 987, 33704]	[8001, 652, 9457]	[33704, 1297, 27662]	[8001, 843, 16832],delete:
need:,delete:	[2344, 331, 7365]	[2344, 33, 12920]	[8978, 658, 2344]	[2344, 696, 5198]	[22005, 1997, 26325]
need:	[33444, 1090, 19736]	[75, 110, 13783],delete:
need:,delete:	[22963, 929, 24319]	[22963, 925, 30596]
need:	[8628, 22, 12088]	[8628, 61, 13061]	[8628, 22, 3237]	[28289, 925, 31749]	[28289, 964, 32722],delete:
need:	[4233, 790, 11755]	[23894, 1525, 31416],delete:
need:,delete:	[306, 767, 3309]	[3706, 376, 3309]	[22970, 1734, 38449]	[22970, 1734, 37549]
need:	[32697, 1688, 21711]	[2050, 33, 13036]	[2050, 33, 7256],delete:
need:	[12041, 657, 9099]	[22868, 970, 28760]	[11709, 868, 9099],delete:
need:	[9396, 705, 8818]	[4434, 705, 8818]	[24095, 961, 28479]	[28479, 1860, 20942]	[28479, 1017, 29387]	[28479, 1860, 29057],delete:
need:,delete:
need:	[3263, 827, 19424]	[3263, 677, 10678]	[22924, 1364, 37447]	[30009, 1384, 22924]	[21584, 1688, 22924]	[21717, 1734, 22924]	[22924, 1816, 23200],delete:
need:,delete:
need:,delete:
need:,delete:
need:,delete:
need:,delete:
need:,delete:	[8888, 30, 3976]	[8888, 30, 10910]
need:,delete:
need:	[25697, 1384, 30530]	[6036, 401, 11812],delete:
need:,delete:	[29493, 1862, 29543]
need:,delete:
need:,delete:	[20964, 927, 37154]	[20964, 1749, 33901]	[1303, 24, 15405]	[20964, 1749, 31419]
need:,delete:
need:	[1669, 201, 15407],delete:
need:,delete:	[14351, 884, 5880]	[25541, 1688, 20784]	[25541, 1688, 39120]
need:,delete:
need:	[6671, 650, 7876]	[7876, 490, 9702]	[12095, 490, 7876]	[27537, 1483, 33960]	[27537, 1631, 26298]	[26298, 972, 27537],delete:
need:,delete:
need:	[1257, 651, 11743]	[11743, 844, 1257]	[20918, 1211, 22502]	[31404, 1525, 20918]	[20918, 1734, 31404],delete:
need:,delete:
need:,delete:
need:,delete:	[1088, 697, 6883]
need:,delete:
need:	[33558, 1017, 28134]	[28134, 1407, 22867]	[8473, 14, 3206],delete:
need:	[25972, 1789, 29123]	[27084, 929, 25972]	[12396, 129, 6311],delete:
need:,delete:
need:,delete:
need:,delete:
need:	[23728, 918, 28564]	[20619, 1962, 28564],delete:
need:	[9606, 877, 11899]	[29267, 1979, 30582]	[32127, 1288, 29267],delete:
need:,delete:	[899, 84, 14561]	[899, 490, 10761]	[20560, 1749, 26615]	[20560, 1749, 25134]	[20560, 1749, 22198]
need:	[21725, 929, 33582],delete:
need:	[6365, 677, 13419]	[6365, 677, 4691],delete:
need:,delete:
need:,delete:
need:,delete:
need:,delete:
need:,delete:
need:	[4237, 21, 11476]	[4237, 22, 1927]	[4237, 22, 8077],delete:
need:	[33839, 944, 29450]	[9789, 260, 14178]	[9789, 260, 17667],delete:
need:	[27844, 1938, 22505],delete:
need:	[31554, 1055, 25853]	[11893, 708, 6192]	[28814, 1055, 25853],delete:
need:,delete:	[29714, 1263, 23422]	[10190, 384, 3761]	[29851, 1447, 23422]
need:,delete:	[28416, 925, 33075]	[28416, 925, 30841]	[28416, 925, 33157]
need:	[12943, 900, 9925]	[14099, 84, 9925],delete:
need:	[25230, 1503, 22179]	[32151, 1503, 22179]	[13068, 41, 2518],delete:
need:,delete:
need:	[32698, 1192, 25388]	[31873, 1192, 25388],delete:
need:	[9244, 577, 10606]	[9244, 401, 46],delete:
need:,delete:
need:	[12743, 701, 9307]	[25160, 1564, 28968],delete:
need:	[21214, 1232, 31173]	[21214, 1113, 22381]	[21214, 1121, 33514]	[1553, 421, 13853]	[21214, 1323, 26449]	[33020, 1243, 21214]	[21854, 1243, 21214]	[24587, 1243, 21214],delete:
need:	[8671, 651, 13454]	[13454, 844, 8671],delete:
need:	[21639, 1347, 28652]	[24019, 1347, 28652],delete:
need:,delete:
need:,delete:	[19734, 944, 21065]
need:	[33203, 962, 22686]	[3025, 22, 12647]	[33276, 962, 22686]	[22686, 1861, 31389]	[25735, 962, 22686],delete:
need:,delete:
need:,delete:
need:	[11195, 693, 5968]	[31853, 1577, 25629]	[30856, 1577, 25629],delete:
need:,delete:	[27385, 925, 26949]	[27385, 925, 23533]
need:,delete:
need:	[148, 344, 8383]	[19809, 1211, 36623],delete:
need:	[4977, 247, 11659]	[14125, 868, 4977]	[24638, 1243, 31320]	[33786, 1681, 24638],delete:
need:	[28806, 1861, 24061]	[31991, 1200, 28806]	[33234, 1200, 28806]	[33727, 962, 28806],delete:
need:	[8046, 22, 8077]	[27707, 925, 27738]	[27707, 929, 33764]	[28118, 1089, 27707]	[27707, 1200, 30957]	[21979, 977, 27707],delete:
need:,delete:
need:,delete:
need:	[33513, 1868, 23321]	[14392, 64, 3660]	[30665, 967, 23321]	[34053, 967, 23321],delete:
need:,delete:
need:,delete:
need:	[9697, 84, 12345]	[9697, 724, 4473]	[29358, 1017, 32006],delete:
need:,delete:
need:	[28060, 1816, 32634]	[28060, 1920, 32634]	[12973, 192, 8399],delete:
need:	[29458, 907, 35084],delete:
need:	[32823, 1504, 25922]	[25922, 1504, 22988],delete:
need:	[27091, 1064, 27694]	[27091, 1232, 34272]	[27091, 1121, 29450],delete:
need:,delete:
need:,delete:	[29623, 1688, 23363]	[29623, 1688, 22737]	[23363, 936, 29623]	[29623, 1052, 23363]
need:,delete:
need:,delete:
need:	[819, 657, 12281]	[819, 247, 121]	[20480, 1243, 19782]	[20480, 1681, 34313]	[29192, 1482, 20480]	[20480, 1482, 29192],delete:
need:,delete:	[4963, 143, 2495]	[4963, 21, 7127]	[4963, 508, 1541]	[4963, 4, 11586]	[4963, 22, 8077]	[4963, 35, 16417]	[24624, 925, 19749]	[24624, 925, 30603]	[24624, 907, 31247]
need:	[3498, 542, 3052]	[23159, 1070, 38242],delete:
need:	[3714, 657, 13651]	[23375, 1734, 34737],delete:
need:,delete:	[12747, 790, 1582]	[1582, 58, 352]
need:	[14283, 660, 874]	[27113, 1211, 20535]	[20535, 2050, 30725]	[20535, 1585, 30201]	[33944, 1211, 20535]	[21652, 1211, 20535],delete:
need:,delete:	[26032, 1173, 30092]	[8105, 884, 6371]
need:,delete:	[24628, 938, 36083]	[5256, 477, 4967]	[4967, 129, 9687]
need:	[9369, 22, 12231]	[29030, 1200, 32751]	[29030, 1089, 34324]	[34324, 907, 29030],delete:
need:	[3770, 753, 10130],delete:
need:,delete:
need:	[6691, 21, 11476]	[6691, 22, 8077]	[6691, 22, 1760]	[31943, 977, 26352]	[26352, 907, 31943],delete:
need:	[25255, 1752, 33633],delete:
need:	[31530, 1503, 19834]	[11869, 868, 173]	[31986, 1681, 19834],delete:
need:	[3236, 74, 13190]	[22897, 1089, 32851]	[3236, 22, 1760],delete:
need:,delete:
need:	[34408, 1886, 28122]	[8461, 19, 14747]	[14747, 13, 8461],delete:
need:,delete:	[33755, 1396, 21790]	[7424, 167, 2129]
need:	[14687, 21, 6769]	[26430, 925, 31869]	[34348, 924, 26430],delete:
need:	[4685, 22, 11524]	[30173, 962, 24346]	[23206, 962, 24346]	[25842, 962, 24346],delete:
need:,delete:	[1269, 30, 3976]	[20930, 925, 31749]	[1269, 30, 10910]
need:,delete:
need:	[4103, 79, 19260]	[4103, 110, 13645],delete:
need:,delete:	[653, 591, 5974]	[1804, 324, 5974]
need:	[12966, 177, 9612]	[29273, 2057, 32627]	[9612, 356, 12966],delete:
need:	[5565, 22, 13496]	[25226, 925, 27682],delete:
need:,delete:	[7465, 493, 2685]	[24670, 1219, 22346]	[22346, 1725, 30745]	[22346, 1028, 34679]
need:,delete:	[24869, 1028, 34679]	[24869, 1725, 30745]
need:	[6999, 490, 14098]	[26660, 1734, 33759],delete:
need:	[9246, 730, 17444]	[31980, 907, 28907]	[30458, 907, 28907]	[28907, 1089, 30458]	[28907, 929, 22352],delete:
need:	[10548, 232, 247],delete:
need:	[23512, 1095, 32730]	[23512, 1525, 21436],delete:
need:,delete:
need:,delete:
need:	[8488, 577, 11119]	[28149, 907, 30780],delete:
need:	[5160, 191, 7760]	[7868, 191, 7760]	[29812, 959, 27421]	[1880, 191, 7760],delete:
need:	[11872, 686, 1704]	[31533, 1725, 21365],delete:
need:,delete:
need:,delete:
need:	[29459, 1243, 30182]	[9798, 296, 10521]	[9798, 260, 10483],delete:
need:,delete:
need:,delete:	[22467, 925, 23533]	[22467, 925, 20439]
need:	[4912, 497, 5703]	[8353, 497, 5703],delete:
need:	[22353, 2102, 34106]	[30413, 2102, 22353],delete:
need:,delete:
need:,delete:	[23918, 1934, 28738]	[23918, 1749, 36558]
need:	[12947, 591, 1136]	[6785, 708, 1136]	[31234, 1017, 20797]	[30275, 2058, 20797]	[12536, 84, 1136],delete:
need:,delete:	[4797, 22, 12088]	[4797, 22, 4486]	[4797, 22, 3237]	[24458, 1200, 22028]	[24458, 938, 24861]	[24458, 925, 31749]
need:	[7325, 49, 13562]	[26986, 1333, 34029]	[24098, 955, 26986]	[26986, 1585, 33223],delete:
need:,delete:
need:	[9560, 677, 4001]	[4001, 844, 16396],delete:
need:,delete:
need:,delete:
need:	[6839, 767, 13942]	[6839, 767, 9224]	[26500, 1564, 27374]	[26500, 1247, 30423]	[30423, 1247, 26500]	[26500, 1564, 27173],delete:
need:,delete:
need:,delete:
need:	[125, 545, 6252],delete:
need:,delete:
need:	[9708, 318, 2808]	[9708, 49, 6014]	[9708, 370, 2]	[9708, 190, 1126]	[5602, 18, 9708]	[8094, 158, 9708]	[27755, 1016, 29369]	[29369, 1507, 19663],delete:
need:	[14177, 699, 2537]	[1999, 699, 2537]	[22198, 1946, 33338],delete:
need:	[34294, 1205, 27514]	[27514, 1465, 34294],delete:
need:,delete:
need:	[22313, 1938, 34607]	[22313, 1095, 26443],delete:
need:,delete:
need:,delete:
need:	[25717, 1417, 33499]	[11143, 33, 6056],delete:
need:	[22242, 1150, 25214]	[25214, 1564, 23367]	[5553, 767, 13942],delete:
need:	[481, 366, 3630]	[20142, 1288, 35159]	[20142, 1017, 26805],delete:
need:	[1284, 446, 1274]	[20945, 1295, 20935],delete:
need:	[20965, 907, 31936]	[20965, 907, 31906]	[31936, 977, 20965]	[1304, 727, 12275],delete:
need:,delete:
need:,delete:
need:,delete:
need:,delete:	[29587, 1683, 37883]	[32467, 1856, 29587]
need:	[21460, 1371, 33217]	[1799, 628, 13556]	[13556, 628, 1799],delete:
need:,delete:
need:	[9869, 22, 8591]	[9869, 22, 3237],delete:
need:,delete:	[13318, 388, 10334]	[10334, 477, 13318]	[10334, 508, 1084]	[10334, 22, 13788]	[10334, 692, 1084]	[29995, 925, 24147]	[29995, 925, 30898]	[34515, 977, 29995]	[29995, 925, 19703]	[29995, 907, 34515]
need:,delete:
need:,delete:
need:	[1310, 130, 13572],delete:
need:,delete:
need:,delete:
need:,delete:
need:,delete:
need:,delete:	[27125, 1503, 29006]	[9539, 868, 9345]	[21505, 1681, 29006]
need:	[28750, 1964, 27705],delete:
need:	[23988, 1297, 25470]	[4327, 118, 11482],delete:
need:	[10287, 232, 5906]	[10287, 232, 12306]	[10287, 22, 4264]	[31967, 1861, 29948]	[29948, 925, 27700]	[29948, 925, 20470],delete:
need:,delete:	[29808, 1082, 20378]	[10147, 91, 11416]	[10147, 584, 11988]
need:,delete:
need:,delete:
need:,delete:
need:	[24722, 1749, 31419]	[5061, 724, 9222]	[5061, 699, 11758],delete:
need:	[26581, 1816, 33172]	[6920, 844, 8097]	[6920, 18, 13511],delete:
need:	[1556, 452, 2614]	[4554, 649, 2614],delete:
need:	[8361, 22, 15445]	[8361, 22, 3817],delete:
need:,delete:
need:,delete:
need:	[30250, 2061, 29444]	[9783, 2, 10589],delete:
need:,delete:	[6550, 331, 1495]	[6550, 734, 16936]	[6550, 658, 2335]
need:,delete:
need:	[24992, 953, 31809]	[2621, 49, 5331]	[10544, 584, 5331]	[31728, 1830, 24992],delete:
need:,delete:	[5620, 79, 8751]	[28412, 1430, 25215]
need:,delete:
need:	[14065, 201, 9176]	[28837, 925, 23533]	[28837, 925, 20939],delete:
need:,delete:
need:	[2439, 43, 3297]	[22398, 1862, 22958]	[22958, 1113, 30745],delete:
need:	[4897, 33, 14510]	[34314, 1052, 24558]	[34314, 1688, 24558],delete:
need:,delete:
need:,delete:
need:,delete:	[1688, 30, 3976]	[21349, 925, 23533]	[541, 413, 1688]
need:	[9230, 708, 2338]	[21999, 1161, 20053]	[32259, 2058, 21999]	[19991, 1285, 21999],delete:
need:	[23888, 925, 31869]	[30983, 924, 23888]	[11322, 21, 4227]	[23888, 925, 23478],delete:
need:,delete:	[28590, 1844, 37819]	[4870, 685, 8929]	[11218, 685, 8929]
need:	[27872, 2084, 33283]	[8211, 868, 13622],delete:
need:	[6106, 74, 10679]	[34413, 907, 25767],delete:
need:,delete:	[10057, 74, 807]	[10057, 21, 12688]	[20468, 907, 29718]
need:,delete:
need:,delete:
need:	[3920, 677, 5297]	[5297, 844, 3920]	[24958, 1095, 23581]	[23581, 1034, 24958],delete:
need:,delete:
need:	[3707, 84, 10372]	[3707, 699, 15313]	[23368, 1749, 36529]	[3707, 84, 14952],delete:
need:	[14260, 17, 886]	[2843, 84, 886]	[33921, 1725, 20547]	[20960, 907, 20547],delete:
need:,delete:
need:,delete:
need:,delete:
need:	[26858, 925, 28252]	[7197, 22, 7129]	[26858, 925, 27682],delete:
need:,delete:
need:,delete:
need:	[14373, 356, 5295],delete:
need:	[1377, 22, 1760]	[21038, 1789, 38136]	[21038, 907, 30524],delete:
need:,delete:	[20743, 1017, 25417]	[11562, 84, 5756]	[14519, 84, 5756]	[5756, 356, 14366]	[25417, 953, 34027]	[20867, 1017, 25417]	[32194, 1192, 25417]	[31223, 2050, 25417]
need:	[23906, 1211, 32552]	[4245, 660, 12891],delete:
need:	[28227, 1017, 31405]	[8566, 84, 11744],delete:
need:	[34163, 924, 21358]	[11839, 21, 1697]	[12418, 21, 1697],delete:
need:,delete:
need:,delete:	[25849, 1642, 28925]	[29497, 1243, 25849]
need:,delete:	[9376, 30, 3976]	[9376, 224, 6488]
need:	[6172, 724, 9651],delete:
need:,delete:
need:,delete:
need:,delete:
need:,delete:	[2453, 143, 14458]	[2453, 143, 11957]	[22114, 925, 27738]
need:,delete:
need:	[3647, 727, 12767]	[3647, 61, 10144]	[3647, 727, 259]	[3647, 35, 16417],delete:
need:	[21059, 1398, 21248]	[1398, 401, 11373],delete:
need:,delete:
need:,delete:
need:	[30496, 1095, 22088]	[2427, 651, 10835]	[22088, 1384, 30496],delete:
need:,delete:	[25280, 925, 24325]	[24325, 958, 35854]	[24325, 958, 36312]
need:,delete:
need:	[11618, 232, 4569]	[2977, 224, 4569]	[24230, 925, 27738],delete:
need:,delete:	[29014, 925, 23626]	[9353, 30, 3976]
need:,delete:
need:,delete:
need:,delete:	[10781, 33, 8988]	[8988, 546, 13417]	[28649, 1489, 38495]	[28649, 1022, 38495]	[20879, 936, 28649]
need:,delete:	[29918, 1900, 23281]	[29918, 1210, 23281]
need:,delete:
need:,delete:
need:,delete:	[8772, 30, 3976]	[8772, 30, 10910]
need:	[22907, 925, 27738]	[11592, 224, 3246]	[14180, 224, 3246],delete:
need:,delete:	[8899, 868, 6745]	[28560, 1681, 32833]	[8899, 868, 12263]
need:,delete:
need:,delete:
need:	[5910, 22, 5450]	[5910, 22, 10945]	[5910, 22, 11237]	[33040, 962, 25571],delete:
need:	[14285, 508, 5484]	[25145, 925, 27738]	[33946, 1200, 25145]	[25948, 1861, 25145],delete:
need:,delete:
