need:	(14052, 87, 5995)	(10766, 87, 201),delete:
need:	(6050, 120, 6737)	(23057, 172, 27046),delete:
need:	(2974, 120, 13054)	(15674, 192, 23014),delete:
need:	(25363, 168, 26364)	(2225, 81, 14437),delete:
need:	(13036, 34, 9939)	(5319, 34, 9939),delete:
need:	(28835, 190, 28126)	(20196, 186, 29219),delete:
need:	(4512, 81, 7289)	(25446, 171, 27481),delete:
need:	(18542, 171, 27887)	(1260, 81, 3542),delete:
need:,delete:
need:	(8051, 81, 11135)	(23036, 171, 23051),delete:
need:,delete:
need:	(27875, 192, 16280)	(16203, 192, 22933),delete:
need:	(894, 34, 6790),delete:
need:	(17304, 190, 27003),delete:
need:	(26670, 171, 25037)	(6900, 81, 11670),delete:
need:	(5009, 72, 390)	(27831, 184, 26695),delete:
need:	(24359, 190, 20253)	(4733, 34, 9026),delete:
need:	(20606, 168, 16166)	(1166, 53, 5606),delete:
need:	(21965, 186, 22980)	(13145, 34, 7980),delete:
need:	(29876, 187, 19343)	(8757, 112, 7331),delete:
need:	(25479, 168, 26044),delete:
need:	(17558, 171, 23630)	(8630, 120, 4),delete:
need:	(5668, 26, 2784)	(17784, 172, 18712),delete:
need:	(868, 11, 1595)	(2434, 151, 1595),delete:
need:,delete:
need:	(1804, 34, 2181),delete:
need:	(9770, 81, 4955)	(17796, 171, 22464),delete:
need:	(703, 81, 9397)	(11977, 53, 7676),delete:
need:	(28237, 186, 15499),delete:
need:	(385, 34, 8574)	(23822, 186, 22697),delete:
need:	(8180, 34, 12692)	(16450, 190, 19470),delete:
need:	(2341, 112, 4932)	(12219, 34, 3949),delete:
need:	(10243, 152, 3126)	(25243, 191, 18126),delete:
need:	(29589, 190, 27867),delete:
need:	(2434, 4, 3048)	(15358, 179, 18585),delete:
need:	(8303, 81, 534)	(15060, 168, 23303),delete:
need:	(18697, 186, 27144)	(3663, 34, 12144),delete:
need:	(13797, 81, 4266)	(25852, 172, 29482),delete:
need:	(14733, 57, 6185)	(27960, 168, 25625),delete:
need:	(8256, 81, 3544)	(18544, 171, 18646),delete:
need:,delete:
need:	(12922, 144, 3639)	(18639, 171, 27922),delete:
need:	(17294, 171, 23983)	(14886, 86, 6272),delete:
need:	(10084, 81, 4487)	(17494, 168, 19644),delete:
need:	(8300, 14, 6875)	(23300, 180, 21875),delete:
need:	(27756, 168, 16269)	(9725, 81, 9397),delete:
need:	(1900, 34, 6790)	(15166, 190, 21790),delete:
need:	(7423, 40, 9286)	(24286, 173, 23404)	(9174, 40, 9286),delete:
need:	(23633, 190, 24499),delete:
need:	(543, 34, 2882)	(24767, 186, 17882),delete:
need:	(28339, 171, 26961)	(10650, 120, 6737),delete:
need:	(26225, 186, 27051)	(13514, 34, 6445),delete:
need:	(22403, 168, 23598)	(22403, 168, 25405),delete:
need:	(745, 81, 9176)	(4660, 81, 11612),delete:
need:	(23400, 171, 29579),delete:
need:	(12049, 53, 12788)	(1720, 40, 6706),delete:
need:	(13939, 120, 13054),delete:
need:	(23939, 173, 15670)	(18473, 171, 18881),delete:
need:,delete:
need:	(23257, 186, 23720),delete:
need:	(6511, 40, 1088)	(16088, 173, 22202),delete:
need:	(25150, 171, 19072)	(4072, 19, 6053),delete:
need:	(23406, 171, 17338)	(11688, 81, 14626),delete:
need:,delete:
need:	(323, 34, 8929)	(15323, 186, 21475),delete:
need:,delete:
need:	(15778, 172, 25872)	(8569, 26, 778),delete:
need:	(1706, 134, 11528)	(16706, 172, 18884),delete:
need:	(19203, 171, 25431)	(8991, 81, 3241),delete:
need:	(1220, 53, 13201)	(13201, 112, 4683),delete:
need:	(19420, 171, 17051)	(15614, 171, 16646),delete:
need:	(7432, 53, 3647)	(29181, 171, 19762),delete:
need:	(11187, 81, 13465)	(20467, 171, 16989),delete:
need:	(24521, 186, 27560)	(9521, 34, 8774),delete:
need:	(5875, 40, 6608)	(1662, 81, 2815),delete:
need:	(29874, 171, 17080)	(2080, 81, 14874),delete:
need:	(14593, 120, 6737)	(23199, 173, 29593),delete:
need:	(1838, 85, 8226)	(16838, 165, 23226),delete:
need:,delete:
need:	(25999, 174, 21618)	(6618, 70, 10999),delete:
need:	(7402, 34, 4492)	(21835, 186, 28175),delete:
need:	(14610, 99, 2361)	(20282, 168, 29610),delete:
need:	(22003, 171, 19343)	(5482, 81, 2999),delete:
need:	(19933, 165, 28804),delete:
need:	(4642, 34, 10787),delete:
need:	(11615, 120, 4),delete:
need:	(15288, 186, 21290)	(2739, 34, 6290),delete:
need:	(9388, 144, 9106),delete:
need:	(13485, 81, 2543)	(5323, 81, 14718),delete:
need:	(7244, 34, 10346),delete:
need:	(1859, 81, 13863)	(8624, 81, 3741),delete:
need:	(19348, 192, 23014)	(9786, 129, 4348),delete:
need:	(1501, 81, 1278)	(20675, 187, 28659),delete:
need:	(20916, 173, 23853)	(20916, 173, 26249),delete:
need:	(3538, 152, 783)	(15783, 191, 18538),delete:
need:	(1485, 81, 7843)	(22843, 171, 21624),delete:
need:	(9718, 34, 10482)	(20782, 186, 25832),delete:
need:	(24207, 190, 28089)	(4427, 34, 13507),delete:
need:	(6928, 34, 3545),delete:
need:	(17732, 171, 19340),delete:
need:	(13986, 81, 11483)	(19727, 172, 18283),delete:
need:	(11217, 120, 13054)	(13577, 120, 13054),delete:
need:,delete:
need:	(2361, 48, 11150)	(20833, 168, 28207),delete:
need:	(7970, 34, 6041)	(13494, 162, 6041),delete:
need:	(29407, 168, 17788),delete:
need:	(16639, 186, 25553)	(9164, 34, 7806),delete:
need:	(6916, 56, 3789),delete:
need:	(17999, 171, 17044)	(9118, 81, 2999),delete:
need:	(22185, 171, 15550)	(3495, 81, 7185),delete:
need:	(23769, 171, 17331)	(7336, 40, 10619),delete:
need:	(20203, 190, 26609)	(24484, 186, 26609),delete:
need:	(7117, 34, 8304)	(22117, 186, 23304),delete:
need:	(1422, 81, 5011)	(8708, 152, 14186),delete:
need:,delete:
need:,delete:
need:	(1077, 19, 12105)	(444, 81, 7720),delete:
need:	(19767, 171, 19113)	(24065, 173, 19113),delete:
need:	(5133, 53, 12756)	(19614, 171, 23954),delete:
need:	(17432, 171, 18107)	(14547, 81, 1375),delete:
need:,delete:
need:	(11887, 81, 9049)	(15100, 171, 19584),delete:
need:	(9230, 11, 9475)	(24475, 168, 29259),delete:
need:	(13879, 19, 6581)	(12331, 19, 6581),delete:
need:	(7970, 34, 6041)	(22970, 186, 21041),delete:
need:	(3898, 4, 3099)	(29215, 168, 21086),delete:
need:	(21096, 171, 15257)	(23563, 171, 29546),delete:
need:	(21605, 187, 20322)	(6670, 120, 13054),delete:
need:	(8857, 81, 14918),delete:
need:	(10419, 87, 12432)	(23298, 165, 27432),delete:
need:	(2317, 81, 813)	(9429, 81, 6233),delete:
need:	(11185, 112, 9952),delete:
need:	(3950, 81, 4201)	(19601, 173, 29140),delete:
need:	(19056, 173, 16619)	(19056, 173, 21595),delete:
need:	(16032, 168, 20110)	(14963, 53, 13481),delete:
need:	(6891, 34, 8222)	(19459, 190, 23222),delete:
need:,delete:
need:	(17148, 168, 15895)	(18223, 171, 22294),delete:
need:	(24485, 171, 16980)	(9647, 81, 9485),delete:
need:	(16461, 172, 26306)	(13484, 81, 13403),delete:
need:	(21837, 172, 18675)	(5967, 81, 6964),delete:
need:	(5150, 81, 12921)	(12498, 81, 6096),delete:
need:	(7315, 81, 3645)	(18645, 171, 22315),delete:
need:	(8613, 81, 13534)	(28534, 171, 23613),delete:
need:	(21752, 168, 23421)	(18105, 173, 16143),delete:
need:	(24375, 171, 21804)	(10728, 81, 10165),delete:
need:	(8849, 56, 5115)	(28083, 168, 16051),delete:
need:	(20962, 168, 16468)	(9472, 11, 978),delete:
need:	(12021, 34, 14685)	(21224, 190, 29685),delete:
need:	(10203, 120, 13054)	(17214, 191, 25871)	(1969, 19, 13726),delete:
need:	(22529, 168, 26006)	(8010, 87, 5393),delete:
need:	(2448, 81, 3115)	(18115, 171, 23054),delete:
need:	(1194, 34, 10022)	(16194, 190, 25022),delete:
need:	(5491, 53, 10580)	(17993, 168, 20491),delete:
need:	(19266, 171, 17337)	(2337, 40, 9805),delete:
need:	(24101, 186, 16141)	(9101, 34, 10104),delete:
need:	(17801, 173, 22864),delete:
need:	(24067, 187, 20910)	(6587, 19, 9067),delete:
need:	(17342, 179, 24952),delete:
need:	(1342, 4, 3099)	(11575, 4, 7017),delete:
need:	(6162, 81, 12704)	(3446, 81, 12704),delete:
need:	(29186, 171, 24342)	(16599, 171, 24342),delete:
need:	(19011, 168, 20731)	(29794, 168, 20731),delete:
need:	(24228, 191, 27220)	(5569, 87, 3073),delete:
need:	(27883, 168, 16835)	(1835, 53, 12883),delete:
need:	(3477, 81, 6221),delete:
need:	(24494, 168, 25625)	(24421, 168, 17571),delete:
need:,delete:
need:	(8089, 43, 10333)	(23485, 190, 25333),delete:
need:	(7626, 81, 8798),delete:
need:	(11243, 53, 3706)	(22779, 171, 19852),delete:
need:	(18305, 171, 28736)	(17277, 171, 21614),delete:
need:	(9457, 81, 12893),delete:
need:	(892, 134, 7546)	(175, 81, 892),delete:
need:	(14700, 34, 10378),delete:
need:	(26497, 173, 28874)	(15209, 168, 28874),delete:
need:	(3574, 87, 13226)	(18574, 165, 28226),delete:
need:	(14945, 112, 9736)	(7457, 112, 9736),delete:
need:	(8065, 87, 858)	(10173, 87, 2200),delete:
need:,delete:
need:	(7762, 34, 6895)	(22762, 190, 21895),delete:
need:	(18010, 168, 17377)	(22540, 173, 17377),delete:
need:	(14980, 34, 9212),delete:
need:	(17899, 168, 18575)	(10033, 144, 2899),delete:
need:	(10046, 87, 3680)	(29891, 165, 28182),delete:
need:	(10680, 34, 4887)	(1787, 34, 4887),delete:
need:	(6952, 81, 3430)	(9632, 81, 3181),delete:
need:	(4788, 81, 10039)	(25039, 171, 27510),delete:
need:	(5581, 40, 851)	(15104, 187, 20581),delete:
need:	(29398, 173, 16184)	(1184, 81, 6196),delete:
need:	(15304, 168, 24000),delete:
need:	(24426, 168, 29787)	(13014, 4, 3099),delete:
need:	(3240, 81, 4745)	(29626, 171, 28184),delete:
need:	(24300, 168, 19776)	(27645, 168, 19776),delete:
need:	(1704, 40, 6667)	(19252, 171, 15182),delete:
need:	(5141, 151, 13764)	(28764, 168, 20958),delete:
need:	(21559, 190, 15870)	(26766, 190, 27646),delete:
need:,delete:
need:	(3721, 81, 5014)	(13814, 44, 6915),delete:
need:	(19745, 171, 18240)	(3240, 81, 14626),delete:
need:	(12173, 34, 10212)	(9616, 34, 10212),delete:
need:	(15462, 174, 28972)	(7993, 81, 6016),delete:
need:	(8569, 26, 778)	(29432, 173, 29730),delete:
need:,delete:
need:	(5957, 81, 9431)	(1240, 81, 9431),delete:
need:	(29759, 168, 24778)	(9778, 81, 6878),delete:
need:	(15311, 171, 22259)	(9309, 40, 311),delete:
need:	(13601, 40, 5213)	(20213, 173, 17533),delete:
need:	(7753, 53, 13851)	(508, 53, 13851),delete:
need:	(6732, 40, 10836)	(25836, 173, 15773),delete:
need:	(21318, 171, 15216)	(15963, 173, 25182),delete:
need:	(10302, 112, 1766)	(7931, 56, 10517),delete:
need:	(28896, 171, 21376)	(1214, 81, 13896),delete:
need:	(4594, 4, 10408)	(22925, 168, 17538),delete:
need:	(25461, 190, 16446),delete:
need:	(10531, 34, 3412)	(25531, 186, 18412),delete:
need:	(8694, 81, 10846)	(11099, 81, 1312),delete:
need:	(20372, 171, 20631)	(8592, 81, 3563),delete:
need:	(23872, 172, 21792)	(6792, 26, 8872),delete:
need:	(836, 146, 7258)	(2667, 146, 7258),delete:
need:	(27756, 168, 22155),delete:
need:	(15208, 171, 17139)	(16754, 171, 20855),delete:
need:	(18123, 181, 20051),delete:
need:	(15986, 172, 26413)	(15986, 172, 24780),delete:
need:	(3089, 53, 10491),delete:
need:	(25884, 171, 15861),delete:
need:	(12165, 81, 12607)	(2655, 81, 12793),delete:
need:	(28780, 168, 22142)	(8733, 48, 7142),delete:
need:	(14674, 53, 9421)	(4898, 53, 9494),delete:
need:	(24745, 171, 27181)	(14050, 81, 9745),delete:
need:	(19142, 171, 25971)	(27917, 171, 18993),delete:
need:	(7263, 81, 8195)	(19093, 171, 20526),delete:
need:	(28387, 186, 21193)	(13387, 34, 10085),delete:
need:,delete:
need:	(2992, 34, 6084),delete:
need:	(4874, 81, 525)	(21507, 171, 18090),delete:
need:	(1431, 81, 1557)	(9592, 81, 1557),delete:
need:	(20646, 168, 20780)	(527, 144, 2853),delete:
need:	(3887, 112, 5457)	(18887, 184, 20457),delete:
need:,delete:
need:	(449, 53, 1603)	(1603, 151, 5833),delete:
need:	(4073, 26, 14774)	(15856, 185, 26595),delete:
need:	(19675, 184, 19045)	(10124, 34, 3868),delete:
need:	(15851, 173, 27259)	(1348, 40, 851),delete:
need:	(9795, 120, 6737)	(16934, 168, 24795),delete:
need:	(10778, 38, 6948)	(9438, 144, 6948)	(7826, 38, 6948)	(10778, 40, 6948),delete:
need:,delete:
need:	(8758, 16, 4984),delete:
need:	(2961, 40, 4442)	(19442, 173, 28433),delete:
need:,delete:
need:	(23573, 186, 22716)	(23822, 186, 20818),delete:
need:	(7172, 57, 4333)	(19333, 168, 28684),delete:
need:	(11198, 147, 651)	(25240, 172, 27701),delete:
need:	(12722, 152, 8719)	(8719, 152, 12722),delete:
need:	(8813, 81, 2917),delete:
need:	(13502, 144, 4486)	(19486, 168, 28502),delete:
need:	(4414, 134, 7003)	(19414, 171, 23964),delete:
need:	(24237, 190, 28010),delete:
need:,delete:
need:	(2424, 81, 5157)	(3703, 53, 5371),delete:
need:	(24515, 184, 20259)	(10439, 34, 9754),delete:
need:,delete:
need:	(12821, 34, 12236)	(19194, 184, 15763),delete:
need:	(24074, 171, 16259)	(1259, 81, 9074),delete:
need:	(5097, 34, 1456),delete:
need:	(19998, 171, 21898)	(14084, 151, 4282),delete:
need:	(19166, 171, 17622)	(22831, 171, 26650),delete:
need:	(19360, 173, 15034)	(2027, 53, 4360),delete:
need:,delete:
need:	(5920, 34, 4741)	(24060, 190, 22560),delete:
need:	(792, 34, 12958),delete:
need:	(24402, 171, 23858)	(12, 81, 4061),delete:
need:	(20646, 168, 15527),delete:
need:	(12285, 34, 5378)	(2996, 34, 5378),delete:
need:	(13947, 34, 10455)	(22127, 190, 20545),delete:
need:	(8767, 70, 672)	(15672, 174, 23767),delete:
need:	(14579, 40, 14740)	(3923, 53, 12329)	(27329, 168, 26785),delete:
need:	(6869, 26, 14666)	(2183, 40, 8364),delete:
need:	(13433, 81, 3939)	(5466, 26, 4568),delete:
need:	(24176, 168, 27884)	(23667, 171, 16820),delete:
need:	(1580, 11, 14661)	(17248, 168, 25921),delete:
need:	(20619, 171, 26451)	(8133, 14, 11835),delete:
need:	(6476, 81, 14372)	(19203, 171, 17621),delete:
need:	(16596, 168, 25451),delete:
need:	(29951, 190, 23862)	(24303, 190, 23862),delete:
need:	(8890, 53, 12827)	(3826, 129, 12827),delete:
need:,delete:
need:	(4970, 34, 4513)	(20009, 182, 15390),delete:
need:	(23911, 190, 16682)	(21480, 186, 28781),delete:
need:	(3648, 24, 13277)	(18648, 190, 28277),delete:
need:	(8402, 112, 3157),delete:
need:	(17401, 190, 19039)	(2059, 34, 4039),delete:
need:	(24482, 190, 18214)	(14206, 24, 3214),delete:
need:	(5511, 144, 14303)	(29303, 171, 20511),delete:
need:	(3559, 34, 8387),delete:
need:	(5537, 152, 10003)	(25003, 191, 20537),delete:
need:	(24260, 168, 16313)	(1313, 19, 9260),delete:
need:	(28264, 186, 27646)	(375, 34, 12646),delete:
need:	(19717, 168, 21112)	(6112, 81, 8697),delete:
need:	(7046, 81, 7505)	(24938, 172, 28008),delete:
need:	(6734, 81, 4290)	(7956, 81, 4290),delete:
need:	(24612, 168, 21376)	(7631, 53, 9612),delete:
need:,delete:
need:	(17182, 171, 16382)	(13300, 81, 7055),delete:
need:	(23667, 171, 19373)	(28972, 171, 16820),delete:
need:	(6645, 144, 7999)	(19700, 171, 22587),delete:
need:	(25677, 171, 23835),delete:
need:	(261, 70, 11154)	(25336, 174, 29083),delete:
need:	(6113, 120, 4)	(6345, 81, 12220),delete:
need:	(8828, 120, 4)	(10597, 120, 4),delete:
need:	(20484, 171, 24808)	(797, 40, 4353),delete:
need:	(27321, 186, 25589)	(27321, 190, 15386),delete:
need:	(1989, 19, 12454)	(15807, 187, 18762),delete:
need:	(11787, 84, 11146)	(6703, 106, 11146),delete:
need:	(10403, 112, 13236),delete:
need:	(27820, 187, 22694)	(1338, 81, 5711),delete:
need:	(18225, 185, 29574)	(19234, 185, 29574),delete:
need:	(3811, 112, 4964)	(2955, 34, 13734),delete:
need:	(10486, 81, 10795)	(15144, 171, 29350),delete:
need:	(19084, 171, 28791),delete:
need:	(8672, 44, 7712)	(23672, 175, 22712),delete:
need:	(8442, 34, 10574)	(19940, 190, 24817),delete:
need:	(3231, 96, 842)	(15842, 189, 18231),delete:
need:	(10997, 14, 9096)	(6125, 53, 10997),delete:
need:	(9151, 40, 6479)	(9676, 81, 7448),delete:
need:	(12513, 87, 6776)	(28882, 165, 21776),delete:
need:	(6301, 40, 7235)	(9152, 40, 7235),delete:
need:	(17217, 190, 25361)	(11350, 34, 1341),delete:
need:	(5415, 81, 980)	(16461, 168, 16421),delete:
need:	(7690, 81, 12644),delete:
need:	(9649, 81, 12843)	(23986, 171, 24649),delete:
need:	(14218, 81, 14694)	(7795, 53, 4863),delete:
need:	(2091, 96, 6507),delete:
need:	(14539, 81, 2940)	(19777, 173, 29539),delete:
need:	(8528, 81, 8968)	(18150, 171, 23528),delete:
need:	(19706, 172, 23236)	(9253, 40, 5621),delete:
need:	(9837, 40, 4353)	(8712, 53, 4353),delete:
need:	(9603, 34, 1064),delete:
need:	(23524, 190, 28248)	(6813, 34, 3686),delete:
need:	(8692, 53, 3822)	(29666, 172, 23692),delete:
need:	(14449, 34, 11784)	(21224, 190, 29685),delete:
need:	(18045, 168, 18935),delete:
need:	(12732, 53, 6684)	(21684, 168, 21492),delete:
need:	(12844, 40, 5769)	(25627, 171, 22374)	(1040, 40, 5769),delete:
need:	(16433, 171, 19774)	(20229, 168, 19774),delete:
need:	(647, 24, 5717)	(8249, 24, 5717),delete:
need:	(21578, 168, 19349)	(4349, 53, 6578),delete:
need:	(629, 144, 2203)	(20881, 171, 29925),delete:
need:	(12353, 34, 12083)	(27353, 190, 27083),delete:
need:	(6255, 81, 1157)	(16157, 171, 25141),delete:
need:	(1529, 106, 14286),delete:
need:	(12253, 40, 3922)	(1272, 144, 3922),delete:
need:	(14749, 40, 411)	(18577, 171, 27207),delete:
need:	(21642, 168, 17959)	(1394, 40, 6642),delete:
need:,delete:
need:	(14265, 112, 10317)	(29265, 184, 25317),delete:
need:,delete:
need:,delete:
need:	(16479, 184, 27612),delete:
need:,delete:
need:	(21099, 165, 17092),delete:
need:	(10387, 81, 14785)	(9510, 81, 14785),delete:
need:	(24383, 168, 25784)	(29670, 168, 21687),delete:
need:	(26402, 171, 20380)	(16680, 172, 20380),delete:
need:	(2198, 56, 7736),delete:
need:	(7859, 112, 2013)	(22859, 168, 16683),delete:
need:	(27962, 190, 26850),delete:
need:	(11015, 34, 5506)	(11015, 34, 13217),delete:
need:	(1058, 81, 7505),delete:
need:	(19405, 186, 21800)	(15942, 186, 16994),delete:
need:	(26825, 168, 16973)	(87, 81, 13306),delete:
need:	(13952, 112, 1242)	(28164, 186, 25905),delete:
need:	(24067, 187, 20053)	(15668, 171, 20207),delete:
need:	(1613, 34, 11371),delete:
need:	(707, 112, 1398),delete:
need:	(8926, 43, 13924)	(11427, 43, 13924),delete:
need:,delete:
need:	(19248, 168, 28720)	(3002, 57, 4248),delete:
need:	(1688, 96, 5847)	(20847, 189, 16688),delete:
need:	(9364, 34, 3534)	(3534, 35, 9919),delete:
need:	(13192, 71, 9952)	(26772, 179, 24952),delete:
need:	(16750, 171, 19832)	(278, 81, 9599),delete:
need:	(14673, 4, 3048)	(17135, 168, 26310),delete:
need:	(1904, 19, 9067)	(5053, 19, 9067),delete:
need:	(4975, 112, 5908)	(15289, 165, 20908),delete:
need:	(19997, 171, 20645)	(22428, 171, 20645),delete:
need:	(10304, 26, 7376)	(22376, 168, 25304),delete:
need:	(22230, 190, 17187)	(22230, 190, 20117),delete:
need:,delete:
need:	(8274, 112, 3557)	(23274, 171, 22116),delete:
need:	(14846, 81, 5634)	(19266, 171, 29028),delete:
need:	(655, 53, 14360)	(4240, 152, 5828),delete:
need:	(22122, 173, 24035)	(9035, 81, 4461),delete:
need:,delete:
need:	(9689, 26, 4357)	(19357, 172, 19177),delete:
need:	(18024, 171, 16474)	(8480, 81, 2923),delete:
need:	(4049, 81, 7495)	(11059, 81, 7639),delete:
need:	(14154, 144, 1661)	(15633, 168, 21279),delete:
need:,delete:
need:	(11915, 57, 5797)	(28900, 168, 23808),delete:
need:	(3613, 34, 10632)	(12020, 34, 5214),delete:
need:	(2615, 81, 7779)	(4852, 53, 13075),delete:
need:	(12389, 43, 2753),delete:
need:	(17398, 190, 24720)	(22446, 186, 24499),delete:
need:	(17510, 171, 25523)	(2482, 81, 645),delete:
need:,delete:
need:	(1472, 34, 3763)	(29572, 190, 18763),delete:
need:	(22976, 168, 17245)	(22976, 168, 29508),delete:
need:	(13518, 144, 5187),delete:
need:,delete:
need:	(8724, 11, 6950)	(21950, 168, 21591),delete:
need:	(15123, 184, 23599)	(27098, 184, 23599),delete:
need:	(8677, 81, 12644)	(8255, 53, 13906),delete:
need:	(5591, 34, 5659),delete:
need:	(27482, 187, 26955),delete:
need:	(7015, 144, 9196)	(24307, 168, 26608),delete:
need:	(6339, 53, 14158)	(15304, 168, 21339),delete:
need:	(2052, 40, 12000)	(27000, 173, 17052),delete:
need:	(18223, 184, 16369)	(3223, 112, 1369),delete:
need:	(15251, 171, 23214)	(8214, 81, 3443),delete:
need:	(2308, 81, 8793)	(21910, 173, 26622),delete:
need:	(16719, 171, 25273),delete:
need:	(5569, 87, 3073)	(19116, 165, 18073),delete:
need:	(22410, 192, 23014)	(8790, 112, 13927),delete:
need:	(24940, 171, 17090)	(16967, 192, 23014),delete:
need:	(3869, 81, 10871)	(25871, 171, 29817),delete:
need:	(13501, 34, 5424)	(9150, 34, 13531),delete:
need:	(337, 81, 5711)	(20711, 171, 25919),delete:
need:	(15565, 171, 28260)	(1282, 81, 565),delete:
need:	(17130, 186, 22499)	(25000, 186, 17300),delete:
need:	(21593, 168, 21804)	(6232, 144, 2416),delete:
need:	(27953, 168, 21894)	(11603, 152, 783),delete:
need:	(1062, 40, 1336)	(18149, 171, 27860),delete:
need:,delete:
need:	(7533, 120, 6737),delete:
need:	(1665, 128, 14698)	(17490, 185, 29698),delete:
need:	(3637, 57, 12771),delete:
need:	(19653, 190, 25604),delete:
need:	(17110, 171, 21462)	(7181, 81, 2110),delete:
need:	(24660, 171, 15094)	(9068, 81, 9660),delete:
need:	(27826, 165, 19912)	(25769, 165, 19912),delete:
need:	(21784, 168, 15987)	(25107, 168, 15987),delete:
need:	(11066, 118, 7019)	(1895, 4, 10408),delete:
need:	(2265, 26, 10744)	(17799, 171, 25793),delete:
need:	(28663, 172, 27470)	(464, 26, 13663),delete:
need:	(16581, 184, 26728)	(1581, 112, 11728),delete:
need:	(8629, 34, 11163),delete:
need:	(6313, 128, 14574),delete:
need:	(6283, 87, 4316),delete:
need:	(5973, 81, 806)	(15806, 171, 25503),delete:
need:	(28841, 171, 22316)	(15706, 171, 27509),delete:
need:	(7636, 34, 10254)	(22636, 186, 21297),delete:
need:	(16488, 171, 21051)	(24884, 168, 25331),delete:
need:	(19789, 187, 20049)	(4794, 19, 4789),delete:
need:	(3608, 106, 1509)	(3608, 84, 11344),delete:
need:	(6403, 14, 4634)	(23215, 169, 16887),delete:
need:	(14883, 14, 7370)	(29883, 180, 22370),delete:
need:	(4948, 144, 4353)	(19353, 172, 23712),delete:
need:	(4153, 81, 13896),delete:
need:	(24330, 171, 20425)	(9330, 134, 9545),delete:
need:	(22096, 168, 21879)	(24673, 168, 21879),delete:
need:	(3332, 81, 9389)	(3332, 81, 7039),delete:
need:	(19786, 171, 22007)	(3644, 152, 14060),delete:
need:	(22635, 171, 17703)	(621, 81, 7635),delete:
need:	(24284, 168, 23623)	(2632, 81, 7513),delete:
need:	(28638, 168, 24312),delete:
need:,delete:
need:	(22233, 171, 27195),delete:
need:,delete:
need:	(6270, 56, 5715)	(20848, 168, 15147),delete:
need:	(23288, 171, 17590)	(5438, 81, 6712),delete:
need:	(23743, 171, 29731)	(6595, 81, 8743)	(6476, 81, 4203),delete:
need:	(1134, 57, 432)	(15432, 168, 16134),delete:
need:	(22479, 171, 26463)	(25402, 171, 25826),delete:
need:	(16760, 190, 15825),delete:
need:	(6857, 144, 13109)	(25517, 168, 20103),delete:
need:	(26825, 168, 18954),delete:
need:	(22176, 190, 22838)	(9359, 112, 10681),delete:
need:	(15774, 168, 23069),delete:
need:	(22016, 168, 16593)	(7016, 56, 5975),delete:
need:	(15833, 190, 28325),delete:
need:	(27210, 190, 20755),delete:
need:	(71, 81, 7686)	(24286, 173, 24174),delete:
need:	(6920, 26, 4901)	(19901, 172, 24920),delete:
need:	(17568, 190, 26009)	(2042, 34, 11009),delete:
need:	(6704, 34, 7742)	(17728, 186, 22742),delete:
need:	(15790, 171, 21423)	(9438, 144, 6948),delete:
need:,delete:
need:,delete:
need:	(23155, 168, 15466)	(20451, 173, 20610),delete:
need:	(24229, 173, 26027)	(1911, 81, 10100),delete:
need:	(5724, 144, 1984)	(22469, 172, 20724),delete:
need:	(7804, 34, 9084)	(10122, 34, 9084),delete:
need:	(24383, 168, 25944)	(11395, 81, 8087),delete:
need:	(28890, 186, 29227),delete:
need:	(8132, 81, 565)	(22158, 173, 27392),delete:
need:	(9349, 26, 12580)	(8818, 81, 11326),delete:
need:	(18410, 192, 23349)	(4606, 146, 8349),delete:
need:,delete:
need:	(11323, 151, 7504),delete:
need:	(20531, 171, 16940)	(9544, 81, 5531),delete:
need:	(22175, 192, 23014),delete:
need:	(10538, 53, 10018)	(5816, 81, 14874),delete:
need:	(27016, 168, 22501)	(3571, 26, 1083)	(27016, 171, 17207),delete:
need:	(547, 81, 14181)	(29181, 184, 15826),delete:
need:	(29095, 171, 16451)	(8174, 81, 14095),delete:
need:	(19062, 171, 24675)	(22715, 171, 16414)	(19062, 171, 29272)	(22715, 171, 22385),delete:
need:	(12223, 112, 2004)	(9806, 81, 12223),delete:
need:	(8690, 81, 11837)	(26837, 171, 28526),delete:
need:	(22515, 165, 26933)	(14878, 112, 11933),delete:
need:	(8755, 81, 6951)	(21951, 171, 16307),delete:
need:,delete:
need:	(8907, 81, 9706)	(24862, 171, 23907),delete:
need:	(21824, 190, 18102)	(11178, 34, 3102),delete:
need:	(26439, 186, 23094)	(11439, 34, 8094),delete:
need:,delete:
need:	(13180, 34, 6296),delete:
need:	(432, 155, 432)	(15432, 168, 28917),delete:
need:	(18315, 186, 25901)	(3103, 34, 6366),delete:
need:	(11815, 34, 5063),delete:
need:	(9305, 81, 3193)	(15983, 171, 26866),delete:
need:	(2403, 81, 6236)	(25047, 168, 21498),delete:
need:	(13260, 19, 2356)	(17356, 187, 21594),delete:
need:	(3434, 56, 11590)	(19443, 168, 27201),delete:
need:	(5066, 152, 3917)	(20066, 171, 22487),delete:
need:	(27535, 190, 17536)	(16801, 186, 17536),delete:
need:	(16158, 190, 18977)	(13387, 112, 5184),delete:
need:	(21741, 171, 29562),delete:
need:	(8904, 34, 14213),delete:
need:	(7659, 81, 14385)	(26758, 173, 18910),delete:
need:	(21662, 168, 29958)	(16355, 171, 27448),delete:
need:	(18169, 168, 22106)	(23469, 171, 22106),delete:
need:	(2342, 112, 9952),delete:
need:	(7537, 4, 3099)	(5115, 155, 13083),delete:
need:	(18939, 171, 23409)	(8409, 81, 3939),delete:
need:	(28996, 179, 24952)	(22208, 179, 24952),delete:
need:	(11898, 53, 12849)	(8084, 53, 12849),delete:
need:	(5535, 81, 4487)	(5045, 53, 14440),delete:
need:	(23197, 190, 29664)	(23197, 186, 15151),delete:
need:	(10126, 13, 2815)	(2815, 96, 10126),delete:
need:	(1395, 34, 12115)	(16594, 186, 27115),delete:
need:	(90, 87, 2733)	(28907, 165, 17733),delete:
need:	(9108, 71, 11933),delete:
need:,delete:
need:	(16117, 171, 26716)	(1366, 81, 4931),delete:
need:	(23710, 187, 22701)	(15462, 174, 28972),delete:
need:	(18430, 171, 26526)	(1440, 81, 5399),delete:
need:	(19955, 171, 24457)	(3392, 144, 14473),delete:
need:	(15603, 187, 15344)	(28922, 173, 29154),delete:
need:	(454, 34, 8222)	(17730, 190, 23222),delete:
need:	(16168, 168, 28381),delete:
need:	(11463, 40, 6289)	(21540, 171, 26463),delete:
need:	(20295, 168, 23605)	(1361, 53, 5295),delete:
need:	(4214, 81, 12135)	(8998, 81, 12135),delete:
need:	(1742, 40, 4428)	(2812, 81, 4428),delete:
need:	(12887, 26, 11064),delete:
need:	(4546, 87, 7950),delete:
need:	(24862, 171, 24758)	(8907, 81, 9862),delete:
need:	(13904, 40, 5568)	(20568, 168, 28904),delete:
need:	(28936, 173, 28624)	(8275, 0, 13936),delete:
need:	(8121, 81, 7192)	(8121, 81, 11557),delete:
need:	(658, 56, 9513)	(14084, 56, 4282),delete:
need:	(2814, 56, 6554)	(7321, 4, 6444),delete:
need:	(5529, 151, 13167)	(20281, 168, 17921),delete:
need:	(20397, 171, 25133)	(6767, 81, 4271),delete:
need:,delete:
need:	(23352, 173, 28993)	(23352, 173, 23244),delete:
need:	(7649, 12, 9141)	(18284, 165, 24141),delete:
need:	(24494, 168, 29611)	(12699, 56, 9631),delete:
need:	(3155, 87, 4634),delete:
need:	(10251, 34, 9801),delete:
need:	(9631, 56, 12699),delete:
need:	(12219, 34, 3949)	(27219, 190, 18949),delete:
need:	(14526, 81, 2355)	(25381, 171, 24588),delete:
need:	(7302, 112, 13236)	(19585, 184, 28236),delete:
need:	(9668, 112, 4728)	(24668, 180, 28236),delete:
need:	(20468, 168, 15929)	(5468, 56, 7925),delete:
need:	(6967, 81, 2635)	(2937, 81, 2635),delete:
need:	(23169, 172, 21206)	(19978, 171, 21206),delete:
need:	(579, 81, 8047)	(6022, 81, 8047),delete:
need:	(6435, 81, 5167)	(21009, 171, 25910),delete:
need:,delete:
need:	(1404, 34, 14558)	(14693, 34, 14558),delete:
need:	(18079, 172, 15087)	(18761, 173, 16385),delete:
need:	(23611, 171, 26404)	(6167, 81, 14091),delete:
need:	(22459, 173, 18246)	(10383, 112, 1121),delete:
need:	(28281, 172, 21812)	(22815, 172, 28951),delete:
need:	(11762, 81, 13472)	(5123, 81, 1875)	(2011, 81, 11860)	(14697, 40, 13472)	(16875, 171, 29751),delete:
need:	(4945, 81, 9344)	(15049, 171, 19945),delete:
need:	(421, 81, 2444)	(25701, 171, 28457)	(4505, 81, 2444)	(13457, 81, 10701),delete:
need:	(6456, 87, 2243)	(21456, 165, 17243),delete:
need:	(25622, 187, 20832)	(20304, 172, 20832),delete:
need:	(2082, 81, 9431)	(1240, 81, 9431),delete:
need:	(21233, 171, 24664)	(9664, 81, 4997),delete:
need:	(25040, 168, 27039)	(10688, 53, 10220),delete:
need:	(15729, 172, 23290),delete:
need:,delete:
need:	(5502, 81, 9204)	(5502, 81, 750),delete:
need:	(2781, 34, 6987)	(13829, 34, 6987),delete:
need:	(9043, 81, 497),delete:
need:	(8111, 34, 1656),delete:
need:	(13583, 34, 6290)	(21530, 190, 21290),delete:
need:	(24394, 184, 16121)	(9394, 112, 1121),delete:
need:	(12960, 56, 911)	(3021, 11, 911),delete:
need:	(23466, 171, 19567),delete:
need:	(23272, 168, 20044)	(29158, 168, 21465),delete:
need:	(25250, 168, 22872)	(17155, 168, 25181),delete:
need:	(23811, 171, 27724)	(4380, 53, 10184),delete:
need:	(3457, 81, 8970),delete:
need:	(13110, 120, 6737),delete:
need:	(5415, 81, 11237)	(23317, 171, 20415),delete:
need:	(8379, 81, 11420)	(26420, 171, 20680),delete:
need:	(22239, 171, 17225)	(24367, 192, 23014),delete:
need:	(25047, 168, 21498)	(8741, 56, 3316),delete:
need:	(4787, 81, 12668)	(27668, 171, 18433),delete:
need:	(10413, 81, 3011)	(18011, 171, 25413),delete:
need:	(17619, 168, 19122)	(17619, 173, 22013),delete:
need:	(11134, 34, 3232)	(5344, 34, 14800),delete:
need:	(27427, 165, 22787),delete:
need:	(29181, 171, 22432)	(14181, 112, 826),delete:
need:	(23526, 165, 16016)	(8526, 86, 1016),delete:
need:	(9613, 34, 7125)	(20887, 190, 22125),delete:
need:	(18959, 168, 23202)	(20187, 168, 23202),delete:
need:	(25000, 190, 21985)	(15828, 190, 27297),delete:
need:	(14512, 81, 4560)	(18736, 168, 29512),delete:
need:	(10356, 40, 5564)	(20564, 173, 20653)	(6723, 56, 1927),delete:
need:	(7307, 19, 2610)	(7307, 144, 1837),delete:
need:	(17250, 190, 19548)	(17250, 186, 19548),delete:
need:	(7464, 81, 2796)	(5123, 81, 1875),delete:
need:,delete:
need:,delete:
need:	(17339, 168, 23421)	(17462, 171, 20691),delete:
need:	(1384, 81, 6870)	(21870, 171, 16384),delete:
need:	(10352, 53, 5042)	(20042, 168, 25352),delete:
need:	(9023, 81, 12593)	(27593, 171, 24023),delete:
need:,delete:
need:	(28173, 179, 24952),delete:
need:	(4780, 19, 807)	(14068, 81, 813),delete:
need:	(1380, 147, 5663)	(13717, 87, 5663),delete:
need:	(24485, 171, 24647)	(1980, 40, 10018),delete:
need:	(20994, 168, 18164)	(4032, 123, 5994),delete:
need:	(1132, 0, 5894)	(20894, 168, 16132),delete:
need:,delete:
need:	(21221, 171, 15996)	(21221, 171, 27322),delete:
need:	(21568, 171, 25153)	(10153, 53, 13595),delete:
need:	(22369, 171, 17584)	(22369, 171, 17678),delete:
need:	(10017, 96, 3177)	(18177, 189, 25017),delete:
need:	(25594, 171, 26446)	(5925, 81, 10594),delete:
need:	(7110, 34, 3763)	(15506, 186, 18763),delete:
need:	(12998, 81, 8248)	(25067, 173, 27998),delete:
need:	(6048, 26, 8373)	(27443, 173, 17632),delete:
need:	(18284, 165, 24141)	(6859, 161, 5684),delete:
need:	(9665, 81, 7220)	(5502, 81, 3563),delete:
need:	(3999, 81, 8445),delete:
need:	(20099, 173, 27599)	(5696, 40, 5099),delete:
need:	(9478, 112, 6116)	(23607, 171, 17637),delete:
need:	(3805, 120, 13054)	(770, 4, 13054)	(16083, 172, 29428),delete:
need:	(39, 34, 3977)	(1459, 34, 10307),delete:
need:	(12122, 128, 8034)	(27122, 185, 23034),delete:
need:	(9345, 112, 4565)	(24345, 184, 19565),delete:
need:	(1185, 34, 12418)	(13668, 34, 13630),delete:
need:	(6807, 81, 4545)	(5308, 81, 4545),delete:
need:	(23974, 173, 21447)	(23974, 168, 18205),delete:
need:	(9935, 53, 6228)	(21228, 191, 21768),delete:
need:	(1351, 34, 10454),delete:
need:	(23836, 168, 29999)	(4218, 151, 13202),delete:
need:	(26874, 171, 17969)	(10214, 81, 11874)	(12101, 144, 11874)	(11035, 26, 2415),delete:
need:	(19151, 168, 25611)	(4151, 151, 8060),delete:
need:	(13332, 152, 12644)	(28332, 171, 20989),delete:
need:	(1746, 34, 12300)	(16746, 190, 27300),delete:
need:	(17074, 168, 21108)	(3239, 147, 6108),delete:
need:	(28146, 173, 16490)	(1490, 40, 13146),delete:
need:	(1960, 19, 10384),delete:
need:	(8815, 34, 5900),delete:
need:	(7323, 81, 3149),delete:
need:	(12440, 112, 615)	(27440, 184, 15615),delete:
need:	(19867, 168, 21983)	(16719, 171, 25273),delete:
need:,delete:
need:	(24545, 171, 18996)	(16229, 187, 18996),delete:
need:	(29375, 186, 22455)	(11537, 34, 10027),delete:
need:	(19477, 171, 19476)	(8305, 99, 14422),delete:
need:	(22140, 171, 18660)	(3660, 53, 551),delete:
need:	(16413, 180, 16121)	(7955, 81, 1413),delete:
need:	(27927, 172, 17858)	(19879, 180, 20938),delete:
need:	(9640, 120, 6737)	(19686, 171, 29739)	(14297, 120, 6737)	(13576, 120, 6737),delete:
need:,delete:
need:	(27617, 184, 17004)	(25560, 184, 17004),delete:
need:	(12873, 34, 2456)	(28150, 184, 25510),delete:
need:	(24002, 171, 25678),delete:
need:	(22556, 190, 29976)	(5844, 162, 14976),delete:
need:	(16574, 180, 16121)	(24394, 168, 24315),delete:
need:	(8879, 34, 13507)	(13326, 34, 13507),delete:
need:	(14016, 53, 14541)	(29541, 168, 25142),delete:
need:	(3163, 53, 12800)	(27800, 173, 18163),delete:
need:	(16572, 184, 20297),delete:
need:	(15222, 171, 26925)	(14926, 120, 13054),delete:
need:,delete:
need:	(1485, 81, 11343)	(13931, 81, 11343),delete:
need:	(21045, 171, 16720)	(10771, 81, 9536),delete:
need:	(22075, 171, 20841)	(5841, 81, 5711),delete:
need:	(24766, 165, 26933)	(6710, 71, 11933),delete:
need:	(7711, 81, 13235)	(17927, 168, 28292),delete:
need:	(1563, 16, 5128)	(26769, 182, 20128),delete:
need:	(10260, 81, 2230)	(17230, 171, 28848),delete:
need:	(10926, 81, 7410)	(22287, 172, 29741),delete:
need:	(4454, 81, 14888)	(17138, 172, 26618),delete:
need:	(10275, 81, 660)	(15660, 171, 23395),delete:
need:	(12844, 40, 9467)	(20769, 173, 21282),delete:
need:	(6441, 34, 14246)	(21441, 190, 29246),delete:
need:	(20936, 171, 29051),delete:
need:	(4905, 81, 11821)	(26821, 171, 19905),delete:
need:	(28888, 184, 17004)	(28145, 184, 17004),delete:
need:	(5158, 40, 3715)	(18715, 173, 17451),delete:
need:	(21562, 172, 22971)	(23732, 171, 15533),delete:
need:	(15719, 190, 26344),delete:
need:	(17528, 168, 29557),delete:
need:,delete:
need:	(4050, 40, 9021)	(23967, 173, 26502),delete:
need:	(13800, 81, 5205)	(9518, 70, 5205),delete:
need:	(14453, 26, 3506)	(18506, 172, 29453),delete:
need:	(9556, 120, 13054)	(25795, 171, 25486),delete:
need:	(3294, 53, 451)	(15451, 171, 18495),delete:
need:	(3755, 43, 13447)	(16510, 190, 28447),delete:
need:	(22022, 171, 28573)	(22022, 171, 15207),delete:
need:	(310, 81, 560)	(2305, 53, 3141),delete:
need:	(5340, 81, 7665)	(25852, 172, 16780),delete:
need:	(28514, 186, 21445)	(1777, 162, 891),delete:
need:	(892, 134, 7546)	(1508, 134, 7546),delete:
need:	(29166, 172, 24161)	(9161, 81, 11649),delete:
need:	(5854, 81, 136)	(15136, 168, 28775),delete:
need:,delete:
need:	(23955, 172, 25676)	(10676, 26, 8955),delete:
need:	(14646, 71, 12441),delete:
need:	(2789, 162, 7806)	(22610, 184, 21523),delete:
need:	(22182, 171, 28108)	(22182, 171, 29865),delete:
need:	(3509, 16, 4984),delete:
need:	(114, 154, 4783)	(15114, 165, 28827),delete:
need:	(16323, 168, 21205)	(5430, 129, 13851),delete:
need:	(20639, 168, 16501)	(26326, 171, 29390),delete:
need:	(13181, 120, 4)	(5758, 120, 4),delete:
need:	(26815, 190, 20063)	(11815, 34, 9983),delete:
need:,delete:
need:	(20328, 173, 20952)	(5952, 120, 13054),delete:
need:	(4187, 57, 7780)	(22780, 168, 19187),delete:
need:	(3865, 26, 5348)	(8513, 26, 5348),delete:
need:	(11906, 112, 3585)	(14105, 112, 3585),delete:
need:	(5803, 81, 5470)	(20470, 171, 18618),delete:
need:	(12065, 81, 12355)	(21222, 171, 29503),delete:
need:	(23394, 190, 17064)	(23669, 186, 21583),delete:
need:	(8246, 128, 10242)	(23246, 185, 25242),delete:
need:	(22237, 171, 20971)	(4107, 53, 7603),delete:
need:	(1834, 34, 6235)	(6015, 162, 6235),delete:
need:	(9102, 81, 4995)	(22462, 187, 18207),delete:
need:	(19955, 171, 18392)	(11582, 40, 3922),delete:
need:	(9946, 81, 4487),delete:
need:	(13501, 34, 5706),delete:
need:	(9793, 40, 305),delete:
need:	(13000, 81, 9204)	(4941, 81, 9204),delete:
need:	(15442, 186, 21720),delete:
need:	(9325, 81, 9223)	(9008, 81, 9223),delete:
need:,delete:
need:	(21509, 168, 21187)	(16557, 171, 18749),delete:
need:	(2376, 56, 10159)	(17376, 168, 15373),delete:
need:	(1603, 151, 9394)	(22047, 168, 27525),delete:
need:	(20271, 168, 20090)	(5090, 19, 14740),delete:
need:	(29437, 171, 19639)	(4639, 40, 5284),delete:
need:	(5407, 26, 10839)	(2946, 40, 10491),delete:
need:	(14453, 81, 6896)	(4416, 81, 6896),delete:
need:	(9492, 112, 14479),delete:
need:	(6725, 81, 9599)	(24599, 171, 15278),delete:
need:	(2170, 112, 9188)	(17170, 184, 24188),delete:
need:	(3183, 151, 14097)	(4475, 53, 9266),delete:
need:	(7325, 14, 1241)	(22325, 180, 16241),delete:
need:	(5163, 34, 2713),delete:
need:	(6118, 81, 11434)	(26434, 171, 19325),delete:
need:	(22003, 171, 27841)	(22003, 171, 18389)	(4414, 134, 7003),delete:
need:	(4451, 44, 14650)	(19451, 184, 29650),delete:
need:,delete:
need:	(10054, 34, 10447),delete:
need:	(21150, 168, 20922)	(6709, 144, 6150),delete:
need:	(8850, 34, 13476)	(8850, 112, 4841),delete:
need:	(4456, 19, 2040)	(5508, 81, 10100),delete:
need:	(4511, 87, 13804)	(19511, 165, 28804),delete:
need:	(23494, 187, 26763)	(1770, 53, 5458),delete:
need:	(7700, 120, 6737),delete:
need:	(847, 81, 11954)	(26954, 171, 15847),delete:
need:	(6167, 81, 7593)	(6192, 81, 7593),delete:
need:	(4618, 81, 4127)	(19127, 171, 19618),delete:
need:	(16565, 168, 19664)	(16565, 184, 25325),delete:
need:	(29990, 165, 29728),delete:
need:	(25072, 172, 23859)	(25072, 172, 16495),delete:
need:	(3781, 81, 13235)	(13292, 53, 2927),delete:
need:	(12864, 151, 6314)	(10047, 112, 2004),delete:
need:	(340, 81, 12040),delete:
need:	(10156, 81, 6122)	(21122, 171, 25156),delete:
need:,delete:
need:	(9664, 81, 4997)	(28440, 171, 24664),delete:
need:	(6770, 40, 14426)	(29426, 173, 15276),delete:
need:	(16779, 171, 20248)	(5248, 120, 6737),delete:
need:	(29740, 173, 27518)	(3195, 40, 14740),delete:
need:,delete:
need:	(2220, 81, 8671)	(17195, 173, 17220),delete:
need:	(27588, 173, 24854)	(2526, 40, 12588),delete:
need:	(22460, 168, 28715)	(6916, 151, 7407),delete:
need:	(10820, 34, 295)	(21384, 186, 20545),delete:
need:	(21578, 168, 16118)	(18139, 168, 25453),delete:
need:	(28432, 165, 15858),delete:
need:	(23149, 173, 16091)	(9877, 40, 8149),delete:
need:,delete:
need:	(2597, 81, 2143)	(20367, 171, 18714),delete:
need:	(7497, 53, 14918),delete:
need:	(6624, 144, 9542)	(20881, 171, 21670),delete:
need:	(12198, 87, 1849)	(24633, 165, 16849),delete:
need:	(20344, 186, 29800)	(21775, 186, 29800),delete:
need:	(3751, 44, 13614)	(18751, 175, 28614),delete:
need:	(979, 53, 2203)	(7184, 19, 10393),delete:
need:	(16, 34, 6790),delete:
need:	(29070, 168, 23740)	(28120, 171, 15019),delete:
need:	(24415, 171, 28527)	(2779, 81, 9415),delete:
need:	(2455, 53, 3169),delete:
need:	(26122, 168, 20420),delete:
need:	(7963, 112, 473)	(23053, 187, 28258)	(23053, 187, 22316)	(27113, 171, 29724),delete:
need:	(27927, 172, 17858)	(18938, 173, 29482),delete:
need:,delete:
need:	(7472, 81, 14600)	(5837, 81, 14600),delete:
need:	(10412, 81, 3939)	(21901, 187, 25412),delete:
need:	(9173, 34, 12703),delete:
need:	(21070, 187, 17578)	(13344, 19, 6070),delete:
need:	(24447, 173, 24225)	(18538, 171, 27197),delete:
need:	(3127, 81, 12607)	(12165, 81, 12607),delete:
need:	(5336, 112, 1016)	(11811, 112, 1016),delete:
need:	(1862, 81, 11135),delete:
need:	(23328, 168, 22508)	(18694, 171, 17137),delete:
need:,delete:
need:	(16613, 190, 20378)	(4406, 34, 5378),delete:
need:	(16949, 168, 18347)	(3347, 81, 10569),delete:
need:	(10405, 11, 7403)	(7931, 56, 10517),delete:
need:	(2997, 34, 1029),delete:
need:	(1863, 120, 13054),delete:
need:	(16965, 171, 22198)	(21643, 168, 16555),delete:
need:	(6756, 34, 7980),delete:
need:,delete:
need:	(409, 40, 12534)	(27534, 173, 17964),delete:
need:	(15559, 168, 27252)	(8056, 151, 6554),delete:
need:,delete:
need:	(23369, 171, 21686)	(9682, 81, 7483),delete:
need:	(15619, 171, 29845)	(13361, 81, 619),delete:
need:	(15783, 171, 24271)	(783, 152, 3538),delete:
need:	(3925, 53, 9674)	(27399, 173, 18925),delete:
need:	(16262, 171, 15686)	(3714, 81, 1433),delete:
need:	(23986, 171, 22591)	(9649, 81, 12843),delete:
need:	(29207, 171, 26688)	(24450, 168, 19108),delete:
need:	(20454, 168, 17247)	(2247, 144, 5767),delete:
need:	(23919, 186, 23574)	(285, 112, 2251),delete:
need:	(22437, 171, 18892)	(28051, 168, 23511),delete:
need:	(29079, 186, 25574)	(24867, 190, 25574),delete:
need:	(1331, 81, 9596)	(22710, 171, 28823),delete:
need:	(6522, 40, 440)	(14010, 81, 2301),delete:
need:	(9109, 120, 4)	(16655, 173, 24109),delete:
need:	(2883, 34, 14292)	(5904, 34, 14292),delete:
need:	(17862, 190, 28409)	(28122, 186, 17021),delete:
need:	(13809, 93, 5297)	(1572, 56, 1927),delete:
need:	(1251, 81, 5160)	(1590, 81, 2441),delete:
need:	(23656, 168, 17038)	(14214, 81, 7776),delete:
need:	(20677, 187, 19797)	(8935, 26, 5376),delete:
need:	(18964, 168, 18035)	(12221, 112, 5297),delete:
need:	(8464, 81, 5590),delete:
need:	(16565, 168, 17625)	(1565, 151, 14097),delete:
need:	(15248, 171, 18069)	(3069, 81, 11592),delete:
need:	(23908, 173, 21022)	(3402, 40, 8908),delete:
need:	(14693, 34, 1447)	(2315, 34, 1447),delete:
need:	(9372, 57, 14793)	(29793, 168, 29580),delete:
need:	(57, 53, 14943)	(1154, 151, 2117),delete:
need:	(14083, 70, 10336)	(25336, 174, 29083),delete:
need:	(27656, 171, 25203)	(21197, 171, 25203),delete:
need:	(13979, 34, 15),delete:
need:	(25100, 171, 27858)	(8168, 53, 14006),delete:
need:	(13121, 87, 5483)	(28121, 165, 20483),delete:
need:	(21130, 168, 28515),delete:
need:	(25165, 171, 17600),delete:
need:	(17091, 171, 16454)	(20742, 172, 16454),delete:
need:	(15642, 190, 22980),delete:
need:	(24222, 168, 18500),delete:
need:	(21150, 173, 28864)	(21150, 168, 21709),delete:
need:	(6946, 81, 983)	(9918, 81, 3084),delete:
need:	(1781, 128, 1381)	(22031, 185, 16381),delete:
need:	(8422, 81, 2249),delete:
need:	(13735, 26, 1218)	(7810, 81, 4266)	(6805, 81, 4266),delete:
need:	(6211, 40, 1405)	(4787, 81, 12668),delete:
need:	(21104, 171, 16264)	(9770, 81, 2796),delete:
need:	(6089, 34, 3522)	(21309, 190, 23260),delete:
need:	(16506, 171, 20004)	(10356, 81, 6723),delete:
need:,delete:
need:	(4259, 112, 13927)	(19259, 186, 18594),delete:
need:	(5194, 81, 2630)	(7332, 81, 2630),delete:
need:	(25871, 171, 29817)	(23165, 173, 25547),delete:
need:	(5747, 81, 9214)	(24214, 171, 28211),delete:
need:	(1987, 112, 1901)	(27227, 172, 24642),delete:
need:	(16290, 180, 21457)	(1290, 14, 6457),delete:
need:	(9873, 81, 2381)	(979, 81, 2381),delete:
need:	(16368, 168, 22552)	(16334, 171, 22552),delete:
need:	(559, 4, 4326)	(24205, 168, 26226),delete:
need:	(2014, 81, 5180)	(20180, 171, 17014),delete:
need:	(17036, 179, 24952)	(3380, 112, 9952),delete:
need:	(14053, 38, 8535)	(6463, 144, 8535),delete:
need:	(26994, 168, 21857)	(11590, 4, 10408),delete:
need:	(19166, 171, 23210)	(8453, 81, 4166),delete:
need:	(13398, 38, 7395)	(22395, 173, 28398),delete:
need:	(4509, 19, 11091)	(26091, 187, 25171),delete:
need:	(3879, 152, 142)	(18879, 171, 24779),delete:
need:	(16706, 172, 18512)	(1706, 134, 10231),delete:
need:	(1460, 14, 6505)	(19135, 180, 21505),delete:
need:	(9297, 34, 8066)	(24297, 186, 16248),delete:
need:	(21717, 172, 25079),delete:
need:	(12993, 112, 8437)	(27993, 184, 23437),delete:
need:,delete:
need:	(7000, 81, 9319)	(23288, 184, 28350)	(7079, 81, 9319),delete:
need:	(21096, 171, 15257)	(3325, 81, 6096),delete:
need:	(818, 53, 8773)	(18511, 168, 29631),delete:
need:	(15675, 171, 20391),delete:
need:	(12034, 144, 9307)	(969, 144, 9307),delete:
need:	(7247, 81, 8968)	(8528, 81, 8968),delete:
need:	(14423, 87, 7335)	(29423, 165, 22335),delete:
need:	(544, 59, 1663)	(15544, 174, 16663),delete:
need:	(24197, 167, 26865)	(11865, 58, 9197),delete:
need:	(7606, 57, 732)	(15732, 168, 28125),delete:
need:,delete:
need:	(25393, 187, 26071)	(17203, 168, 22184),delete:
need:	(19542, 173, 24184)	(28410, 171, 19694),delete:
need:	(3119, 34, 6810)	(18119, 186, 21810),delete:
need:	(6961, 9, 9952),delete:
need:	(6558, 120, 3048)	(18241, 171, 15249),delete:
need:	(29413, 168, 29185)	(8243, 53, 14413),delete:
need:	(19570, 168, 19525)	(13262, 144, 14533),delete:
need:	(13832, 26, 2487)	(17161, 179, 24952),delete:
need:	(14963, 144, 1032),delete:
need:	(2914, 81, 7519)	(10047, 56, 5283),delete:
need:	(12662, 112, 13059)	(28705, 184, 28059),delete:
need:	(4868, 40, 5769),delete:
need:	(3697, 34, 12144)	(3663, 34, 12144),delete:
need:	(1185, 34, 12418)	(11596, 34, 12418),delete:
need:	(26890, 171, 27462)	(29781, 168, 21953),delete:
need:	(25042, 171, 24565)	(9565, 81, 10042),delete:
need:	(22834, 168, 18817)	(6862, 53, 7834),delete:
need:	(5317, 81, 3739)	(15134, 187, 15356),delete:
need:	(22545, 171, 17207)	(2207, 81, 7545),delete:
need:	(3870, 35, 5911)	(2634, 34, 3870),delete:
need:,delete:
need:	(1683, 81, 4127)	(5699, 81, 7448),delete:
need:	(14852, 144, 1052)	(29291, 168, 23962),delete:
need:	(25510, 165, 27547)	(13116, 12, 12547),delete:
need:	(23431, 179, 18585)	(4523, 34, 6720),delete:
need:	(2807, 4, 10408)	(2538, 53, 8588),delete:
need:	(3438, 19, 1795)	(28851, 168, 21205),delete:
need:	(133, 56, 208)	(29182, 168, 22388),delete:
need:	(8220, 81, 5160)	(7694, 81, 12420),delete:
need:	(12182, 34, 12410)	(26611, 190, 28396),delete:
need:,delete:
need:	(25437, 168, 19875)	(4875, 53, 10437)	(13258, 40, 3822),delete:
need:	(14917, 34, 10092)	(1128, 34, 10092),delete:
need:	(22854, 173, 27728)	(24286, 173, 15071),delete:
need:	(4657, 34, 10975),delete:
need:	(10620, 144, 12262)	(21281, 168, 25620),delete:
need:	(18570, 172, 20221)	(5221, 26, 3570),delete:
need:	(22235, 173, 29537),delete:
need:	(28122, 186, 15456)	(13122, 34, 2021),delete:
need:	(21344, 171, 16810)	(18126, 171, 26216),delete:
need:	(27898, 173, 28873)	(6586, 81, 350),delete:
need:	(6298, 53, 5639)	(20639, 168, 24282),delete:
need:	(7467, 144, 13076)	(5999, 81, 7153),delete:
need:	(14330, 40, 9881)	(6751, 26, 8561),delete:
need:	(9209, 4, 13696)	(5698, 11, 9209),delete:
need:	(29996, 171, 16713)	(9893, 81, 14996),delete:
need:	(7761, 34, 8862),delete:
need:	(3053, 81, 10367)	(2947, 26, 13499),delete:
need:,delete:
need:	(13694, 34, 9965),delete:
need:	(22420, 165, 21890)	(23117, 165, 21890),delete:
need:	(5094, 53, 14435)	(25372, 173, 20094),delete:
need:	(9544, 81, 5531)	(17904, 172, 24544),delete:
need:	(21564, 168, 15147),delete:
need:	(6641, 19, 308)	(25497, 173, 24747),delete:
need:	(6975, 81, 3830)	(21066, 171, 29944),delete:
need:	(5891, 40, 13564)	(312, 81, 8400),delete:
need:	(19973, 186, 15331)	(5651, 34, 331),delete:
need:	(8995, 81, 6016)	(2758, 152, 4035),delete:
need:	(21194, 173, 17718)	(9154, 81, 4281),delete:
need:	(12257, 81, 3946)	(20452, 171, 17449),delete:
need:	(6845, 152, 4537),delete:
need:	(5064, 4, 10408)	(19579, 168, 25160),delete:
need:	(1010, 40, 6117)	(1010, 81, 8148),delete:
need:	(23656, 171, 29214)	(10567, 53, 7776),delete:
need:	(7060, 81, 13214),delete:
need:	(18190, 190, 17729)	(18190, 186, 19652),delete:
need:	(21881, 171, 28445)	(18252, 171, 26457),delete:
need:	(2889, 34, 14495)	(707, 162, 14495),delete:
need:	(8858, 81, 12859)	(27859, 171, 26841),delete:
need:	(3333, 81, 13714),delete:
need:	(7121, 53, 11947)	(26947, 168, 29652),delete:
need:	(28638, 168, 22107)	(165, 151, 13638),delete:
