9168	87	5995
9168	87	201
24168	165	20995
24168	165	15201
8395	81	660
8395	19	10032
8395	40	13997
15660	171	23395
25032	187	23395
28997	173	23395
2754	81	3566
2974	81	3566
3566	152	674
18566	171	17754
18566	171	17974
18566	191	15674
13036	34	9939
5319	34	9939
28036	186	24939
20319	186	24939
5649	34	14219
5649	34	13126
20649	186	29219
20649	186	28126
4512	81	7289
4512	81	10446
22289	171	19512
25446	171	19512
1260	81	3542
12887	81	3542
3549	81	3542
18542	171	16260
18542	171	27887
18542	171	18549
126	81	7769
126	81	973
126	53	5862
22769	171	15126
15973	171	15126
20862	168	15126
8051	81	8036
23036	171	23051
5855	81	13908
5855	81	12766
5855	81	7670
5855	81	4423
5855	81	1754
28908	171	20855
27766	171	20855
22670	171	20855
19423	171	20855
16754	171	20855
12875	146	1280
1203	146	1280
27875	192	16280
16203	192	16280
1900	34	8720
1900	34	6790
16900	186	23720
16900	186	21790
2304	34	12003
2304	34	1523
17304	186	27003
17304	186	16523
12831	34	1850
27831	186	16850
4733	34	5253
4733	34	9026
19733	186	20253
19733	186	24026
1166	53	5606
12042	53	5606
6979	53	5606
5606	112	218
20606	168	21979
20606	168	27042
20606	168	16166
20606	184	15218
4543	34	7980
19543	186	22980
6911	19	14876
6911	26	8757
29876	187	21911
23757	172	21911
8489	57	10479
2115	57	10479
12769	57	10479
8664	57	10479
9144	123	10479
7870	57	10479
965	57	10479
3523	57	10479
25479	168	23489
25479	168	22870
25479	168	27769
25479	168	17115
25479	168	24144
25479	168	22870
25479	168	17115
25479	168	17115
14492	81	2558
8630	81	2558
17558	171	29492
17558	171	23630
5668	26	2784
5668	81	775
17784	172	20668
15775	171	20668
2086	53	7368
2086	57	1595
22368	168	17086
16595	168	17086
6614	81	423
6614	81	2277
15423	171	21614
17277	171	21614
3619	34	6561
3619	34	8617
3619	34	336
3619	112	1702
3619	34	2181
18619	186	21561
18619	186	23617
18619	186	15336
18619	184	16702
18619	186	17181
9770	81	6104
9770	26	1611
9770	81	4955
9770	81	7990
9770	81	7162
9770	81	2796
9770	81	3747
9770	81	7562
21104	171	24770
16611	172	24770
19955	171	24770
22990	171	24770
22162	171	24770
17796	171	24770
18747	171	24770
22562	171	24770
12433	53	7676
1556	53	7676
703	53	7676
22676	168	27433
22676	168	16556
22676	168	15703
6516	34	8651
1328	34	8651
12280	34	8651
7709	34	8651
8975	34	8651
13237	34	8651
2739	34	8651
21516	186	23651
16328	186	23651
27280	186	23651
22709	190	23651
23975	186	23651
28237	186	23651
17739	186	23651
5231	34	7697
5231	34	8574
20231	186	22697
20231	186	23574
7516	34	2302
8180	34	2302
1450	34	2302
16450	186	17302
23180	186	17302
16450	186	17302
12219	112	4932
2341	112	4932
27219	184	19932
17341	184	19932
3753	19	3075
3753	81	3126
18075	187	18753
18126	171	18753
14589	34	8938
13768	34	8938
1675	34	8938
4285	34	8938
29589	186	23938
28768	186	23938
16675	186	23938
19285	186	23938
5790	53	5517
564	53	5517
1899	53	5517
20517	168	16899
20517	168	16899
20517	168	20790
8303	53	60
15060	168	23303
8153	34	12144
8153	34	2330
8153	34	8498
23153	186	27144
23153	186	17330
23153	186	23498
7810	81	4266
19266	171	22810
14733	57	6185
21185	168	29733
8256	81	3544
3646	81	3544
18544	171	23256
18544	171	18646
9570	26	13663
9570	81	7003
9570	19	7594
28663	172	24570
22003	171	24570
22594	187	24570
12922	81	3639
12922	53	3639
18639	171	27922
18639	173	27922
10316	112	6272
14886	86	6272
2294	112	6272
25316	184	21272
29886	165	21272
17294	184	21272
10084	81	13912
10084	81	14822
10084	81	1413
10084	53	2494
10084	81	4487
10084	53	2387
28912	171	25084
29822	171	25084
16413	171	25084
17494	168	25084
19487	171	25084
17387	173	25084
8300	14	6875
8393	112	6875
13446	112	6875
23300	180	21875
23393	184	21875
28446	184	21875
7155	26	2784
7155	81	9397
7155	53	12756
17784	172	22155
24397	171	22155
27756	168	22155
7566	34	10307
7566	34	6790
22566	186	25307
22566	186	21790
71	40	7854
71	19	4587
71	81	7686
71	40	9286
22854	173	15071
19587	187	15071
22686	171	15071
24286	173	15071
8633	34	9499
10049	34	9499
7446	34	9499
7350	34	9499
12911	34	9499
2398	34	9499
9635	162	9499
23633	186	24499
25049	186	24499
22446	186	24499
22350	186	24499
27911	186	24499
25049	186	24499
24635	190	24499
543	34	2882
15543	186	17882
2263	26	5376
2263	81	13339
20376	172	17263
28339	171	17263
5073	34	12051
5073	34	6445
20073	186	27051
20073	186	21445
8202	53	7403
6177	81	7403
2465	81	7403
13905	81	7403
13664	81	7403
13672	57	7403
4454	81	7403
8598	57	7403
3431	81	7403
10263	81	7403
10405	57	7403
546	81	7403
22403	168	23202
22403	171	21177
22403	171	17465
22403	171	28905
22403	171	28664
22403	168	28672
22403	171	19454
22403	168	23598
22403	171	18431
22403	171	25263
22403	168	25405
22403	171	15546
745	81	9176
24176	171	15745
312	81	8400
7197	81	8400
6781	81	8400
10389	81	8400
6942	81	8400
14579	81	8400
10204	81	8400
1308	81	8400
12204	81	8400
5891	81	8400
2451	81	8400
7226	81	8400
23400	171	15312
23400	171	22197
23400	171	21781
23400	171	25389
23400	171	21942
23400	171	29579
23400	171	25204
23400	171	16308
23400	171	27204
23400	171	20891
23400	171	17451
23400	171	22226
5201	26	4706
12049	26	4706
1720	26	4706
8236	26	4706
4051	26	4706
5315	26	4706
3674	26	4706
19706	172	20201
19706	172	27049
19706	172	16720
19706	172	23236
19706	172	19051
19706	172	20315
19706	172	18674
2826	26	4800
2826	81	7153
19800	172	17826
22153	171	17826
14804	81	3473
3881	81	3473
10064	81	3473
6912	81	3473
670	81	3473
14988	81	3473
9903	81	3473
18473	171	29804
18473	171	18881
18473	171	25064
18473	171	21912
18473	171	15670
18473	171	29988
18473	171	24903
5108	81	12220
5108	81	1115
27220	171	20108
16115	171	20108
2033	34	8720
17033	186	23720
6511	40	1088
6511	81	2829
16088	173	21511
17829	171	21511
7972	81	10150
4072	81	10150
25150	171	22972
25150	171	19072
5028	81	8406
12073	152	8406
7384	81	8406
5709	81	8406
9340	57	8406
7943	81	8406
3431	81	8406
2338	81	8406
23406	171	20028
27073	191	23406
23406	171	22384
23406	171	20709
23406	168	24340
23406	171	22943
23406	171	18431
23406	171	17338
13163	81	4331
8307	81	4331
19331	171	28163
19331	171	23307
323	34	6475
15323	186	21475
6760	81	13312
6760	81	3616
28312	171	21760
18616	171	21760
1969	26	778
8569	26	778
2909	26	778
6733	26	778
4445	26	778
10300	26	778
7	26	778
15778	172	16969
15778	172	23569
15778	172	17909
15778	172	21733
15778	172	19445
15778	172	25300
15778	172	15007
9730	81	7206
9730	81	1645
9730	26	1706
22206	171	24730
16645	171	24730
16706	172	24730
1120	81	4203
2621	81	4203
6476	81	4203
8991	81	4203
10431	81	4203
19203	171	16120
19203	171	17621
19203	171	21476
19203	171	23991
19203	171	25431
1220	53	13201
28201	173	16220
14724	81	4420
10029	81	4420
2051	81	4420
1646	81	4420
19420	171	29724
19420	171	25029
19420	171	17051
19420	171	16646
7432	81	14181
7432	53	3647
7432	26	4018
29181	171	22432
18647	173	22432
19018	172	22432
240	81	5467
9569	81	5467
1989	81	5467
2309	81	5467
20467	171	15240
20467	171	24569
20467	171	16989
20467	171	17309
7935	34	12560
7935	34	8774
22935	186	27560
22935	186	23774
5875	40	6608
5875	81	2815
21608	173	20875
17815	171	20875
2080	81	13235
2080	81	13417
2080	53	2927
2080	81	14874
28235	171	17080
28417	171	17080
17927	168	17080
29874	171	17080
4768	40	8199
14593	40	8199
23199	173	19768
23199	173	29593
1838	85	8226
16838	165	23226
1224	81	13618
1224	40	14931
1224	26	6562
28618	171	16224
29931	173	16224
21562	172	16224
6618	70	12397
27397	174	21618
9826	34	4492
9826	34	13175
24826	186	19492
24826	186	28175
14610	53	5282
7842	53	5282
20282	168	29610
20282	168	22842
5482	81	2999
5482	81	7003
5482	81	9674
17999	171	20482
22003	171	20482
24674	171	20482
4199	87	13804
4199	87	4511
4199	87	14738
19199	165	28804
19199	165	19511
19199	165	29738
2548	34	3479
2233	34	3479
4642	34	3479
17548	190	18479
17233	186	18479
19642	186	18479
5101	40	13997
5101	81	12398
5101	26	8439
5101	81	565
5101	81	10282
28997	173	20101
27398	171	20101
23439	172	20101
15565	171	20101
25282	171	20101
288	34	6290
8615	34	6290
13670	34	6290
13583	34	6290
2739	34	6290
6530	34	6290
15288	186	21290
15288	186	21290
28670	186	21290
28583	186	21290
17739	186	21290
21530	186	21290
9388	81	12402
9388	53	9106
27402	171	24388
24106	172	24388
5323	81	524
5323	81	14718
5323	81	2543
5323	81	5277
15524	171	20323
29718	171	20323
17543	171	20323
20277	171	20323
12169	34	1023
9936	34	1023
6477	34	1023
12966	34	1023
7244	34	1023
10415	34	1023
27169	186	16023
24936	186	16023
21477	186	16023
27966	186	16023
22244	186	16023
25415	186	16023
8624	81	13863
8624	81	3741
28863	171	23624
18741	171	23624
9786	129	4348
9786	129	12602
19348	168	24786
27602	168	24786
8287	81	7411
8287	19	5675
8287	26	4990
8287	81	1278
8287	120	4
8287	53	6643
22411	171	23287
20675	187	23287
19990	172	23287
16278	171	23287
20675	187	23287
21643	168	23287
12336	144	5916
8853	144	5916
20916	173	27336
20916	173	23853
1947	26	2784
1947	40	9805
1947	81	9997
1947	81	783
17784	172	16947
24805	173	16947
24997	171	16947
15783	171	16947
175	81	7843
6624	81	7843
1485	81	7843
9365	81	7843
22843	171	15175
22843	171	21624
22843	171	16485
22843	171	24365
5782	34	10482
20782	186	25482
13625	34	1492
4427	34	1492
4806	34	1492
5607	34	1492
9207	34	1492
28625	186	16492
19427	186	16492
19806	186	16492
20607	186	16492
24207	186	16492
12583	34	3545
6928	34	3545
13963	34	3545
27583	186	18545
21928	186	18545
28963	186	18545
946	81	2732
4340	81	2732
10097	81	2732
6975	81	2732
13859	81	2732
4658	81	2732
17732	171	15946
17732	171	19340
17732	171	25097
17732	171	21975
17732	171	28859
17732	171	19658
227	26	4727
3283	26	4727
13986	26	4727
19727	172	15227
19727	172	18283
19727	172	28986
8835	81	7569
8835	40	7158
22569	171	23835
22158	173	23835
7328	40	14216
7328	81	0
7328	81	3518
7328	26	13663
7328	19	4789
29216	173	22328
15000	171	22328
18518	171	22328
28663	172	22328
19789	187	22328
2361	123	5833
20833	168	17361
7970	34	6041
7970	34	446
22970	186	21041
22970	186	15446
5159	81	9540
5159	53	14407
5159	81	13504
24540	171	20159
29407	168	20159
28504	171	20159
7244	34	13987
7244	34	7806
7244	34	1023
7244	34	10346
22244	186	28987
22244	186	22806
22244	186	16023
22244	186	25346
9118	81	2999
9118	81	9413
17999	171	24118
24413	171	24118
3495	81	451
3495	81	7185
15451	171	18495
22185	171	18495
9876	81	8769
7336	81	8769
2331	81	8769
8630	81	8769
1308	81	8769
6131	81	8769
23769	171	24876
23769	171	22336
23769	171	17331
23769	171	23630
23769	171	16308
23769	171	21131
7117	34	8304
7270	34	8304
22117	186	23304
22270	186	23304
1422	81	8708
1422	81	5011
23708	171	16422
20011	171	16422
923	40	9029
24029	173	15923
961	81	9596
12989	81	9596
12380	81	9596
1855	81	9596
735	81	9596
1331	81	9596
2898	81	9596
24596	171	15961
24596	171	27989
24596	171	27380
24596	171	16855
24596	171	15735
24596	171	16331
24596	171	17898
6772	81	7720
14329	81	7720
862	81	7720
444	81	7720
12327	81	7720
1077	81	7720
22720	171	21772
22720	171	29329
22720	171	15862
22720	171	15444
22720	171	27327
22720	171	16077
1144	40	9065
4113	40	9065
24065	173	16144
24065	173	19113
5133	81	4614
8954	81	4614
19614	171	20133
19614	171	23954
14547	81	2432
3107	81	2432
17432	171	29547
17432	171	18107
5109	19	4766
19766	187	20109
12841	81	100
9609	81	100
4584	81	100
12366	81	100
4999	81	100
15100	171	27841
15100	171	24609
15100	171	19584
15100	171	27366
15100	171	19999
9230	57	9475
9230	53	2586
17586	168	24230
17586	168	24230
12331	19	6581
13879	19	6581
3055	19	6581
21581	187	27331
21581	187	28879
21581	187	18055
13494	162	6041
7970	34	6041
28494	190	21041
22970	186	21041
6086	53	14215
29215	168	21086
257	81	8563
14546	81	8563
23563	171	15257
23563	171	29546
6670	19	6605
5322	19	6605
21605	187	21670
21605	187	20322
8857	81	14918
29918	171	23857
10419	87	12432
25419	165	27432
2317	81	142
10267	81	142
1006	81	142
142	152	3879
9429	81	142
371	81	142
14898	81	142
15142	171	17317
15142	171	25267
15142	171	16006
15142	191	18879
15142	171	24429
15142	171	15371
15142	171	29898
2036	34	541
13568	34	541
5896	34	541
2879	34	541
7253	34	541
17036	186	15541
28568	186	15541
20896	186	15541
17879	186	15541
22253	186	15541
3950	81	4201
3950	81	3951
3950	53	4601
19201	171	18950
18951	171	18950
19601	173	18950
6595	40	4056
1619	40	4056
19056	173	21595
19056	173	16619
1163	53	1032
1163	53	6240
1163	53	13481
21240	168	16163
21240	168	16163
28481	168	16163
2628	34	8222
8211	34	8222
2324	34	8222
2809	34	8222
454	34	8222
4459	34	8222
6601	34	8222
13	34	8222
6891	34	8222
12789	34	8222
12431	34	8222
8103	34	8222
1174	34	8222
2730	34	8222
8842	34	8222
17628	186	23222
17628	186	23222
17324	186	23222
17809	186	23222
17628	186	23222
19459	186	23222
17628	186	23222
15013	186	23222
19459	186	23222
27789	186	23222
27431	186	23222
17628	186	23222
17628	186	23222
17628	186	23222
23842	186	23222
6771	19	5675
6771	120	4
6771	26	1706
20675	187	21771
20675	187	21771
16706	172	21771
2484	81	3223
3223	112	1369
8173	81	3223
7294	81	3223
7418	81	3223
18223	171	17484
18223	184	16369
18223	171	23173
18223	171	22294
18223	171	22418
9647	81	1844
9647	40	3975
9647	81	9485
16844	171	24647
18975	173	24647
24485	171	24647
961	26	1461
657	26	1461
4753	26	1461
1421	97	1461
10156	26	1461
4108	97	1461
5415	26	1461
5004	26	1461
127	26	1461
13484	26	1461
2322	26	1461
16461	172	15961
16461	172	15657
16461	172	19753
16461	168	16421
16461	172	25156
16461	168	19108
16461	172	20415
16461	172	20004
16461	172	15127
16461	172	28484
16461	172	17322
8891	26	6837
4797	26	6837
5967	26	6837
3675	26	6837
21837	172	23891
21837	172	19797
21837	172	20967
21837	172	18675
7347	112	7406
22347	184	22406
7315	81	3645
13966	81	3645
18645	171	22315
18645	171	28966
8613	81	13534
28534	171	23613
1881	40	3105
2149	40	3105
9816	19	3105
3414	40	3105
1143	40	3105
4095	40	3105
8421	40	3105
18105	173	16881
18105	173	17149
18105	187	24816
18105	173	18414
18105	173	16143
18105	173	19095
18105	173	23421
6804	81	9375
2820	81	9375
9672	81	9375
8127	81	9375
4402	81	9375
24375	171	21804
24375	171	17820
24375	171	24672
24375	171	23127
24375	171	19402
13533	57	5115
1051	57	5115
335	57	5115
20115	168	28533
20115	168	16051
20115	168	15335
1923	57	978
4017	57	978
9472	57	978
8029	57	978
7045	57	978
14502	57	978
7452	57	978
1468	57	978
9798	57	978
2522	57	978
14636	57	978
447	57	978
8142	57	978
12309	57	978
3178	57	978
15978	168	24472
15978	168	19017
15978	168	24472
15978	168	23029
15978	168	24472
15978	168	29502
15978	168	23029
15978	168	23029
15978	168	18178
15978	168	24798
15978	168	29636
15978	168	18178
15978	168	18178
15978	168	27309
15978	168	18178
1039	34	12560
1039	34	14685
16039	186	27560
16039	186	29685
8462	19	13726
8462	144	2214
28726	187	23462
17214	173	23462
6304	26	7529
9588	26	7529
7529	112	8010
22529	172	21304
22529	172	24588
22529	184	23010
6966	34	10022
14319	34	10022
1194	34	10022
21966	186	25022
29319	186	25022
16194	186	25022
5491	53	2993
17993	168	20491
2337	53	2993
2337	144	7999
2337	40	9805
2337	81	1278
2337	81	12094
2337	81	4266
17993	168	17337
17993	168	17337
24805	173	17337
16278	171	17337
27094	171	17337
19266	171	17337
3285	34	6018
9101	34	6018
18285	186	21018
24101	186	21018
7864	40	2801
14007	40	2801
17801	173	22864
17801	173	29007
4902	19	9067
1904	19	9067
88	19	9067
3371	19	9067
6587	19	9067
5910	19	9067
5863	19	9067
5053	19	9067
24067	187	21587
24067	187	16904
24067	187	15088
24067	187	18371
24067	187	21587
24067	187	20910
24067	187	20863
24067	187	15088
12196	34	7985
12114	34	7985
8006	34	7985
4085	34	7985
2342	34	7985
6390	34	7985
27196	186	22985
27114	186	22985
23006	186	22985
17342	186	22985
17342	186	22985
23006	186	22985
6708	57	7537
6175	57	7537
4382	57	7537
22537	168	21708
22537	168	21175
22537	168	19382
6162	81	12704
6162	26	14849
27704	171	21162
29849	172	21162
9342	81	1599
16599	171	24342
5731	53	4011
91	53	4011
5218	53	4011
19011	168	20731
19011	168	15091
19011	168	20218
9228	112	5569
5569	87	3073
24228	184	20569
18073	165	20569
1835	53	12883
1835	53	4334
27883	168	16835
19334	168	16835
3477	81	6221
3477	81	5686
21221	171	18477
20686	171	18477
14674	53	9421
3776	53	9421
13259	53	9421
2571	53	9421
8455	53	9421
4898	53	9421
24421	168	29674
24421	168	18776
24421	168	28259
24421	168	17571
24421	168	23455
24421	168	19898
871	40	13976
871	81	10121
28976	173	15871
25121	171	15871
8485	43	10333
5161	43	10333
8089	43	10333
20161	186	25333
20161	186	25333
23089	186	25333
7626	26	13225
7626	81	8798
28225	172	22626
23798	171	22626
356	81	7779
4852	81	7779
4816	81	7779
2615	81	7779
5983	81	7779
5443	81	7779
22779	171	15356
22779	171	19852
22779	171	19816
22779	171	17615
22779	171	20983
22779	171	20443
13736	81	3305
18305	171	28736
9457	81	12893
9457	81	4955
9457	81	7990
27893	171	24457
19955	171	24457
22990	171	24457
10273	81	892
10273	81	1719
15892	171	25273
16719	171	25273
2603	34	6693
2603	34	10378
17603	190	21693
17603	186	25378
7919	97	9336
5003	26	9336
13874	97	9336
24336	168	22919
24336	172	20003
24336	172	28874
3574	87	13226
18574	165	28226
7457	112	9736
7457	34	1550
22457	184	24736
22457	186	16550
1481	87	2200
1481	87	858
16481	165	17200
16481	165	15858
1644	81	2891
1644	40	5217
1644	81	1627
17891	171	16644
20217	173	16644
16627	171	16644
5392	34	6895
7762	34	6895
22762	186	21895
22762	186	21895
1384	40	7540
22540	173	17377
8688	34	9212
23688	186	24212
2899	112	5297
14049	53	2899
936	53	2899
7079	53	2899
3575	53	2899
10389	53	2899
17899	184	20297
17899	168	29049
17899	168	15936
17899	168	22079
17899	168	18575
17899	168	25389
10046	87	3680
10046	87	13182
25046	165	18680
25046	165	28182
1787	34	4887
16787	186	19887
6952	81	12341
6952	81	3181
6952	81	3430
27341	171	21952
18181	171	21952
18430	171	21952
4788	81	8864
4788	81	10039
23864	171	19788
25039	171	19788
5581	19	104
5581	81	5693
5581	81	3772
5581	81	12668
5581	40	851
15104	187	20581
20693	171	20581
18772	171	20581
27668	171	20581
15851	173	20581
1184	81	6196
1184	53	14398
21196	171	16184
29398	173	16184
7440	53	8272
23272	168	22440
8112	57	13014
28014	168	23112
3240	81	4745
3240	81	14626
19745	171	18240
29626	171	18240
13276	53	9300
4776	53	9300
6119	53	9300
4670	53	9300
24300	168	28276
24300	168	19776
24300	168	21119
24300	168	19670
1704	81	4252
1704	40	6667
19252	171	16704
21667	168	16704
5958	53	5141
8398	53	5141
20141	168	20958
20141	168	20958
375	34	12646
375	34	870
15375	186	27646
15375	186	15870
5070	112	6262
7170	44	6262
7170	112	6262
20070	184	21262
22170	175	21262
22170	184	21262
13814	44	6915
5014	112	6915
28814	175	21915
20014	184	21915
3240	81	4745
4401	81	4745
19745	171	18240
19745	171	19401
9616	34	10212
9616	112	13525
24616	186	25212
24616	184	28525
7993	81	13972
7993	81	6016
28972	171	22993
21016	171	22993
8569	40	14432
8569	26	778
29432	173	23569
15778	172	23569
7961	81	144
621	81	144
10486	81	144
14350	81	144
302	81	144
12471	81	144
15144	171	22961
15144	171	15621
15144	171	25486
15144	171	29350
15144	171	15302
15144	171	27471
1240	81	9431
1240	26	3590
24431	171	16240
18590	172	16240
9778	53	14759
9778	81	13926
9778	81	6878
9778	81	2542
29759	172	24778
28926	171	24778
21878	171	24778
17542	171	24778
9309	40	311
9309	81	10458
15311	173	24309
25458	171	24309
13601	53	5213
14956	40	5213
2533	40	5213
20213	173	28601
20213	173	29956
20213	173	17533
9195	53	2494
9195	53	13851
9195	53	1323
9195	26	1786
17494	168	24195
28851	168	24195
16323	168	24195
16786	172	24195
6732	81	1278
6732	26	1706
16278	171	21732
16706	172	21732
996	81	6318
4329	81	6318
4712	81	6318
216	81	6318
10182	81	6318
13397	81	6318
14038	81	6318
12739	81	6318
21318	171	15996
21318	171	19329
21318	171	19712
21318	171	15216
21318	171	25182
21318	171	28397
21318	171	29038
21318	171	27739
8598	53	7931
786	53	7931
22931	168	23598
22931	168	15786
7924	81	13896
7924	26	345
28896	171	22924
15345	172	22924
13408	53	2807
2538	53	2807
17807	168	28408
17807	168	17538
8483	34	12967
8483	34	3611
8483	162	4179
8483	162	1446
23483	186	27967
23483	190	16446
23483	190	16446
23483	190	16446
8694	81	1312
16312	171	23694
8592	81	5372
20372	171	23592
5189	26	12460
5189	26	8872
27460	172	20189
23872	172	20189
836	146	7258
15836	192	22258
5133	53	12756
5133	81	4614
27756	168	20133
19614	171	20133
9591	81	208
9591	81	1754
15208	171	24591
16754	171	24591
14025	112	1042
4368	71	1042
5288	71	1042
4624	112	1042
6909	71	1042
2382	71	1042
12038	71	1042
13984	71	1042
12848	71	1042
7816	112	1042
1500	71	1042
14783	71	1042
12102	71	1042
14711	44	1042
3074	71	1042
9411	71	1042
427	71	1042
14370	71	1042
29025	184	16042
19368	165	16042
20288	165	16042
19624	184	16042
21909	165	16042
17382	165	16042
27038	165	16042
28984	165	16042
27848	165	16042
19624	184	16042
16500	165	16042
29783	165	16042
27102	165	16042
29711	175	16042
24411	165	16042
24411	165	16042
17382	165	16042
29370	165	16042
9780	26	986
1584	26	986
4283	26	986
7374	26	986
4515	26	986
15986	172	24780
15986	172	16584
15986	172	19283
15986	172	22374
15986	172	19515
3089	53	5824
3089	53	10491
20824	168	18089
25491	168	18089
1549	81	12463
27463	171	16549
510	81	7151
2411	81	7151
2655	81	7151
12165	81	7151
7106	81	7151
22151	171	15510
22151	171	17655
22151	171	17655
22151	171	27165
22151	171	22106
7142	57	13780
28780	168	22142
8455	53	9421
8455	53	9494
24421	168	23455
24494	168	23455
1401	81	9745
8944	81	9745
6997	81	9745
12181	81	9745
14050	81	9745
24745	171	16401
24745	171	23944
24745	171	21997
24745	171	27181
24745	171	29050
3993	81	4142
5909	81	4142
7336	81	4142
9469	81	4142
12140	81	4142
8357	81	4142
19142	171	18993
19142	171	20909
19142	171	22336
19142	171	24469
19142	171	27140
19142	171	23357
3699	81	8195
3699	81	4093
3699	81	693
3699	81	6302
23195	171	18699
19093	171	18699
15693	171	18699
21302	171	18699
13387	34	7275
28387	186	22275
4812	19	13786
4812	26	10178
28786	187	19812
25178	172	19812
7916	112	6474
2992	112	6474
8171	112	6474
22916	184	21474
17992	184	21474
23171	184	21474
4874	81	6507
4874	81	525
21507	171	19874
15525	171	19874
1431	53	13448
1431	81	1557
1431	53	13246
28448	168	16431
16557	171	16431
28246	168	16431
5780	53	5646
3020	53	5646
3963	53	5646
14684	53	5646
527	53	5646
14191	53	5646
7299	53	5646
12901	53	5646
8546	53	5646
20646	168	20780
20646	168	20780
20646	168	18963
20646	168	29684
20646	168	15527
20646	168	29191
20646	168	15527
20646	168	27901
20646	168	23546
3887	112	5457
3887	34	8450
18887	184	20457
18887	186	23450
5234	81	14996
5234	40	9071
29996	171	20234
24071	173	20234
9733	53	7047
9733	53	1603
9733	57	14947
22047	168	24733
16603	168	24733
29947	168	24733
4073	81	185
185	112	7101
15185	171	19073
15185	184	22101
10394	112	4045
25394	184	19045
1348	40	851
1348	53	14541
1348	53	13647
15851	173	16348
29541	168	16348
28647	168	16348
9795	53	1934
16934	168	24795
8602	38	6948
21948	173	23602
6740	81	4608
19608	171	21740
242	53	12905
27905	173	15242
2961	40	4442
19442	173	17961
8341	81	2517
8341	81	9422
17517	171	23341
24422	171	23341
5231	34	7697
8573	34	7697
8822	34	7697
20231	186	22697
23573	186	22697
23822	186	22697
7172	57	4333
19333	168	22172
648	26	10240
7680	26	10240
9664	26	10240
2552	26	10240
12701	26	10240
3591	26	10240
9999	26	10240
9365	26	10240
25240	172	15648
25240	172	22680
25240	172	24664
25240	172	17552
25240	172	27701
25240	172	18591
25240	172	24999
25240	172	24365
8719	152	12722
23719	191	27722
8813	81	602
8813	81	4448
8813	81	2917
17917	171	23813
19448	171	23813
17917	171	23813
13502	53	4486
19486	168	28502
3720	81	5544
3720	81	4414
20544	171	18720
19414	171	18720
900	34	13010
900	34	12706
15900	186	28010
15900	186	27706
10312	81	7536
22536	171	25312
2424	40	5371
2424	81	5157
20371	173	17424
20157	171	17424
3978	34	12119
3978	112	5259
3978	34	9754
18978	186	27119
18978	184	20259
18978	186	24754
4340	81	2804
4340	19	14404
4340	81	534
4340	81	3676
4340	81	2732
17804	171	19340
29404	187	19340
15534	171	19340
18676	171	19340
17732	171	19340
4194	34	12236
4194	112	763
19194	186	27236
19194	184	15763
1259	81	9074
1259	26	6064
1259	81	14896
1259	81	2682
24074	171	16259
21064	172	16259
29896	171	16259
17682	171	16259
8324	34	1456
23324	186	16456
6898	81	4998
4998	93	1766
19998	171	21898
19998	184	16766
2622	81	7831
2622	81	4166
22831	171	17622
19166	171	17622
2027	81	4696
2027	53	4360
2027	19	1315
2027	53	5426
19696	171	17027
19360	168	17027
16315	187	17027
20426	168	17027
7907	81	2516
7907	81	6403
7907	26	6582
17516	171	22907
17516	171	22907
21582	172	22907
5152	34	7560
5152	34	4741
20152	186	22560
20152	186	19741
9015	112	8536
9015	34	12958
9015	34	8186
24015	184	23536
24015	186	27958
24015	186	23186
12	81	4061
12	81	9402
19061	171	15012
24402	171	15012
8546	40	2853
2853	152	9832
1650	40	2853
527	144	2853
7299	40	2853
266	40	2853
17853	173	23546
24832	191	17853
17853	173	16650
17853	173	15527
17853	173	15527
17853	173	15266
9931	34	5378
24931	186	20378
7127	34	2459
13947	34	2459
22127	186	17459
28947	186	17459
8767	70	672
15672	174	23767
5090	19	14740
5090	53	5271
5090	53	12329
29740	187	20090
20271	168	20090
27329	168	20090
6869	144	8364
6869	26	14666
23364	173	21869
29666	172	21869
5466	26	4568
5466	81	13870
5466	81	1135
5466	81	2239
5466	81	3939
19568	172	20466
28870	171	20466
16135	171	20466
17239	171	20466
18939	171	20466
1820	81	8083
12884	53	8083
23083	171	16820
23083	168	27884
5555	26	2248
17248	172	20555
6476	81	14372
6476	81	14035
6476	81	4203
6476	53	1233
29372	171	21476
29035	171	21476
19203	171	21476
16233	168	21476
12969	53	3897
9041	123	3897
8983	26	3897
10451	57	3897
18897	168	27969
18897	168	25451
18897	172	23983
18897	168	25451
9755	34	8862
24755	186	23862
9846	81	3520
9846	116	12827
18520	171	24846
27827	168	24846
4134	81	8087
4134	81	5805
23087	171	19134
20805	171	19134
9188	87	5009
2170	112	9188
24188	165	20009
17170	184	24188
6480	112	8901
8911	112	8901
21480	184	23901
23911	184	23901
3648	24	13277
18648	190	28277
13940	34	2300
6305	34	2300
13122	34	2300
10000	34	2300
8402	34	2300
9359	34	2300
1871	34	2300
8426	34	2300
28940	186	17300
21305	186	17300
28122	186	17300
25000	186	17300
23402	186	17300
24359	186	17300
16871	186	17300
23426	186	17300
2401	34	4039
17401	186	19039
1412	13	1821
1821	24	3214
16412	189	16821
16821	190	18214
5511	53	14303
5511	81	14303
5511	81	7387
29303	173	20511
29303	171	20511
22387	171	20511
14635	34	4610
14263	34	4610
3559	34	4610
29635	186	19610
29263	186	19610
18559	186	19610
5761	81	5537
5761	81	9214
20537	171	20761
24214	171	20761
1313	19	9260
24260	173	16313
10316	112	6272
10316	34	12646
25316	184	21272
25316	186	27646
6112	53	4717
19717	168	21112
9032	26	9938
1528	26	9938
13008	26	9938
7366	26	9938
7046	26	9938
5308	26	9938
5487	26	9938
4051	26	9938
1442	26	9938
24938	172	24032
24938	172	16528
24938	172	28008
24938	172	22366
24938	172	22046
24938	172	20308
24938	172	20487
24938	172	19051
24938	172	16442
6734	40	12385
6734	81	4290
27385	173	21734
19290	171	21734
2327	26	14436
2327	53	9612
2327	81	7279
29436	172	17327
24612	168	17327
22279	171	17327
2331	81	9228
2331	81	8769
2331	81	84
24228	171	17331
23769	171	17331
15084	171	17331
13300	40	2182
17182	173	28300
2225	81	8667
6969	81	8667
5096	81	8667
1820	81	8667
12124	81	8667
7215	81	8667
6611	81	8667
23667	171	17225
23667	171	21969
23667	171	20096
23667	171	16820
23667	171	27124
23667	171	22215
23667	171	21611
7587	81	4700
3049	81	4700
14134	81	4700
6151	81	4700
13642	81	4700
6645	81	4700
7458	81	4700
19700	171	22587
19700	171	18049
19700	171	29134
19700	171	21151
19700	171	28642
19700	171	21645
19700	171	22458
7682	146	4824
22682	192	19824
10336	59	261
25336	174	15261
6345	81	12220
6345	26	13602
27220	171	21345
28602	172	21345
4133	81	5744
4133	81	12986
20744	171	19133
27986	171	19133
9808	81	5484
5472	81	5484
797	81	5484
20484	171	24808
20484	171	15797
20484	171	15797
12321	34	386
27321	186	15386
4660	19	807
192	19	807
13184	19	807
1142	19	807
4780	19	807
7002	19	807
1989	19	807
3762	19	807
15807	187	19660
15807	187	15192
15807	187	28184
15807	187	16142
15807	187	19780
15807	187	22002
15807	187	16989
15807	187	18762
12292	147	8595
8595	2	13236
23595	188	27292
23595	165	28236
1338	19	12820
1338	81	5711
27820	187	16338
20711	171	16338
4393	128	14574
4393	44	12610
19393	185	29574
19393	175	27610
2955	112	4964
2955	34	13734
2955	112	7798
17955	179	19964
17955	186	28734
17955	184	22798
10486	81	144
10486	81	4886
15144	171	25486
19886	171	25486
9417	53	4084
9417	81	4084
14192	81	4084
13791	81	4084
12183	81	4084
14282	81	4084
14282	53	4084
19084	168	24417
19084	171	24417
19084	171	29192
19084	171	28791
19084	171	27183
19084	171	29282
19084	168	29282
8442	34	9817
13230	34	9817
4940	34	9817
14079	34	9817
5801	34	9817
20801	186	24817
28230	186	24817
19940	186	24817
29079	186	24817
23442	186	24817
3902	81	4228
3902	53	3550
19228	171	18902
18550	173	18902
9676	81	7448
9676	40	6479
22448	171	24676
21479	173	24676
12513	87	6776
13882	87	6776
27513	165	21776
28882	165	21776
6301	81	2351
6301	40	7235
17351	171	21301
22235	173	21301
2217	34	1341
17217	186	16341
5415	81	980
5415	81	8317
5415	81	9815
5415	26	1461
5415	26	9450
15980	171	20415
23317	171	20415
24815	171	20415
16461	172	20415
24450	172	20415
7690	81	12644
7690	40	2076
27644	171	22690
17076	173	22690
9649	81	8986
7591	81	8986
23986	171	24649
23986	171	24649
913	40	4863
913	81	14694
19863	173	15913
29694	171	15913
8002	81	6507
21507	171	23002
472	40	4777
14539	40	4777
1538	40	4777
19777	173	15472
19777	173	29539
19777	173	16538
8528	81	3150
18150	171	23528
5315	81	5140
5315	53	5621
5315	26	4706
20140	171	20315
20621	168	20315
19706	172	20315
9837	81	3676
9837	53	7019
9837	19	4353
18676	171	24837
22019	173	24837
19353	173	24837
8609	34	1064
9603	34	1064
14742	34	1064
180	34	1064
589	34	1064
23609	186	16064
19754	186	16064
29742	186	16064
19754	186	16064
19754	186	16064
8524	34	3686
6813	34	3686
5342	34	3686
23524	186	18686
21813	186	18686
20342	186	18686
8692	26	14666
8692	53	3822
29666	172	23692
18822	168	23692
5256	34	14685
5256	34	7806
20256	186	29685
20256	186	22806
12844	129	3045
3935	129	3045
18045	168	27844
18045	168	18935
4687	57	6036
4687	53	6684
21036	168	19687
21036	168	19687
8478	81	13875
8478	40	5769
8478	81	13542
28875	171	23478
20769	173	23478
28542	171	23478
4774	53	5229
20229	173	19774
647	24	5717
15647	190	20717
4349	81	2208
4349	53	6578
17208	171	19349
21578	168	19349
629	81	4136
629	81	5881
19136	171	15629
20881	171	15629
2128	34	3039
12353	34	3039
17128	186	18039
27353	186	18039
12713	81	1157
6255	81	1157
8951	81	1157
10141	81	1157
16157	171	27713
16157	171	21255
16157	171	23951
16157	171	25141
8239	106	13048
8239	106	14286
23239	190	28048
23239	190	29286
3392	40	3922
7743	40	3922
1272	144	3922
12253	144	3922
18922	173	18392
18922	173	22743
18922	173	16272
18922	173	27253
14749	81	3577
5119	81	3577
12207	81	3577
6087	81	3577
14643	81	3577
18577	171	29749
18577	171	20119
18577	171	27207
18577	171	21087
18577	171	29643
1394	53	6642
21642	173	16394
6421	81	4448
19448	171	21421
14265	112	10317
29265	184	25317
3919	26	1782
3919	81	4608
3919	53	7641
3919	81	3990
16782	172	18919
19608	171	18919
22641	173	18919
18990	171	18919
2134	19	6672
2134	40	14755
21672	187	17134
29755	173	17134
6931	152	1479
6983	81	6931
21931	191	16479
21931	171	21983
8269	26	12927
8269	81	8783
8269	81	9306
27927	172	23269
23783	171	23269
24306	171	23269
4662	87	2092
19662	165	17092
9510	81	14785
29785	171	24510
6687	53	9383
6687	53	14670
24383	168	21687
29670	168	21687
5380	26	1680
16680	172	20380
7240	57	7736
3969	57	7736
14470	57	7736
22736	168	18969
22736	168	18969
22736	168	29470
1683	81	4127
1683	53	7859
19127	171	16683
22859	173	16683
7054	34	3161
22054	186	18161
5318	34	5506
20318	186	20506
1058	53	4432
1058	81	7505
19432	168	16058
22505	171	16058
1908	34	9291
1888	34	9291
942	34	9291
16908	186	24291
15381	186	24291
15942	186	24291
6209	81	13306
6209	81	3768
6209	53	6785
6209	81	6982
28306	171	21209
18768	171	21209
21785	173	21209
21982	171	21209
7436	112	1242
2017	112	1242
13952	112	1242
13164	112	1242
5154	112	1242
4970	112	1242
19970	184	16242
17017	184	16242
28952	184	16242
28164	184	16242
20154	184	16242
19970	184	16242
13731	81	668
5207	81	668
15668	171	28731
15668	171	20207
6553	34	14806
6553	34	504
6553	34	6962
21553	186	29806
21553	186	15504
21553	186	21962
707	34	1735
15707	186	16735
8926	43	7885
4292	43	7885
6984	43	7885
7524	43	7885
23926	186	22885
19292	186	22885
21984	186	22885
19292	186	22885
7197	19	13976
7197	81	8400
7197	81	7234
28976	187	22197
23400	171	22197
22234	171	22197
13720	57	4248
2450	57	4248
19248	168	28720
19248	168	17450
1688	96	2623
1688	96	5847
17623	189	16688
17623	189	16688
9364	34	3534
9131	34	3534
3534	35	9919
10318	34	3534
24364	186	18534
24364	186	18534
18534	165	24919
25318	186	18534
13192	81	3192
13192	53	3192
18192	171	28192
18192	173	28192
2664	81	1750
4832	81	1750
6404	81	1750
278	81	1750
1855	81	1750
16750	171	19832
16750	171	19832
16750	171	15278
16750	171	15278
16750	171	16855
2800	123	2135
17135	168	17800
1904	19	9067
1904	40	12650
24067	187	16904
27650	173	16904
4975	112	5908
19975	184	20908
5645	81	7428
5391	81	7428
22428	171	20645
22428	171	20391
10304	19	7376
10304	53	7376
22376	173	25304
22376	172	25304
1633	34	2187
9185	34	2187
4022	34	2187
7230	34	2187
14055	34	2187
16633	186	17187
24185	186	17187
22230	186	17187
22230	186	17187
29055	186	17187
1324	81	4281
19281	171	16324
1782	112	3557
8274	112	3557
16782	184	18557
23274	184	18557
14846	81	5634
824	81	5634
14028	81	5634
4026	81	5634
20634	171	29846
20634	171	15824
20634	171	29028
20634	171	19026
5828	152	4240
655	81	4240
8086	81	4240
19240	191	20828
19240	171	15655
19240	171	23086
9035	81	4461
9035	144	7122
19461	171	24035
22122	173	24035
1859	81	1187
1859	81	13863
1859	81	4599
16187	171	16859
28863	171	16859
19599	171	16859
9689	26	4357
4177	26	4357
5406	26	4357
19357	172	24689
19357	172	19177
19357	172	20406
8480	81	3024
1474	81	3024
18024	171	23480
18024	171	16474
4049	81	7639
22639	171	19049
6563	53	633
6563	81	320
6563	53	12224
6563	40	9116
6563	81	1219
15633	168	21563
15320	171	21563
27224	168	21563
24116	173	21563
16219	171	21563
3536	144	10175
3536	19	8194
25175	173	18536
23194	187	18536
8808	53	13900
8808	57	5797
28900	168	23808
20797	168	23808
12020	34	5214
1858	34	5214
9566	34	5214
3613	34	5214
10170	34	5214
27020	186	20214
16858	186	20214
24566	186	20214
16858	186	20214
25170	186	20214
4852	53	13075
4852	81	7779
28075	173	19852
22779	171	19852
5800	43	4803
5800	43	888
5800	43	2753
5800	43	1469
20800	186	15888
20800	186	15888
20800	186	17753
20800	186	15888
9635	34	9720
9635	162	9499
24635	186	24720
24635	190	24499
12954	57	2510
14983	81	2510
2482	81	2510
17510	168	27954
17510	171	29983
17510	171	17482
3220	81	3416
3220	53	6238
3220	53	1223
3220	81	677
3220	26	1706
18416	171	18220
21238	168	18220
16223	168	18220
15677	171	18220
16706	172	18220
265	34	3763
15265	186	18763
2245	123	7976
22976	168	17245
8170	53	5187
8170	53	2429
8170	53	3383
18383	168	23170
18383	168	23170
18383	168	23170
2165	81	7523
2165	81	973
2165	81	7246
22523	171	17165
15973	171	17165
22246	171	17165
8724	57	6950
21950	168	23724
6080	112	8599
123	112	8599
12098	112	8599
15123	184	23599
15123	184	23599
27098	184	23599
8677	81	12644
8677	53	13906
8677	81	382
27644	171	23677
28906	168	23677
15382	171	23677
8721	34	5659
9737	34	5659
5241	34	5659
3221	34	5659
2579	34	5659
5591	34	5659
13890	34	5659
23721	186	20659
24737	186	20659
20241	186	20659
24737	186	20659
20241	186	20659
20591	186	20659
28890	186	20659
2859	19	12482
27482	187	17859
9401	26	5948
9401	53	9307
20948	172	24401
24307	168	24401
13429	53	8272
6339	53	8272
369	53	8272
9000	53	8272
7440	53	8272
13328	53	8272
6726	53	8272
485	53	8272
5702	53	8272
6685	53	8272
6465	53	8272
12147	53	8272
5044	53	8272
23272	168	28429
23272	168	21465
23272	168	24000
23272	168	24000
23272	168	22440
23272	168	28328
23272	168	20702
23272	168	21465
23272	168	21465
23272	168	21465
23272	168	24000
23272	168	27147
23272	168	21339
2052	53	12000
27000	173	17052
7294	81	3223
7294	81	2491
7294	81	14721
18223	171	22294
17491	171	22294
29721	171	22294
8214	81	251
15251	171	23214
2308	144	6910
2308	81	8793
2308	53	9409
21910	173	17308
23793	171	17308
24409	168	17308
9283	81	1719
6983	81	1719
10273	81	1719
13621	81	1719
16719	171	24283
16719	171	21983
16719	171	25273
16719	171	28621
4116	87	3073
19116	165	18073
5192	81	4599
4208	81	4599
8158	81	4599
1859	81	4599
13258	81	4599
19599	171	20192
19599	171	19208
19599	171	23158
19599	171	16859
19599	171	28258
9111	81	9940
4571	81	9940
2090	81	9940
24940	171	24111
24940	171	19571
24940	171	17090
3869	81	5749
20749	171	18869
7344	34	5424
7344	34	13531
22344	186	20424
22344	186	28531
337	81	5711
20711	171	15337
1282	26	4200
1282	81	565
19200	172	16282
15565	171	16282
10000	34	6985
2130	34	6985
25000	186	21985
17130	186	21985
6232	53	6593
6804	53	6593
2932	53	6593
4409	53	6593
21593	168	21232
21593	168	21804
21593	168	17932
21593	168	19409
4843	53	12953
4843	120	6141
4843	81	3085
4843	26	1971
4843	81	3538
27953	168	19843
18538	171	19843
18085	171	19843
16971	172	19843
18538	171	19843
1062	40	1336
1062	81	3149
1062	81	8102
16336	173	16062
18149	171	16062
23102	171	16062
9305	81	3193
9305	81	983
9305	81	2791
9305	81	9542
18193	171	24305
15983	171	24305
17791	171	24305
24542	171	24305
10331	81	7313
10331	81	1488
10331	53	9884
10331	81	8431
10331	81	3770
22313	171	25331
16488	171	25331
24884	173	25331
23431	171	25331
18770	171	25331
2490	128	14698
9990	152	2490
17490	185	29698
24990	191	17490
3637	57	12771
27771	168	18637
4653	34	10309
297	34	10309
13453	34	10309
19653	186	25309
15297	186	25309
28453	186	25309
9269	81	2110
7181	81	2110
6462	81	2110
17110	171	24269
17110	171	22181
17110	171	21462
9068	81	9660
24660	171	24068
212	87	4912
12826	87	4912
5471	87	4912
6088	87	4912
15212	165	19912
27826	165	19912
20471	165	19912
15212	165	19912
987	53	6784
21784	168	15987
12676	81	4207
9873	40	4207
19207	171	27676
19207	173	24873
14969	81	2799
2265	81	2799
9050	81	2799
17799	171	29969
17799	171	17265
17799	171	24050
464	26	13663
464	81	13348
464	81	4625
28663	172	15464
28348	171	15464
19625	171	15464
9346	112	9952
9346	34	7193
24346	179	24952
24346	186	22193
2460	14	13675
2460	128	14574
17460	180	28675
17460	185	29574
4316	87	12372
19316	165	27372
5973	26	12422
5973	81	806
27422	172	20973
15806	171	20973
7316	81	13841
7316	81	13785
7316	81	4792
7316	144	197
7316	19	8053
7316	81	706
28841	171	22316
28785	171	22316
19792	171	22316
15706	171	22316
23053	187	22316
15706	171	22316
7636	34	10254
13963	34	10254
12421	34	10254
22636	186	25254
28963	186	25254
27421	186	25254
502	81	1488
502	81	587
502	81	3770
502	81	9884
502	19	14863
502	81	14018
16488	171	15502
15587	171	15502
18770	171	15502
24884	171	15502
29863	187	15502
29018	171	15502
7424	19	4789
7328	19	4789
13469	19	4789
4099	19	4789
4794	19	4789
19789	187	22424
19789	187	22328
19789	187	28469
19789	187	19099
19789	187	19794
5412	106	1509
3608	106	1509
20412	190	16509
20412	190	16509
7087	87	4634
6484	87	4634
6078	68	4634
12612	87	4634
5050	72	4634
5997	87	4634
2710	14	4634
9661	72	4634
492	68	4634
8495	87	4634
4634	16	5439
3155	87	4634
14837	87	4634
21078	165	19634
21484	165	19634
23215	169	19634
27612	165	19634
21078	165	19634
20997	165	19634
17710	180	19634
21078	165	19634
15492	165	19634
23495	165	19634
19634	182	20439
21078	165	19634
29837	165	19634
14883	14	7370
29883	180	22370
135	19	4353
135	81	10440
135	81	7437
135	40	7019
135	81	2254
135	81	10149
19353	173	15135
25440	171	15135
22437	171	15135
22019	173	15135
17254	171	15135
25149	171	15135
4153	81	13896
4153	81	12946
28896	171	19153
27946	171	19153
6934	40	1723
6934	81	9330
16723	173	21934
24330	171	21934
12464	97	9673
6879	97	9673
24673	168	27464
24673	168	21879
3332	81	7039
3332	81	9389
22039	171	18332
24389	171	18332
7007	81	3644
3644	152	14060
5149	81	3644
18644	171	22007
29060	191	18644
18644	171	20149
621	81	144
621	81	7635
621	40	8414
15144	171	15621
22635	171	15621
23414	173	15621
2632	53	12443
2632	81	9284
2632	81	7513
27443	173	17632
22513	171	17632
22513	171	17632
9312	123	13638
28638	168	24312
9625	40	8165
9625	53	4431
23165	173	24625
19431	168	24625
12195	81	7233
2956	81	7233
9769	81	7233
22233	171	27195
22233	171	17956
22233	171	24769
4051	26	4706
4051	26	9938
19706	172	19051
24938	172	19051
147	57	6564
147	144	5385
147	57	5848
147	57	6270
147	57	8522
21564	168	15147
23522	168	15147
20848	168	15147
21270	168	15147
23522	168	15147
5438	81	6712
5438	81	8288
21712	171	20438
23288	171	20438
1120	81	8743
1120	81	4203
23743	171	16120
19203	171	16120
1134	57	432
15432	168	16134
192	81	10402
4987	81	10402
9918	81	10402
652	81	10402
13218	81	10402
25402	171	15192
25402	171	19987
25402	171	24918
25402	171	15652
25402	171	28218
1107	34	12236
1107	34	825
16107	186	27236
16107	186	15825
6857	53	13109
28109	168	21857
8525	81	5011
20011	171	23525
7176	34	7838
22176	186	22838
4178	112	3585
8122	72	3585
14978	112	3585
1346	9	3585
3264	112	3585
9428	112	3585
3666	112	3585
7665	112	3585
14105	112	3585
14296	112	3585
3494	112	3585
4523	112	3585
8811	112	3585
7658	112	3585
12514	86	3585
14241	112	3585
2933	112	3585
1119	112	3585
1445	112	3585
9203	112	3585
16445	179	18585
15225	179	18585
29978	179	18585
16346	179	18585
18264	179	18585
20517	179	18585
18666	179	18585
22665	179	18585
29105	179	18585
29296	179	18585
18143	179	18585
19523	179	18585
23811	179	18585
22658	179	18585
27514	165	18585
29241	179	18585
17933	179	18585
16119	179	18585
16445	179	18585
24203	179	18585
1673	53	7016
1673	53	12960
22016	168	16673
27960	168	16673
833	34	13325
15833	186	28325
12489	34	2501
12210	34	2501
27489	186	17501
27210	186	17501
2564	40	9286
8404	40	9286
9174	40	9286
7423	40	9286
71	40	9286
24286	173	17564
24286	173	23404
24286	173	24174
24286	173	22423
24286	173	15071
9046	26	4901
9046	26	10178
19901	172	24046
25178	172	24046
4188	34	997
19188	186	15997
259	34	7742
15259	186	22742
4981	81	790
6423	81	790
9489	81	790
9438	81	790
15790	171	19981
15790	171	21423
15790	171	24489
15790	171	24438
5380	26	1680
5380	40	5341
16680	172	20380
20341	173	20380
7826	81	1692
7826	81	4703
7826	81	7162
16692	171	22826
19703	171	22826
22162	171	22826
5252	40	5451
5610	40	5451
466	40	5451
20451	173	20252
20451	173	20610
20451	173	15466
5508	40	9229
3777	40	9229
8299	40	9229
12134	40	9229
4655	40	9229
6711	40	9229
12211	40	9229
1911	40	9229
24229	173	20508
24229	173	18777
24229	173	23299
24229	173	27134
24229	173	19655
24229	173	21711
24229	173	27211
24229	173	18777
5724	26	7469
7549	26	7469
22469	172	20724
22469	172	22549
7804	34	9084
22804	186	24084
8333	81	8532
8333	81	12132
8333	81	14760
8333	81	9383
8333	81	8087
8333	81	9973
8333	81	9715
8333	26	5770
23532	171	23333
27132	171	23333
29760	171	23333
24383	171	23333
23087	171	23333
24973	171	23333
24715	171	23333
20770	172	23333
5228	34	14227
5228	34	5662
20228	186	29227
20228	186	20662
8132	81	565
8132	40	7158
15565	171	23132
22158	173	23132
9349	26	12580
27580	172	24349
2775	146	8349
3138	53	2775
17775	192	23349
17775	173	18138
3712	26	2784
3712	81	9397
3712	81	1198
17784	172	18712
24397	171	18712
16198	171	18712
9219	123	7504
9219	53	296
22504	168	24219
15296	168	24219
9544	26	2904
9544	81	7220
9544	81	5531
9544	19	3815
17904	172	24544
22220	171	24544
20531	171	24544
18815	187	24544
7171	26	195
15195	172	22171
5816	81	13235
5816	81	14874
5816	53	10018
28235	171	20816
29874	171	20816
25018	168	20816
7501	0	12016
7501	97	1083
27016	168	22501
16083	168	22501
547	81	606
547	19	8454
547	81	2277
547	81	8087
547	81	14181
15606	171	15547
23454	187	15547
17277	171	15547
23087	171	15547
29181	171	15547
8174	53	2620
8174	81	14095
17620	168	23174
29095	171	23174
916	26	12032
916	81	7715
916	81	4062
27032	172	15916
22715	171	15916
19062	171	15916
9876	81	12223
9876	81	8769
27223	171	24876
23769	171	24876
8690	53	14756
29756	173	23690
14382	81	6951
1307	81	6951
8755	81	6951
13864	81	6951
21951	171	29382
21951	171	16307
21951	171	23755
21951	171	28864
1855	81	9596
1855	81	12384
1855	26	10297
1855	81	1750
24596	171	16855
27384	171	16855
25297	172	16855
16750	171	16855
8907	81	9862
8907	81	9706
24862	171	23907
24706	171	23907
6520	34	3102
21520	186	18102
28	34	4861
28	34	8094
15028	186	19861
15028	186	23094
14780	112	10375
4642	112	10375
29780	184	25375
19642	184	25375
13180	34	393
1871	34	393
28180	186	15393
16871	186	15393
13917	57	432
1134	57	432
15432	168	28917
15432	168	16134
4426	34	6366
19426	186	21366
4471	34	5892
4471	34	5063
19471	186	20892
19471	186	20063
4818	81	983
7385	81	983
9305	81	983
6946	81	983
15983	171	19818
15983	171	22385
15983	171	24305
15983	171	21946
2403	81	6236
21236	171	17403
13669	19	2356
13260	19	2356
4829	19	2356
17356	187	28669
17356	187	28260
17356	187	19829
2199	144	3434
2199	57	7622
22622	168	17199
18434	168	17199
8268	53	13384
8268	40	3547
8268	81	5066
28384	168	23268
18547	173	23268
20066	171	23268
5353	34	2536
20353	186	17536
13387	34	6193
1158	34	6193
28387	186	21193
16158	186	21193
8619	81	6741
14562	81	6741
21741	171	23619
21741	171	29562
14100	34	6962
6553	34	6962
8904	34	6962
4270	34	6962
2951	34	6962
13299	34	6962
13954	34	6962
29100	186	21962
21553	186	21962
23904	186	21962
19270	186	21962
17951	186	21962
28299	186	21962
28954	186	21962
7659	81	14385
29385	171	22659
3905	81	1355
13377	81	1355
14065	81	1355
14161	81	1355
1555	81	1355
824	81	1355
7741	81	1355
12448	81	1355
14958	81	1355
14255	81	1355
2469	81	1355
16355	171	18905
16355	171	28377
16355	171	29065
16355	171	29161
16355	171	16555
16355	171	15824
16355	171	22741
16355	171	27448
16355	171	29958
16355	171	29255
16355	171	17469
5932	81	8469
4314	81	8469
7106	81	8469
23469	171	20932
23469	171	19314
23469	171	22106
13673	146	3779
28673	192	18779
14136	123	8849
23849	168	29136
8409	81	14471
8409	81	3939
8409	26	5770
29471	171	23409
18939	171	23409
20770	172	23409
8770	112	9952
23770	179	24952
56	53	12849
27849	168	15056
5045	81	5744
5045	19	4587
5045	81	4487
20744	171	20045
19587	187	20045
19487	171	20045
3693	34	151
8197	34	151
10434	34	151
18693	186	15151
23197	186	15151
25434	186	15151
10141	81	1157
10141	26	5462
10141	81	8137
10141	81	10126
16157	171	25141
20462	172	25141
23137	171	25141
25126	171	25141
1594	112	5184
1594	34	12115
16594	184	20184
16594	186	27115
90	87	2733
13907	87	2733
8229	87	2733
397	87	2733
23229	165	17733
28907	165	17733
23229	165	17733
15397	165	17733
6341	112	6710
6341	14	6710
21341	184	21710
21341	180	21710
3655	81	12738
27738	171	18655
1366	81	1117
206	81	1117
16117	171	16366
16117	171	15206
13972	70	462
9337	70	462
6489	81	462
326	81	462
3596	81	462
4556	81	462
5983	81	462
7701	81	462
15462	174	28972
15462	174	24337
15462	171	21489
15462	171	15326
15462	171	19556
15462	171	19556
15462	171	20983
15462	171	22701
1440	81	3430
6952	81	3430
1330	81	3430
18430	171	16440
18430	171	21952
18430	171	16330
4955	59	14094
3392	81	4955
9457	81	4955
9770	81	4955
19955	174	29094
19955	171	18392
19955	171	24457
19955	171	24770
14154	19	603
344	19	603
6997	19	603
7613	19	603
15603	187	29154
15603	187	15344
15603	187	21997
15603	187	22613
2324	112	2680
2324	34	8222
17324	184	17680
17324	186	23222
13381	129	1168
12844	129	1168
956	129	1168
3935	129	1168
14677	129	1168
16168	168	28381
16168	168	27844
16168	168	15956
16168	168	18935
16168	168	29677
1972	81	6540
4401	81	6540
6118	81	6540
21540	171	16972
21540	171	19401
21540	171	21118
12004	53	5295
1361	53	5295
14312	53	5295
8605	53	5295
13093	53	5295
4962	53	5295
20295	168	27004
20295	168	16361
20295	168	29312
20295	168	23605
20295	168	28093
20295	168	19962
8998	26	14879
8998	81	12135
29879	172	23998
27135	171	23998
2812	129	4428
2812	81	4428
19428	172	17812
19428	171	17812
9248	81	13908
9248	81	13794
28908	171	24248
28794	171	24248
7381	87	3355
7381	87	7950
22381	165	22950
22381	165	22950
13797	81	9862
401	81	9862
9288	40	9862
8907	81	9862
3925	81	9862
9758	81	9862
6499	40	9862
24862	171	28797
24862	171	15401
24862	173	24288
24862	171	23907
24862	171	18925
24862	171	24758
24862	173	21499
13904	53	5568
20568	173	28904
8275	0	13936
28936	168	23275
8121	81	7192
22192	171	23121
5926	53	658
5926	53	4282
15658	168	20926
19282	168	20926
4444	53	13355
4444	53	7047
4444	53	3187
4444	53	2814
28355	168	19444
22047	168	19444
18187	168	19444
17814	168	19444
7427	53	5281
12871	4	5281
2921	53	5281
20281	168	22427
20281	168	27871
20281	168	17921
661	81	5397
6767	81	5397
14099	81	5397
10133	81	5397
1698	81	5397
20397	171	15661
20397	171	21767
20397	171	29099
20397	171	25133
20397	171	16698
8895	19	104
8895	81	469
15104	187	23895
15469	171	23895
13993	40	8352
23352	173	28993
4927	86	3284
3284	87	9141
19927	165	18284
18284	165	24141
3776	57	12699
3776	53	9421
3776	53	9494
27699	168	18776
24421	168	18776
24494	168	18776
2710	14	4634
2710	128	14698
2710	128	6834
17710	180	19634
17710	185	29698
17710	185	21834
1995	34	9801
13623	34	9801
10251	34	9801
16995	186	24801
28623	186	24801
25251	186	24801
2571	57	9957
2571	57	9631
2571	53	9421
2571	57	13946
24957	168	17571
24631	168	17571
24421	168	17571
28946	168	17571
12219	34	2729
3190	34	2729
27219	186	17729
18190	186	17729
9588	81	2355
13395	81	2355
14526	81	2355
17355	171	24588
17355	171	28395
17355	171	29526
2725	86	13236
17725	165	28236
9668	112	4728
24668	184	19728
6995	53	5468
6995	53	8118
20468	168	21995
23118	168	21995
6967	81	3139
6967	81	2635
18139	171	21967
17635	171	21967
3944	81	4978
4493	81	4978
5406	81	4978
958	81	4978
6206	81	4978
12774	81	4978
4716	81	4978
9343	81	4978
7938	81	4978
19978	171	18944
19978	171	19493
19978	171	20406
19978	171	15958
19978	171	21206
19978	171	27774
19978	171	19716
19978	171	24343
19978	171	22938
579	81	8047
23047	171	15579
5056	81	6009
6435	81	6009
21009	171	20056
21009	171	21435
5585	40	6841
5585	81	12671
5585	81	3416
5585	81	7667
21841	173	20585
27671	171	20585
18416	171	20585
22667	171	20585
2095	34	14558
17095	186	29558
9860	26	3079
14169	26	3079
87	26	3079
18079	172	24860
18079	172	29169
18079	172	15087
3721	81	8611
14691	81	8611
6167	81	8611
14005	81	8611
10002	81	8611
23611	171	18721
23611	171	29691
23611	171	21167
23611	171	29005
23611	171	25002
9560	19	7459
7459	112	1121
3246	144	7459
22459	173	24560
22459	184	16121
22459	173	18246
6812	132	7815
13951	26	7815
22815	172	21812
22815	172	28951
7807	81	13472
7807	81	1875
28472	171	22807
16875	171	22807
49	112	516
4945	81	49
15049	184	15516
15049	171	19945
9762	81	2444
17444	171	24762
203	87	2243
203	87	8279
15203	165	23279
15203	165	23279
4640	26	5304
14637	26	5304
5832	26	5304
20304	172	19640
20304	172	29637
20304	172	20832
2082	81	9431
2082	81	7003
24431	171	17082
22003	171	17082
9664	81	6233
4533	81	6233
21233	171	24664
21233	171	19533
12039	57	10040
25040	168	27039
1254	26	729
8290	26	729
15729	172	16254
15729	172	23290
6414	34	8862
21414	186	23862
5502	81	9204
5502	81	3563
5502	81	750
5502	81	13247
5502	81	4997
24204	171	20502
18563	171	20502
15750	171	20502
28247	171	20502
19997	171	20502
3156	34	6987
6321	34	6987
5640	34	6987
2781	34	6987
3229	34	6987
13829	34	6987
18156	186	21987
21321	186	21987
18156	186	21987
17781	186	21987
18156	186	21987
28829	186	21987
9043	129	4247
9043	81	497
19247	168	24043
15497	171	24043
1601	34	1656
16601	186	16656
6530	34	10361
6530	34	6290
21530	186	25361
21530	186	21290
1574	14	1121
16574	180	16121
3021	53	911
15911	168	18021
744	81	8466
2474	81	8466
1078	81	8466
10198	81	8466
4239	81	8466
4567	81	8466
6250	81	8466
9779	81	8466
4298	81	8466
23466	171	15744
23466	171	17474
23466	171	16078
23466	171	25198
23466	171	19239
23466	171	19567
23466	171	15744
23466	171	24779
23466	171	19298
6339	53	10348
369	53	10348
9000	53	10348
13328	53	10348
6726	53	10348
485	53	10348
5702	53	10348
6685	53	10348
6465	53	10348
13429	53	10348
5044	53	10348
25348	168	21465
25348	168	24000
25348	168	24000
25348	168	28328
25348	168	20702
25348	168	21465
25348	168	21465
25348	168	21465
25348	168	24000
25348	168	28429
25348	168	21339
7872	57	5433
10181	57	5433
20433	168	22872
20433	168	25181
1390	81	8811
1390	40	12650
23811	171	16390
27650	173	16390
3129	81	9326
3129	81	7325
3129	81	8970
24326	171	18129
22325	171	18129
23970	171	18129
1977	53	8124
1977	81	13298
23124	173	16977
28298	171	16977
1363	81	8317
5415	81	8317
14229	81	8317
23317	171	16363
23317	171	20415
23317	171	29229
8379	81	4607
8379	81	7102
8379	40	5627
8379	53	646
19607	171	23379
22102	171	23379
20627	173	23379
15646	168	23379
2225	81	7239
2265	81	7239
1385	81	7239
3360	81	7239
9277	81	7239
8684	81	7239
13580	81	7239
5535	81	7239
12124	81	7239
22239	171	17225
22239	171	17265
22239	171	16385
22239	171	18360
22239	171	24277
22239	171	23684
22239	171	28580
22239	171	20535
22239	171	27124
14633	81	10047
10047	112	2004
10157	57	10047
6498	57	10047
25047	171	29633
25047	184	17004
25047	168	25157
25047	168	21498
4787	81	12668
4787	81	6914
27668	171	19787
21914	171	19787
10413	53	6396
10413	81	14281
21396	173	25413
29281	171	25413
8236	40	6910
8236	53	2619
8236	19	3599
8236	26	4706
21910	173	23236
17619	168	23236
18599	187	23236
19706	172	23236
5344	34	3456
20344	186	18456
12427	86	7787
12515	86	7787
27427	165	22787
27515	165	22787
8792	81	14181
8792	53	3647
29181	171	23792
18647	173	23792
4249	130	1016
19249	165	16016
9613	34	7125
9613	34	5906
24613	186	22125
24613	186	20906
10235	53	3959
2887	53	3959
8202	53	3959
18959	168	25235
18959	168	17887
18959	168	23202
10000	34	2300
10000	34	6985
10000	34	12297
25000	186	17300
25000	186	21985
25000	186	27297
14512	53	3736
18736	173	29512
10356	81	1506
10356	81	13870
10356	40	5564
10356	81	6723
10356	81	10058
16506	171	25356
28870	171	25356
20564	173	25356
21723	171	25356
25058	171	25356
7307	53	1837
7307	19	2610
16837	173	22307
17610	187	22307
8609	34	2478
2250	34	2478
23609	186	17478
17250	186	17478
7464	81	2796
7464	81	1875
17796	171	22464
16875	171	22464
4400	40	2416
17416	173	19400
7482	81	4686
7482	81	5601
7482	19	6362
19686	171	22482
20601	171	22482
21362	187	22482
12900	81	2462
8421	81	2462
6504	81	2462
5691	81	2462
17462	171	27900
17462	171	23421
17462	171	21504
17462	171	20691
10352	19	5042
20042	168	25352
9023	40	5419
9023	81	12593
9023	53	8008
9023	53	2339
20419	173	24023
27593	171	24023
23008	168	24023
17339	168	24023
13892	34	1517
13173	34	1517
28892	186	16517
28173	186	16517
4780	81	5360
5360	13	813
20360	171	19780
20360	189	15813
5663	87	1380
2769	87	5663
13717	87	5663
20663	165	16380
17769	165	20663
28717	165	20663
1980	81	9485
1980	40	10018
24485	171	16980
25018	173	16980
4032	123	5994
14782	123	5994
5994	56	3164
20994	168	19032
20994	168	29782
20994	168	19032
1132	0	5894
20894	168	16132
824	81	5961
824	53	7416
824	81	1355
824	81	5205
824	81	5634
20961	171	15824
22416	168	15824
16355	171	15824
20205	171	15824
20634	171	15824
996	81	6221
3477	81	6221
8693	81	6221
12739	81	6221
12322	81	6221
21221	171	15996
21221	171	18477
21221	171	23693
21221	171	27739
21221	171	27322
10153	81	6568
10153	81	13595
10153	53	13595
21568	171	25153
28595	171	25153
28595	168	25153
13540	81	7369
2584	81	7369
2678	81	7369
22369	171	28540
22369	171	17584
22369	171	17678
3177	13	10017
18177	189	25017
1819	34	3763
1819	34	3858
16819	186	18763
16819	186	18858
8884	40	10067
12998	40	10067
25067	173	23884
25067	173	27998
6048	26	8373
6048	81	14805
23373	172	21048
29805	171	21048
5684	82	9141
3284	87	9141
7649	12	9141
2867	12	9141
13375	87	9141
5082	12	9141
20684	165	24141
18284	165	24141
18284	165	24141
18284	165	24141
28375	165	24141
18284	165	24141
9665	81	7220
9665	81	3563
22220	171	24665
18563	171	24665
3999	81	12401
3999	81	8445
3999	40	9454
27401	171	18999
23445	171	18999
24454	173	18999
5696	40	5099
12599	40	5099
14520	40	5099
20099	173	20696
20099	173	27599
20099	173	29520
2637	40	1744
2637	81	8607
2637	26	9478
16744	173	17637
23607	171	17637
24478	172	17637
6161	26	1083
6161	19	3683
6161	81	4801
16083	172	21161
18683	187	21161
19801	171	21161
5730	34	10307
5730	34	3977
20730	186	25307
20730	190	18977
12122	128	8034
27122	185	23034
9345	112	4565
4530	68	4565
24345	184	19565
19530	165	19565
13668	34	10168
3396	34	10168
1185	34	10168
28668	186	25168
18396	186	25168
16185	186	25168
9093	40	14931
9093	81	4545
9093	19	2162
29931	173	24093
19545	171	24093
17162	187	24093
7113	40	8974
10424	40	8974
4851	53	8974
13645	53	8974
3205	53	8974
12317	40	8974
1175	40	8974
6447	53	8974
23974	173	16175
23974	173	25424
23974	173	19851
23974	173	28645
23974	173	18205
23974	173	27317
23974	173	16175
23974	173	16175
9935	81	6768
21768	171	24935
9435	34	12051
9435	34	10454
24435	186	27051
24435	186	25454
3740	57	8836
3740	53	13202
23836	168	18740
28202	168	18740
9927	53	2415
9927	81	2415
9927	81	10340
9927	81	43
17415	172	24927
17415	171	24927
25340	171	24927
15043	171	24927
9655	26	4151
9655	81	14605
19151	172	24655
29605	171	24655
5989	81	13332
28332	171	20989
1636	34	12300
16636	186	27300
2074	4	6108
2074	4	14771
17074	168	21108
17074	168	29771
1490	40	13146
28146	173	16490
935	81	2212
935	19	10384
935	81	7256
17212	171	15935
25384	187	15935
22256	171	15935
2991	34	5900
2991	112	731
17991	186	20900
17991	184	15731
7323	81	4452
7323	81	3149
7323	81	7234
19452	171	22323
18149	171	22323
22234	171	22323
615	87	8657
15615	165	23657
6983	81	1719
6983	81	4867
6983	53	4867
6983	81	6931
16719	171	21983
19867	171	21983
19867	173	21983
21931	171	21983
3474	81	6128
3474	81	534
3474	81	5562
15534	171	18474
15534	171	18474
20562	171	18474
3996	19	1229
3954	19	1229
16229	187	18996
16229	187	18954
14375	34	9119
29375	186	24119
14422	40	4477
4476	81	4477
5830	40	4477
19477	173	29422
19477	171	19476
19477	173	20830
3660	81	7140
9292	81	7140
22140	171	18660
22140	171	24292
7955	26	7048
7955	40	5341
7955	144	8652
7955	81	1413
7955	81	4114
22048	172	22955
20341	173	22955
16413	171	22955
16413	171	22955
19114	171	22955
8506	19	6728
5508	19	6728
5775	19	6728
7	19	6728
2858	19	6728
6728	14	5938
21728	187	23506
21728	187	20508
21728	187	20775
21728	187	15007
21728	187	17858
21728	180	20938
1519	81	8468
1519	81	3793
1519	81	7177
1519	81	4686
1519	81	1996
1519	19	8471
1519	81	9634
23468	171	16519
18793	171	16519
22177	171	16519
19686	171	16519
16996	171	16519
23471	187	16519
24634	171	16519
9221	144	13936
9221	19	3491
28936	173	24221
18491	187	24221
2192	2	2004
2192	2	13634
17192	165	17004
17192	165	28634
12873	34	2456
13150	34	2456
27873	186	17456
28150	186	17456
463	81	9002
24002	171	15463
123	34	14976
123	112	8599
15123	186	29976
15123	184	23599
12525	53	9394
9394	112	1121
9315	53	9394
9722	57	9394
24394	168	27525
24394	184	16121
24394	168	24315
24394	168	24722
7204	34	12076
7204	34	13507
22204	186	27076
22204	186	28507
932	81	6029
932	53	14541
21029	171	15932
29541	168	15932
3163	53	12800
27800	173	18163
4532	112	5297
19532	184	20297
10377	97	5520
14926	26	5520
20520	168	25377
20520	172	29926
9283	81	3132
9283	81	1719
18132	171	24283
16719	171	24283
1485	81	7843
1485	81	6458
22843	171	16485
21458	171	16485
13147	81	6045
1720	81	6045
1084	81	6045
13435	81	6045
21045	171	28147
21045	171	16720
21045	171	16084
21045	171	28435
5841	81	7075
5841	81	5711
22075	171	20841
20711	171	20841
2390	53	239
15239	173	17390
7711	81	13235
7711	81	13417
7711	53	2927
28235	171	22711
28417	171	22711
17927	168	22711
10260	144	2230
13848	81	2230
2317	81	2230
6461	81	2230
12358	81	2230
17230	173	25260
17230	171	28848
17230	171	17317
17230	171	21461
17230	171	27358
2299	53	1124
14741	40	1124
16124	173	17299
16124	173	29741
1068	26	2138
12603	26	2138
4454	26	2138
367	26	2138
7471	26	2138
9155	26	2138
1330	26	2138
17138	172	15367
17138	172	27603
17138	172	19454
17138	172	15367
17138	172	22471
17138	172	24155
17138	172	16330
10275	81	660
15660	171	25275
4868	40	5769
1040	144	5769
13467	40	5769
8478	40	5769
6282	40	5769
20769	173	19868
20769	173	16040
20769	173	28467
20769	173	23478
20769	173	21282
6441	34	1681
21441	186	16681
3458	81	5936
191	81	5936
12675	81	5936
14051	81	5936
14226	81	5936
20936	171	18458
20936	171	15191
20936	171	27675
20936	171	29051
20936	171	29226
1740	112	2004
1707	53	1740
5183	53	1740
7578	81	1740
16740	184	17004
16740	173	16707
16740	173	20183
16740	171	22578
5158	40	3715
18715	173	20158
7971	81	8732
4569	81	8732
533	81	8732
23732	171	22971
23732	171	19569
23732	171	15533
8507	85	7399
4465	112	7399
2379	14	7399
2379	112	7399
7064	14	7399
7645	112	7399
967	14	7399
719	112	7399
6195	14	7399
6195	112	7399
20186	165	22399
19465	184	22399
21195	180	22399
21195	184	22399
22064	180	22399
22645	184	22399
15967	180	22399
15719	184	22399
21195	180	22399
21195	184	22399
12302	53	2528
14557	53	2528
13249	53	2528
8182	53	2528
17528	168	27302
17528	168	29557
17528	168	28249
17528	168	23182
10203	26	1761
10203	19	1189
10203	81	6197
10203	81	3416
10203	81	12656
10203	81	7276
10203	81	1187
16761	172	25203
16189	187	25203
21197	171	25203
18416	171	25203
27656	171	25203
22276	171	25203
16187	171	25203
6437	40	8967
6437	53	9021
23967	173	21437
24021	168	21437
9518	70	5205
20205	174	24518
14453	26	3506
8351	26	3506
18506	172	29453
18506	172	23351
6969	81	8667
6969	81	10243
6969	26	3087
23667	171	21969
25243	171	21969
18087	172	21969
3495	81	451
7309	53	451
3294	53	451
15451	171	18495
15451	173	22309
15451	173	22309
1510	43	13447
16510	186	28447
7512	81	7022
2896	81	7022
207	81	7022
13573	53	7022
13573	81	7022
22022	171	22512
22022	171	17896
22022	171	15207
22022	173	28573
22022	171	28573
310	81	560
310	81	4732
310	81	3141
15560	171	15310
19732	171	15310
18141	171	15310
5340	81	7665
5340	19	5442
22665	171	20340
20442	187	20340
1379	34	891
13514	34	891
1777	162	891
2278	34	891
16379	186	15891
28514	186	15891
16777	190	15891
17278	186	15891
3030	81	14861
29861	171	18030
9161	81	13414
9161	53	13414
9161	26	14166
28414	171	24161
28414	173	24161
29166	172	24161
5854	53	136
15136	172	20854
2844	40	14379
2844	81	6607
2844	53	12314
29379	173	17844
21607	171	17844
27314	168	17844
8463	71	12441
23463	165	27441
1832	112	6523
1832	34	7806
16832	184	21523
16832	186	22806
14865	81	7182
6299	81	7182
13108	81	7182
6833	81	7182
22182	171	29865
22182	171	21299
22182	171	28108
22182	171	21833
4352	81	14623
4352	81	12493
29623	171	19352
27493	171	19352
114	130	13827
114	154	4783
15114	165	28827
15114	165	19783
5430	129	13851
5430	129	1323
28851	168	20430
16323	168	20430
9282	19	3683
9282	53	5639
9282	81	4801
9282	81	9110
18683	187	24282
20639	168	24282
19801	171	24282
24110	171	24282
7633	81	565
7633	81	4686
15565	171	22633
19686	171	22633
13983	34	5063
4363	34	5063
4471	34	5063
12210	34	5063
28983	186	20063
19363	186	20063
19471	186	20063
27210	186	20063
2974	53	13756
2974	81	12384
2974	81	14368
2974	81	3566
28756	173	17974
27384	171	17974
29368	171	17974
18566	171	17974
5952	53	5328
4007	40	5328
4618	53	5328
20328	173	20952
20328	173	19007
20328	168	19618
5145	26	5348
20348	172	20145
5195	81	9203
9203	112	3585
24203	171	20195
24203	179	18585
5803	81	5470
20470	171	20803
6336	81	12355
6336	81	4685
6336	81	6222
27355	171	21336
19685	171	21336
21222	171	21336
9772	34	14447
9772	34	6583
9772	34	12981
9772	34	422
24772	186	29447
24772	186	17064
24772	186	27981
24772	186	15422
4107	81	7237
4208	81	7237
5971	81	7237
22237	171	19107
22237	171	19208
22237	171	20971
1834	34	6235
6015	34	6235
429	34	6235
4198	34	6235
15429	186	21235
15429	186	21235
15429	186	21235
15429	186	21235
9102	53	14554
9102	81	4995
9102	19	7462
29554	173	24102
19995	171	24102
22462	187	24102
3392	81	4955
3392	81	14473
3392	81	1875
3392	40	3922
19955	171	18392
29473	171	18392
16875	171	18392
18922	173	18392
9946	81	3416
9946	81	14822
9946	81	4487
9946	81	4114
18416	171	24946
29822	171	24946
19487	171	24946
19114	171	24946
7344	34	5424
13501	34	5424
22344	186	20424
28501	186	20424
9793	81	14265
9793	81	1176
9793	53	305
9793	81	13322
29265	171	24793
16176	171	24793
15305	173	24793
28322	171	24793
4941	81	9204
4941	129	8834
24204	171	19941
23834	168	19941
4523	34	455
442	34	455
19523	186	15455
15442	186	15455
9325	81	9223
9325	81	14510
24223	171	24325
29510	171	24325
2960	81	4606
2960	81	9872
2960	26	13051
2960	81	8558
19606	171	17960
24872	171	17960
28051	172	17960
23558	171	17960
3749	53	6509
7984	53	6509
6187	53	6509
21509	168	18749
21509	168	22984
21509	168	21187
6448	57	2376
6448	53	2677
17677	168	21448
17677	168	21448
9315	53	7047
9315	57	2856
9315	53	9394
22047	168	24315
22047	168	24315
24394	168	24315
5090	53	5271
20271	168	20090
3592	40	5284
10299	40	5284
14619	40	5284
2492	40	5284
4636	40	5284
6439	40	5284
4639	40	5284
6106	40	5284
20284	173	18592
20284	173	25299
20284	173	29619
20284	173	17492
20284	173	19636
20284	173	21439
20284	173	19639
20284	173	21106
2946	19	14748
2946	81	6592
2946	53	10491
2946	81	4862
29748	187	17946
21592	171	17946
25491	173	17946
19862	171	17946
4416	81	6896
4416	40	7001
4416	81	9262
24262	171	19416
22001	173	19416
24262	171	19416
1065	71	14479
16065	165	29479
6725	81	10048
6725	81	9599
25048	171	21725
24599	171	21725
10241	40	2170
17170	168	25241
9231	123	14097
9231	53	8311
9231	53	9266
29097	168	24231
23311	168	24231
24266	168	24231
1241	87	8277
16241	165	23277
8505	34	5933
8505	34	2713
23505	186	20933
23505	186	17713
6118	81	6540
6118	26	10044
6118	53	3541
6118	19	157
21540	171	21118
25044	172	21118
18541	168	21118
15157	187	21118
3442	81	1312
3442	26	10301
3442	19	3491
3442	81	7003
16312	171	18442
25301	172	18442
18491	187	18442
22003	171	18442
4451	112	14650
19451	184	29650
6113	19	104
6113	40	5629
15104	187	21113
20629	173	21113
10054	34	3208
10054	34	10447
25054	186	18208
25054	186	18208
6709	53	2925
6709	81	9979
6709	53	6150
17925	168	21709
24979	171	21709
21150	173	21709
8850	34	13476
8850	112	4841
23850	186	28476
23850	184	19841
5508	53	2435
14165	53	2435
8382	53	2435
17435	168	20508
17435	168	29165
17435	168	23382
795	87	13804
7020	87	795
3595	87	795
15795	165	28804
22020	165	15795
22020	165	15795
10436	19	8494
7336	19	8494
1770	19	8494
14739	19	8494
8018	19	8494
23494	187	25436
23494	187	22336
23494	187	16770
23494	187	29739
23494	187	23018
2240	144	2292
2240	26	5566
17292	173	17240
20566	172	17240
847	53	13860
847	81	12113
847	53	1031
847	81	7055
28860	168	15847
27113	171	15847
16031	168	15847
22055	171	15847
6192	81	7593
22593	171	21192
4618	53	5328
4618	81	4127
20328	168	19618
19127	171	19618
2625	53	1565
2625	57	13822
16565	168	17625
28822	168	17625
14990	58	820
13588	58	820
1281	58	820
7159	58	820
15820	167	29990
15820	167	28588
15820	167	16281
15820	167	16281
2345	26	10072
8859	26	10072
7862	26	10072
1495	26	10072
103	26	10072
7866	152	10072
25072	172	17345
25072	172	23859
25072	172	22862
25072	172	16495
25072	172	15103
25072	191	22866
3781	81	13235
3781	53	2927
3781	81	7866
28235	171	18781
17927	168	18781
22866	171	18781
10157	53	5283
10157	53	12864
10157	57	10047
10157	53	9127
25047	168	25157
27864	168	25157
25047	168	25157
25047	168	25157
340	81	12040
340	81	2852
27040	171	15340
17852	171	15340
10156	26	1461
10156	81	6122
16461	172	25156
21122	171	25156
8477	40	2607
8477	81	3393
17607	173	23477
18393	171	23477
9664	81	6233
9664	81	13440
9664	26	10240
9664	81	4826
9664	81	4997
21233	171	24664
28440	171	24664
25240	172	24664
21233	171	24664
19997	171	24664
6770	53	14426
29426	173	21770
5248	81	1779
14199	81	1779
3184	81	1779
8854	81	1779
16779	171	20248
16779	171	29199
16779	171	18184
16779	171	23854
3195	40	14740
3195	81	2332
3195	81	4591
29740	173	18195
17332	171	18195
19591	171	18195
8357	81	4142
19142	171	23357
2220	53	2195
14953	53	2195
17195	173	17220
17195	173	29953
2526	40	12588
2526	81	13095
27588	173	17526
28095	171	17526
13715	57	7460
22460	168	28715
7189	34	295
7189	34	5545
7189	34	7035
22189	186	15295
22189	186	20545
22189	186	22035
1118	53	6578
1780	53	6578
9841	53	6578
14257	53	6578
4349	53	6578
14757	53	6578
10453	53	6578
3395	53	6578
21578	168	18395
21578	168	16780
21578	168	24841
21578	168	29257
21578	168	19349
21578	168	29757
21578	168	25453
21578	168	18395
8065	87	7260
8065	87	858
23065	165	22260
23065	165	15858
9877	40	8149
9877	81	4894
23149	173	24877
19894	171	24877
4942	34	7499
14378	34	7499
2130	34	7499
19942	186	22499
29378	186	22499
17130	186	22499
474	81	2143
474	81	5367
17143	171	15474
20367	171	15474
7497	53	14918
7497	40	2759
7497	81	2791
7497	53	3517
29918	168	22497
18517	168	22497
17791	171	22497
18517	168	22497
629	81	5881
6825	81	5881
4640	81	5881
6624	81	5881
14925	81	5881
14637	81	5881
6670	81	5881
9726	81	5881
12541	40	5881
5500	81	5881
12213	81	5881
8867	81	5881
5874	81	5881
20881	171	15629
20881	171	21825
20881	171	19640
20881	171	21624
20881	171	29925
20881	171	29637
20881	171	21670
20881	171	24726
20881	173	27541
20881	171	20500
20881	171	27213
20881	171	23867
20881	171	20874
9633	87	1849
12198	87	1849
24633	165	16849
27198	165	16849
5344	34	14800
5344	34	3456
20344	186	29800
20344	186	18456
3913	86	13614
18913	165	28614
7184	19	10393
25393	187	22184
413	34	9667
413	34	6790
413	34	2274
15413	186	24667
15413	186	21790
15413	186	17274
19	81	13120
19	40	14070
28120	171	15019
29070	173	15019
2779	81	9415
2779	26	7195
24415	171	17779
22195	172	17779
2455	81	171
2455	53	3169
15171	171	17455
18169	168	17455
2354	53	2047
1416	53	2047
12555	53	2047
8447	53	2047
5420	53	2047
14058	53	2047
17047	168	23447
17047	168	20420
17047	168	27555
17047	168	23447
17047	168	23447
17047	168	29058
3775	19	8053
3775	81	12113
3775	26	1641
23053	187	18775
27113	171	18775
16641	172	18775
1626	40	3938
528	40	3938
13606	152	3938
2858	40	3938
14482	40	3938
18938	173	16626
18938	173	15528
18938	191	28606
18938	173	17858
18938	173	29482
1084	81	5236
1084	81	6045
20236	171	16084
21045	171	16084
7472	81	12614
7472	81	14600
7472	19	13418
27614	171	22472
29600	171	22472
28418	187	22472
10412	19	6901
12549	19	6901
21901	187	25412
21901	187	27549
10070	34	12703
10070	34	2126
25070	190	27703
25070	186	17126
2180	19	6070
13344	19	6070
4113	19	6070
2578	19	6070
21070	187	17180
21070	187	28344
21070	187	19113
21070	187	17578
13939	40	9447
9225	40	9447
2107	40	9447
5814	40	9447
10204	40	9447
9271	40	9447
5775	40	9447
12197	40	9447
13091	40	9447
1586	40	9447
24447	173	28939
24447	173	24225
24447	173	17107
24447	173	20814
24447	173	25204
24447	173	24271
24447	173	20775
24447	173	27197
24447	173	28091
24447	173	16586
3127	81	12607
27607	171	18127
52	86	1016
52	86	8526
15052	165	16016
15052	165	23526
2137	26	8328
7508	53	8328
23328	172	17137
23328	172	21267
1933	81	10460
1933	81	1627
25460	171	16933
16627	171	16933
2996	34	5378
17996	186	20378
3347	81	7409
3347	26	1949
22409	171	18347
16949	172	18347
8598	57	7403
8598	53	7931
8598	53	658
22403	168	23598
22931	168	23598
15658	168	23598
2997	34	1029
2997	34	13466
17997	186	16029
17997	186	28466
6809	81	2212
6809	40	9674
17212	171	21809
24674	173	21809
7198	81	1965
1555	81	1965
8638	81	1965
16965	171	22198
16965	171	16555
16965	171	23638
8200	34	7980
8200	34	2153
8200	34	13261
8200	34	2831
23200	186	22980
23200	186	17153
23200	186	28261
23200	186	17831
8680	81	9825
8680	40	2995
8680	81	3393
24825	171	23680
17995	173	23680
18393	171	23680
409	40	12534
27534	173	15409
12252	123	684
15684	168	27252
3404	19	299
3404	40	1101
3404	53	5862
15299	187	18404
16101	173	18404
20862	168	18404
2437	81	7483
8369	152	7483
12599	81	7483
9682	81	7483
22483	171	17437
22483	191	23369
22483	171	27599
22483	171	24682
14845	81	619
13361	81	619
15619	171	29845
15619	171	28361
6556	53	2993
6556	26	8784
6556	81	783
6556	81	14256
17993	168	21556
23784	172	21556
15783	171	21556
29256	171	21556
3925	81	2212
3925	81	9306
3925	81	9862
3925	144	12399
3925	53	9674
17212	171	18925
24306	171	18925
24862	171	18925
27399	171	18925
24674	168	18925
9561	81	1262
9080	81	1262
14491	81	1262
686	81	1262
2396	81	1262
3714	81	1262
16262	171	24561
16262	171	24080
16262	171	29491
16262	171	15686
16262	171	17396
16262	171	18714
9649	81	12843
9649	81	8986
27843	171	24649
23986	171	24649
13484	26	9450
4108	97	9450
9433	26	9450
5415	26	9450
24450	172	28484
24450	168	19108
24450	172	24433
24450	172	20415
13628	53	5454
20454	168	28628
8919	112	2251
8919	34	8574
23919	184	17251
23919	186	23574
2231	19	12454
2231	81	7437
2231	26	13051
27454	187	17231
22437	171	17231
28051	172	17231
953	81	7710
971	81	7710
7342	81	7710
1331	81	7710
12266	81	7710
22710	171	15953
22710	171	15971
22710	171	22342
22710	171	16331
22710	171	27266
14010	81	1424
6522	81	1424
16424	171	29010
16424	171	21522
9109	53	1655
16655	173	24109
1910	34	14292
16910	186	29292
2862	34	13409
2862	34	2021
17862	186	28409
17862	186	17021
8665	112	5297
1572	112	5297
4532	112	5297
2899	112	5297
2145	112	5297
13809	93	5297
4736	86	5297
2392	112	5297
2381	112	5297
9426	93	5297
7926	112	5297
12573	86	5297
748	112	5297
4355	112	5297
5514	112	5297
17392	184	20297
16572	184	20297
19532	184	20297
17899	184	20297
17145	184	20297
28809	184	20297
19736	165	20297
17392	184	20297
17381	184	20297
24426	184	20297
22926	184	20297
27573	165	20297
15748	184	20297
19355	184	20297
20514	184	20297
1251	81	10305
1251	53	13793
1251	81	2441
1251	81	5160
1251	81	10045
1251	81	9163
25305	171	16251
28793	173	16251
25045	171	16251
20160	171	16251
25045	171	16251
25305	171	16251
2186	53	8656
2186	81	8656
2186	53	7776
2186	81	7776
23656	168	17186
23656	171	17186
22776	173	17186
22776	171	17186
8935	26	5376
20376	172	23935
9103	53	3964
13047	53	3964
18964	168	24103
18964	168	28047
8464	81	5590
20590	171	23464
1565	112	10325
6799	112	10325
16565	184	25325
21799	184	25325
3069	81	248
3069	81	2517
15248	171	18069
17517	171	18069
522	40	8908
1697	40	8908
6091	40	8908
7021	40	8908
6022	40	8908
4059	40	8908
2397	40	8908
2611	40	8908
3402	40	8908
23908	173	15522
23908	173	16697
23908	173	21091
23908	173	22021
23908	173	21022
23908	173	19059
23908	173	17397
23908	173	17611
23908	173	18402
9865	34	1447
24865	186	16447
8768	57	14793
29793	168	23768
804	53	14943
804	57	2117
29943	168	15804
17117	168	15804
14083	70	10336
10336	59	261
25336	174	29083
25336	174	15261
6197	112	4840
10203	81	6197
21197	184	19840
21197	171	25203
3228	34	15
13979	34	15
14248	34	15
18228	186	15015
28979	186	15015
29248	186	15015
8168	81	8420
8168	81	10100
8168	53	14006
8168	81	7206
23420	171	23168
25100	171	23168
29006	173	23168
22206	171	23168
13121	87	5483
28121	165	20483
13515	53	1956
12496	53	1956
9943	53	1956
16956	168	28515
16956	168	27496
16956	168	24943
6232	81	10165
2600	81	10165
3603	81	10165
25165	171	21232
25165	171	17600
25165	171	18603
68	81	2091
2409	81	2091
6000	81	2091
6507	13	2091
1454	81	2091
7390	81	2091
13443	81	2091
17091	171	15068
17091	171	17409
17091	171	21000
21507	189	17091
17091	171	16454
17091	171	22390
17091	171	28443
642	34	7980
642	34	10320
642	34	1141
15642	186	22980
15642	186	25320
15642	186	16141
3500	53	9222
3729	53	9222
14584	53	9222
14085	53	9222
24222	168	18500
24222	168	18729
24222	168	29584
24222	168	29085
13107	53	6150
5312	144	6150
13864	53	6150
9045	144	6150
5922	53	6150
6709	53	6150
8290	144	6150
21150	173	28107
21150	173	20312
21150	173	28864
21150	173	24045
21150	173	20922
21150	173	21709
21150	173	23290
6946	81	3084
6946	81	983
6946	81	813
18084	171	21946
15983	171	21946
15813	171	21946
1781	128	1381
16781	185	16381
8422	81	8776
8422	81	2804
8422	81	2249
23776	171	23422
17804	171	23422
17249	171	23422
6502	40	9805
6502	81	4266
6502	26	1218
24805	173	21502
19266	171	21502
16218	172	21502
6211	81	12668
6211	40	1405
6211	81	8102
27668	171	21211
16405	173	21211
23102	171	21211
14234	81	6104
1264	81	6104
6604	81	6104
6104	146	12655
2935	81	6104
9770	81	6104
21104	171	29234
21104	171	16264
21104	171	21604
21104	192	27655
21104	171	17935
21104	171	24770
7572	34	8260
12244	34	8260
2872	34	8260
14480	34	8260
7542	34	8260
6089	34	8260
10180	34	8260
12077	34	8260
2978	34	8260
4350	34	8260
6309	34	8260
22572	186	23260
27244	186	23260
17872	186	23260
29480	186	23260
17872	186	23260
25180	186	23260
17872	186	23260
27077	186	23260
22572	186	23260
17872	186	23260
21309	186	23260
5004	81	1506
10356	81	1506
9269	81	1506
16506	171	20004
16506	171	25356
16506	171	24269
3709	40	1829
16829	173	18709
4259	34	8208
19259	186	23208
7332	26	4137
7332	81	2630
19137	172	22332
17630	171	22332
14817	144	8165
9625	40	8165
14161	40	8165
635	40	8165
14028	144	8165
3519	40	8165
14599	144	8165
12323	40	8165
23165	173	29817
23165	173	24625
23165	173	29161
23165	173	15635
23165	173	29028
23165	173	18519
23165	173	29599
23165	173	27323
5747	81	9214
5747	81	10058
24214	171	20747
25058	171	20747
9642	26	12227
9642	81	1987
27227	172	24642
16987	171	24642
4597	44	6457
4597	24	8626
19597	175	21457
19597	190	23626
9873	40	4207
9873	81	2381
19207	173	24873
17381	171	24873
7552	53	1368
16368	173	22552
7619	53	6924
7619	53	9205
7619	53	14902
24205	168	22619
24205	168	22619
29902	168	22619
2014	53	5180
2014	81	5180
2014	81	186
20180	168	17014
20180	171	17014
15186	171	17014
8565	112	9952
23565	184	24952
6463	19	8535
23535	173	21463
8380	57	13109
28109	168	23380
8453	81	4166
8453	19	157
8453	81	5562
19166	171	23453
15157	187	23453
20562	171	23453
13398	19	7395
22395	173	28398
4509	40	14432
29432	173	19509
1919	81	3879
1919	26	5081
1919	19	6927
18879	171	16919
20081	172	16919
21927	187	16919
6085	81	3537
6085	81	3032
6085	19	5675
6085	53	14269
6085	120	4
6085	81	2405
6085	26	1706
18537	171	21085
18032	171	21085
20675	187	21085
29269	173	21085
20675	187	21085
17405	171	21085
16706	172	21085
4779	112	6505
19779	184	21505
8066	35	3236
9297	34	8066
23066	165	18236
24297	186	23066
14177	57	6717
10079	26	6717
21717	168	29177
21717	172	25079
12993	112	8437
27993	184	23437
1913	81	2852
1913	81	2649
1913	19	10032
1913	81	3830
1913	81	6111
1913	81	13727
17852	171	16913
17649	171	16913
25032	187	16913
18830	171	16913
21111	171	16913
28727	171	16913
4639	40	5284
4639	81	8288
4639	81	9319
4639	81	14437
4639	19	2162
20284	173	19639
23288	171	19639
24319	171	19639
29437	171	19639
17162	187	19639
3325	81	6096
21096	171	18325
279	53	8773
7180	53	8773
5822	53	8773
818	53	8773
8361	53	8773
7082	53	8773
5436	53	8773
711	53	8773
14631	53	8773
9471	53	8773
6936	53	8773
14629	53	8773
23773	168	22180
23773	168	15279
23773	168	15279
23773	168	22082
23773	168	15279
23773	168	15279
23773	168	15279
23773	168	21936
23773	168	29631
23773	168	22082
23773	168	20822
23773	168	29629
5391	81	675
2338	81	675
15675	171	20391
15675	171	17338
969	81	4591
969	19	1268
969	144	9307
969	81	13242
19591	171	15969
16268	187	15969
24307	173	15969
28242	171	15969
7247	81	8968
7247	81	6142
23968	171	22247
21142	171	22247
14423	87	7335
7225	87	7335
29423	165	22335
22225	165	22335
1663	112	6135
16663	184	21135
3837	58	9197
2594	58	9197
24197	167	17594
24197	167	17594
7606	57	732
7606	53	5945
15732	168	22606
15732	168	22606
4094	81	469
4094	81	8270
15469	171	19094
23270	171	19094
7184	19	10393
13297	19	10393
4518	19	10393
25393	187	22184
25393	187	28297
25393	187	19518
4694	53	4542
9184	53	4542
5691	53	4542
2994	40	4542
19542	168	19694
19542	173	24184
19542	168	20691
19542	173	17994
3119	34	6810
1478	34	6810
16478	186	21810
16478	186	21810
3380	112	14402
3380	112	9952
3380	34	6030
18380	184	29402
18380	179	24952
18380	186	21030
1409	81	3241
8313	81	3241
6529	81	3241
249	81	3241
13592	81	3241
5293	81	3241
6558	81	3241
4076	81	3241
8991	81	3241
8003	81	3241
14642	81	3241
18241	171	16409
18241	171	23313
18241	171	21529
18241	171	15249
18241	171	28592
18241	171	20293
18241	171	21558
18241	171	19076
18241	171	23991
18241	171	23003
18241	171	29642
8243	53	14413
29413	168	23243
4525	53	4570
2743	53	4570
19570	168	17743
19570	168	17743
13635	26	2487
665	26	2487
2487	112	9952
13832	26	2487
14603	26	2487
8446	26	2487
8847	26	2487
4197	26	2487
5106	26	2487
17487	172	28635
17487	172	15665
17487	179	24952
17487	172	28832
17487	172	29603
17487	172	23446
17487	172	23847
17487	172	19197
17487	172	20106
14963	53	6240
13424	53	6240
1163	53	6240
5110	53	6240
21240	168	29963
21240	168	28424
21240	168	16163
21240	168	20110
8946	14	2004
5401	112	2004
2553	112	2004
12073	112	2004
2004	87	13634
13145	112	2004
2192	2	2004
13888	112	2004
13627	112	2004
14968	130	2004
750	112	2004
1740	112	2004
10047	112	2004
7519	112	2004
12223	112	2004
3374	86	2004
3690	112	2004
23946	180	17004
20401	184	17004
17553	184	17004
27073	184	17004
17004	165	28634
28145	184	17004
17192	165	17004
28888	184	17004
28627	184	17004
29968	165	17004
15750	184	17004
16740	184	17004
25047	184	17004
22519	184	17004
27223	184	17004
17192	165	17004
18690	184	17004
5337	112	13059
20337	184	28059
4868	81	4461
4868	40	5769
19461	171	19868
20769	173	19868
4562	34	12144
4562	34	7747
19562	186	27144
19562	186	22747
1185	34	10168
1185	34	12418
16185	186	25168
16185	186	27418
8125	40	14781
29781	173	23125
9565	81	13391
9565	81	10042
28391	171	24565
25042	171	24565
12724	144	7834
3817	53	7834
4825	53	7834
6862	53	7834
12095	53	7834
5093	53	7834
8138	53	7834
22834	173	27724
22834	168	18817
22834	168	19825
22834	168	21862
22834	173	27095
22834	168	20093
22834	173	23138
356	19	134
2225	19	134
14860	19	134
8383	19	134
5317	19	134
2562	19	134
15134	187	15356
15134	187	17225
15134	187	29860
15134	187	23383
15134	187	20317
15134	187	17562
2207	81	7545
5170	81	7545
22545	171	17207
22545	171	20170
3870	35	5911
18870	165	20911
566	81	540
566	144	12399
15540	171	15566
27399	173	15566
5699	81	4127
5699	81	7448
5699	81	4609
19127	171	20699
22448	171	20699
19609	171	20699
8501	53	1052
8501	53	14291
16052	168	23501
29291	168	23501
1493	2	12547
7227	153	1493
16493	165	27547
22227	188	16493
358	34	6720
358	34	13035
15358	186	21720
15358	186	28035
2538	53	8588
2538	53	2807
23588	168	17538
17807	168	17538
709	53	13851
709	19	1795
28851	168	15709
16795	187	15709
7388	57	133
7388	53	14182
15133	168	22388
29182	168	22388
7694	81	12420
7694	19	12820
7694	26	12680
7694	81	5160
7694	81	13933
7694	81	13247
7694	81	8434
27420	171	22694
27820	187	22694
27680	172	22694
20160	171	22694
28933	171	22694
28247	171	22694
23434	171	22694
183	34	6758
1055	34	6758
12182	34	6758
15183	186	21758
16055	186	21758
27182	186	21758
8320	4	3250
13094	57	3250
5530	57	3250
18250	168	23320
18250	168	28094
18250	168	20530
8616	53	10437
8616	40	3822
25437	168	23616
18822	173	23616
9681	34	10092
5785	34	10092
12193	34	10092
1128	34	10092
1518	34	10092
13685	162	10092
3015	34	10092
2313	34	10092
14917	34	10092
12538	34	10092
24681	186	25092
20785	186	25092
27193	186	25092
16128	186	25092
16518	186	25092
28685	190	25092
18015	186	25092
18015	186	25092
29917	186	25092
27538	186	25092
12728	40	7854
71	40	7854
22854	173	27728
22854	173	15071
13636	26	3570
14907	26	3570
3019	26	3570
8717	26	3570
5221	26	3570
18570	172	28636
18570	172	29907
18570	172	18019
18570	172	23717
18570	172	20221
4500	40	7235
14537	40	7235
3422	40	7235
9152	40	7235
12024	40	7235
6301	40	7235
10493	40	7235
4748	81	7235
22235	173	19500
22235	173	29537
22235	173	25493
22235	173	24152
22235	173	27024
22235	173	21301
22235	173	25493
22235	171	19748
13122	34	456
28122	186	15456
6969	81	10243
2405	152	10243
3336	81	10243
10243	152	3126
13523	81	10243
1525	81	10243
1810	81	10243
25243	171	21969
17405	191	25243
25243	171	18336
25243	191	18126
25243	171	28523
25243	171	16525
25243	171	16810
6586	40	12898
6586	19	13077
6586	53	3273
6586	81	350
27898	173	21586
28077	187	21586
18273	168	21586
15350	171	21586
6298	26	4990
6298	53	5639
6298	40	9805
6298	81	3538
19990	172	21298
20639	168	21298
24805	173	21298
18538	171	21298
5999	40	13076
5999	53	349
5999	81	7153
28076	173	20999
15349	168	20999
22153	171	20999
6751	26	2252
6751	81	9881
6751	26	8561
23561	172	21751
24881	171	21751
17252	172	21751
7149	112	14155
9619	26	7149
4489	53	7149
22149	184	29155
22149	172	24619
22149	168	19489
9893	81	14996
29996	171	24893
5087	34	8862
5087	34	2498
20087	186	23862
20087	186	17498
2947	26	13499
2947	40	3146
28499	172	17947
18146	173	17947
8700	81	4127
8700	26	8784
8700	81	973
19127	171	23700
23784	172	23700
15973	171	23700
13694	34	9965
8646	34	9965
28694	186	24965
23646	186	24965
982	87	6890
9470	87	6890
8117	87	6890
1537	87	6890
4407	87	6890
5578	87	6890
1651	87	6890
5808	87	6890
9382	87	6890
598	87	6890
13106	87	6890
5007	87	6890
14809	87	6890
9112	87	6890
2735	87	6890
3967	87	6890
14835	87	6890
8840	87	6890
5523	87	6890
1036	87	6890
3909	87	6890
7420	87	6890
1397	87	6890
5020	87	6890
7408	87	6890
10127	87	6890
2508	87	6890
13025	87	6890
4522	87	6890
4010	87	6890
5745	87	6890
13733	87	6890
23117	165	21890
19010	165	21890
24112	165	21890
16651	165	21890
20007	165	21890
20578	165	21890
19407	165	21890
20020	165	21890
24112	165	21890
23840	165	21890
28106	165	21890
24470	165	21890
29809	165	21890
20007	165	21890
20020	165	21890
16036	165	21890
29835	165	21890
20020	165	21890
19407	165	21890
17508	165	21890
19407	165	21890
20020	165	21890
24112	165	21890
23840	165	21890
22420	165	21890
24112	165	21890
19407	165	21890
28025	165	21890
24112	165	21890
24112	165	21890
23840	165	21890
28733	165	21890
5094	144	10372
841	144	10372
5418	144	10372
25372	173	20094
25372	173	15841
25372	173	20418
9544	26	2904
863	26	2904
17904	172	24544
17904	172	15863
6528	81	6564
147	57	6564
21564	171	21528
21564	168	15147
6641	19	308
6641	40	10497
6641	26	9774
15308	187	21641
25497	173	21641
24774	172	21641
14944	81	6066
6975	81	6066
21066	171	29944
21066	171	21975
5891	81	8400
5891	53	14766
5891	53	13564
5891	81	13039
5891	40	2607
23400	171	20891
29766	168	20891
28564	173	20891
28039	171	20891
17607	173	20891
9949	162	331
24949	190	15331
8995	81	6016
8995	81	2758
21016	171	23995
17758	171	23995
9154	81	4281
9154	40	6194
19281	171	24154
21194	173	24154
2449	81	5452
20452	171	17449
4074	81	6845
21845	171	19074
7211	53	4579
19579	168	20064
1010	81	8148
1010	40	6117
23148	171	16010
21117	173	16010
8656	112	2141
2038	81	8656
2038	53	8656
14214	81	8656
14214	53	8656
2186	53	8656
2186	81	8656
23656	168	17038
23656	171	17186
23656	168	17186
23656	171	29214
23656	168	29214
23656	168	17186
23656	171	17186
7060	81	7831
7060	26	2701
7060	81	13214
7060	40	1526
22831	171	22060
17701	172	22060
28214	171	22060
16526	173	22060
3190	34	4652
4806	34	4652
4015	34	4652
5607	34	4652
8842	34	4652
18190	186	19652
19806	186	19652
19015	186	19652
20607	186	19652
23842	186	19652
13445	81	3252
7157	81	3252
319	81	3252
9998	81	3252
18252	171	28445
18252	171	22157
18252	171	15319
18252	171	24998
2889	34	14495
2889	34	6798
17889	186	29495
17889	186	21798
8858	81	9455
8858	81	12859
8858	19	3469
8858	81	9402
24455	171	23858
27859	171	23858
18469	187	23858
24402	171	23858
3333	26	3788
3333	81	13714
3333	81	902
18788	172	18333
28714	171	18333
15902	171	18333
