need:	[9168, 87, 5995]	[24168, 165, 20995]	[24168, 165, 15201],delete:
need:	[8395, 144, 5550]	[28997, 173, 23395]	[15660, 171, 23395],delete:
need:	[2974, 81, 3566]	[18566, 171, 17754],delete:
need:	[25363, 168, 26364]	[25363, 168, 25904],delete:
need:	[13036, 34, 9939]	[5319, 34, 9939]	[20319, 190, 24939],delete:
need:	[5649, 34, 13126],delete:
need:	[4512, 81, 10446]	[25446, 171, 19512],delete:
need:	[3549, 81, 3542]	[18542, 171, 26308],delete:
need:	[126, 53, 5862]	[20862, 168, 15126],delete:
need:	[8051, 81, 8036]	[23036, 171, 23051],delete:
need:	[16754, 171, 20855],delete:
need:	[12875, 146, 1280]	[16203, 192, 16280],delete:
need:	[1900, 34, 6790]	[16900, 190, 23720],delete:
need:	[2304, 34, 12003],delete:
need:	[6900, 81, 11670]	[26670, 171, 21900],delete:
need:	[12831, 34, 1850],delete:
need:	[4733, 34, 5253],delete:
need:	[1166, 53, 5606]	[20606, 168, 16166],delete:
need:	[4543, 34, 7980],delete:
need:	[6911, 19, 14876]	[29876, 187, 21911],delete:
need:	[2115, 11, 10479]	[10950, 11, 10479],delete:
need:	[14492, 81, 2558]	[17558, 171, 23630],delete:
need:	[5668, 26, 2784]	[17784, 172, 20668],delete:
need:	[2086, 53, 7368]	[16595, 168, 17086]	[22368, 168, 17086],delete:
need:	[6614, 81, 2277]	[6614, 81, 11436]	[29554, 171, 21614],delete:
need:,delete:
need:,delete:
need:	[12433, 53, 7676]	[22676, 168, 16556],delete:
need:,delete:
need:	[5231, 112, 11213]	[5231, 34, 8574],delete:
need:	[7516, 34, 2302]	[1450, 34, 2302],delete:
need:	[2341, 112, 4932]	[27219, 184, 19932],delete:
need:	[3753, 81, 3126]	[18126, 171, 18753],delete:
need:,delete:
need:	[20517, 179, 18585],delete:
need:	[8303, 53, 60]	[15060, 168, 23303],delete:
need:	[8153, 34, 8498]	[8153, 34, 2330],delete:
need:	[7810, 26, 10852]	[25852, 172, 22810],delete:
need:	[12960, 56, 6185]	[21185, 168, 29733]	[21185, 168, 25625],delete:
need:	[8256, 81, 3544]	[3646, 81, 3544],delete:
need:	[28663, 172, 24570]	[22003, 171, 24570],delete:
need:	[12922, 40, 3639]	[18639, 168, 27922],delete:
need:	[25316, 184, 21272],delete:
need:,delete:
need:	[8300, 14, 6875]	[23300, 180, 21875],delete:
need:	[7155, 53, 12756]	[24397, 171, 22155],delete:
need:	[7566, 34, 6790]	[7566, 34, 10307],delete:
need:	[71, 40, 7854]	[22854, 173, 15071],delete:
need:,delete:
need:	[543, 34, 3041]	[543, 34, 2882],delete:
need:	[2263, 81, 13339]	[28339, 171, 17263],delete:
need:	[5073, 34, 6445]	[5073, 34, 12051],delete:
need:,delete:
need:	[745, 81, 11612]	[24176, 171, 15745],delete:
need:,delete:
need:,delete:
need:	[22153, 171, 17826]	[19800, 172, 17826],delete:
need:,delete:
need:	[27220, 171, 20108]	[26173, 171, 20108],delete:
need:	[2033, 34, 8720]	[17033, 190, 23720],delete:
need:	[6511, 81, 2829]	[6511, 40, 1088],delete:
need:	[7972, 81, 10150]	[25150, 171, 19072],delete:
need:,delete:
need:	[8307, 81, 4331]	[19331, 171, 23307],delete:
need:	[323, 34, 6475]	[15323, 186, 21475],delete:
need:	[6760, 81, 13312]	[18616, 171, 21760]	[28312, 171, 21760],delete:
need:,delete:
need:	[9730, 26, 1706]	[16706, 172, 24730],delete:
need:,delete:
need:	[1220, 53, 13201]	[28201, 168, 16220],delete:
need:	[19420, 171, 26095]	[10029, 81, 4420],delete:
need:	[7432, 53, 3647]	[29181, 171, 22432],delete:
need:	[9569, 81, 5467],delete:
need:	[7935, 34, 8774]	[7935, 34, 12560],delete:
need:	[5875, 81, 2815]	[17815, 171, 20875],delete:
need:	[2080, 81, 13417],delete:
need:	[4768, 40, 8199]	[14593, 40, 8199]	[23199, 173, 29593],delete:
need:	[1838, 85, 8226]	[16838, 165, 23226],delete:
need:	[21562, 172, 16224]	[25992, 171, 16224],delete:
need:	[6618, 70, 10999]	[27397, 174, 21618],delete:
need:	[9826, 34, 4492]	[9826, 34, 13175],delete:
need:	[14610, 53, 5282]	[20282, 168, 29610],delete:
need:	[5482, 81, 2999]	[22003, 171, 20482],delete:
need:	[4199, 87, 14738]	[19199, 165, 28804],delete:
need:	[2548, 34, 3479]	[4642, 34, 3479],delete:
need:	[25282, 171, 20101]	[5101, 40, 13997],delete:
need:	[13583, 34, 6290],delete:
need:	[24106, 172, 24388]	[9388, 40, 9106],delete:
need:	[5323, 81, 2543]	[17543, 171, 20323],delete:
need:,delete:
need:	[8624, 81, 3741]	[26505, 171, 23624]	[18741, 171, 23624],delete:
need:	[9786, 129, 4348]	[27602, 168, 24786]	[19348, 168, 24786],delete:
need:	[21643, 168, 23287],delete:
need:	[20916, 173, 23853],delete:
need:	[1947, 81, 9997]	[15783, 171, 16947],delete:
need:	[6624, 81, 7843]	[175, 81, 7843],delete:
need:	[5782, 34, 10482],delete:
need:,delete:
need:	[6928, 34, 3545]	[13963, 34, 3545],delete:
need:	[4658, 81, 2732],delete:
need:	[227, 26, 4727]	[19727, 172, 28986],delete:
need:	[25677, 171, 23835],delete:
need:	[7328, 120, 4]	[28663, 168, 22328],delete:
need:	[2361, 123, 5833]	[20833, 168, 17361],delete:
need:	[7970, 34, 446],delete:
need:	[24540, 171, 20159],delete:
need:	[7244, 34, 13987],delete:
need:	[18789, 191, 24383]	[18789, 171, 26145],delete:
need:	[9118, 81, 9413]	[24413, 171, 24118],delete:
need:	[3495, 81, 7185]	[15451, 171, 18495],delete:
need:	[6131, 81, 8769],delete:
need:	[638, 34, 11609]	[15638, 190, 26609],delete:
need:	[7270, 34, 8304],delete:
need:	[1422, 81, 8708]	[20011, 171, 16422]	[23708, 171, 16422],delete:
need:	[26038, 187, 15923]	[24029, 173, 15923],delete:
need:,delete:
need:	[862, 81, 7720],delete:
need:	[4113, 40, 9065]	[24065, 173, 19113],delete:
need:	[8954, 81, 4614]	[19614, 171, 20133],delete:
need:	[3107, 81, 2432]	[17432, 171, 29547],delete:
need:	[5109, 19, 4766]	[19766, 187, 20109],delete:
need:,delete:
need:	[17586, 168, 24230],delete:
need:	[3055, 19, 6581]	[21581, 187, 28879],delete:
need:	[13494, 162, 6041],delete:
need:	[29215, 168, 21086],delete:
need:	[14546, 81, 8563]	[23563, 171, 29546],delete:
need:	[6670, 19, 6605]	[21605, 187, 20322],delete:
need:	[8857, 81, 10943]	[29918, 171, 23857],delete:
need:	[10419, 87, 12432]	[25419, 165, 27432],delete:
need:,delete:
need:,delete:
need:	[3950, 81, 4201]	[19601, 173, 18950],delete:
need:	[6595, 40, 4056]	[19056, 173, 21595],delete:
need:	[1163, 53, 1032]	[28481, 168, 16163]	[21240, 168, 16163],delete:
need:,delete:
need:	[20675, 187, 21771],delete:
need:	[7418, 81, 3223]	[18223, 184, 16369],delete:
need:	[9647, 81, 9485]	[24485, 171, 24647],delete:
need:,delete:
need:	[21837, 172, 23891]	[3675, 26, 6837],delete:
need:	[22347, 184, 22406],delete:
need:	[7315, 81, 3645]	[18645, 171, 28966],delete:
need:	[8613, 81, 13534]	[28534, 171, 23613],delete:
need:	[18105, 187, 26689]	[18105, 173, 23421],delete:
need:,delete:
need:	[20115, 168, 15335],delete:
need:,delete:
need:	[1039, 34, 14685]	[1039, 34, 12560],delete:
need:	[28726, 187, 23462],delete:
need:	[6304, 26, 7529]	[22529, 168, 26006],delete:
need:	[2448, 40, 2608]	[17608, 173, 17448],delete:
need:	[14319, 34, 10022],delete:
need:	[5491, 53, 2993]	[17993, 168, 20491],delete:
need:	[26711, 168, 17337],delete:
need:	[3285, 34, 6018],delete:
need:	[10801, 40, 2801]	[17801, 173, 25801],delete:
need:,delete:
need:,delete:
need:	[22537, 168, 27255],delete:
need:	[6162, 26, 14849]	[29849, 172, 21162],delete:
need:	[11935, 81, 1599]	[16599, 171, 24342],delete:
need:	[19011, 168, 20218],delete:
need:	[3073, 135, 5569]	[20569, 165, 18073],delete:
need:	[19334, 168, 16835],delete:
need:	[3477, 81, 6221]	[21221, 171, 18477],delete:
need:,delete:
need:	[871, 40, 13976]	[871, 81, 10121]	[28976, 173, 15871],delete:
need:	[8089, 43, 10333]	[8485, 43, 10333],delete:
need:	[7626, 81, 8798]	[23798, 171, 22626],delete:
need:,delete:
need:	[11908, 81, 3305]	[13736, 81, 3305],delete:
need:	[27893, 171, 24457],delete:
need:	[10273, 81, 892]	[15892, 171, 25273],delete:
need:	[2603, 162, 6693]	[17603, 190, 25378],delete:
need:	[5003, 26, 9336]	[24336, 168, 26653],delete:
need:	[18574, 165, 28226],delete:
need:	[7457, 34, 1550]	[22457, 186, 16550],delete:
need:	[1481, 87, 2200]	[16481, 165, 17200],delete:
need:	[1644, 81, 1627]	[20217, 173, 16644],delete:
need:	[7762, 34, 6895]	[5392, 34, 6895],delete:
need:	[2377, 40, 7540]	[22540, 173, 16384],delete:
need:	[8688, 34, 9212]	[23688, 190, 24212],delete:
need:,delete:
need:	[10046, 87, 3680]	[25046, 165, 28182],delete:
need:	[1787, 34, 4887]	[16787, 190, 19887],delete:
need:	[6952, 81, 3430]	[18181, 171, 21952],delete:
need:	[4788, 81, 10039]	[25039, 171, 19788],delete:
need:	[27668, 171, 20581]	[5581, 144, 11711],delete:
need:	[1184, 81, 6196]	[29398, 173, 16184]	[29398, 168, 16184],delete:
need:	[24428, 168, 22440]	[15304, 168, 22440],delete:
need:	[8112, 11, 13014]	[28014, 168, 23112],delete:
need:	[3240, 81, 4745]	[29626, 171, 18240],delete:
need:	[24300, 168, 19670],delete:
need:	[1704, 40, 6667]	[19252, 171, 16704],delete:
need:	[20141, 168, 20958],delete:
need:	[375, 34, 12646],delete:
need:	[7170, 44, 6262]	[22170, 175, 21262]	[22170, 184, 21262],delete:
need:	[5014, 112, 6915]	[20014, 184, 21915],delete:
need:	[4401, 81, 4745]	[19745, 171, 19401],delete:
need:	[9616, 34, 10212]	[9616, 112, 13525]	[24616, 184, 28525],delete:
need:	[7993, 81, 6016]	[28972, 171, 22993],delete:
need:	[8569, 40, 14432]	[29432, 173, 23569],delete:
need:,delete:
need:	[1240, 81, 9431]	[24431, 171, 16240],delete:
need:	[29759, 168, 24778],delete:
need:	[9309, 40, 311]	[15311, 173, 24309],delete:
need:	[20213, 173, 21648],delete:
need:	[9195, 53, 2494],delete:
need:	[25836, 173, 21732],delete:
need:,delete:
need:	[22931, 168, 20600]	[7931, 56, 10517],delete:
need:	[7924, 81, 13896]	[28896, 171, 22924]	[15345, 172, 22924],delete:
need:	[17807, 168, 28408],delete:
need:	[8483, 162, 1446],delete:
need:	[10531, 112, 741]	[25531, 184, 15741],delete:
need:	[8694, 81, 1312]	[8694, 81, 10846]	[25846, 171, 23694],delete:
need:	[8592, 81, 5372]	[20372, 171, 20631],delete:
need:	[5189, 26, 12460]	[27460, 172, 20189],delete:
need:	[836, 146, 5178]	[15836, 192, 22258],delete:
need:	[5133, 81, 4614]	[19614, 171, 20133],delete:
need:	[9591, 81, 208]	[15208, 171, 24591],delete:
need:,delete:
need:,delete:
need:	[3089, 53, 5824]	[20824, 168, 18089],delete:
need:	[1549, 81, 10884]	[25884, 171, 16549]	[27463, 171, 16549],delete:
need:,delete:
need:	[28780, 168, 22142],delete:
need:	[8455, 53, 9421]	[24421, 168, 23455]	[24494, 168, 23455],delete:
need:,delete:
need:,delete:
need:	[3699, 81, 693]	[23195, 171, 18699]	[15693, 171, 18699],delete:
need:	[13387, 34, 7275]	[28387, 186, 22275],delete:
need:	[4812, 19, 13786]	[28786, 187, 19812]	[25178, 168, 19812],delete:
need:	[8171, 112, 6474]	[22916, 184, 21474]	[17992, 184, 21474],delete:
need:	[4874, 81, 6507]	[21507, 171, 19874],delete:
need:	[1431, 53, 13246]	[28448, 168, 16431],delete:
need:,delete:
need:	[3887, 112, 5457]	[3887, 34, 8450]	[18887, 190, 23450],delete:
need:	[5234, 81, 14996]	[29996, 171, 20234]	[24071, 173, 20234],delete:
need:	[22047, 168, 24733]	[16603, 168, 24733],delete:
need:	[185, 128, 11595]	[4073, 81, 185]	[15185, 185, 26595],delete:
need:	[10394, 34, 3868]	[10394, 112, 4045]	[25394, 184, 19045],delete:
need:	[1348, 53, 13647]	[28647, 168, 16348]	[29541, 168, 16348],delete:
need:	[9795, 53, 1934]	[16934, 168, 24795],delete:
need:,delete:
need:	[6740, 81, 4608]	[19608, 171, 21740],delete:
need:	[242, 53, 12905]	[27905, 168, 15242]	[27905, 173, 15242],delete:
need:	[2961, 40, 4442]	[19442, 173, 17961],delete:
need:	[8341, 81, 2517]	[24422, 171, 23341],delete:
need:	[8822, 34, 7697],delete:
need:	[7172, 57, 4333]	[19333, 168, 22172],delete:
need:,delete:
need:	[12722, 152, 8719]	[23719, 191, 27722],delete:
need:	[19448, 171, 23813],delete:
need:,delete:
need:	[3720, 81, 4414]	[20544, 171, 18720],delete:
need:	[900, 34, 13010]	[900, 34, 12706],delete:
need:	[10312, 81, 4066]	[19066, 171, 25312],delete:
need:	[2424, 81, 5157]	[20157, 171, 17424],delete:
need:	[3978, 34, 9754]	[3978, 34, 12119],delete:
need:	[4340, 81, 534]	[15534, 171, 19340],delete:
need:	[4194, 112, 763]	[4194, 34, 12236]	[19194, 186, 27236],delete:
need:	[1259, 26, 6064]	[1259, 81, 2682],delete:
need:	[8324, 34, 1456]	[23324, 186, 16456],delete:
need:	[19998, 171, 21898]	[19998, 184, 16766]	[6898, 81, 4998],delete:
need:	[2622, 40, 4166]	[19166, 171, 17622]	[19166, 173, 17622]	[22831, 171, 17622],delete:
need:	[2027, 53, 5426],delete:
need:	[21403, 171, 22907]	[21582, 172, 22907],delete:
need:	[5152, 34, 7560],delete:
need:	[9015, 34, 8186],delete:
need:	[12, 81, 9402]	[19061, 171, 15012],delete:
need:,delete:
need:	[9931, 34, 5378]	[24931, 190, 20378],delete:
need:	[7127, 34, 2459]	[22127, 190, 17459],delete:
need:	[8767, 70, 672]	[15672, 174, 23767],delete:
need:	[5090, 53, 12329]	[20271, 168, 20090],delete:
need:	[6869, 144, 8364]	[23364, 173, 21869]	[29666, 172, 21869],delete:
need:	[5466, 81, 2239]	[19568, 172, 20466],delete:
need:	[23083, 171, 16820]	[23083, 168, 27884],delete:
need:	[17248, 168, 25921]	[17248, 172, 20555],delete:
need:	[11451, 81, 5619]	[20619, 171, 26451],delete:
need:	[6476, 81, 14035]	[29372, 171, 21476],delete:
need:	[18897, 172, 23983],delete:
need:	[9755, 34, 8862]	[9755, 34, 10975],delete:
need:	[9846, 81, 3520]	[27827, 168, 24846],delete:
need:	[23087, 171, 19134]	[20805, 171, 19134],delete:
need:	[2170, 112, 9188]	[17170, 184, 24188]	[24188, 165, 20009],delete:
need:	[6480, 112, 8901]	[21480, 184, 23901],delete:
need:	[3648, 24, 13277]	[18648, 190, 28277],delete:
need:,delete:
need:	[2401, 34, 4039],delete:
need:	[1821, 24, 3214]	[16412, 189, 16821],delete:
need:	[29303, 171, 20511]	[22387, 171, 20511],delete:
need:	[14263, 34, 4610]	[3559, 34, 4610],delete:
need:	[5761, 81, 9214]	[24214, 171, 20761],delete:
need:	[1313, 53, 9260]	[24260, 187, 16313],delete:
need:	[10316, 34, 12646]	[25316, 190, 27646],delete:
need:	[6112, 53, 4717]	[19717, 168, 21112],delete:
need:,delete:
need:	[6734, 81, 4290]	[19290, 171, 21734],delete:
need:	[2327, 26, 14436]	[24612, 168, 17327],delete:
need:	[23769, 171, 17331]	[15084, 171, 17331],delete:
need:	[13300, 40, 2182]	[17182, 173, 28300],delete:
need:,delete:
need:,delete:
need:	[7682, 146, 4824]	[22682, 192, 19824],delete:
need:	[25336, 174, 15261],delete:
need:	[27220, 171, 21345]	[28602, 172, 21345],delete:
need:	[4133, 81, 5744]	[27986, 171, 19133],delete:
need:	[9808, 81, 5484]	[20484, 171, 15797],delete:
need:	[12321, 34, 386]	[27321, 186, 15386],delete:
need:,delete:
need:	[8530, 84, 11146]	[23530, 190, 26146],delete:
need:	[23595, 165, 28236],delete:
need:	[1338, 81, 5711],delete:
need:	[4393, 128, 14574]	[4393, 44, 12610]	[19393, 175, 27610],delete:
need:	[2955, 34, 13734]	[17955, 184, 22798],delete:
need:	[10486, 81, 10795],delete:
need:,delete:
need:	[8672, 44, 7712]	[23672, 175, 22712],delete:
need:,delete:
need:	[17539, 189, 15842],delete:
need:	[3902, 81, 4228]	[18550, 173, 18902],delete:
need:	[9676, 40, 6479]	[21479, 173, 24676],delete:
need:	[12513, 87, 6776]	[27513, 165, 21776],delete:
need:	[6301, 81, 2351]	[22235, 173, 21301],delete:
need:	[2217, 34, 1341],delete:
need:	[24815, 171, 20415],delete:
need:	[7690, 40, 2076]	[17076, 173, 22690],delete:
need:	[7591, 81, 8986]	[23986, 171, 24649],delete:
need:	[913, 81, 14694]	[29694, 171, 15913],delete:
need:	[8002, 81, 6507]	[21507, 171, 23002],delete:
need:	[14539, 40, 4777]	[19777, 173, 16538],delete:
need:	[8528, 81, 3150]	[18150, 171, 23528],delete:
need:	[5315, 53, 5621]	[5315, 81, 5140]	[20621, 168, 20315],delete:
need:	[9837, 40, 4353]	[19353, 173, 24837],delete:
need:,delete:
need:	[6813, 34, 3686]	[2261, 34, 3686],delete:
need:	[8692, 26, 14666]	[29666, 172, 23692],delete:
need:	[5256, 34, 14685],delete:
need:	[12844, 129, 3045]	[18045, 168, 18935],delete:
need:	[21036, 168, 19687],delete:
need:	[8478, 81, 13875]	[28542, 171, 23478],delete:
need:,delete:
need:	[8249, 24, 5717]	[15647, 190, 20717],delete:
need:	[4349, 53, 6578]	[21578, 168, 19349],delete:
need:	[17203, 173, 15629],delete:
need:	[2128, 34, 3039],delete:
need:	[16157, 171, 25141]	[10561, 81, 1157],delete:
need:	[8239, 106, 13048]	[23239, 190, 29286],delete:
need:	[18922, 173, 16272],delete:
need:	[12207, 81, 3577]	[18577, 171, 29643],delete:
need:	[21642, 173, 17959],delete:
need:	[6421, 81, 4448]	[26167, 171, 21421]	[19448, 171, 21421],delete:
need:	[14265, 112, 10317]	[29265, 184, 25317],delete:
need:	[22641, 173, 18919]	[19608, 171, 18919],delete:
need:	[2134, 40, 14755]	[21672, 187, 17134],delete:
need:	[6983, 81, 6931]	[6931, 152, 1479],delete:
need:	[8269, 81, 8783]	[24306, 171, 23269],delete:
need:	[4662, 87, 10593]	[19662, 165, 17092]	[19662, 165, 25593],delete:
need:	[9510, 81, 14785]	[29785, 171, 24510],delete:
need:	[24383, 168, 21687],delete:
need:	[5380, 26, 1680]	[16680, 172, 20380],delete:
need:	[22736, 168, 18969],delete:
need:	[22859, 173, 16683],delete:
need:	[7054, 34, 11850],delete:
need:	[5318, 34, 5506],delete:
need:	[1058, 81, 7505]	[19432, 168, 16058],delete:
need:	[1908, 34, 9291]	[942, 34, 9291],delete:
need:	[28306, 171, 21209],delete:
need:,delete:
need:	[5207, 81, 668]	[5053, 81, 668]	[15668, 171, 20207],delete:
need:	[6553, 34, 6962],delete:
need:	[707, 34, 1735],delete:
need:	[10525, 43, 7885],delete:
need:	[22234, 171, 22197],delete:
need:	[19248, 168, 16768],delete:
need:	[1688, 96, 5847]	[20847, 189, 16688],delete:
need:	[3534, 35, 9919],delete:
need:	[13192, 81, 3192]	[18192, 179, 24952],delete:
need:,delete:
need:	[2800, 123, 2135]	[17135, 168, 17800],delete:
need:	[1904, 40, 12650]	[27650, 173, 16904],delete:
need:	[5908, 12, 289]	[4975, 112, 5908],delete:
need:	[5645, 81, 7428]	[22428, 171, 20391],delete:
need:	[22376, 168, 25304],delete:
need:	[11801, 34, 2187],delete:
need:	[1324, 81, 4281]	[26434, 171, 16324],delete:
need:	[1782, 112, 3557]	[16782, 184, 18557],delete:
need:	[14846, 81, 5634]	[20634, 171, 26019],delete:
need:	[8086, 81, 4240]	[19240, 171, 15655],delete:
need:	[22122, 173, 24035],delete:
need:	[19599, 171, 16859]	[16187, 171, 16859]	[28863, 171, 16859],delete:
need:	[4177, 26, 4357]	[19357, 172, 19177],delete:
need:	[1474, 81, 3024]	[18024, 171, 23480],delete:
need:	[4049, 81, 7495]	[4049, 81, 7639]	[22495, 171, 19049],delete:
need:,delete:
need:	[3536, 26, 4730]	[23194, 187, 18536],delete:
need:	[28900, 168, 23808]	[20797, 168, 23808],delete:
need:	[1858, 34, 5214]	[18613, 186, 20214],delete:
need:	[4852, 53, 13075]	[22779, 171, 19852]	[28075, 168, 19852],delete:
need:	[5800, 43, 888],delete:
need:	[9635, 34, 9720],delete:
need:	[17510, 168, 27954],delete:
need:,delete:
need:	[265, 34, 3763]	[15265, 186, 18763],delete:
need:	[2245, 99, 14508]	[29027, 168, 17245]	[22976, 168, 17245],delete:
need:	[8170, 53, 3383]	[17429, 168, 23170],delete:
need:	[2165, 81, 7246]	[22246, 171, 17165]	[22523, 171, 17165],delete:
need:	[8724, 11, 6950]	[21950, 168, 23724],delete:
need:	[6080, 112, 8599]	[15123, 184, 23599],delete:
need:	[8677, 53, 13906]	[28906, 168, 23677]	[15382, 171, 23677],delete:
need:,delete:
need:	[2859, 19, 12482]	[27482, 187, 17859],delete:
need:	[24307, 168, 24401],delete:
need:,delete:
need:	[2052, 53, 12000]	[27000, 173, 17052],delete:
need:	[7294, 81, 3223]	[17491, 171, 22294],delete:
need:	[8214, 81, 251]	[15251, 171, 26425],delete:
need:	[24409, 168, 17308]	[21910, 173, 17308],delete:
need:	[9283, 81, 1719]	[16719, 171, 21983],delete:
need:	[4116, 87, 3073]	[19116, 165, 18073],delete:
need:	[5192, 81, 4599],delete:
need:	[9111, 81, 9940]	[24940, 171, 19571],delete:
need:	[3869, 81, 5749]	[20749, 171, 18869],delete:
need:	[7344, 34, 5424]	[7344, 34, 13531],delete:
need:	[337, 81, 5711]	[20711, 171, 15337],delete:
need:	[1282, 81, 565]	[15565, 171, 16282]	[19200, 172, 16282],delete:
need:	[11499, 34, 6985]	[2130, 34, 6985],delete:
need:	[21593, 168, 21232]	[21593, 168, 17932],delete:
need:	[4843, 38, 11603],delete:
need:	[1062, 81, 3149]	[1062, 40, 1336]	[18149, 171, 16062],delete:
need:	[9305, 81, 3193]	[17791, 171, 24305],delete:
need:,delete:
need:	[2490, 152, 9990]	[17490, 191, 24990],delete:
need:	[3637, 57, 12771]	[27771, 168, 18637],delete:
need:	[10752, 34, 10309],delete:
need:	[6462, 81, 2110]	[17110, 171, 22181],delete:
need:	[9068, 81, 9660]	[24660, 171, 24068],delete:
need:	[15212, 165, 19912]	[5471, 87, 4912],delete:
need:,delete:
need:	[19207, 173, 24873],delete:
need:	[10702, 81, 2799]	[17799, 171, 29969],delete:
need:	[464, 81, 4625]	[28663, 172, 15464]	[28348, 171, 15464],delete:
need:	[1581, 34, 8227]	[16581, 186, 23227],delete:
need:	[9346, 34, 7193],delete:
need:	[2460, 128, 14574]	[17460, 185, 29574],delete:
need:	[4316, 87, 12372]	[21283, 165, 19316],delete:
need:	[15806, 171, 20973],delete:
need:,delete:
need:	[12421, 34, 10254]	[13963, 34, 10254],delete:
need:	[29863, 187, 15502],delete:
need:	[4794, 19, 4789],delete:
need:	[3608, 106, 1509]	[20412, 190, 16509],delete:
need:,delete:
need:	[14883, 14, 7370]	[29883, 180, 22370],delete:
need:,delete:
need:	[4153, 144, 2747]	[25997, 168, 19153]	[28896, 171, 19153],delete:
need:	[6934, 81, 9330]	[24330, 171, 21934],delete:
need:	[24673, 168, 21879]	[24673, 168, 26517],delete:
need:	[3332, 81, 9389]	[3332, 81, 7039]	[22039, 171, 18332],delete:
need:	[5149, 81, 3644]	[18644, 171, 22007],delete:
need:	[621, 40, 8414]	[22635, 171, 15621]	[23414, 173, 15621],delete:
need:	[2632, 40, 12443]	[27443, 173, 17632],delete:
need:	[9312, 123, 13638]	[28638, 168, 24312],delete:
need:	[16318, 171, 24625]	[19431, 168, 24625],delete:
need:	[12195, 81, 7233]	[22233, 171, 17956],delete:
need:	[4051, 26, 4706]	[24938, 172, 19051],delete:
need:	[23522, 168, 15147],delete:
need:	[5438, 81, 8288]	[21712, 171, 20438],delete:
need:	[1120, 81, 8743]	[23743, 171, 16120]	[19203, 171, 16120],delete:
need:	[1134, 11, 432]	[15432, 168, 16134],delete:
need:,delete:
need:,delete:
need:	[28109, 168, 21857],delete:
need:	[8525, 53, 11825]	[8525, 81, 5011]	[20011, 171, 23525],delete:
need:	[7176, 162, 7838]	[22176, 186, 22838],delete:
need:,delete:
need:	[1673, 53, 7016]	[22016, 168, 16673],delete:
need:	[833, 34, 9659],delete:
need:	[12210, 162, 2501]	[27489, 190, 17501],delete:
need:	[7423, 40, 9286],delete:
need:	[9046, 26, 4901]	[19901, 172, 24046],delete:
need:	[4188, 34, 997],delete:
need:	[259, 34, 7742]	[259, 112, 6682],delete:
need:	[6423, 81, 790]	[15790, 171, 24438],delete:
need:	[26402, 171, 20380]	[16680, 172, 20380],delete:
need:	[26052, 173, 22826],delete:
need:	[466, 40, 5451]	[20451, 173, 20610],delete:
need:,delete:
need:	[7549, 26, 7469]	[22469, 172, 20724]	[22469, 172, 22549],delete:
need:	[7804, 34, 9084]	[22804, 186, 24084],delete:
need:,delete:
need:	[5228, 34, 5662],delete:
need:	[8132, 144, 12446]	[22158, 173, 23132],delete:
need:	[26326, 171, 24349]	[27580, 172, 24349],delete:
need:	[3138, 40, 2775]	[17775, 192, 23349]	[17775, 173, 18138],delete:
need:	[3712, 26, 2784]	[16198, 171, 18712],delete:
need:	[22504, 168, 24219]	[15296, 168, 24219],delete:
need:	[9544, 81, 5531]	[9544, 19, 3815]	[18815, 187, 24544],delete:
need:	[11036, 26, 195]	[15195, 172, 22171],delete:
need:	[5816, 81, 13235]	[25018, 168, 20816],delete:
need:	[27016, 168, 22501]	[16083, 168, 22501],delete:
need:	[15606, 171, 15547],delete:
need:	[8174, 81, 14095]	[17620, 168, 23174],delete:
need:	[916, 26, 12032]	[916, 81, 7715]	[27032, 172, 15916],delete:
need:	[9876, 81, 8769]	[23769, 171, 24876],delete:
need:	[8690, 81, 11837]	[29756, 173, 23690]	[26837, 171, 23690],delete:
need:,delete:
need:	[21951, 171, 28864]	[21951, 171, 23755],delete:
need:	[1855, 81, 9596]	[16750, 171, 16855],delete:
need:	[8907, 53, 2885]	[24706, 171, 23907]	[24862, 171, 23907],delete:
need:	[6520, 34, 3102]	[21520, 186, 18102],delete:
need:	[28, 34, 4861],delete:
need:	[11320, 112, 10375]	[29780, 184, 25375],delete:
need:	[1871, 34, 393]	[13180, 34, 393],delete:
need:	[15432, 168, 16134],delete:
need:	[4426, 34, 10901],delete:
need:	[4471, 34, 5892],delete:
need:	[4818, 81, 983],delete:
need:	[2403, 81, 6236]	[21236, 171, 17403],delete:
need:	[4829, 19, 2356]	[17356, 187, 28669],delete:
need:	[22622, 168, 17199]	[18434, 168, 17199],delete:
need:	[8268, 81, 5066]	[18547, 173, 23268],delete:
need:	[5353, 34, 2536]	[20353, 186, 17536],delete:
need:	[1158, 34, 6193]	[28387, 186, 21193],delete:
need:	[8619, 81, 6741]	[21741, 171, 29562],delete:
need:,delete:
need:	[7659, 81, 14385]	[26758, 173, 22659],delete:
need:,delete:
need:	[5932, 81, 8469]	[23469, 171, 26721]	[23469, 171, 20932],delete:
need:	[13673, 146, 3779]	[28673, 192, 18779],delete:
need:	[23849, 168, 18609]	[23849, 184, 26988],delete:
need:	[8409, 26, 5770]	[8409, 81, 3939]	[29471, 171, 23409],delete:
need:	[8770, 112, 9952]	[23770, 179, 24952],delete:
need:	[56, 53, 12849]	[27849, 168, 15056],delete:
need:	[5045, 19, 4587]	[26042, 171, 20045],delete:
need:	[10434, 34, 151]	[8197, 34, 151],delete:
need:	[10141, 26, 5462]	[10141, 81, 10126],delete:
need:	[1594, 34, 12115]	[16594, 190, 27115],delete:
need:	[13907, 87, 2733]	[15090, 165, 17733],delete:
need:	[21341, 180, 21710]	[21341, 184, 21710],delete:
need:	[3655, 144, 13199]	[27738, 171, 18655],delete:
need:	[16117, 171, 25616],delete:
need:,delete:
need:	[18430, 191, 26523]	[18430, 171, 21952],delete:
need:	[19955, 174, 29094]	[19955, 171, 24457],delete:
need:	[15603, 187, 22613],delete:
need:	[2324, 34, 8222]	[2324, 112, 2680]	[17324, 184, 17680],delete:
need:	[12844, 129, 1168],delete:
need:	[11463, 81, 6540],delete:
need:	[20295, 168, 23605],delete:
need:	[8998, 26, 14879]	[29879, 172, 23998],delete:
need:	[2812, 129, 4428],delete:
need:	[28908, 171, 24248]	[28794, 171, 24248],delete:
need:	[7381, 87, 7950]	[22381, 165, 22950],delete:
need:,delete:
need:	[13904, 53, 5568]	[20568, 173, 28904],delete:
need:	[28936, 168, 23275],delete:
need:	[8121, 81, 11557]	[26557, 171, 23121],delete:
need:	[5926, 53, 10517]	[19282, 168, 20926],delete:
need:	[17814, 168, 19444],delete:
need:	[20281, 168, 17921]	[20281, 168, 27871],delete:
need:,delete:
need:	[8895, 19, 104]	[15104, 187, 23895],delete:
need:	[13993, 40, 8352]	[23352, 173, 28993],delete:
need:	[4927, 86, 3284]	[18284, 165, 24141],delete:
need:	[3776, 53, 9421]	[24494, 168, 18776],delete:
need:	[2710, 14, 4634]	[17710, 180, 19634],delete:
need:	[10251, 34, 9801],delete:
need:	[24421, 168, 17571]	[28946, 168, 17571],delete:
need:	[12219, 34, 2729],delete:
need:	[9588, 81, 2355]	[17355, 171, 29526]	[17355, 171, 28395],delete:
need:	[2725, 85, 13236]	[17725, 165, 28236],delete:
need:	[9668, 112, 4728]	[24668, 184, 19728],delete:
need:	[23118, 168, 21995]	[20468, 168, 21995],delete:
need:	[6967, 81, 2635]	[17635, 171, 21967],delete:
need:,delete:
need:	[579, 81, 8047]	[23047, 171, 15579],delete:
need:	[5056, 81, 6009]	[21009, 171, 25910],delete:
need:	[26923, 171, 20585]	[5585, 81, 12671],delete:
need:	[2095, 34, 14558]	[17095, 190, 29558],delete:
need:	[11217, 26, 3079]	[9860, 26, 3079],delete:
need:	[23611, 171, 29005]	[6167, 81, 8611],delete:
need:	[22459, 173, 24560]	[22459, 168, 24560],delete:
need:	[6812, 132, 7815]	[22815, 172, 28951],delete:
need:	[7807, 81, 13472]	[7807, 81, 1875]	[26860, 171, 22807],delete:
need:	[4945, 81, 49]	[15049, 171, 19945],delete:
need:	[9762, 81, 2444]	[25849, 171, 24762],delete:
need:	[203, 87, 8279]	[15203, 165, 17243],delete:
need:	[14637, 26, 5304]	[20304, 172, 19640],delete:
need:	[2082, 81, 9431]	[22003, 171, 17082],delete:
need:	[9664, 81, 6233]	[21233, 171, 24664],delete:
need:	[25040, 168, 23731],delete:
need:	[1254, 26, 729]	[8290, 26, 729]	[15729, 172, 26683],delete:
need:	[6414, 162, 8862]	[21414, 190, 23862],delete:
need:	[5502, 81, 4997],delete:
need:,delete:
need:	[9043, 81, 497]	[19247, 168, 24043],delete:
need:	[1601, 34, 1656]	[16601, 190, 16656],delete:
need:	[6530, 34, 6290]	[21530, 190, 21290],delete:
need:	[11196, 53, 1574]	[16574, 168, 26196]	[16574, 180, 16121],delete:
need:	[15911, 168, 18021],delete:
need:,delete:
need:,delete:
need:	[20433, 168, 22872],delete:
need:	[1390, 40, 12650]	[27650, 173, 16390]	[23811, 171, 16390],delete:
need:	[3129, 81, 8970]	[23970, 171, 18129]	[22325, 171, 18129],delete:
need:	[25019, 172, 16977],delete:
need:	[23317, 171, 16363]	[14229, 81, 8317],delete:
need:	[19607, 171, 23379]	[8379, 81, 11420]	[8379, 53, 646],delete:
need:,delete:
need:	[25047, 171, 29633]	[658, 151, 10047],delete:
need:	[4787, 81, 12668]	[4787, 81, 6914]	[21914, 171, 19787],delete:
need:	[10413, 144, 6396]	[21396, 173, 25413]	[29281, 171, 25413],delete:
need:	[8236, 53, 2619]	[18599, 187, 23236],delete:
need:	[5344, 34, 3456],delete:
need:	[12515, 86, 7787]	[27427, 165, 22787],delete:
need:	[8792, 53, 3647]	[29181, 171, 23792],delete:
need:	[4249, 130, 1016]	[19249, 165, 16016],delete:
need:	[9613, 34, 7125],delete:
need:	[18959, 168, 25235]	[18959, 168, 17887],delete:
need:	[10000, 34, 2300]	[10000, 34, 6985],delete:
need:	[14512, 40, 3736]	[18736, 173, 29512],delete:
need:	[10356, 81, 10058]	[16506, 171, 25356],delete:
need:	[16837, 173, 22307]	[17610, 187, 22307],delete:
need:	[8609, 34, 2478],delete:
need:	[7464, 81, 1875]	[16875, 171, 22464],delete:
need:	[4400, 40, 2416]	[17416, 173, 19400],delete:
need:	[7482, 81, 5601]	[19686, 171, 22482],delete:
need:	[12900, 81, 2462]	[8421, 81, 2462]	[17462, 171, 23421],delete:
need:	[1384, 81, 6870]	[21870, 171, 16384],delete:
need:	[10352, 53, 5042]	[20042, 187, 25352],delete:
need:	[17339, 168, 24023]	[9023, 53, 2339],delete:
need:	[21001, 171, 15696]	[23541, 172, 15696],delete:
need:	[13892, 34, 1517]	[28892, 190, 16517],delete:
need:	[20360, 171, 26807]	[20360, 189, 15813],delete:
need:	[28717, 165, 20663]	[20663, 165, 16380],delete:
need:	[1980, 144, 8237]	[25018, 173, 16980],delete:
need:	[20994, 168, 19032],delete:
need:	[1132, 97, 5894]	[20894, 168, 16132],delete:
need:	[20634, 171, 15824],delete:
need:	[21221, 171, 23693],delete:
need:	[10153, 81, 6568]	[21568, 173, 25153],delete:
need:	[2678, 81, 7369]	[22369, 171, 17584],delete:
need:	[10017, 96, 3177]	[18177, 189, 25017],delete:
need:	[5925, 81, 10594]	[25594, 171, 20925],delete:
need:	[1819, 34, 3858],delete:
need:	[8884, 40, 10067]	[25067, 173, 23884],delete:
need:	[6048, 26, 8373]	[6048, 81, 14805],delete:
need:,delete:
need:	[9665, 81, 3563]	[18563, 171, 24665],delete:
need:	[3999, 81, 8445]	[3999, 81, 12401]	[27401, 171, 18999],delete:
need:	[5696, 40, 5099]	[20099, 173, 27599],delete:
need:	[2637, 26, 9478]	[2637, 40, 1744]	[24478, 172, 17637],delete:
need:	[6161, 120, 13054]	[16083, 172, 21161],delete:
need:	[5730, 34, 10307],delete:
need:	[12122, 128, 8034]	[27122, 185, 23034],delete:
need:	[4530, 68, 4565]	[19530, 165, 19565],delete:
need:	[1185, 34, 10168],delete:
need:	[9093, 81, 4545]	[29931, 173, 24093],delete:
need:,delete:
need:	[9935, 81, 6768]	[21768, 171, 24935],delete:
need:	[9435, 34, 10454],delete:
need:	[23836, 168, 18740],delete:
need:,delete:
need:	[9655, 81, 14605]	[29605, 171, 24655],delete:
need:	[5989, 81, 13332]	[28332, 171, 20989],delete:
need:	[1636, 34, 12300]	[16636, 190, 27300],delete:
need:	[17074, 168, 21108],delete:
need:	[1490, 40, 13146]	[28146, 173, 16490],delete:
need:	[935, 81, 7256]	[17212, 171, 15935],delete:
need:	[2991, 34, 5900]	[17991, 190, 20900],delete:
need:	[7323, 81, 4452]	[22234, 171, 22323],delete:
need:	[10750, 87, 8657]	[15615, 165, 23657],delete:
need:	[6983, 53, 4867],delete:
need:	[3474, 81, 6128]	[21128, 171, 18474]	[15534, 171, 18474],delete:
need:	[16229, 187, 26340]	[4140, 19, 1229],delete:
need:	[14375, 34, 9119],delete:
need:	[4476, 81, 4477]	[19477, 171, 19476],delete:
need:	[3660, 81, 7140]	[22140, 171, 18660],delete:
need:	[16413, 171, 22955],delete:
need:,delete:
need:,delete:
need:	[26523, 171, 24221]	[28936, 173, 24221],delete:
need:	[2192, 2, 13634]	[17192, 165, 17004],delete:
need:	[13150, 34, 2456]	[28150, 190, 17456],delete:
need:	[11306, 81, 9002]	[10678, 81, 9002]	[24002, 171, 26306],delete:
need:	[123, 112, 8599]	[123, 34, 14976],delete:
need:	[24394, 168, 27525],delete:
need:	[7204, 34, 13507],delete:
need:	[932, 53, 14541]	[21029, 171, 15932],delete:
need:	[3163, 53, 12800]	[27800, 168, 18163],delete:
need:	[4532, 112, 5297]	[19532, 184, 20297],delete:
need:	[11925, 26, 5520]	[10377, 97, 5520]	[20520, 168, 25377],delete:
need:	[9283, 81, 1719]	[16719, 171, 24283]	[18132, 171, 24283],delete:
need:	[1485, 81, 7843],delete:
need:,delete:
need:	[5841, 81, 5711]	[5841, 19, 10548]	[25548, 187, 20841],delete:
need:	[2390, 40, 239]	[15239, 173, 17390],delete:
need:	[7711, 81, 13417]	[28417, 171, 22711],delete:
need:	[1563, 16, 5128]	[26769, 182, 20128],delete:
need:	[2317, 81, 2230]	[17230, 171, 21461],delete:
need:	[2299, 40, 1124]	[16124, 173, 29741],delete:
need:,delete:
need:	[10275, 144, 660]	[15660, 171, 25275],delete:
need:	[20769, 173, 28467],delete:
need:	[6441, 34, 1681]	[21441, 186, 16681],delete:
need:,delete:
need:	[4905, 81, 11821]	[26821, 171, 19905],delete:
need:,delete:
need:	[5158, 40, 3715]	[18715, 173, 20158]	[25974, 168, 20158],delete:
need:	[533, 81, 8732]	[23732, 171, 15533],delete:
need:,delete:
need:	[17528, 168, 28249],delete:
need:,delete:
need:	[6437, 40, 8967]	[24021, 168, 21437],delete:
need:	[9518, 70, 5205]	[20205, 174, 24518],delete:
need:	[14453, 26, 3506]	[18506, 172, 29453],delete:
need:	[6969, 81, 10795]	[25243, 171, 21969]	[23667, 171, 21969],delete:
need:	[15451, 173, 22309]	[15451, 173, 18294],delete:
need:	[1510, 43, 13447]	[16510, 186, 28447],delete:
need:,delete:
need:	[310, 81, 3141]	[15560, 171, 15310],delete:
need:	[5340, 26, 10852]	[20442, 187, 20340]	[25852, 172, 20340],delete:
need:	[1777, 162, 891],delete:
need:	[3030, 144, 7546]	[29861, 171, 18030]	[22546, 171, 18030],delete:
need:	[26649, 171, 24161]	[9161, 53, 13414]	[28414, 171, 24161],delete:
need:	[15136, 172, 20854],delete:
need:	[27314, 168, 17844]	[29379, 173, 17844],delete:
need:	[11669, 129, 8955]	[23955, 172, 25676],delete:
need:	[8463, 71, 12441]	[23463, 165, 27441],delete:
need:	[1832, 112, 6523]	[16832, 184, 21523],delete:
need:	[6833, 81, 7182]	[22182, 171, 25949],delete:
need:	[4352, 81, 12493]	[29623, 171, 19352],delete:
need:	[114, 154, 4783]	[114, 130, 13827]	[15114, 165, 19783],delete:
need:	[5430, 129, 1323]	[28851, 168, 20430]	[16323, 168, 20430],delete:
need:	[9282, 19, 3683]	[24110, 171, 24282],delete:
need:	[7633, 81, 565]	[15565, 171, 22633],delete:
need:	[13983, 34, 5063],delete:
need:	[29368, 171, 17974],delete:
need:	[20328, 168, 20952],delete:
need:	[4187, 57, 7780]	[22780, 168, 19187],delete:
need:	[5145, 26, 5348]	[20348, 172, 20145],delete:
need:	[5195, 81, 9203]	[24203, 171, 20195],delete:
need:	[5803, 81, 5470]	[20470, 171, 20803],delete:
need:	[6336, 81, 6222]	[27355, 171, 21336],delete:
need:	[9772, 34, 422]	[24772, 186, 21583],delete:
need:	[5202, 128, 10242]	[20202, 185, 25242],delete:
need:	[4107, 81, 7237]	[22237, 171, 19208],delete:
need:	[6015, 34, 6235],delete:
need:	[19995, 171, 24102]	[29554, 173, 24102],delete:
need:	[3392, 81, 1875]	[16875, 171, 18392],delete:
need:	[9946, 81, 4114]	[19114, 171, 24946],delete:
need:	[7344, 34, 5424]	[13501, 34, 5424],delete:
need:	[29265, 171, 24793]	[9793, 40, 305],delete:
need:	[4941, 81, 9204]	[23834, 168, 19941],delete:
need:	[4523, 34, 455],delete:
need:	[9325, 81, 14510]	[29510, 171, 24325],delete:
need:	[28051, 172, 17960]	[2960, 81, 9872]	[24872, 171, 17960],delete:
need:	[3749, 53, 6509]	[21509, 168, 18749],delete:
need:	[17376, 168, 21448],delete:
need:	[22504, 168, 24315],delete:
need:	[5090, 53, 5271]	[20271, 168, 20090],delete:
need:	[20284, 173, 17492],delete:
need:	[2946, 53, 10491],delete:
need:	[4416, 40, 7001]	[22001, 173, 19416],delete:
need:	[1065, 71, 14479]	[16065, 165, 29479],delete:
need:	[6725, 81, 9599]	[25048, 171, 21725],delete:
need:	[10241, 40, 2170]	[17170, 173, 25241],delete:
need:	[9231, 123, 14097]	[29097, 168, 24231],delete:
need:	[1241, 87, 8277]	[16241, 165, 23277],delete:
need:	[8505, 34, 5933]	[8505, 34, 2713],delete:
need:	[25044, 172, 21118]	[18541, 168, 21118],delete:
need:	[3442, 81, 7003]	[16312, 171, 18442]	[18491, 187, 18442],delete:
need:	[4451, 112, 14650]	[19451, 184, 29650],delete:
need:	[15104, 187, 21113]	[20629, 173, 21113],delete:
need:	[10054, 34, 10447],delete:
need:	[21150, 173, 21709],delete:
need:	[8850, 112, 4841]	[23850, 184, 19841],delete:
need:	[17435, 168, 20508],delete:
need:	[11936, 87, 795],delete:
need:,delete:
need:	[20566, 172, 17240]	[17292, 173, 17240],delete:
need:	[847, 53, 13860]	[16031, 168, 15847],delete:
need:	[6192, 81, 7593]	[22593, 171, 21192],delete:
need:	[4618, 53, 5328]	[20328, 168, 19618],delete:
need:	[28822, 168, 17625],delete:
need:	[15820, 167, 29990],delete:
need:	[7862, 26, 10072]	[25072, 172, 23859],delete:
need:	[3781, 81, 13235]	[3781, 53, 2927]	[17927, 168, 18781]	[22866, 171, 18781],delete:
need:	[10157, 53, 12864]	[25047, 168, 25157],delete:
need:	[340, 81, 12040]	[27040, 171, 15340],delete:
need:	[10156, 26, 1461]	[16461, 172, 25156],delete:
need:	[8477, 40, 2607]	[17607, 173, 23477],delete:
need:	[9664, 81, 4826]	[9664, 26, 10240],delete:
need:	[6770, 40, 14426]	[25621, 171, 21770],delete:
need:	[8854, 81, 1779]	[16779, 171, 23854],delete:
need:	[3195, 40, 14740]	[17332, 171, 18195]	[29740, 173, 18195],delete:
need:	[8357, 81, 4142]	[19142, 171, 23357],delete:
need:	[17195, 173, 17220]	[17195, 173, 29953],delete:
need:	[2526, 40, 12588]	[27588, 173, 17526],delete:
need:	[22460, 168, 28715],delete:
need:	[7189, 34, 5545],delete:
need:,delete:
need:	[8065, 87, 7260]	[23065, 165, 22260],delete:
need:	[9877, 81, 4894]	[19894, 171, 24877],delete:
need:	[4942, 34, 7499],delete:
need:	[474, 81, 2143]	[20367, 171, 15474],delete:
need:	[29918, 168, 22497]	[18517, 168, 22497],delete:
need:,delete:
need:	[9633, 87, 1849]	[27198, 165, 16849],delete:
need:	[5344, 34, 14800],delete:
need:	[3913, 86, 13614]	[18913, 165, 28614],delete:
need:	[7184, 53, 2203]	[17203, 168, 22184],delete:
need:	[413, 34, 9667]	[413, 34, 6790],delete:
need:	[19, 40, 14070]	[29070, 173, 15019],delete:
need:	[2779, 26, 7195]	[22195, 172, 17779],delete:
need:	[2455, 81, 171]	[18169, 168, 17455],delete:
need:	[14058, 53, 2047],delete:
need:	[3775, 81, 11218]	[26218, 171, 18775],delete:
need:,delete:
need:	[1084, 81, 6045]	[21045, 171, 16084],delete:
need:	[7472, 19, 13418]	[7472, 81, 14600]	[28418, 187, 22472],delete:
need:	[12549, 19, 6901]	[21901, 187, 27549],delete:
need:	[10070, 34, 12703]	[10070, 34, 2126],delete:
need:	[4113, 19, 6070]	[21070, 187, 19113],delete:
need:,delete:
need:	[3127, 81, 10648]	[25648, 171, 18127],delete:
need:	[52, 86, 8526]	[15052, 165, 16016],delete:
need:	[1862, 81, 11557]	[26557, 171, 16862],delete:
need:	[23328, 172, 21267]	[23328, 168, 22508],delete:
need:	[1933, 81, 10460]	[26063, 171, 16933],delete:
need:	[2996, 34, 5378]	[2996, 34, 11275],delete:
need:	[3347, 26, 1949]	[3347, 81, 7409]	[16949, 168, 18347],delete:
need:	[22931, 168, 23598],delete:
need:	[2997, 162, 13466]	[2997, 34, 13466]	[17997, 190, 16029],delete:
need:	[6809, 81, 2212]	[24674, 173, 21809]	[17212, 171, 21809],delete:
need:	[16965, 171, 16555],delete:
need:,delete:
need:	[8680, 81, 3393]	[18393, 171, 23680],delete:
need:	[409, 40, 12534]	[27534, 173, 15409],delete:
need:	[15684, 168, 27252]	[15684, 168, 19195],delete:
need:	[15299, 187, 18404]	[16101, 173, 18404],delete:
need:	[8369, 152, 7483]	[22483, 171, 27599],delete:
need:	[14845, 81, 619]	[15619, 171, 29845],delete:
need:	[29256, 171, 21556]	[6556, 81, 14256],delete:
need:,delete:
need:,delete:
need:	[9649, 81, 8986]	[23986, 171, 24649],delete:
need:	[5415, 26, 9450],delete:
need:	[13628, 53, 5454]	[20454, 168, 17247]	[20454, 168, 28628],delete:
need:	[8919, 112, 2251]	[8919, 34, 8574],delete:
need:	[2231, 26, 13051]	[28051, 172, 17231],delete:
need:	[9867, 34, 10574]	[24867, 186, 25574],delete:
need:,delete:
need:	[16424, 171, 21522],delete:
need:	[9109, 53, 1655]	[16655, 168, 24109],delete:
need:	[1910, 34, 14292]	[16910, 190, 29292],delete:
need:	[2862, 34, 2021],delete:
need:,delete:
need:	[28793, 168, 16251]	[1251, 81, 2441],delete:
need:	[2186, 81, 8656],delete:
need:	[8935, 26, 5376]	[20376, 172, 23935],delete:
need:	[18964, 168, 24103]	[18964, 168, 28047],delete:
need:	[8464, 81, 5590]	[20590, 171, 23464],delete:
need:	[1565, 112, 10325]	[6799, 112, 10325]	[21799, 184, 25325],delete:
need:	[3069, 81, 248]	[26592, 171, 18069],delete:
need:,delete:
need:	[9865, 112, 10533]	[9865, 34, 1447]	[24865, 184, 25533],delete:
need:,delete:
need:	[804, 11, 2117]	[29943, 168, 15804]	[17117, 168, 15804],delete:
need:	[25336, 174, 15261],delete:
need:	[6197, 112, 4840]	[10203, 81, 6197]	[21197, 184, 19840],delete:
need:	[13979, 34, 15]	[14248, 34, 15],delete:
need:	[23420, 171, 23168]	[25100, 171, 23168],delete:
need:	[13121, 87, 5483]	[28121, 165, 20483],delete:
need:	[16956, 168, 24943],delete:
need:	[2600, 81, 10165]	[25165, 171, 18603],delete:
need:,delete:
need:	[642, 34, 1141],delete:
need:,delete:
need:,delete:
need:	[6946, 81, 3084]	[18084, 171, 21946],delete:
need:	[1781, 128, 1381]	[16781, 179, 28927],delete:
need:	[8422, 81, 8776]	[23776, 171, 23422]	[17249, 171, 23422],delete:
need:	[6502, 81, 4266]	[6502, 26, 1218]	[24805, 173, 21502],delete:
need:	[6211, 81, 8102]	[6211, 40, 1405]	[23102, 171, 21211],delete:
need:	[14234, 81, 6104]	[21104, 171, 16264],delete:
need:,delete:
need:	[16506, 171, 24269]	[16506, 171, 25356],delete:
need:	[3709, 40, 1829]	[16829, 173, 18709],delete:
need:	[4259, 34, 8208]	[19259, 190, 23208],delete:
need:	[7332, 81, 11402]	[26402, 171, 22332]	[17630, 171, 22332],delete:
need:,delete:
need:	[5747, 81, 10058]	[25058, 171, 20747],delete:
need:	[9642, 26, 12227]	[27227, 172, 24642],delete:
need:	[4597, 24, 8626]	[4597, 44, 6457]	[19597, 190, 23626],delete:
need:	[9873, 81, 2381]	[19207, 173, 24873],delete:
need:	[7552, 53, 1368]	[16368, 168, 22552],delete:
need:	[24205, 168, 22619]	[21924, 168, 22619],delete:
need:	[2014, 53, 5180]	[15186, 171, 17014],delete:
need:	[8565, 112, 9952]	[8565, 34, 11510],delete:
need:	[6463, 19, 8535]	[23535, 168, 21463],delete:
need:	[28109, 168, 23380],delete:
need:	[8453, 81, 5562]	[20562, 171, 23453],delete:
need:	[13398, 38, 7395]	[13398, 53, 7395]	[22395, 187, 28398],delete:
need:	[4509, 19, 11091]	[26091, 187, 19509],delete:
need:	[20081, 172, 16919]	[18879, 171, 16919],delete:
need:	[17405, 171, 21085],delete:
need:	[4779, 112, 6505]	[19779, 184, 21505],delete:
need:	[8066, 35, 3236]	[9297, 34, 8066]	[24297, 190, 23066],delete:
need:	[10079, 26, 6717]	[21717, 172, 25079]	[21717, 168, 29177],delete:
need:	[12993, 112, 8437]	[27993, 184, 23437],delete:
need:	[21111, 171, 16913]	[1913, 81, 3830],delete:
need:	[4639, 81, 9319]	[23288, 171, 19639],delete:
need:	[3325, 81, 6096]	[21096, 171, 18325],delete:
need:,delete:
need:	[11961, 81, 675]	[15675, 171, 17338],delete:
need:	[28242, 171, 15969]	[969, 40, 9307]	[969, 144, 9307],delete:
need:	[7247, 81, 6142]	[21142, 171, 22247],delete:
need:	[7225, 87, 7335]	[22225, 165, 22335],delete:
need:	[1663, 112, 6135]	[16663, 184, 21135],delete:
need:	[3837, 58, 9197]	[24197, 167, 17594],delete:
need:	[7606, 53, 5945]	[15732, 168, 22606],delete:
need:	[4094, 81, 469]	[23270, 171, 19094],delete:
need:	[4518, 19, 10393]	[25393, 187, 26071],delete:
need:	[9184, 40, 4542]	[19542, 168, 24184],delete:
need:	[1478, 34, 6810]	[3119, 34, 6810],delete:
need:	[3380, 112, 9952]	[18380, 184, 29402],delete:
need:,delete:
need:	[8243, 53, 14413]	[26256, 168, 23243],delete:
need:	[19570, 168, 19525]	[19570, 168, 17743],delete:
need:,delete:
need:	[21240, 168, 20110]	[21240, 168, 29963],delete:
need:,delete:
need:	[5337, 112, 13059]	[20337, 184, 28059],delete:
need:	[19461, 171, 19868]	[20769, 173, 19868],delete:
need:	[4562, 34, 12144]	[19562, 190, 27144],delete:
need:	[1185, 34, 12418],delete:
need:	[29781, 173, 23125]	[26890, 171, 23125],delete:
need:	[9565, 81, 10042]	[28391, 171, 24565],delete:
need:,delete:
need:	[2562, 19, 134],delete:
need:	[5170, 81, 7545]	[22545, 171, 17207],delete:
need:	[3870, 35, 5911]	[18870, 165, 20911],delete:
need:	[566, 144, 12399]	[27399, 173, 15566],delete:
need:	[5699, 144, 8497]	[25564, 172, 20699],delete:
need:	[8501, 53, 1052]	[29291, 168, 23501],delete:
need:	[16493, 165, 27547]	[22227, 188, 16493],delete:
need:	[358, 34, 6720],delete:
need:	[2538, 53, 8588]	[23588, 168, 17538],delete:
need:	[709, 19, 1795]	[16795, 187, 15709],delete:
need:	[15133, 168, 22388],delete:
need:,delete:
need:	[12182, 34, 6758],delete:
need:	[18250, 168, 28094]	[18250, 168, 25814],delete:
need:	[8616, 53, 10437]	[25437, 168, 23616],delete:
need:,delete:
need:	[12728, 40, 7854]	[22854, 173, 27728],delete:
need:	[9019, 34, 10975]	[24019, 184, 25968],delete:
need:	[10620, 53, 6281]	[21281, 168, 25620],delete:
need:	[8717, 26, 3570],delete:
need:,delete:
need:	[13122, 34, 456]	[28122, 186, 15456],delete:
need:,delete:
need:	[6586, 53, 3273]	[18273, 168, 21586],delete:
need:	[20639, 168, 21298],delete:
need:	[5999, 40, 13076]	[5999, 53, 349],delete:
need:	[23561, 172, 21751]	[24881, 171, 21751],delete:
need:	[22149, 168, 19489],delete:
need:	[9893, 81, 14996]	[29996, 171, 24893],delete:
need:	[5087, 34, 2498],delete:
need:	[2947, 26, 13499]	[28499, 172, 17947],delete:
need:	[8700, 81, 973]	[8700, 26, 8784]	[23784, 172, 23700],delete:
need:	[13694, 34, 9965]	[8646, 34, 9965],delete:
need:,delete:
need:	[25372, 173, 20094]	[25372, 173, 20418],delete:
need:	[863, 26, 2904]	[17904, 172, 24544],delete:
need:	[21564, 168, 15147],delete:
need:	[6641, 26, 9774]	[25497, 173, 21641],delete:
need:	[6975, 81, 6066]	[21066, 171, 21975],delete:
need:	[23400, 171, 20891],delete:
need:	[9949, 162, 331]	[24949, 190, 15331],delete:
need:	[8995, 81, 2758]	[21016, 171, 23995],delete:
need:	[9154, 81, 4281]	[19281, 171, 24154],delete:
need:	[2449, 81, 5452]	[20452, 171, 25708]	[20452, 171, 17449],delete:
need:	[4074, 81, 11621]	[21845, 171, 19074],delete:
need:	[19579, 168, 22211]	[19579, 168, 20064],delete:
need:	[1010, 40, 6117]	[1010, 81, 8148]	[23148, 171, 16010],delete:
need:,delete:
need:	[7060, 26, 2701]	[16526, 173, 22060],delete:
need:,delete:
need:	[18252, 171, 15319]	[11457, 81, 3252],delete:
need:	[2889, 34, 14495],delete:
need:	[8858, 81, 9455]	[24402, 171, 23858]	[24455, 171, 23858],delete:
need:	[3333, 81, 13714]	[3333, 26, 3788]	[15902, 171, 18333],delete:
need:	[7121, 53, 11947]	[26947, 168, 22121],delete:
need:	[15165, 168, 22107],delete:
