9168	87	201
24168	165	20995
24168	165	15201
9168	87	5995
8395	19	10032
25032	187	23395
8395	144	5550
15660	171	23395
8395	81	660
8395	40	13997
28997	173	23395
2754	81	3566
18566	171	17974
3566	152	674
18566	191	15674
674	152	3566
2974	81	3566
15674	191	18566
10904	53	10363
25363	168	26364
25363	168	25904
11364	53	10363
2225	53	10363
13036	34	9939
28036	186	24939
20319	186	24939
5319	34	9939
28036	190	24939
20319	190	24939
5649	34	13126
20649	186	29219
20649	190	28126
20649	190	29219
20649	186	28126
5649	34	14219
4512	81	10446
25446	171	19512
22289	171	19512
4512	81	7289
1260	81	3542
18542	192	23014
18542	171	18549
12887	81	3542
18542	171	16260
18542	171	26308
18542	171	27887
126	40	11734
126	81	7769
22769	171	15126
16609	187	15126
26734	173	15126
126	120	6737
126	53	5862
8051	81	8036
23036	171	23051
5855	120	4
5855	81	1754
19423	171	20855
5855	81	12766
22670	171	20855
27766	171	20855
5855	144	4353
12875	146	1280
16203	192	16280
27875	192	16280
1203	146	1280
1900	34	8720
16900	186	23720
16900	190	23720
1900	34	6790
16900	186	21790
16900	190	21790
2304	34	1523
17304	186	16523
2304	34	12003
17304	190	27003
17304	186	27003
17304	190	16523
6900	81	11670
6900	26	11177
26177	172	21900
26670	171	21900
12831	34	1850
27831	190	16850
1850	35	5009
18375	190	16850
27831	186	16850
18375	186	16850
4733	34	9026
19733	186	24026
19733	190	24026
4733	34	5253
19733	190	20253
19733	186	20253
1166	53	5606
20606	184	15218
6979	144	5606
5606	112	218
20606	168	21979
20606	168	27042
12042	53	5606
4543	34	7980
19543	186	25990
19543	190	22980
19543	186	22980
4543	34	10990
19543	190	25990
6911	26	8757
29876	187	21911
6911	19	14876
6911	144	603
23757	172	21911
10623	57	10479
11044	123	10479
25479	168	25950
10950	144	10479
12769	11	10479
10479	155	7559
692	56	10479
14492	81	2558
17558	171	29492
17558	171	23630
8630	81	2558
5668	26	2784
15775	171	20668
5668	81	775
17784	172	20668
38	99	2086
16595	168	17086
2086	11	1595
2086	53	7368
2086	57	1595
22368	168	17086
6614	81	2277
17277	171	21614
26436	171	21614
15423	171	21614
6614	120	6737
6614	81	11436
6614	81	423
3619	34	336
18619	186	23617
3619	112	1702
18619	184	16702
18619	186	21561
18619	186	17181
3619	34	2181
9770	26	1611
17796	171	24770
16611	172	24770
9770	81	7990
21104	171	24770
22990	171	24770
19955	171	24770
1556	53	7676
22676	168	27433
22676	168	16556
12433	53	7676
703	53	7676
22676	168	26977
22676	168	15703
8975	34	8651
21516	186	23651
27280	190	23651
7709	162	8651
17739	186	23651
12280	34	8651
28237	186	23651
5231	112	11213
20231	186	23574
20231	184	26213
5231	34	8574
20231	190	23574
5231	34	7697
20231	186	22697
7516	34	2302
23180	186	17302
16450	190	17302
1450	34	2302
23180	190	17302
16450	186	17302
22516	190	17302
2341	112	4932
17341	184	19932
27219	184	19932
12219	112	4932
3753	19	3075
18126	171	18753
3753	81	3126
18075	187	18753
1675	34	8938
16675	186	23938
28768	190	23938
1675	162	8938
13768	34	8938
29589	186	23938
29589	190	23938
564	53	5517
5517	56	14024
20517	179	18585
5517	151	14024
20517	168	15564
14024	131	5517
20517	168	20790
8303	53	60
15060	168	23303
8153	34	8498
23153	186	17330
8153	34	12144
23153	190	23498
23153	190	27144
8153	34	2330
23153	186	27144
7810	26	10852
19266	171	22810
7810	81	4266
25852	172	22810
12960	151	6185
12699	56	6185
21185	168	29733
21185	168	25625
14733	57	6185
7651	56	6185
6185	56	7651
8256	81	3544
18544	171	18646
18544	171	23256
18544	171	23764
3646	81	3544
9570	26	13663
28663	172	24570
9570	19	7594
22003	171	24570
9570	118	3273
9570	81	7003
9570	144	8652
12922	53	3639
18639	173	27922
18639	168	27922
12922	40	3639
12922	81	3639
18639	171	27922
12922	144	3639
14886	86	6272
17294	184	21272
29886	165	21272
2294	112	6272
10316	112	6272
25316	184	21272
2471	86	6272
10084	81	1413
17387	173	25084
10084	40	2387
10084	53	2494
16413	171	25084
17494	168	25084
10084	81	13912
13446	112	6875
23393	184	21875
8300	14	6875
28446	184	21875
8393	112	6875
23300	180	21875
7155	81	9397
24397	171	22155
7155	53	12756
27756	168	22155
17784	172	22155
7155	26	2784
7566	34	6790
22566	186	25307
22566	190	25307
22566	190	21790
7566	34	10307
22566	186	21790
71	40	7854
22686	171	15071
71	81	7686
19587	187	15071
71	19	4587
24286	173	15071
71	40	9286
7350	34	9499
25049	190	24499
27911	186	24499
9635	162	9499
12911	34	9499
23633	186	24499
22350	186	24499
543	34	3041
15543	190	18041
15543	186	17882
543	34	2882
15543	190	17882
15543	186	18041
2263	120	6737
28339	171	17263
2263	81	13339
2263	26	5376
20376	172	17263
5073	34	6445
20073	186	27051
20073	190	21445
5073	34	12051
20073	186	21445
20073	190	27051
8202	11	7403
4282	151	7403
22403	171	18431
22403	168	23202
4282	56	7403
22403	168	23598
22403	168	25405
745	81	11612
24176	171	15745
745	81	9176
26612	171	15745
2451	81	8400
23400	171	21781
5891	81	8400
23400	171	27204
23400	171	22226
23400	171	16308
23400	171	29579
8236	26	4706
19706	172	19051
19706	172	20315
12049	26	4706
19706	172	27049
19706	172	20201
3674	26	4706
2826	81	7153
19800	172	17826
22153	171	17826
2826	26	4800
2826	120	13054
6912	81	3473
18473	171	18881
18473	171	21912
14988	81	3473
18473	171	24903
18473	171	29804
10064	81	3473
5108	144	5639
5108	81	1115
26173	171	20108
27220	171	20108
5108	81	11173
5108	102	12220
5108	81	12220
2033	34	8720
17033	190	23720
17033	186	23720
6511	81	2829
16088	173	21511
6511	40	1088
17829	168	21511
17829	171	21511
7972	81	10150
25150	171	19072
4072	81	10150
25150	171	22972
7943	81	8406
23406	191	27073
9340	11	8406
8406	152	12073
23406	168	24340
244	56	8406
244	151	8406
13163	81	4331
19331	179	18585
19331	171	23307
19331	171	28163
8307	81	4331
323	34	6475
15323	190	21475
15323	186	21475
6760	81	13312
18616	171	21760
6760	120	13054
6760	81	3616
28312	171	21760
10872	26	778
15778	172	25300
15778	172	23569
15778	172	15007
4445	26	778
15778	172	19445
8569	26	778
9730	81	1645
22206	171	24730
9730	26	1706
16706	172	24730
9730	144	7999
9730	81	7206
16645	171	24730
10431	81	4203
19203	171	25431
19203	171	23991
19203	171	21476
19203	171	16120
6476	81	4203
1120	81	4203
1220	40	13201
1220	26	6097
28201	168	16220
1220	53	13201
28201	173	16220
2051	81	4420
19420	171	17051
19420	171	25029
19420	171	16646
19420	171	29724
1646	81	4420
19420	171	26095
7432	81	14181
29181	171	22432
7432	26	4018
18647	173	22432
7432	53	3647
7432	40	3647
19018	172	22432
10888	81	5467
20467	171	16989
20467	171	17309
20467	171	15240
240	81	5467
20467	171	24569
20467	171	25888
7935	34	8774
22935	190	23774
22935	186	27560
22935	186	23774
7935	34	12560
22935	190	27560
5875	40	6608
17815	171	20875
5875	81	2815
21608	173	20875
2080	81	11239
17927	168	17080
2080	53	2927
28417	171	17080
29874	171	17080
26239	171	17080
28235	171	17080
4768	40	8199
23199	173	29593
14593	40	8199
23199	173	19768
1838	85	8226
16838	165	23226
1224	26	6562
21562	172	16224
1224	81	13618
29931	173	16224
25992	171	16224
1224	40	14931
1224	53	2620
6618	70	10999
6618	70	12397
27397	174	21618
25999	174	21618
9826	34	4492
24826	186	28175
24826	190	28175
9826	34	13175
24826	186	19492
24826	190	19492
7842	53	5282
20282	168	29610
14610	53	5282
20282	168	22842
5482	81	7003
24674	171	20482
5482	81	2999
22003	171	20482
5482	81	9674
17999	171	20482
4199	87	4511
19199	165	19511
19199	165	28804
4199	87	13804
19199	165	29738
4199	87	14738
2548	34	3479
17548	190	18479
17233	186	18479
4642	34	3479
19642	190	18479
19642	186	18479
17233	190	18479
5101	81	10282
28997	173	20101
5101	26	8439
25282	171	20101
5101	40	13997
5101	120	4
5101	81	12398
2739	34	6290
15288	186	21290
28670	190	21290
13670	34	6290
28583	186	21290
21530	186	21290
28670	186	21290
9388	26	9106
24106	168	24388
27402	171	24388
9388	53	9106
9388	81	12402
24106	173	24388
9388	40	9106
5323	81	5277
5323	53	12314
29718	171	20323
17543	171	20323
15524	171	20323
5323	81	524
5323	81	14718
12169	34	1023
21477	186	16023
27966	190	16023
27966	186	16023
24936	190	16023
27169	190	16023
12966	34	1023
8624	81	3741
26505	171	23624
8624	81	13863
28863	171	23624
8624	81	11505
18741	171	23624
9786	133	47
9786	129	12602
27602	168	24786
19348	168	24786
9786	129	4348
8287	120	4
19990	172	23287
8287	19	5675
20675	187	23287
8287	53	6643
8287	81	1278
8287	26	4990
14007	144	5916
20916	173	26249
12336	40	5916
11249	53	5916
20916	173	27336
11249	144	5916
14007	53	5916
1947	81	9997
24805	173	16947
1947	40	9805
1947	26	2784
17784	172	16947
15783	171	16947
1947	81	783
6624	81	7843
22843	171	21624
22843	171	16485
22843	171	24365
175	81	7843
22843	171	15175
9365	81	7843
5782	34	10832
20782	186	25482
20782	190	25832
20782	190	25482
5782	34	10482
20782	186	25832
5607	34	1492
24207	186	16492
4427	162	1492
19806	186	16492
28625	190	16492
28625	186	16492
4427	34	1492
12583	34	3545
27583	190	18545
28963	186	18545
27583	186	18545
13963	34	3545
21928	186	18545
26917	190	18545
946	81	2732
17732	185	26595
600	102	2732
13859	81	2732
17732	171	15946
17732	171	21975
17732	171	28859
3283	26	4727
13986	26	4727
19727	172	28986
19727	172	15227
227	26	4727
19727	172	18283
8835	40	7158
25677	171	23835
8835	81	7569
8835	120	13054
8835	81	10677
22569	171	23835
22158	173	23835
7328	81	3518
19789	187	22328
28663	168	22328
29216	173	22328
7328	26	13663
7328	40	14216
28663	172	22328
2361	123	5833
11150	99	2361
20833	168	17361
2361	48	11150
14610	99	2361
7970	34	446
22970	186	21041
22970	190	21041
7970	34	6041
22970	186	15446
22970	190	15446
5159	144	8497
29407	168	20159
5159	81	13504
24540	171	20159
5159	53	14407
28504	171	20159
5159	81	9540
7244	34	7806
22244	186	25553
22244	190	25553
22244	186	16023
7244	34	13987
22244	190	16023
22244	186	28987
1212	151	3789
1212	56	3789
24383	191	18789
11145	81	3789
6668	56	3789
6916	151	3789
6916	56	3789
9118	81	9413
24413	171	24118
9118	81	2999
17999	171	24118
3495	81	451
22185	171	18495
3495	81	7185
15451	171	18495
8630	81	8769
23769	171	24876
6131	81	8769
23769	171	23630
23769	171	16308
23769	171	22336
2331	81	8769
638	34	11609
15638	186	26609
15638	190	26609
7270	34	8304
22117	186	23304
22117	190	23304
22270	190	23304
7117	34	8304
22270	186	23304
1422	81	8708
20011	171	16422
1422	81	5011
23708	171	16422
923	38	11603
24029	173	15923
923	120	6737
923	19	11038
26038	187	15923
923	40	9029
735	81	9596
24596	171	27380
24596	171	17898
24596	171	16855
24596	171	16331
24596	171	27989
24596	171	15735
1077	81	7720
22720	171	27327
22720	171	21772
22720	171	15862
22720	171	29329
14329	81	7720
22720	171	16077
4113	40	9065
24065	173	19113
1144	40	9065
24065	173	16144
8954	81	4614
19614	171	23954
5133	81	4614
19614	171	20133
14547	81	2432
17432	171	18107
17432	171	29547
3107	81	2432
5109	19	4766
5109	120	6737
19766	187	20109
4584	81	100
15100	171	24609
15100	171	26887
15100	171	19999
15100	171	27841
9609	81	100
12841	81	100
9230	11	9475
9230	53	11737
9230	57	9475
17586	168	24230
9230	53	2586
26737	168	24230
24475	168	24230
13879	19	6581
21581	187	27331
21581	187	18055
12331	19	6581
21581	187	26469
3055	19	6581
11469	19	6581
7970	34	6041
22970	186	21041
13494	162	6041
28494	190	21041
22970	190	21041
6086	4	3099
6086	53	10579
29215	168	21086
6086	53	14215
25579	168	21086
257	81	8563
257	144	8563
23563	171	29546
14546	81	8563
23563	171	15257
10806	19	6605
21605	187	21670
21605	187	25806
6670	19	6605
21605	187	20322
2112	19	6605
5322	19	6605
8857	81	10943
29918	171	23857
8857	81	14918
25943	171	23857
10419	87	12432
25419	165	27432
142	152	3879
15142	191	18879
9429	81	142
18879	191	15142
3879	152	142
1006	81	142
15142	171	29898
11185	34	541
17879	186	15541
28568	190	15541
13568	34	541
28568	186	15541
17036	186	15541
26185	190	15541
3950	53	4601
19601	173	18950
3950	40	4601
19201	171	18950
3950	81	4201
18951	171	18950
3950	81	3951
6595	40	4056
19056	173	16619
19056	173	21595
1619	40	4056
1163	144	6240
1163	53	6240
28481	168	16163
1163	53	13481
16032	168	16163
21240	168	16163
1163	53	1032
2628	34	8222
17324	186	23222
12431	162	8222
15454	186	23222
17809	186	23222
17730	186	23222
2324	34	8222
6771	19	5675
16706	172	21771
6771	144	7999
6771	26	1706
20675	187	21771
6771	120	4
7294	81	3223
18223	184	16369
3223	112	1369
7418	81	3223
8173	81	3223
18223	171	22294
18223	171	22418
9647	81	9485
9647	40	3975
18975	173	24647
24485	171	24647
16844	171	24647
9647	81	1844
5415	26	1461
16461	168	16421
4108	97	1461
16461	168	19108
1421	97	1461
16461	172	15657
11688	26	1461
3675	26	6837
21837	168	20967
8891	26	6837
5967	26	6837
4797	26	6837
21837	172	23891
21837	172	19797
1441	112	7406
7406	72	7406
7347	112	7406
7406	72	7406
6096	112	7406
12921	112	7406
22347	184	22406
7315	81	3645
18645	171	22315
18645	171	28966
13966	81	3645
8613	97	9913
28534	171	23613
8613	81	13534
3414	40	3105
18105	187	24816
9816	19	3105
18105	187	26689
11689	19	3105
18105	173	17149
18105	173	16881
2820	81	9375
24375	171	24672
24375	171	17820
24375	171	19402
6804	81	9375
9672	81	9375
4402	81	9375
1051	57	5115
8849	56	5115
20115	168	16051
5115	155	13083
5115	93	13850
1051	144	5115
335	57	5115
14636	57	978
978	155	606
15978	168	22452
14636	11	978
11998	11	978
12309	57	978
1923	144	978
1039	34	14685
16039	186	27560
16039	190	29685
1039	34	12560
16039	186	29685
16039	190	27560
8462	144	2214
17214	173	23462
8462	40	2214
28726	187	23462
8462	120	13054
8462	19	13726
20236	171	23462
11006	53	7529
6304	26	7529
22529	184	23010
22529	168	26006
7529	112	8010
9588	26	7529
22529	172	24588
2448	81	3115
2448	40	2608
17608	173	17448
18115	171	17448
14319	34	10022
29319	190	25022
16194	190	25022
10022	35	5289
21966	186	25022
1194	34	10022
21966	190	25022
5491	53	2993
17993	168	20491
5491	53	10580
25580	168	20491
2337	38	10614
26711	168	17337
2337	81	12094
27094	171	17337
16278	171	17337
2337	53	2993
24805	173	17337
3285	34	6018
18285	186	21018
24101	186	21018
18285	190	21018
9101	34	6018
24101	190	21018
14007	40	2801
17801	173	29007
17801	173	22864
17801	173	25801
7864	40	2801
10801	40	2801
11729	19	9067
24067	187	20910
24067	187	21587
24067	187	15088
24067	187	26101
24067	187	16904
88	19	9067
12114	34	7985
27196	186	22985
23006	190	22985
27196	190	22985
6390	34	7985
27114	190	22985
17342	186	22985
7537	56	1082
22537	168	21708
8984	56	7537
7537	151	1082
6175	57	7537
8984	151	7537
4382	57	7537
6162	81	12704
27704	171	21162
6162	26	14849
29849	172	21162
9342	81	1599
16599	171	24342
16599	171	26935
11935	81	1599
14115	53	4011
5731	53	4011
19011	168	26019
19011	168	20731
19011	168	15091
91	53	4011
5218	53	4011
3073	135	5569
24228	184	20569
9228	112	5569
5569	87	3073
3073	23	5569
18073	165	20569
20569	165	18073
1835	144	4334
27883	168	16835
1835	53	12883
1835	53	4334
1835	144	12883
19334	168	16835
3477	81	6221
20686	171	18477
21221	171	18477
3477	81	5686
9421	56	9494
24421	168	23455
4898	53	9421
24421	168	25625
2571	53	9421
9421	151	9494
14674	53	9421
871	40	13976
25121	171	15871
871	81	10121
19686	171	15871
28976	173	15871
8089	43	10333
23089	190	25333
23485	190	25333
23089	186	25333
20161	190	25333
23485	186	25333
5161	43	10333
7626	81	8798
7626	26	13225
23798	171	22626
28225	172	22626
11243	81	7779
22779	171	15356
22779	192	23014
4852	81	7779
22779	171	20983
22779	171	26243
4816	81	7779
11908	81	3305
18305	171	28736
13736	81	3305
18305	171	26908
18305	171	21614
9457	81	12893
22990	171	24457
27893	171	24457
19955	171	24457
9457	81	7990
9457	81	4955
10273	81	1719
15892	171	25273
16719	171	25273
10273	81	892
2603	162	6693
17603	186	25378
2603	34	6693
2603	34	10378
17603	190	21693
17603	190	25378
7919	97	9336
24336	172	28874
5003	26	9336
24336	172	20003
24336	168	22919
13874	97	9336
11653	97	9336
3574	87	13226
13226	135	3574
13226	23	3574
28226	165	18574
18574	165	28226
7457	112	9736
22457	184	24736
7457	34	1550
22457	190	16550
22457	186	16550
1481	87	2200
16481	165	15858
16481	165	17200
1481	87	858
1644	81	2891
17891	171	16644
20217	173	16644
1644	120	6737
1644	40	5217
16627	171	16644
1644	81	1627
7762	34	6895
20392	186	21895
20392	190	21895
22762	190	21895
22762	186	21895
5392	34	6895
1384	40	7540
22540	173	17377
2377	40	7540
22540	173	16384
8688	34	9212
23688	190	24212
23688	186	24212
10389	53	2899
17899	184	20297
17899	168	29049
10033	144	2899
2899	112	5297
17899	168	22079
14049	53	2899
10046	87	3680
25046	165	18680
25046	165	28182
10046	87	13182
1787	34	4887
16787	186	19887
16787	190	19887
6952	81	3181
18430	171	21952
27341	171	21952
6952	81	12341
18181	171	21952
6952	81	3430
4788	81	8864
4788	81	10039
25039	171	19788
23864	171	19788
5581	120	4
15851	173	20581
5581	144	7999
15104	187	20581
27668	171	20581
5581	19	104
5581	81	5693
1184	53	14398
21196	171	16184
1184	40	14398
1184	81	6196
29398	173	16184
1184	144	14398
29398	168	16184
7440	144	304
7440	4	3048
15304	168	22440
7440	53	8272
23272	168	22440
10819	48	7440
7440	99	10819
8112	11	13014
8112	57	13014
28014	168	23112
24426	168	23112
3240	81	14626
19745	171	18240
29626	171	18240
3240	81	4745
4776	53	9300
24300	168	19776
24300	168	19670
24300	168	28276
9300	151	5848
4670	11	9300
2856	56	9300
1704	81	4252
21667	168	16704
1704	40	6667
21667	173	16704
19252	171	16704
5958	53	5141
5141	151	13764
13764	155	5141
20141	168	20958
20141	168	23398
5141	56	13764
8398	53	5141
375	34	12646
15375	186	27646
15375	190	15870
15375	186	15870
15375	190	27646
375	34	870
7170	44	6262
20070	184	21262
5070	112	6262
22170	175	21262
22170	184	21262
7170	112	6262
5014	112	6915
20014	184	21915
13814	44	6915
28814	175	21915
4401	81	4745
19745	171	18240
19745	171	19401
3240	81	4745
9616	34	10212
24616	184	28525
24616	190	25212
24616	186	25212
9616	112	13525
7993	81	6016
28972	171	22993
7993	81	13972
21016	171	22993
8569	26	778
29432	173	23569
8569	40	14432
15778	172	23569
621	81	144
15144	192	23014
15144	171	27471
15144	171	22961
12471	81	144
15144	171	29350
15144	171	25486
1240	26	3590
24431	171	16240
1240	81	9431
18590	172	16240
9778	53	14759
29759	173	24778
9778	81	6878
29759	172	24778
29759	168	24778
28926	171	24778
9778	26	14759
9309	81	10458
15311	173	24309
25458	171	24309
9309	40	311
13601	40	5213
13601	53	5213
20213	173	17533
20213	173	28601
20213	173	29956
14956	40	5213
2533	40	5213
9195	53	2494
9195	26	1786
16786	172	24195
28851	168	24195
9195	53	1323
17494	168	24195
9195	53	13851
6732	53	6643
16278	171	21732
6732	40	10836
6732	81	1278
25836	173	21732
6732	81	11063
6732	26	1706
4712	102	6318
12739	81	6318
21318	171	19712
996	144	6318
21318	171	19329
14038	81	6318
21318	171	28397
7931	56	10517
7931	151	10517
7931	151	7733
22931	168	15786
8598	53	7931
22931	168	20600
22931	168	23598
7924	26	345
28896	171	22924
7924	81	13896
15345	172	22924
2538	53	2807
2807	4	10408
17807	168	17538
17807	168	28408
13408	53	2807
5242	144	2807
8483	34	3611
8483	162	1446
23483	190	27967
23483	186	27967
8483	162	12967
23483	186	18611
23483	190	16446
10531	112	741
25531	184	15741
8694	81	1312
16312	171	23694
25846	171	23694
8694	81	10846
8592	81	5372
20372	171	20631
20372	171	23592
5189	26	8872
5189	26	12460
23872	172	20189
27460	172	20189
836	146	5178
15836	192	22258
836	146	7258
15836	192	20178
5133	53	12756
27756	168	20133
5133	81	4614
19614	171	20133
9591	81	208
15208	171	24591
16754	171	24591
9591	81	1754
12038	71	1042
29783	165	16042
7816	112	1042
20051	169	16042
19624	184	16042
14711	115	1042
1042	72	1042
4283	26	986
15986	172	26413
15986	172	19283
9780	26	986
15986	172	16584
7374	26	986
11413	26	986
3089	53	10491
25491	168	18089
20824	168	18089
3089	53	5824
1549	81	12463
25884	171	16549
27463	171	16549
1549	81	10884
12165	81	7151
22151	171	27165
22151	171	17655
22151	171	17411
2655	81	7151
2411	81	7151
510	81	7151
7142	11	13780
28780	168	22142
8733	48	7142
7142	57	13780
8455	53	9494
24421	168	23455
8455	53	9421
24494	168	23455
12181	81	9745
24745	171	21997
24745	171	27181
24745	171	25798
6997	81	9745
10798	81	9745
24745	171	26020
3993	81	4142
19142	171	26372
19142	171	25971
19142	171	24469
19142	171	22336
10971	81	4142
19142	171	27140
3699	81	693
19093	171	18699
3699	81	4093
21302	171	18699
23195	171	18699
3699	81	6302
3699	81	8195
13387	34	7275
28387	186	22275
28387	190	22275
4812	120	4
25178	168	19812
4812	26	10178
4812	81	11343
26343	171	19812
25178	172	19812
4812	19	13786
8171	112	6474
23171	184	21474
2992	112	6474
17992	184	21474
22916	184	21474
7916	112	6474
4874	81	525
15525	171	19874
21507	171	19874
4874	81	6507
1431	81	1557
28246	168	16431
1431	53	13448
16557	171	16431
1431	53	13246
28448	168	16431
8546	53	5646
20646	168	27901
20646	168	23546
14684	53	5646
7299	53	5646
20646	168	20780
14191	53	5646
3887	112	5457
18887	184	20457
3887	34	8450
18887	190	23450
18887	186	23450
5234	40	9071
29996	171	20234
5234	81	14996
24071	173	20234
9733	144	7047
9733	99	9863
16603	168	24733
9733	53	1603
9863	48	9733
29947	168	24733
9733	11	14947
185	128	11595
185	112	7101
15185	185	26595
15185	184	22101
15185	171	19073
4073	81	185
15185	179	18585
10394	34	3868
25394	186	18868
25394	190	18868
25394	184	19045
10394	112	4045
1348	53	14541
28647	168	16348
1348	40	851
15851	173	16348
1348	53	13647
29541	168	16348
9795	53	1934
16934	168	24795
8602	38	6948
21948	173	23602
8602	40	6948
8602	144	6948
6740	81	4608
6740	120	1502
19608	171	21740
242	144	8262
242	16	4984
27905	168	15242
242	53	12905
27905	173	15242
242	40	12905
2961	40	4442
19442	173	17961
8341	81	9422
24422	171	23341
8341	81	2517
17517	171	23341
8573	34	7697
23573	186	22697
23573	190	22697
20231	186	22697
20231	190	22697
8822	34	7697
5231	34	7697
7172	11	4333
19333	168	22172
7172	57	4333
11076	26	10240
25240	172	15648
25240	172	26448
10240	112	1570
25240	172	24999
25240	172	27701
25240	172	17552
8719	152	12722
23719	191	27722
12722	152	8719
27722	191	23719
8813	81	3158
20481	168	23813
8813	53	5481
19448	171	23813
18158	171	23813
8813	81	4448
17917	171	23813
13502	53	4486
19486	168	28502
13502	144	4486
3720	81	4414
19414	171	18720
3720	81	5544
20544	171	18720
900	34	13010
15900	186	27706
15900	190	27706
900	34	12706
15900	190	28010
15900	186	28010
10312	81	7536
19066	171	25312
22536	171	25312
10312	81	4066
10312	120	6737
2424	40	5371
2424	81	10929
20371	173	17424
25929	171	17424
20157	171	17424
2424	81	5157
3978	34	9754
18978	190	27119
3978	112	5259
18978	184	20259
3978	34	12119
18978	190	24754
18978	186	27119
4340	81	534
4340	19	14404
29404	187	19340
15534	171	19340
18676	171	19340
4340	81	2804
4340	81	3676
4194	112	763
19194	186	27236
19194	184	15763
4194	34	12236
19194	190	27236
1259	81	14896
21064	172	16259
1259	26	6064
29896	171	16259
24074	171	16259
1259	81	2682
1259	81	9074
8324	34	1456
23324	186	16456
23324	190	16456
4998	56	7321
19998	184	16766
4998	93	1766
6898	81	4998
14084	151	4998
4998	4	6444
14084	56	4998
2622	40	4166
22831	171	17622
19166	171	17622
2622	81	7831
2622	81	4166
19166	173	17622
2027	53	4360
19696	171	17027
2027	81	4696
20426	168	17027
19360	168	17027
2027	19	1315
2027	53	5426
7907	26	6582
21403	171	22907
21582	172	22907
7907	81	6403
7907	81	2516
7907	120	4
17516	171	22907
5152	34	4741
20152	186	19741
20152	190	19741
5152	34	7560
20152	190	22560
20152	186	22560
9015	34	12958
24015	190	23186
9015	112	8536
24015	184	23536
24015	190	27958
24015	186	23186
9015	34	8186
12	81	9402
24402	171	15012
12	81	4061
19061	171	15012
266	40	2853
17853	191	24832
2853	152	9832
17853	173	15527
527	144	2853
1650	40	2853
9832	152	2853
9931	34	5378
24931	186	20378
24931	190	20378
2459	35	616
13947	34	2459
28947	186	17459
22127	190	17459
22127	186	17459
28947	190	17459
7127	34	2459
8767	70	672
15672	174	23767
5090	19	14740
20271	168	20090
5090	53	5271
5090	53	12329
29740	187	20090
27329	168	20090
6869	144	8364
29666	172	21869
23364	173	21869
6869	26	14666
6869	40	8364
5466	81	2239
19568	172	20466
5466	26	4568
28870	171	20466
18939	171	20466
5466	81	3939
5466	81	13870
6929	56	8083
3959	151	8083
23083	171	16820
23083	168	27884
12884	53	8083
1820	81	8083
10957	151	8083
2248	56	14661
10921	144	2248
17248	168	25921
5555	26	2248
14661	151	2248
2248	151	14661
14661	56	2248
11451	81	5619
20619	180	26835
5619	14	11835
10896	81	5619
20619	171	26451
20619	171	25896
6476	53	1233
16233	168	21476
29035	171	21476
6476	81	14372
6476	81	14035
29372	171	21476
19203	171	21476
11004	11	3897
18897	172	23983
11004	57	3897
10451	11	3897
3480	151	3897
18897	168	26004
8983	26	3897
9755	34	8862
24755	186	25975
24755	190	23862
24755	186	23862
9755	34	10975
24755	190	25975
9846	116	12827
9846	81	3520
27827	168	24846
18520	171	24846
4134	144	1953
23087	171	19134
4134	81	8087
4134	81	5805
4134	120	4
20805	171	19134
2170	112	9188
24188	165	20009
4513	35	9188
9188	87	5009
17170	184	24188
6480	112	8901
21480	184	23901
8911	112	8901
23911	184	23901
3648	24	13277
18648	190	28277
13940	34	2300
23426	186	17300
23426	190	17300
24359	190	17300
21305	190	17300
13122	34	2300
28122	186	17300
2059	34	4039
17059	186	19039
2401	34	4039
25605	186	19039
17401	190	19039
17059	190	19039
17401	186	19039
1412	13	1821
1821	24	3214
16821	190	18214
1821	55	11190
16412	189	16821
5511	144	14303
5511	40	14303
29303	173	20511
29303	171	20511
5511	81	14303
5511	81	7387
5511	53	14303
14635	34	4610
29263	186	19610
29635	186	19610
18559	190	19610
18559	186	19610
14263	34	4610
3559	34	4610
5761	81	5537
24214	171	20761
20537	171	20761
5761	81	9214
1313	40	9260
1313	19	9260
24260	168	16313
24260	187	16313
1313	53	9260
24260	173	16313
10316	34	12646
25316	186	27646
25316	184	21272
25316	190	27646
10316	112	6272
11604	53	4717
19717	168	26604
19717	168	21112
6112	53	4717
7366	26	9938
10771	144	9938
7046	26	9938
24938	172	16442
24938	172	20487
10771	26	9938
13008	26	9938
6734	40	12385
19290	171	21734
6734	81	4290
27385	173	21734
2327	81	7279
24612	168	17327
29436	172	17327
2327	53	9612
2327	26	14436
22279	171	17327
2331	120	4
24228	171	17331
2331	81	8769
2331	81	9228
23769	171	17331
15084	171	17331
2331	81	84
13300	40	2182
17182	171	16382
17182	171	22084
17182	173	28300
2225	81	8667
23667	173	17225
2225	40	8667
23667	171	17225
5096	81	8667
12124	81	8667
23667	171	22215
6151	81	4700
19700	171	29134
19700	171	28642
13642	81	4700
19700	171	18049
19700	171	21645
7458	81	4700
10677	146	4824
22682	192	19824
25677	192	19824
7682	146	4824
10336	59	261
261	70	10336
261	70	11154
25336	174	15261
26154	174	15261
6345	81	12220
28602	172	21345
6345	26	13602
6345	120	4
6345	53	1072
27220	171	21345
4133	81	5744
20744	171	19133
27986	171	19133
4133	120	4
4133	81	12986
797	81	5484
20484	171	20472
20484	171	15797
20484	171	24808
5472	81	5484
9808	81	5484
12321	34	386
27321	190	15386
27321	186	15386
7002	19	807
15807	187	22002
15807	187	16142
13184	19	807
15807	187	18762
15807	187	28184
15807	187	19780
8530	34	11146
23530	190	26146
8530	84	11146
12292	147	8595
23595	165	28236
12292	94	8595
8595	2	13236
8595	153	12292
8595	147	12292
12292	65	8595
1338	19	12820
20931	171	16338
1338	81	5711
27820	187	16338
20711	171	16338
18830	171	16338
4393	128	14574
19393	175	27610
4393	44	12610
19393	185	29574
2955	112	7798
17955	184	22798
17955	186	28734
2955	34	13734
17955	179	19964
2955	112	4964
17955	190	28734
10486	81	144
25795	171	25486
10486	81	4886
10486	81	10795
19886	171	25486
15144	171	25486
13791	81	4084
9417	53	4084
19084	168	24417
19084	168	29282
14282	53	4084
19084	171	24417
14192	81	4084
8672	44	7712
23672	175	22712
4940	34	9817
20801	186	24817
5801	162	9817
9817	35	8
28230	186	24817
14079	34	9817
29079	186	24817
842	96	2539
3231	96	842
3231	49	842
15842	189	18231
2539	73	842
842	49	2539
842	73	3231
3902	40	3550
25997	168	18902
3902	81	4228
3902	53	3550
3902	53	10997
18550	173	18902
19228	171	18902
9676	40	6479
22448	171	24676
9676	81	7448
21479	173	24676
12513	87	6776
27513	165	21776
28882	165	21776
13882	87	6776
6301	81	2351
22235	173	21301
6301	40	7235
17351	171	21301
11350	34	1341
17217	190	16341
17217	186	16341
26350	186	16341
2217	34	1341
26350	190	16341
5415	26	1461
23317	171	20415
5415	81	9815
24450	172	20415
5415	81	980
5415	26	9450
15980	171	20415
7690	81	12644
7690	40	2076
27644	171	22690
17076	173	22690
9649	81	8986
23986	171	24649
7591	81	8986
23986	171	22591
913	81	14694
19863	173	15913
913	40	4863
29694	171	15913
8002	81	6507
21507	171	23002
1538	40	4777
19777	173	29539
19777	173	15472
14539	40	4777
19777	173	16538
472	40	4777
8528	81	3150
18150	171	23528
5315	53	5621
5315	26	4706
20621	168	20315
19706	172	20315
20140	171	20315
5315	81	5140
9837	19	4353
9837	40	4353
22019	168	24837
19353	173	24837
18676	171	24837
9837	53	4353
9837	81	3676
9603	34	1064
15589	186	16064
15589	190	16064
14742	34	1064
8609	34	1064
23609	190	16064
29742	190	16064
6813	34	3686
8524	34	3686
23524	186	18686
23524	190	18686
21813	186	18686
20342	186	18686
17720	186	18686
8692	26	14666
18822	168	23692
8692	53	3822
29666	172	23692
5256	34	14685
20256	186	29685
20256	190	26784
20256	190	22806
20256	186	26784
20256	186	26335
20256	190	29685
12844	129	3045
18045	168	27844
3935	129	3045
18045	168	18935
4687	11	6036
21036	168	19687
4687	53	6684
4687	99	11914
4687	57	6036
4687	144	6684
11914	48	4687
8478	40	5769
8478	81	10627
25627	171	23478
20769	173	23478
28875	171	23478
8478	81	13542
8478	81	13875
4774	40	5229
20229	168	19774
4774	53	5229
4774	144	5229
20229	173	19774
8249	24	5717
23249	190	20717
15647	190	20717
647	24	5717
4349	81	11420
21578	168	19349
4349	53	6578
17208	171	19349
4349	81	2208
26420	171	19349
629	81	5881
17203	173	15629
629	40	2203
20881	171	15629
629	144	2203
19136	171	15629
629	53	2203
12353	34	3039
27353	186	18039
27353	190	18039
17128	190	18039
2128	34	3039
17128	186	18039
10141	81	1157
16157	171	23951
16157	171	27713
12713	81	1157
16157	171	21255
16157	171	25141
16157	171	25561
8239	106	11901
23239	190	29286
8239	106	13048
23239	190	28048
23239	190	26901
8239	106	14286
1272	144	3922
18922	173	22743
12253	40	3922
18922	173	27253
11582	144	3922
18922	173	18392
14010	144	3922
12207	81	3577
18577	171	29749
18577	171	21087
14749	81	3577
18577	171	20119
18577	171	29643
18577	171	27207
1394	40	6642
2959	144	6642
1394	53	6642
21642	173	16394
21642	168	17959
2959	53	6642
21642	173	17959
6421	81	4448
19448	171	21421
6421	81	11167
26167	171	21421
14265	112	10317
29265	184	25317
2160	35	10317
3919	40	7641
19608	171	18919
3919	53	7641
3919	81	3990
16782	172	18919
3919	81	4608
3919	26	1782
2134	120	6737
29755	173	17134
2134	19	6672
21672	187	17134
2134	40	14755
1479	152	6931
16479	191	21931
11071	81	6931
21931	191	16479
6931	152	1479
21931	171	26071
6983	81	6931
8269	81	11903
8269	26	12927
27927	172	23269
26903	171	23269
8269	120	13054
8269	81	9306
8269	81	8783
4662	87	10593
19662	165	17092
19662	165	25593
4662	87	2092
9510	81	14785
29785	171	24510
6687	144	9383
24383	168	21687
6687	53	14670
6687	53	9383
29670	168	21687
5380	26	1680
16680	172	20380
3969	57	7736
2198	56	7736
2201	151	7736
22736	168	18969
7736	131	2198
14470	11	7736
22736	168	29470
1683	144	7859
22859	168	16683
1683	81	4127
1683	40	7859
19127	171	16683
22859	173	16683
1683	53	7859
7054	34	11850
22054	186	26850
22054	190	18161
22054	190	26850
7054	34	3161
22054	186	18161
5318	34	5506
23975	190	20506
20318	190	20506
5506	35	14163
11015	34	5506
26015	190	20506
20318	186	20506
1058	53	4432
22505	171	16058
1058	81	7505
19432	168	16058
4405	34	9291
16908	186	24291
15942	186	24291
16908	190	24291
942	34	9291
15381	186	24291
15381	190	24291
6209	81	6982
26825	168	21209
21785	173	21209
6209	53	11825
6209	144	6785
6209	40	6785
6209	81	13306
13952	112	1242
20154	184	16242
13952	14	1242
19970	184	16242
28952	184	16242
22436	184	16242
7436	112	1242
13731	81	668
15668	171	28731
15668	171	20207
5207	81	668
5053	81	668
15668	171	20053
6553	34	14806
21553	190	21962
21553	186	25947
21553	186	29806
21553	186	26371
21553	186	15504
6553	34	504
707	34	1735
23512	186	16735
15707	186	16735
15707	190	16735
6984	43	7885
11427	43	7885
25525	190	22885
19292	190	22885
4292	43	7885
8926	43	7885
19292	186	22885
7197	144	9324
7197	19	13976
28976	187	22197
7197	81	7234
7197	53	10015
7197	81	8400
22234	171	22197
13720	11	4248
3002	57	4248
19248	168	18002
19248	168	16768
14429	151	4248
19248	168	28720
14429	56	4248
1688	96	2623
20847	189	16688
1688	96	5847
17623	189	16688
3534	35	9919
24364	186	18534
10318	34	3534
18534	165	24919
9364	34	3534
24131	190	18534
24131	186	18534
13192	53	3192
13192	40	3192
13192	81	3192
18192	173	28192
18192	168	28192
18192	171	28192
18192	179	24952
11929	81	1750
16750	171	26512
16750	171	19832
16750	171	17664
16750	171	26929
16750	171	26364
278	81	1750
2800	123	2135
2800	144	2135
17135	168	17800
2800	4	3048
1904	81	11303
24067	187	16904
1904	40	12650
26303	171	16904
27650	173	16904
1904	19	9067
5908	12	289
4975	112	5908
15289	165	20908
15289	176	20908
19975	184	20908
5645	81	7428
22428	171	20391
22428	171	20645
5391	81	7428
10304	26	7376
22376	168	25304
10304	40	7376
10304	53	7376
10304	19	7376
22376	173	25304
22376	172	25304
9185	34	2187
22230	190	17187
16633	186	17187
29055	186	17187
26801	186	17187
7230	34	2187
24185	186	17187
1324	81	11434
26434	171	16324
19281	171	16324
1324	81	4281
1782	112	3557
23274	184	18557
8274	112	3557
16782	184	18557
824	81	5634
20634	171	15824
20634	171	19026
11019	81	5634
20634	171	26019
20634	171	29028
14028	81	5634
8086	81	4240
19240	171	15655
5828	152	4240
19240	191	20828
655	81	4240
19240	171	23086
4240	152	5828
9035	81	4461
22122	173	24035
9035	40	7122
9035	144	7122
19461	171	24035
1859	53	7963
1859	81	13863
19599	171	16859
16187	171	16859
28863	171	16859
1859	144	7963
1859	81	4599
9689	26	4357
19357	172	20406
5406	26	4357
7508	26	4357
19357	172	22508
4177	26	4357
19357	172	19177
7435	81	3024
8480	81	3024
18024	171	16474
1474	81	3024
18024	171	23480
4049	81	7495
4049	81	7639
22639	171	19049
22495	171	19049
6563	81	1219
15633	168	21563
6563	40	9116
16219	171	21563
24116	173	21563
6563	144	1661
6563	53	12224
3536	26	4730
25175	173	18536
3536	144	10175
23194	187	18536
3536	19	8194
3536	40	10175
16706	172	18536
9301	48	8808
8808	53	13900
28900	168	23808
8808	11	5797
8808	57	5797
8808	99	9301
20797	168	23808
9566	34	5214
27020	186	20214
24566	186	20214
25170	190	20214
16858	186	20214
12020	34	5214
18613	186	20214
4852	81	7779
28075	173	19852
4852	40	13075
22779	171	19852
4852	53	13075
28075	168	19852
5800	43	4803
20800	186	17753
5800	43	2753
20800	190	15888
5800	43	888
20800	190	16469
20800	186	15888
9635	34	9720
24635	186	24720
9635	162	9499
24635	190	24720
24635	190	24499
12954	11	2510
11552	81	2510
17510	171	29983
17510	168	27954
17510	171	26552
12954	57	2510
10523	81	2510
3220	81	677
21238	168	18220
3220	53	6238
3220	26	1706
16706	172	18220
18416	171	18220
15677	171	18220
265	34	3763
15265	186	18763
15265	190	18763
14508	48	2245
2245	99	14508
2245	123	7976
22976	168	17245
29027	168	17245
8170	53	3383
20187	168	23170
17429	168	23170
8170	53	11169
18383	168	23170
26169	168	23170
8170	53	2429
2165	81	7523
22246	171	17165
15973	171	17165
2165	81	7246
22523	171	17165
26967	171	17165
2165	81	973
8724	57	6950
8724	11	6950
21950	168	23724
12098	112	8599
15123	184	23599
27098	184	23599
123	112	8599
6080	112	8599
8677	81	382
28906	168	23677
8677	53	13906
27644	171	23677
15382	171	23677
8677	81	12644
9737	162	5659
24737	186	20659
17579	190	20659
13890	34	5659
20591	186	20659
20591	190	20659
17579	186	20659
2859	19	12482
27482	187	17859
9401	53	9307
24307	168	24401
20948	172	24401
9401	26	5948
9401	38	9196
8272	151	4369
13328	53	8272
23272	168	24000
8882	155	8272
8272	151	8882
9000	53	8272
23272	168	20702
2052	53	12000
27000	173	17052
2052	40	12000
7294	81	3223
29721	171	22294
17491	171	22294
7294	81	2491
7294	81	14721
18223	171	22294
11425	81	251
15251	171	26425
15251	171	23214
8214	81	251
2308	144	6910
21910	173	17308
24409	168	17308
2308	53	9409
23793	171	17308
2308	81	8793
2308	40	6910
9283	81	1719
16719	171	21983
16719	171	25273
16719	171	24283
16719	171	28621
13621	81	1719
10273	81	1719
4116	87	3073
19116	165	18073
13258	81	4599
19599	171	20192
4599	112	13927
19599	171	16859
19599	171	28258
19599	171	23158
19599	179	18585
2090	81	9940
24940	192	23014
24940	171	24111
24940	171	17090
9111	81	9940
24940	171	19571
4571	81	9940
3869	81	10871
25871	171	18869
20749	171	18869
3869	81	5749
7344	34	5424
22344	186	20424
22344	190	28531
7344	34	13531
22344	186	28531
22344	190	20424
337	81	5711
20711	171	15337
1282	81	565
15565	171	16282
1282	26	4200
19200	172	16282
11499	34	6985
17130	186	21985
26499	190	21985
17130	190	21985
25000	186	21985
2130	34	6985
25000	190	21985
10789	53	6593
21593	168	21804
4409	53	6593
21593	168	19409
21593	168	17932
2932	53	6593
6232	53	6593
4843	81	3538
26949	173	19843
4843	40	11949
16971	172	19843
4843	38	11603
18085	171	19843
4843	53	12953
1062	81	3149
1062	40	1336
16336	173	16062
18149	171	16062
23102	171	16062
1062	81	8102
9305	81	9542
15983	171	24305
9305	120	4
24542	171	24305
17791	171	24305
9305	81	2791
9305	81	983
10331	81	3770
24884	173	25331
10331	53	9884
16488	171	25331
10331	40	9884
22313	171	25331
23431	171	25331
2490	152	9990
24990	191	17490
2490	128	14698
17490	191	24990
2490	73	9990
17490	185	29698
9990	152	2490
3637	11	12771
3637	57	12771
27771	168	18637
21646	168	18637
25610	168	18637
13453	34	10309
15297	186	25309
28453	190	25309
15297	190	25309
28453	186	25309
297	34	10309
19653	190	25309
9269	81	2110
17110	171	22181
6462	81	2110
17110	171	21462
17110	171	24269
7181	81	2110
9068	81	9660
24660	171	24068
6088	87	4912
20471	165	19912
12826	87	4912
27826	165	19912
5471	87	4912
21088	165	19912
212	87	4912
6784	151	11441
21784	168	15987
987	144	6784
6784	56	12154
6784	151	12154
987	53	6784
6784	56	11441
2602	151	4207
19207	172	26066
4207	4	10408
19207	173	24873
4207	56	2145
12676	81	4207
2602	56	4207
10793	81	2799
14969	81	2799
17799	171	17265
17799	171	29969
17799	171	25793
17799	171	24050
9050	81	2799
464	26	13663
28663	172	15464
464	81	4625
19625	171	15464
464	81	13348
28348	171	15464
1581	34	8227
16581	184	26728
1581	112	11728
16581	190	23227
16581	186	23227
9346	34	11163
24346	186	26163
9346	112	9952
24346	179	24952
24346	190	22193
9346	34	7193
24346	186	22193
2460	14	13675
17460	180	28675
2460	128	14574
17460	185	29574
6283	87	4316
4316	87	12372
19316	165	27372
21283	165	19316
5973	81	806
5973	26	12422
27422	172	20973
15806	171	20973
5973	16	14979
7316	81	4792
7316	19	8053
23053	187	22316
25742	172	22316
7316	26	10742
7316	144	197
7316	81	13841
12421	34	10254
22636	186	25254
28963	190	25254
28963	186	25254
13963	34	10254
27421	190	25254
22636	190	25254
502	81	11724
29863	187	15502
502	19	14863
502	81	14018
502	81	1488
502	81	3770
15587	171	15502
13469	19	4789
19789	187	22328
19789	187	19794
19789	187	22424
4794	19	4789
19789	187	28469
7424	19	4789
5412	106	1509
20412	190	16509
3608	106	1509
18608	190	16509
8140	86	4634
16182	169	19634
3809	68	4634
4185	93	4634
17710	180	19634
14837	87	4634
19634	182	20439
14883	14	7370
29883	180	22370
135	40	4353
22437	171	15135
135	81	10149
19353	187	15135
135	38	4353
135	19	4353
17254	171	15135
4153	81	12946
25997	168	19153
4153	53	10997
4153	144	2747
4153	81	13896
28896	171	19153
27946	171	19153
6934	81	9330
6934	40	1723
24330	171	21934
16723	173	21934
9673	56	13578
9673	4	3048
24673	168	21879
9673	151	12476
11517	97	9673
9673	151	13578
9673	151	7096
3332	81	9389
24389	171	18332
3332	81	7039
3332	81	5572
22039	171	18332
20572	171	18332
3644	152	14060
18644	191	29060
14060	152	3644
29060	191	18644
5149	81	3644
18644	171	22007
7007	81	3644
621	81	144
621	40	8414
23414	173	15621
22635	171	15621
15144	171	15621
621	81	7635
2632	53	12443
27443	168	17632
2632	81	7513
22513	171	17632
27443	173	17632
2632	40	12443
2632	81	9284
9312	123	13638
7107	69	9312
28638	168	24312
9625	53	4431
16318	171	24625
9625	81	1318
9625	40	8165
19431	168	24625
9625	120	6737
23165	173	24625
9769	81	7233
22233	171	27195
2956	81	7233
12195	81	7233
22233	171	17956
22233	171	24769
4051	26	9938
19706	172	19051
24938	172	19051
4051	26	4706
147	57	6564
21270	168	15147
147	11	6564
147	144	5385
147	57	5848
23522	168	15147
20848	168	15147
5438	53	7416
23288	171	20438
5438	81	6712
5438	81	8288
21712	171	20438
1120	81	8743
23743	171	16120
1120	81	4203
19203	171	16120
1134	11	432
1134	57	432
15432	168	16134
4987	81	10402
25402	171	19987
25402	171	24918
13218	81	10402
25402	171	15652
10826	81	10402
25402	171	28218
1107	34	12236
16107	186	15825
16107	190	15825
16107	186	25775
16107	186	27236
16107	190	27236
1107	34	10775
6857	53	13109
26994	168	21857
6857	144	10517
6857	57	13109
25517	168	21857
6857	11	13109
28109	168	21857
8525	53	11825
20011	171	23525
8525	81	5011
26825	168	23525
7176	14	10681
7176	162	7838
22176	186	22838
22176	180	25681
22176	190	22838
7176	34	7838
16445	179	18585
29241	179	18585
25223	179	18585
26934	179	18585
22665	179	18585
27514	165	18585
7665	112	3585
1673	53	12960
27960	168	16673
22016	168	16673
1673	53	7016
833	34	13325
15833	186	28325
15833	190	28325
15833	186	24659
833	34	9659
15833	190	24659
12210	162	2501
27210	186	17501
27489	186	17501
12210	34	2501
12489	34	2501
2501	107	12210
27210	190	17501
2564	40	9286
24286	173	23404
71	40	9286
9174	40	9286
24286	173	15071
24286	173	22423
24286	173	17564
9046	26	4901
19901	172	24046
9046	26	10178
25178	172	24046
4188	34	11009
19188	190	15997
19188	186	15997
19188	186	26009
19188	190	26009
4188	34	997
259	34	7742
15259	186	22742
259	112	6682
15259	184	21682
15259	190	22742
9438	81	790
15790	171	21423
15790	171	24489
9489	81	790
4981	81	790
6423	81	790
15790	171	19981
5380	144	8652
26402	171	20380
5380	26	1680
5380	81	11402
16680	172	20380
5380	40	5341
5380	120	6737
7826	81	4703
26052	173	22826
7826	40	11052
7826	38	6948
19703	171	22826
22162	171	22826
7826	144	10466
5252	40	5451
20451	173	15466
20451	173	20252
466	40	5451
5610	40	5451
20451	173	20610
12211	40	9229
1165	81	9229
24229	173	23299
24229	173	16911
24229	173	18777
24229	173	21711
24229	173	26027
7549	26	7469
22469	172	20724
22469	172	22549
5724	26	7469
7804	34	9084
22804	186	24084
22804	190	24084
8333	81	8087
8333	26	5770
20770	172	23333
8333	144	11267
8333	81	9715
23532	171	23333
27132	171	23333
5228	34	5662
20228	186	29227
20228	190	29227
5228	34	14227
20228	186	20662
20228	190	20662
8132	81	565
8132	40	7158
15565	171	23132
22158	173	23132
8132	144	12446
9349	147	14390
27580	172	24349
9349	81	11326
26326	171	24349
9349	26	12580
14390	147	9349
2775	146	8349
3138	40	2775
17775	173	18138
3138	53	2775
17775	192	23349
3712	81	1198
3712	26	2784
17784	172	18712
24397	171	18712
16198	171	18712
3712	81	9397
9219	53	296
22504	168	24219
9219	123	7504
9219	144	296
15296	168	24219
9544	81	5531
9544	26	2904
17904	172	24544
18815	187	24544
20531	171	24544
9544	19	3815
9544	81	7220
7171	26	195
15195	192	23014
11036	26	195
15195	172	26036
15195	172	22171
5816	53	10018
5816	81	11239
25018	168	20816
29874	171	20816
26239	171	20816
28235	171	20816
5816	81	13235
7501	133	1502
7501	116	12016
27016	168	22501
16083	168	22501
7501	0	12016
7501	97	1083
547	81	606
23454	187	15547
547	144	8652
547	19	8454
23087	171	15547
547	81	14181
15606	171	15547
8174	53	2620
29095	171	23174
8174	81	14095
17620	168	23174
25960	171	23174
916	26	12032
19062	171	15916
27032	172	15916
916	81	7715
22715	171	15916
916	81	4062
9876	81	8769
23769	171	24876
27223	171	24876
9876	81	12223
8690	81	11837
26837	171	23690
29756	173	23690
8690	53	14756
8690	40	14756
11933	16	8032
11933	103	8032
8032	158	11933
26933	182	23032
11424	16	8032
2390	16	8032
13864	81	6951
6951	112	10984
21951	171	29382
21951	171	23755
21951	171	28864
1307	81	6951
8755	81	6951
1855	81	9596
25297	172	16855
1855	26	10297
16750	171	16855
1855	120	6737
1855	81	12384
1855	81	1750
8907	81	9706
8907	53	2885
24862	171	23907
8907	81	9862
24706	171	23907
6520	34	3102
21520	186	18102
21520	190	18102
28	34	4861
15028	186	19861
15028	190	19861
15028	186	23094
28	34	8094
15028	190	23094
11320	112	10375
29780	184	25375
6976	35	10375
14780	112	10375
4642	112	10375
26320	184	25375
19642	184	25375
1871	34	393
16871	186	15393
13180	34	393
28180	190	15393
28180	186	15393
16871	190	15393
13917	11	432
432	155	432
15432	168	16134
13917	57	432
1134	57	432
1134	11	432
432	155	432
4426	34	6366
19426	186	21366
19426	190	21366
4426	34	10901
19426	186	25901
19426	190	25901
4471	34	5892
19471	186	20892
19471	190	20892
19471	186	20063
4471	34	5063
19471	190	20063
7385	81	983
15983	171	21946
15983	171	22385
15983	171	24305
15983	171	19818
9305	81	983
6946	81	983
2403	81	6236
21236	171	17403
25047	171	17403
13260	19	2356
17356	187	28260
17356	187	28669
17356	187	19829
4829	19	2356
13669	19	2356
17356	187	21594
12201	48	2199
2199	144	3434
22622	168	17199
2199	57	7622
2199	99	12201
19443	168	17199
2199	11	7622
8268	81	5066
28384	168	23268
8268	40	3547
8268	53	13384
20066	171	23268
18547	173	23268
5353	34	2536
20353	186	17536
20353	190	17536
13387	34	6193
16158	186	21193
28387	186	21193
16158	190	21193
1158	34	6193
28387	190	21193
8619	81	6741
21741	171	23619
14562	81	6741
21741	171	29562
2951	34	6962
28954	186	21962
19270	186	21962
6962	35	8725
28299	186	21962
21553	190	21962
13954	34	6962
7659	40	11758
29385	171	22659
7659	53	11758
7659	81	14385
26758	173	22659
7741	81	1355
16355	171	17469
16355	171	29065
16355	171	26579
14065	81	1355
16355	171	29161
14161	81	1355
7106	81	8469
23469	171	26721
11721	81	8469
4314	81	8469
23469	171	20932
5932	81	8469
23469	171	19314
3779	72	9952
13673	146	3779
28673	192	18779
8849	151	210
23849	184	26988
8849	56	5115
8849	4	3099
5113	123	8849
8849	112	11988
14136	144	8849
8409	26	5770
8409	81	3939
20770	172	23409
18939	171	23409
8409	81	14471
29471	171	23409
8770	112	9952
23770	179	24952
56	53	12849
27849	168	15056
56	16	4984
5045	81	11042
19587	187	20045
5045	53	14440
5045	19	4587
26042	171	20045
19487	171	20045
5045	81	4487
10434	34	151
23197	186	15151
25434	186	15151
25434	190	15151
8197	34	151
18693	186	15151
23197	190	15151
10141	81	1157
20462	172	25141
10141	26	5462
10141	81	10126
25126	171	25141
23137	171	25141
10141	81	8137
1594	34	12115
16594	184	20184
1594	112	5184
16594	186	27115
16594	190	27115
13907	87	2733
15090	165	17733
8229	87	2733
23229	165	17733
90	87	2733
28907	165	17733
15397	165	17733
6341	14	6710
21341	184	21710
6341	128	282
6341	112	11933
6341	112	6710
6341	14	11933
21341	180	21710
3655	81	12738
3655	144	13199
27738	171	18655
11716	81	1117
16117	171	25616
16117	171	26716
16117	171	16366
16117	171	15206
11598	81	1117
10616	81	1117
3596	81	462
15462	174	28972
13972	70	462
15462	168	26760
6680	151	462
11760	116	462
15462	174	24337
1440	81	3430
18430	191	26523
11523	152	3430
3430	152	11523
11526	81	3430
18430	171	16330
6952	81	3430
4955	59	14094
19955	174	29094
9770	81	4955
19955	171	24457
19955	171	24770
3392	81	4955
9457	81	4955
14154	19	603
5497	144	603
7613	19	603
15603	187	22613
6997	19	603
15603	187	15344
11235	19	603
2324	34	8222
17324	184	17680
17324	190	23222
2324	112	2680
17324	186	23222
13381	129	1168
16168	168	15956
4502	53	1168
12844	129	1168
16168	168	29677
16168	168	28381
16168	168	18935
11187	81	6540
1874	144	6540
21540	171	25919
21540	171	16972
21540	171	26463
21540	171	21118
6118	81	6540
8605	53	5295
20295	168	16361
20295	168	28093
20295	168	29312
14312	53	5295
1361	53	5295
20295	168	23605
8998	81	12135
27135	171	23998
8998	26	14879
29879	172	23998
2812	40	4428
2812	129	4428
2812	81	4428
19428	171	17812
19428	172	17812
19428	173	17812
19428	168	17812
9248	81	13794
9248	97	11064
28908	171	24248
28794	171	24248
9248	120	1502
9248	81	13908
7381	87	7950
22381	165	22950
22381	165	18355
7381	87	3355
13797	81	9862
24862	173	21499
11765	40	9862
24862	173	24288
24862	173	26765
24862	171	18925
3925	81	9862
13904	53	5568
20568	168	28904
20568	173	28904
13904	40	5568
8275	0	13936
28936	168	23275
8275	116	13936
8275	133	6782
8121	81	11557
22192	171	23121
26557	171	23121
8121	81	7192
5926	53	4282
15658	168	20926
19282	168	20926
25517	168	20926
5926	53	10517
5926	53	658
4444	53	7047
4444	4	6444
18187	168	19444
4444	53	2814
22047	168	19444
28355	168	19444
4444	53	13355
7427	144	5281
2921	53	5281
20281	168	17921
20281	168	22427
20281	168	27871
12871	144	5281
13167	151	5281
14099	81	5397
20397	171	29099
20397	171	25133
20397	171	16698
20397	171	21767
20397	171	15661
661	81	5397
8895	19	104
15469	171	23895
8895	81	469
15104	187	23895
8895	120	4
13993	40	8352
23352	173	28993
23352	173	23244
3284	87	9141
4927	86	3284
18284	165	24141
19927	165	18284
3776	11	12699
27699	168	18776
3776	57	12699
3776	53	9494
24494	168	18776
24421	168	18776
3776	53	9421
2710	128	14698
17710	185	21834
17710	185	29698
2710	128	6834
2710	14	4634
17710	180	19634
13623	34	9801
16995	190	24801
28623	186	24801
16995	186	24801
25251	186	24801
10251	34	9801
1995	34	9801
2571	57	9631
28946	168	17571
2571	11	9631
2571	53	9421
24631	168	17571
2571	57	9957
2571	11	9957
3190	34	2729
27219	190	17729
15928	186	17729
15928	190	17729
18190	190	17729
12219	34	2729
27219	186	17729
9588	81	2355
17355	171	25918
17355	171	28395
14526	81	2355
17355	171	25953
13395	81	2355
10918	81	2355
2725	85	13236
17725	165	28236
2725	86	13236
9668	112	4728
24668	184	19728
6995	11	8118
23118	168	21995
929	48	6995
6995	53	8118
6995	99	929
20468	168	21995
6995	53	5468
6967	81	3139
17635	171	21967
18139	171	21967
6967	81	2635
958	81	4978
19978	171	19716
19978	171	22938
9343	81	4978
19978	171	19493
19978	171	27774
3944	81	4978
579	81	8047
23047	171	15579
6435	81	6009
21009	171	25910
21009	171	21435
5056	81	6009
10910	81	6009
21009	171	20056
5585	40	6841
27671	171	20585
5585	81	11923
21841	173	20585
5585	81	12671
5585	81	7667
18416	171	20585
2095	34	14558
17095	186	29558
17095	190	29558
14169	26	3079
18079	172	24860
18079	172	29169
18079	172	15087
18079	172	26217
87	26	3079
9860	26	3079
10002	81	8611
23611	171	18721
14691	81	8611
23611	171	29005
23611	171	25002
23611	171	29691
14005	81	8611
4435	144	7459
9560	19	7459
22459	184	16121
7459	112	1121
22459	173	18246
9560	53	7459
9560	40	7459
6812	132	7815
22815	172	28951
13951	26	7815
22815	172	21812
7807	81	13472
28472	171	22807
26860	171	22807
16875	171	22807
7807	81	11860
7807	81	1875
4945	81	49
15049	171	19945
49	112	516
15049	184	15516
9762	81	2444
25701	171	24762
17444	171	24762
25849	171	24762
9762	81	10849
9762	81	10701
203	87	8279
15203	165	17243
203	87	2243
15203	165	23279
11120	0	5304
4640	26	5304
20304	172	29637
20304	168	26120
11120	97	5304
5832	26	5304
20304	172	20832
2082	81	7003
22003	171	17082
2082	81	9431
24431	171	17082
9664	81	6233
21233	171	19533
4533	81	6233
21233	171	24664
9429	81	6233
10220	151	10040
10040	56	10661
25040	168	27039
10040	151	606
12039	57	10040
25040	168	23731
8731	11	10040
11683	26	729
15729	172	26683
15729	172	23290
15729	172	16254
8290	26	729
1254	26	729
6414	34	8862
21414	190	23862
21414	186	23862
6414	162	8862
5502	81	13247
24204	171	20502
15750	171	20502
28247	171	20502
19997	171	20502
5502	81	9204
5502	81	750
6321	34	6987
20640	186	21987
21321	190	21987
21321	186	21987
17781	186	21987
18229	186	21987
13829	34	6987
9043	81	497
9043	129	4247
19247	168	24043
9043	81	10527
15497	171	24043
25527	171	24043
1601	34	1656
16601	184	25736
1601	112	10736
16601	190	16656
16601	186	16656
6530	34	10361
21530	186	21290
21530	190	25361
6530	34	6290
21530	190	21290
21530	186	25361
11196	40	1574
16574	180	16121
11196	53	1574
16574	168	26196
1574	14	1121
16574	173	26196
3021	144	911
15911	168	18021
3021	57	911
3021	11	911
3021	53	911
744	81	8466
23466	192	23014
23466	171	15744
9779	81	8466
4567	81	8466
4239	81	8466
4298	81	8466
6465	53	10348
25348	168	21685
8882	155	10348
25348	168	28429
6339	53	10348
25348	168	15369
25348	168	20702
7568	56	5433
10181	57	5433
20433	168	25181
7872	11	5433
20433	168	22872
1052	151	5433
7568	151	5433
1390	81	8811
23811	171	16390
1390	40	12650
27650	173	16390
1390	53	10184
3129	81	9326
23970	171	18129
3129	81	8970
3129	81	7325
22325	171	18129
24326	171	18129
1977	26	10019
17569	171	16977
1977	81	2569
28298	171	16977
1977	81	13298
25019	172	16977
1977	53	8124
14229	81	8317
3132	104	8317
23317	171	26462
23317	171	16363
23317	171	20415
23317	171	29229
1363	81	8317
8379	40	5627
8379	81	7102
15646	168	23379
20627	173	23379
26420	171	23379
8379	53	646
8379	81	11420
2265	81	7239
22239	192	23014
22239	171	24277
13580	81	7239
22239	171	17225
22239	171	17265
22239	171	27124
12864	151	10047
25047	184	17004
10047	56	296
10047	151	8741
25047	171	29633
658	151	10047
14633	81	10047
4787	81	12668
27668	171	19787
21914	171	19787
4787	81	6914
19128	171	19787
10413	40	6396
29281	171	25413
10413	53	1346
10413	81	14281
10413	144	6396
10413	53	6396
18011	171	25413
8236	40	6910
8236	26	4706
21910	173	23236
17619	168	23236
18599	187	23236
8236	53	2619
19706	172	23236
5344	34	3456
26134	186	18456
20344	186	18456
11134	34	3456
20344	190	18456
26134	190	18456
12515	86	7787
27515	165	22787
27427	165	22787
12427	86	7787
8792	81	14181
29181	171	23792
8792	53	3647
18647	173	23792
8792	40	3647
4249	130	1016
19249	165	16016
9613	34	7125
24613	186	22125
24613	190	20906
24613	186	20906
9613	34	5906
24613	190	22125
2887	53	3959
3959	56	6261
3959	151	8083
18959	168	25235
18959	168	23202
3959	151	7209
13672	144	3959
10000	34	2300
25000	186	27297
25000	190	27297
25000	190	17300
10000	34	6985
10000	34	12297
25000	186	21985
14512	53	3736
18736	168	29512
18736	173	29512
14512	40	3736
10356	81	10058
10356	40	5564
20564	173	25356
21723	171	25356
10356	53	10010
10356	81	6723
25058	171	25356
7307	144	1837
17610	187	22307
16837	173	22307
7307	19	2610
7307	40	1837
7307	53	1837
2250	34	2478
23609	186	17478
23609	190	17478
17250	190	17478
8609	34	2478
17250	186	17478
7464	81	1875
17796	171	22464
16875	171	22464
7464	81	2796
4400	40	2416
4400	120	6737
17416	173	19400
7482	19	6362
19686	171	22482
7482	81	4686
21362	187	22482
7482	81	5601
7482	120	4
20601	171	22482
12900	81	2462
17462	171	20691
17462	171	23421
17462	171	21504
6504	81	2462
17462	171	27900
8421	81	2462
1384	81	6870
21870	171	16384
10352	19	5042
20042	168	25352
10352	53	5042
20042	187	25352
9023	53	2339
23008	168	24023
9023	81	12593
20419	173	24023
27593	171	24023
9023	53	8008
9023	40	5419
696	81	6001
23541	172	15696
696	81	11550
696	120	13054
26550	171	15696
696	26	8541
696	144	2113
1517	35	9952
28892	186	16517
13173	34	1517
13892	34	1517
28173	186	16517
28173	190	16517
28892	190	16517
813	96	5360
4780	81	5360
20360	189	15813
20360	171	19780
11807	81	5360
5360	13	813
20360	171	26807
13717	87	5663
5663	87	1380
20663	165	16380
1380	147	5663
28717	165	20663
17769	165	20663
2769	87	5663
1980	40	10018
24485	171	16980
1980	144	8237
25018	173	16980
1980	81	9485
3164	144	5994
5994	151	3164
5994	56	3164
20994	168	29782
14782	123	5994
4032	123	5994
20994	168	19032
1132	0	5894
1132	79	10315
20894	168	16132
1132	97	5894
824	81	5634
22416	168	15824
824	53	7416
20634	171	15824
16355	171	15824
20205	171	15824
824	81	5205
12739	81	6221
21221	171	23693
21221	171	27322
21221	171	18477
12322	81	6221
21221	171	15996
21221	171	27739
10153	53	13595
28595	168	25153
10153	81	6568
10153	40	6568
21568	173	25153
28595	171	25153
21568	171	25153
2678	81	7369
22369	171	28540
22369	171	17678
13540	81	7369
22369	171	17584
2584	81	7369
3177	13	10017
10017	96	3177
18177	189	25017
5925	81	10594
25594	171	20925
1819	34	3763
16819	186	18763
16819	190	18858
1819	34	3858
16819	190	18763
16819	186	18858
12998	40	10067
25067	173	23884
8884	40	10067
25067	173	27998
6048	26	8373
29805	171	21048
6048	81	14805
23373	172	21048
6048	26	6955
27443	171	21048
23607	171	21048
5082	12	9141
3284	87	9141
5684	82	9141
20082	165	24141
13375	87	9141
18284	165	24141
7649	12	9141
9665	81	3563
18563	171	24665
22220	171	24665
9665	81	7220
3999	81	8445
3999	40	9454
24454	173	18999
3999	81	12401
23445	171	18999
27401	171	18999
14520	40	5099
20099	173	29520
20099	173	27599
5696	40	5099
12599	40	5099
20099	173	20696
2637	26	9478
23607	171	17637
2637	40	1744
2637	81	8607
24478	172	17637
16744	173	17637
6161	19	3683
6161	81	4801
18683	187	21161
19801	171	21161
16083	172	21161
6161	26	1083
6161	120	13054
5730	34	10307
20730	190	25307
20730	190	18977
20730	186	25455
5730	34	3977
20730	186	25307
20730	190	25455
12122	128	8034
27122	185	23034
9345	112	4565
4530	68	4565
19530	165	19565
24345	184	19565
3396	162	10168
18396	186	25168
16185	190	25168
16185	186	25168
18396	190	25168
28668	186	25168
13668	34	10168
9093	81	4545
29931	173	24093
9093	19	2162
9093	40	14931
17162	187	24093
19545	171	24093
13645	40	8974
3205	53	8974
23974	173	25424
2832	144	8974
23974	168	28645
23974	168	18205
23974	173	22113
9935	53	6228
21768	171	24935
9935	81	6768
9435	34	10454
24435	190	27051
24435	186	25454
24435	190	25454
9435	34	12051
24435	186	27051
24435	190	25644
3740	53	13202
3740	11	8836
23836	168	18740
28202	168	18740
3740	57	8836
9927	40	2415
9927	81	10340
17415	173	24927
26874	171	24927
17415	172	24927
9927	38	2415
17415	168	24927
9655	26	4151
29605	171	24655
9655	81	14605
19151	172	24655
5989	81	13332
28332	171	20989
1636	34	12300
16636	186	27300
16636	190	27300
2074	56	5301
2074	151	5301
17074	168	29771
2074	151	12221
6108	20	2074
2074	4	14771
17074	168	21108
1490	40	13146
28146	173	16490
935	81	7256
935	19	10384
25384	187	15935
22256	171	15935
17212	171	15935
935	81	2212
2991	112	731
17991	186	20900
2991	34	5900
17991	184	15731
17991	190	20900
7323	81	3149
22234	171	22323
18149	171	22323
7323	81	7234
7323	81	4452
19452	171	22323
10750	87	8657
15615	165	23657
615	87	8657
25750	165	23657
6983	40	4867
19867	168	21983
6983	81	1719
6983	53	4867
19867	171	21983
16719	171	21983
6983	81	6931
3474	81	5562
20562	171	18474
15534	171	18474
3474	81	534
3474	81	6128
21128	171	18474
3996	19	1229
16229	187	18996
16229	187	18954
16229	187	19140
3954	19	1229
10919	19	1229
16229	187	25919
14375	34	9119
29375	186	24119
29375	190	24119
26537	190	24119
26537	186	24119
11537	34	9119
5830	40	4477
19477	171	19476
4476	81	4477
14422	40	4477
19477	173	20830
19477	173	29422
3660	81	7140
22140	171	24292
9292	81	7140
22140	171	18660
7955	81	11326
22048	172	22955
19114	171	22955
20341	173	22955
7955	53	5295
7955	26	7048
7955	40	5341
5775	19	6728
21728	180	20938
6728	14	5938
7	19	6728
21728	187	23506
8506	19	6728
2858	19	6728
1519	81	3793
23471	187	16519
1519	19	8471
1519	53	5646
23468	171	16519
1519	81	7177
19686	171	16519
9221	81	11523
18491	187	24221
9221	53	5061
26523	171	24221
9221	144	13936
9221	19	3491
9221	40	13936
2192	2	2004
17192	165	17004
2192	2	13634
17192	165	28634
12873	34	2456
27873	186	17456
2456	35	10510
13150	34	2456
28150	190	17456
28150	186	17456
27873	190	17456
11306	81	9002
24002	171	25678
24002	171	15463
10678	81	9002
463	81	9002
24002	171	26306
123	112	8599
15123	186	29976
123	34	14976
15123	184	23599
15123	190	29976
9394	44	4634
9394	93	1121
24394	184	16121
1603	151	9394
9315	57	9394
1603	56	9394
24394	168	24315
7204	34	13507
22204	186	27076
22204	190	27076
22204	190	28507
22204	186	28507
7204	34	12076
932	81	6029
29541	168	15932
932	53	14541
21029	171	15932
3163	53	12800
27800	173	18163
3163	40	12800
27800	168	18163
11363	81	4532
19532	184	20297
4532	112	5297
19532	171	26363
19532	171	26090
11090	81	4532
19532	171	16940
14926	26	5520
20520	168	25377
10377	97	5520
20520	172	26925
11925	26	5520
20520	172	29926
9283	81	1719
18132	171	24283
16719	171	24283
9283	120	6737
9283	81	3132
1485	81	7843
26343	171	16485
22843	171	16485
1485	81	11343
1485	81	6458
21458	171	16485
10771	81	6045
21045	171	16720
21045	171	28435
13147	81	6045
21045	171	26477
21045	171	28147
13435	81	6045
5841	81	7075
5841	19	10548
25548	187	20841
20711	171	20841
5841	81	5711
22075	171	20841
2390	144	239
17390	165	26933
2390	71	11933
15239	168	17390
2390	40	239
2390	53	239
2390	16	8032
7711	81	13235
28235	171	22711
17927	168	22711
7711	53	2927
7711	81	13417
28417	171	22711
1563	16	5128
26769	182	20128
2317	81	2230
17230	173	25260
10260	40	2230
17230	171	17317
10260	144	2230
17230	171	27358
13848	81	2230
956	40	1124
2299	53	1124
16124	168	17299
16124	173	29741
16124	173	17299
14741	40	1124
10926	40	1124
367	26	2138
17138	168	16330
17138	172	15367
17138	172	19454
17138	172	22471
1068	26	2138
4454	26	2138
10275	144	660
15660	171	25275
10275	81	660
8478	40	5769
1040	144	5769
20769	173	21282
20769	173	16040
13467	40	5769
20769	173	28467
20769	173	23478
6441	34	1681
21441	186	16681
21441	190	16681
11243	81	5936
20936	171	15191
20936	171	29226
20936	171	29051
20936	171	27675
12675	81	5936
14051	81	5936
4905	81	11821
26821	171	19905
1707	40	1740
1740	112	13634
16740	168	20183
5183	53	1740
16740	184	17004
1740	44	13634
16740	173	16707
5158	53	10974
25974	168	20158
5158	40	3715
5158	81	10974
18715	173	20158
4569	81	8732
23732	171	22971
23732	171	19569
23732	171	15533
7971	81	8732
533	81	8732
11520	44	7399
8507	41	7399
17379	180	22399
26520	167	22399
7399	72	7399
22064	180	22399
719	112	7399
11816	144	2528
17528	168	23182
14557	53	2528
17528	168	27302
13249	144	2528
13197	144	2528
13249	53	2528
10203	81	1187
16761	172	25203
10203	26	1761
16189	187	25203
10203	19	1189
10203	53	14435
10203	81	12656
6437	40	8967
24021	168	21437
6437	53	9021
23967	173	21437
9518	70	5205
20205	174	24518
8351	26	3506
14453	26	3506
18506	172	23351
18506	172	29453
6969	81	10795
6969	26	3087
18087	172	21969
25243	171	21969
6969	81	8667
6969	120	13054
23667	171	21969
7309	40	451
3495	81	451
15451	171	18495
7309	53	451
3294	144	451
3294	40	451
7309	144	451
1510	43	13447
16510	186	28447
16510	190	28447
13573	81	7022
2896	40	7022
22022	168	28573
22022	173	28573
13573	53	7022
22022	173	17896
22022	171	22512
310	81	560
18141	171	15310
15560	171	15310
310	81	4732
19732	171	15310
310	81	3141
5340	26	10852
26954	171	20340
5340	81	11954
25852	172	20340
20442	187	20340
5340	19	5442
5340	81	7665
2278	34	891
28514	186	15891
13514	34	891
17278	190	15891
1777	162	891
17278	186	15891
16379	186	15891
3030	81	7546
29861	171	18030
3030	144	7546
3030	81	14861
22546	171	18030
9161	81	13414
28414	173	24161
9161	26	14166
9161	53	13414
26649	171	24161
9161	81	11649
9161	40	13414
5854	53	136
15136	172	20854
5854	26	136
5854	81	136
15136	168	20854
2844	40	14379
27314	168	17844
21607	171	17844
2844	53	12314
2844	120	6737
2844	81	6607
29379	173	17844
5490	26	8955
11669	129	8955
23955	168	26669
10676	26	8955
23955	172	25676
7912	26	8955
8463	71	12441
23463	165	27441
1832	112	6523
16832	184	21523
1832	34	7806
16832	186	22806
16832	190	22806
6833	81	7182
22182	171	29865
14865	81	7182
13108	81	7182
22182	171	28108
22182	171	25949
6299	81	7182
4352	81	12493
27493	171	19352
4352	81	14623
4352	16	4984
29623	171	19352
114	154	4783
15114	165	28827
114	130	13827
15114	165	19783
5430	129	13851
5430	102	4487
28851	168	20430
16323	168	20430
5430	129	1323
9282	81	11326
24110	171	24282
18683	187	24282
9282	53	5639
20639	168	24282
9282	81	4801
9282	19	3683
7633	120	4
19686	171	22633
7633	81	565
15565	171	22633
7633	81	4686
12210	34	5063
26815	186	20063
27210	190	20063
27210	186	20063
28983	186	20063
19363	186	20063
19471	186	20063
2974	144	13756
28756	173	17974
18566	171	17974
29368	171	17974
2974	40	13756
2974	81	13756
2974	81	12384
4007	40	5328
4618	53	5328
20328	168	19618
20328	173	20952
20328	168	20952
5952	144	5328
5952	40	5328
4187	11	7780
4187	57	7780
22780	168	19187
5145	26	5348
20348	172	20145
5195	81	9203
24203	179	18585
9203	112	3585
11421	81	9203
24203	171	20195
24203	171	26421
5803	81	5470
20470	171	20803
6336	81	6222
19685	171	21336
6336	81	12355
6336	81	4685
21222	171	21336
27355	171	21336
9772	34	422
24772	186	21583
24772	190	27981
9772	34	14447
24772	190	15422
24772	186	27981
24772	186	29447
5202	128	10242
20202	185	25242
4107	81	7237
22237	171	19107
22237	171	19208
4208	81	7237
5971	81	7237
22237	171	20971
6015	34	6235
21015	186	21235
21015	190	21235
6015	162	6235
16834	186	21235
15429	186	21235
19198	186	21235
9102	40	14554
29554	173	24102
9102	81	4995
22462	187	24102
19995	171	24102
9102	26	10744
9102	19	7462
3392	81	1875
3392	40	3922
18922	173	18392
3392	53	14473
19955	171	18392
3392	120	1800
16875	171	18392
9946	81	11301
19114	171	24946
9946	81	4487
9946	81	4114
9946	81	3416
9946	81	14822
19487	171	24946
7344	34	5424
22344	186	20424
22344	190	20424
13501	34	5424
28501	190	20424
28501	186	20424
9793	81	1176
15305	168	24793
9793	53	305
15305	173	24793
9793	81	13322
29265	171	24793
9793	40	305
4941	129	8834
24204	171	19941
4941	81	9204
23834	168	19941
442	34	455
15442	186	15455
15442	190	15455
19523	186	15455
4523	34	455
19523	190	15455
9325	81	14510
29510	171	24325
24223	171	24325
9325	81	9223
2960	26	13051
2960	81	4606
23558	171	17960
28051	172	17960
2960	120	6737
19606	171	17960
24872	171	17960
7984	53	6509
21509	168	18749
3749	53	6509
21509	168	21187
6187	53	6509
21509	168	22984
6448	144	2677
17677	168	21448
6448	57	2376
6448	11	2376
6448	53	2677
17376	168	21448
9315	11	2856
14652	99	9315
24394	168	24315
22047	168	24315
9315	53	7047
9315	144	7047
9315	57	9394
5909	53	5271
5090	53	5271
20271	168	20090
6439	40	5284
20284	173	21106
20284	173	29619
20284	173	19636
20284	173	25299
10299	40	5284
20284	173	17492
2946	53	10491
25491	173	17946
2946	26	10839
2946	40	10491
25839	172	17946
2946	19	14748
2946	81	6592
4416	40	7001
21896	171	19416
4416	81	9262
22001	173	19416
4416	81	6896
24262	171	19416
1065	71	14479
16065	165	29479
10174	112	1065
25174	184	16065
6725	81	9599
24599	171	21725
25048	171	21725
6725	81	10048
10241	40	2170
17170	168	25241
17170	173	25241
9231	123	14097
24266	168	24231
9231	53	9266
9231	53	8311
23311	168	24231
29097	168	24231
1241	87	8277
16241	165	23277
8505	34	5933
23505	186	20933
23505	186	17713
23505	190	17713
23505	190	20933
8505	34	2713
6118	26	10044
18541	168	21118
6118	81	6540
15157	187	21118
26434	171	21118
6118	81	11434
6118	53	3541
3442	81	7003
3442	26	10301
25301	172	18442
16312	171	18442
3442	19	3491
18491	187	18442
22003	171	18442
4451	44	14650
19451	184	29650
4451	112	14650
6113	144	5639
15104	187	21113
6113	40	5629
6113	53	5639
6113	120	4
6113	81	6113
6113	19	104
10054	34	10447
25054	186	18208
10054	34	10783
25054	186	25447
25054	190	25783
25054	186	25783
10054	34	3208
6709	40	6150
21150	168	21709
6709	81	2925
24979	171	21709
6709	53	2925
6709	144	6150
6709	53	6150
8850	34	13476
23850	186	28476
23850	184	19841
23850	190	28476
8850	112	4841
8382	53	2435
17435	168	20508
4205	53	2435
17435	168	23382
14165	53	2435
17435	168	29165
5508	53	2435
795	87	13804
15795	165	28804
11936	87	795
22020	165	15795
26936	165	15795
18595	165	15795
3595	87	795
14739	19	8494
23494	187	25436
23494	187	29739
23494	187	16770
23494	187	22336
23494	187	23018
11763	19	8494
2240	120	6737
17292	173	17240
2240	40	2292
26038	187	17240
2240	26	5566
2240	144	2292
2240	19	11038
847	81	7055
16031	168	15847
847	53	13860
22055	171	15847
26954	171	15847
28860	168	15847
27113	171	15847
6192	81	7593
22593	171	21192
4618	53	5328
19127	171	19618
4618	81	4127
20328	168	19618
2625	53	1565
2625	57	13822
28822	168	17625
16565	168	17625
2625	11	13822
11238	58	820
15820	167	26238
1281	58	820
15820	167	22159
14990	58	820
13588	58	820
15820	167	29990
1495	26	10072
25072	172	23859
7866	152	10072
8859	26	10072
25072	172	22862
25072	191	22866
103	26	10072
3781	81	7866
28235	171	18781
17927	168	18781
3781	53	2927
3781	81	13235
22866	171	18781
10157	53	5283
27864	168	25157
10157	11	12864
10157	144	9127
10157	57	10047
25047	168	25157
10157	11	10047
340	81	12040
17852	171	15340
27040	171	15340
340	81	2852
10156	81	6122
21122	171	25156
10156	26	1461
16461	172	25156
8477	40	2607
18393	171	23477
8477	81	3393
8477	120	13054
17607	173	23477
8477	81	10884
9664	81	4997
9664	26	10240
25240	172	24664
9664	81	13440
19826	171	24664
19997	171	24664
9664	81	6233
6770	81	10621
6770	40	14426
29426	168	21770
29426	173	21770
6770	53	14426
25621	171	21770
14199	81	1779
16779	171	18184
16779	171	23854
16779	171	20248
16779	171	26493
16779	171	29199
5248	81	1779
3195	40	14740
17332	171	18195
29740	173	18195
3195	81	2332
3195	81	4591
19591	171	18195
8357	53	3097
19142	171	23357
8357	81	4142
8357	120	6737
14953	53	2195
17195	168	17220
17195	173	17220
2220	40	2195
2220	144	2195
14953	40	2195
17195	173	29953
2526	40	12588
28095	171	17526
2526	81	13095
27588	173	17526
7460	56	14942
4553	56	7460
22460	168	28715
7460	151	14942
13715	11	7460
4553	151	7460
6916	56	7460
7189	34	5545
22189	190	20545
22189	186	22035
22189	186	20545
22189	190	15295
22189	186	15295
7189	34	7035
1780	53	6578
21578	168	19349
21578	168	18395
1118	53	6578
14757	53	6578
21578	168	29757
9841	53	6578
8065	87	7260
23065	165	22260
23065	165	15858
8065	87	858
9877	40	8149
19894	171	24877
9877	81	4894
23149	173	24877
2130	34	7499
26499	186	22499
26499	190	22499
29378	190	22499
4942	34	7499
19942	190	22499
14378	34	7499
474	81	2143
20367	171	15474
474	81	5367
17143	171	15474
7497	40	2759
29918	168	22497
7497	53	14918
17791	171	22497
17759	173	22497
7497	81	2791
7497	53	3517
8017	102	5881
20881	173	27541
5874	81	5881
20881	171	15629
20881	171	21825
12541	40	5881
20881	171	29925
12198	87	1849
27198	165	16849
24633	165	16849
9633	87	1849
5344	34	14800
20344	186	29800
20344	190	29800
20344	190	18456
5344	34	3456
20344	186	18456
3913	86	13614
18913	165	28614
7184	53	2203
7184	19	10393
17203	168	22184
25393	187	22184
413	34	9667
15413	186	17274
15413	190	21790
413	34	2274
15413	190	24667
15413	186	21790
15413	186	24667
19	40	14070
28120	171	15019
19	81	13120
29070	173	15019
2779	81	9415
2779	26	7195
24415	171	17779
22195	172	17779
2455	53	3169
15171	171	17455
2455	81	171
18169	168	17455
2047	56	11122
2047	151	11122
17047	168	23447
11122	155	2047
2354	53	2047
17047	168	20420
17047	168	29058
3775	81	12113
26218	171	18775
3775	144	7963
16641	172	18775
3775	26	1641
27113	171	18775
3775	81	11218
528	40	3938
13606	152	3938
18938	191	28606
18938	173	17858
18938	173	15528
28606	191	18938
18938	173	16626
1084	81	5236
20236	171	16084
1084	81	6045
1084	120	4
21045	171	16084
7472	81	12614
28418	187	22472
7472	19	13418
26658	171	22472
7472	81	14600
27614	171	22472
29600	171	22472
10412	19	6901
12549	19	6901
21901	187	27549
21901	187	25412
10070	34	12703
25070	186	17126
25070	190	17126
25070	190	27703
10070	34	2126
13344	19	6070
21070	187	19113
2578	19	6070
21070	187	17578
21070	187	17180
21070	187	28344
4113	19	6070
13091	40	9447
6294	152	9447
24447	173	28939
24447	173	17107
24447	173	20814
24447	173	24271
24447	173	20775
3127	81	10648
27607	171	18127
3127	81	12607
25648	171	18127
52	86	8526
15052	165	23526
15052	165	16016
52	86	1016
1862	81	11135
26557	171	16862
26135	171	16862
1862	81	11557
2137	26	8328
7508	53	8328
23328	168	22508
23328	172	21267
6267	26	8328
4177	26	8328
23328	172	17137
1933	120	13054
1933	81	11063
25460	171	16933
16627	171	16933
26063	171	16933
1933	81	10460
1933	81	1627
2996	34	5378
17996	186	26275
17996	190	20378
17996	186	20378
2996	34	11275
17996	190	26275
3347	81	10569
3347	26	1949
16949	168	18347
25569	171	18347
16949	172	18347
3347	81	7409
22409	171	18347
8598	53	7931
15658	168	23598
22403	168	23598
8598	144	658
8598	11	7403
8598	57	7403
22931	168	23598
2997	162	13466
17997	186	28466
17997	190	16029
17997	186	16029
17997	190	28466
2997	34	13466
2997	34	1029
6809	120	13054
6809	40	9674
17212	171	21809
6809	81	2212
24674	173	21809
11969	81	1965
16965	171	16555
7198	81	1965
8638	81	1965
16965	171	23638
1555	81	1965
16965	171	22198
8200	34	13261
23200	186	28261
23200	190	17831
23200	186	17153
8200	34	7980
23200	190	28261
23200	190	25990
8680	81	3393
8680	40	2995
26733	168	23680
24825	171	23680
8680	53	11733
17995	173	23680
8680	81	9825
409	40	12534
27534	173	15409
8056	56	684
15684	168	27252
8056	151	684
12252	123	684
15684	168	19195
3404	40	1101
20862	168	18404
3404	19	299
3404	53	5862
15299	187	18404
16101	173	18404
3404	120	6737
12599	81	7483
22483	171	27599
7483	152	8369
22483	191	23369
22483	171	17437
8369	152	7483
2437	81	7483
14845	81	619
15619	171	28361
13361	81	619
15619	171	29845
6556	81	14256
17993	168	21556
23784	172	21556
6556	53	2993
6556	26	8784
26732	171	21556
29256	171	21556
3925	144	12399
27399	173	18925
3925	81	9862
24674	168	18925
17212	171	18925
24862	171	18925
3925	120	13054
3714	81	1262
16262	185	26595
2823	40	1262
1262	128	11595
16262	171	25853
10853	53	1262
16262	171	29491
9649	81	8986
27843	171	24649
9649	81	12843
23986	171	24649
9433	26	9450
24450	168	19108
4108	97	9450
24450	172	26688
13484	26	9450
5415	26	9450
11688	26	9450
13628	53	5454
20454	168	28628
2247	53	5454
20454	168	17247
8919	112	2251
23919	184	17251
8919	34	8574
23919	190	23574
23919	186	23574
2231	81	7437
28051	172	17231
2231	26	13051
27454	187	17231
22437	171	17231
2231	19	12454
9867	34	10574
24867	186	25574
24867	190	25574
953	81	7710
22710	171	15971
22710	171	22342
22710	171	16331
1331	81	7710
12266	81	7710
22710	171	27266
14010	81	1424
16424	171	29010
1424	4	178
6522	81	1424
16424	171	21522
9109	53	1655
16655	168	24109
16655	173	24109
9109	40	1655
1910	34	14292
16910	186	29292
16910	186	21351
16910	190	21351
16910	190	29292
2862	34	2021
17862	186	28409
2862	34	13409
17862	190	28409
17862	186	17021
17862	190	17021
4355	112	5297
27573	165	20297
9426	93	5297
11662	87	5297
4672	25	5297
13809	93	5297
15757	184	20297
1251	81	10305
28793	173	16251
1251	53	13793
1251	40	13793
28793	168	16251
25045	171	16251
20160	171	16251
2186	81	7776
2186	40	7776
22776	173	17186
23656	168	17186
2186	53	7776
2186	53	8656
2186	81	8656
8935	19	5677
20376	172	23935
8935	26	5376
8935	81	575
15575	171	23935
20677	187	23935
9103	53	3964
3964	151	98
3964	56	6723
13047	53	3964
18964	168	28047
18964	168	24103
13047	144	3964
8464	81	5590
20590	171	23464
1565	112	10325
21799	184	25325
16565	184	25325
6799	112	10325
3069	81	2517
26592	171	18069
17517	171	18069
3069	81	248
3069	81	11592
15248	171	18069
1697	40	8908
23908	173	26661
2397	40	8908
23908	173	22021
23908	173	17397
6022	40	8908
11661	40	8908
9865	112	10533
24865	184	25533
9865	34	1447
24865	190	16447
24865	186	16447
8768	57	14793
9462	99	8768
29793	168	23768
8768	11	14793
8768	48	9462
804	11	2117
29943	168	15804
804	53	14943
804	57	2117
17117	168	15804
14083	70	10336
10336	59	261
25336	174	29083
261	70	10336
25336	174	15261
6197	112	4840
21197	184	19840
10203	81	6197
21197	171	25203
3228	34	15
29248	186	15015
28979	186	15015
13979	34	15
18228	190	15015
18228	186	15015
28979	190	15015
8168	81	10100
8168	40	14006
29006	173	23168
25100	171	23168
8168	53	14006
8168	81	7206
22206	171	23168
13121	87	5483
28121	165	20483
11989	53	1956
16956	168	27496
4389	151	1956
6130	155	1956
4389	56	1956
16956	168	28515
12496	53	1956
3603	81	10165
25165	171	18603
2600	81	10165
25165	171	17600
6232	81	10165
25165	171	25728
25165	171	21232
2091	96	6507
21507	189	17091
2409	81	2091
6507	13	2091
13443	81	2091
7390	81	2091
68	81	2091
642	34	1141
15642	186	25320
15642	186	22980
15642	190	25320
15642	190	16141
642	34	10320
642	34	7980
9222	112	11757
24222	184	26757
9222	56	7096
14085	53	9222
14584	53	9222
9222	151	7096
24222	168	29085
13107	53	6150
21150	168	21709
5922	40	6150
21150	168	20922
21150	189	16124
6709	144	6150
8290	144	6150
6946	81	3084
20304	172	21946
15813	171	21946
15983	171	21946
6946	81	813
6946	81	983
18084	171	21946
1781	128	1381
16781	185	16381
16781	179	28927
8422	81	2249
23776	171	23422
8422	81	8776
17249	171	23422
8422	81	2804
17804	171	23422
6502	81	4266
19266	171	21502
6502	26	1218
24805	173	21502
6502	40	9805
16218	172	21502
6211	81	12668
16405	173	21211
6211	40	1405
23102	171	21211
27668	171	21211
6211	81	8102
6104	146	12655
21104	192	27655
14234	81	6104
21104	171	21604
21104	171	24770
21104	171	16264
21104	171	29234
4350	34	8260
22542	186	23260
12244	162	8260
12077	34	8260
6089	34	8260
27244	186	23260
17978	186	23260
9269	81	1506
16506	171	24269
16506	171	26098
5004	81	1506
16506	171	25356
16506	171	20004
11098	81	1506
3709	120	4
3709	81	9434
24434	171	18709
3709	40	1829
16829	173	18709
4259	34	8208
19259	186	23208
19259	190	23208
7332	81	2630
26402	171	22332
7332	26	4137
19137	172	22332
7332	81	11402
17630	171	22332
3519	40	8165
14599	144	8165
23165	173	24625
14028	144	8165
23165	173	26281
10547	144	8165
14817	144	8165
5747	81	10058
25058	171	20747
24214	171	20747
5747	81	9214
9642	26	12227
16987	171	24642
9642	81	1987
27227	172	24642
4597	24	8626
19597	175	21457
4597	44	6457
19597	190	23626
9873	81	2381
19207	173	24873
9873	40	4207
17381	171	24873
7552	40	1368
16368	168	22552
7552	53	1368
16368	173	22552
7619	53	6924
29902	168	22619
7619	11	6924
7619	53	14902
7619	4	4326
7619	57	6924
21924	168	22619
2014	53	5180
2014	81	186
20180	168	17014
20180	171	17014
2014	81	5180
15186	171	17014
8565	112	9952
23565	184	24952
8565	34	11510
23565	190	26510
23565	186	26510
6463	19	8535
6463	144	8535
23535	173	21463
23535	187	21463
23535	168	21463
6463	40	8535
6463	53	8535
8380	11	13109
13613	48	8380
28109	168	23380
8380	57	13109
26994	168	23380
8380	4	10408
8380	53	11994
8453	81	4166
15157	187	23453
19166	171	23453
8453	19	157
20562	171	23453
8453	81	5562
13398	38	7395
22395	187	28398
22395	173	28398
13398	53	7395
13398	19	7395
22395	168	28398
13398	40	7395
4509	40	14432
29432	173	19509
4509	19	11091
26091	187	19509
1919	81	3879
18879	171	16919
1919	26	5081
21927	187	16919
1919	19	6927
20081	172	16919
6085	81	2405
29269	173	21085
16706	172	21085
18032	171	21085
6085	40	14269
6085	120	4
6085	81	3032
4779	112	6505
19779	184	21505
8066	35	3236
24297	190	23066
9297	34	8066
23066	165	18236
24297	186	23066
14177	57	6717
10079	81	6717
21717	168	29177
21717	172	25079
10079	26	6717
14177	11	6717
12993	112	8437
27993	184	23437
1913	81	6111
25032	187	16913
1913	19	10032
1913	120	6737
1913	81	13727
18830	171	16913
17649	171	16913
4639	40	5284
29437	171	19639
4639	81	8288
17162	187	19639
4639	81	14437
4639	19	2162
20284	173	19639
3325	81	6096
21096	171	18325
818	53	8773
9600	81	8773
3511	155	8773
23773	168	22180
23773	168	24471
9600	102	8773
23773	168	20822
5391	81	675
15675	171	20391
2338	81	675
15675	171	26961
11961	81	675
5296	81	675
15675	171	17338
969	40	9307
16268	187	15969
969	81	4591
19591	171	15969
969	19	1268
969	81	13242
24307	173	15969
7247	81	6142
23968	171	22247
7247	81	8968
21142	171	22247
14423	87	7335
22225	165	22335
29423	165	22335
7225	87	7335
1663	112	6135
16663	184	21135
2594	58	9197
3837	58	9197
24197	167	17594
24197	167	26865
11865	58	9197
24197	167	18837
7606	11	732
15732	168	22606
7606	57	732
7606	53	5945
4094	81	8270
23270	171	19094
4094	120	6737
4094	81	469
4094	53	12314
15469	171	19094
4518	19	10393
25393	187	26071
25393	187	22184
13297	19	10393
25393	187	28297
25393	187	19518
7184	19	10393
4694	53	4542
19542	168	19694
19542	173	17994
9184	40	4542
2994	40	4542
19542	173	24184
19542	168	20691
1478	34	6810
16478	190	21810
16478	186	21810
18119	190	21810
3119	34	6810
18119	186	21810
3380	112	9952
18380	184	29402
18380	190	21030
3380	34	6030
18380	186	21030
3380	112	14402
18380	179	24952
6558	81	3241
18241	171	28592
18241	171	23991
18241	171	15249
18241	171	21558
13592	81	3241
18241	171	16409
8243	53	14413
29413	168	23243
8243	53	11256
26256	168	23243
4570	151	14533
4525	57	4570
2743	57	4570
4570	56	14533
4525	11	4570
19570	168	19525
2743	53	4570
5106	26	2487
17487	179	24952
2487	112	9952
17487	172	20106
17487	172	15665
17487	172	28832
8847	26	2487
1163	144	6240
5110	53	6240
21240	168	29963
13424	53	6240
21240	168	28424
1163	53	6240
21240	168	16163
2004	72	2004
17192	165	17004
2192	2	2004
1596	93	2004
25560	184	17004
15380	180	17004
2004	72	13634
5337	112	13059
20337	184	28059
4868	81	4461
20769	173	19868
4868	40	5769
4868	133	1502
19461	171	19868
4562	34	7747
19562	186	27144
19562	190	22747
19562	186	22747
4562	34	12144
19562	190	27144
1185	34	12418
16185	186	25168
16185	190	25168
16185	190	27418
1185	34	10168
16185	186	27418
8125	40	14781
8125	81	11890
29781	173	23125
26890	171	23125
8125	53	10813
26775	168	23125
8125	53	11775
9565	81	13391
25042	171	24565
28391	171	24565
9565	81	10042
12095	40	7834
22834	168	20093
8138	53	7834
22834	173	23138
22834	168	18817
12724	40	7834
12724	144	7834
356	19	134
15134	187	20317
15134	187	23383
15134	187	17225
15134	187	29860
2225	19	134
15134	187	15356
5170	81	7545
22545	171	17207
22545	171	20170
2207	81	7545
3870	35	5911
18870	165	20911
566	120	6737
27399	173	15566
566	81	540
15540	171	15566
566	144	12399
566	40	12399
5699	144	8497
25564	172	20699
5699	81	4127
19609	171	20699
5699	26	10564
5699	81	7448
22448	171	20699
8501	53	14291
16052	168	23501
29291	168	23501
8501	53	1052
7227	153	1493
22227	188	16493
1493	65	7227
1493	2	12547
16493	165	27547
1493	94	7227
358	34	13035
15358	186	21720
15358	186	28035
15358	179	18585
358	34	6720
15358	190	28035
15358	190	21720
2538	53	2807
10094	48	2538
17807	168	17538
2538	99	10094
22925	168	17538
23588	168	17538
2538	53	8588
709	19	1795
28851	168	15709
709	53	13851
16795	187	15709
7388	57	133
7388	11	133
7388	53	14182
29182	168	22388
7388	144	14182
15133	168	22388
7694	26	12680
27680	172	22694
7694	81	12420
27820	187	22694
20160	171	22694
7694	19	12820
28247	171	22694
183	34	6758
15183	186	21758
26611	186	21758
15183	190	21758
12182	34	6758
27182	190	21758
16055	186	21758
9426	151	3250
10814	11	3250
18250	168	25814
8320	4	3250
3250	155	9380
13094	11	3250
18250	168	23320
8616	40	3822
25437	168	23616
8616	53	10437
18822	173	23616
3015	34	10092
27193	186	25092
13685	162	10092
16128	190	25092
16128	186	25092
27538	190	25092
18015	190	25092
12728	40	7854
22854	173	15071
22854	173	27728
71	40	7854
9019	34	10975
24019	190	25975
24019	184	25968
24019	186	25975
9019	112	10968
10620	53	6281
21281	168	25620
10620	144	6281
14907	26	3570
18570	172	25778
18570	172	28636
18570	172	29907
3019	26	3570
18570	172	20221
8717	26	3570
3422	40	7235
4748	81	7235
22235	171	19748
22235	173	18422
12024	40	7235
22235	173	19500
22235	173	21301
13122	34	456
28122	186	15456
28122	190	15456
3336	81	10243
25243	191	18126
2405	152	10243
3126	152	10243
17405	191	25243
25243	192	23014
25243	191	17405
6586	40	12898
18273	168	21586
6586	53	3273
28077	187	21586
6586	81	350
27898	173	21586
15350	171	21586
6298	120	4
24805	173	21298
6298	53	5639
18538	171	21298
6298	26	4990
6298	81	3538
20639	168	21298
5999	40	13076
22153	171	20999
5999	53	349
28076	173	20999
15349	168	20999
5999	81	7153
25795	171	20999
6751	81	9881
24881	171	21751
6751	26	8561
23561	172	21751
17252	172	21751
6751	26	2252
4489	53	7149
22149	184	29155
7149	112	1570
22149	168	19489
7149	93	13236
9209	155	7149
7149	151	9209
9893	81	14996
29996	171	24893
5087	34	2498
20087	186	23862
20087	190	17498
20087	190	23862
5087	34	8862
20087	186	15717
20087	186	17498
2947	26	13499
18146	173	17947
2947	40	3146
28499	172	17947
3053	118	2947
8700	81	973
8700	26	8784
23784	172	23700
15973	171	23700
19127	171	23700
8700	81	4127
13694	34	9965
28694	186	24965
26786	186	24965
23646	186	24965
26786	190	24965
23646	190	24965
28694	190	24965
11455	87	6890
26106	165	21890
6890	51	5299
598	87	6890
5020	87	6890
5808	87	6890
7408	87	6890
841	144	10372
25372	173	20418
5094	40	10372
25372	173	15841
841	40	10372
25372	173	20094
5418	40	10372
863	26	2904
17904	172	24544
17904	172	15863
9544	26	2904
4553	151	6564
147	57	6564
21564	168	15147
6528	81	6564
6564	151	4553
6564	56	4553
147	11	6564
6641	19	308
24774	172	21641
6641	40	10497
25497	173	21641
6641	26	9774
15308	187	21641
6066	93	12344
6975	81	6066
21066	171	29944
21066	171	21975
14944	81	6066
6066	112	12547
5891	81	13039
29766	168	20891
5891	40	13564
17607	173	20891
5891	53	14766
23400	171	20891
5891	53	13564
9949	162	331
24949	190	15331
8995	81	6016
17758	171	23995
21016	171	23995
8995	81	2758
9154	40	6194
19281	171	24154
9154	81	4281
21194	173	24154
10708	81	5452
20452	171	17449
12257	53	5452
2449	81	5452
20452	171	25708
4074	81	6845
21845	171	19074
4074	81	11621
26621	171	19074
10160	144	4579
7211	53	4579
19579	168	22211
10160	53	4579
19579	168	20064
19579	168	25160
5064	53	4579
1010	40	6117
23148	171	16010
1010	81	8148
21117	173	16010
2186	81	8656
2038	53	8656
23656	168	29214
23656	168	17186
23656	171	26078
11078	81	8656
8656	112	2141
7060	40	1526
22831	171	22060
7060	81	7831
7060	26	2701
28214	171	22060
7060	81	13214
16526	173	22060
8842	34	4652
20607	186	19652
19806	186	19652
18190	190	19652
19015	186	19652
5607	34	4652
20607	190	19652
13445	81	3252
18252	171	24998
18252	171	22157
7157	81	3252
18252	171	28445
18252	171	26457
11457	81	3252
2889	34	6798
17889	186	29495
17889	190	29495
2889	34	14495
17889	186	21798
17889	190	21798
8858	81	9455
18469	187	23858
8858	19	3469
24402	171	23858
8858	81	12859
27859	171	23858
8858	81	9402
3333	81	902
3333	26	3788
18788	172	18333
28714	171	18333
3333	81	13714
15902	171	18333
7121	53	11947
26947	168	22121
13638	131	165
7107	53	165
165	151	13638
165	56	13638
15165	168	22107
