need:	[20338, 1980, 20852]	[677, 110, 12183],delete:
need:	[26689, 977, 21438]	[1777, 727, 13311],delete:
need:	[28756, 1585, 21215]	[9095, 177, 12369],delete:
need:	[22678, 995, 23496],delete:
need:	[2496, 275, 11978]	[19760, 907, 22157],delete:
need:,delete:
need:	[29750, 2088, 30960]	[11299, 737, 10089],delete:
need:	[2117, 490, 8103]	[21778, 1384, 27764],delete:
need:	[20141, 1756, 21795]	[20141, 1941, 31179],delete:
need:,delete:
need:	[21898, 1835, 22697]	[22697, 1095, 30707],delete:
need:	[1000, 110, 17313]	[20661, 1980, 32602],delete:
need:	[3026, 390, 1453]	[1453, 539, 10164]	[1453, 162, 708]	[20751, 907, 21114]	[29676, 1699, 21114],delete:
need:	[9969, 401, 12938]	[29630, 1734, 31909],delete:
need:	[10997, 753, 7084]	[26745, 1830, 34340],delete:
need:	[23806, 1525, 32031]	[21181, 1095, 23806],delete:
need:,delete:
need:	[12260, 790, 2712]	[31921, 1095, 22373],delete:
need:	[20495, 962, 33466]	[834, 21, 10006],delete:
need:	[27187, 1033, 36356]	[12061, 307, 7526]	[27187, 1185, 37249]	[27187, 963, 30194],delete:
need:	[29967, 1095, 31414]	[27047, 951, 29967],delete:
need:,delete:
need:	[24366, 907, 25955]	[24366, 977, 31598],delete:
need:	[3906, 577, 2989]	[23567, 1920, 22650],delete:
need:	[4223, 362, 7566]	[33244, 1603, 27227],delete:
need:	[20102, 993, 20164]	[441, 812, 16698],delete:
need:	[14080, 651, 5049]	[4598, 790, 5049],delete:
need:	[7627, 546, 1089]	[7896, 258, 7627],delete:
need:,delete:
need:	[13, 577, 2890]	[19674, 1017, 29676],delete:
need:	[24595, 1384, 20864]	[33742, 1095, 20864],delete:
need:	[14030, 729, 8938],delete:
need:,delete:
need:,delete:
need:	[9670, 490, 4003]	[23664, 907, 23664],delete:
need:	[4002, 477, 10748]	[23663, 907, 21614],delete:
need:,delete:
need:	[21898, 1835, 22697]	[24941, 972, 21898],delete:
need:	[26025, 2088, 24339],delete:
need:	[24083, 1243, 24806]	[7920, 859, 5145],delete:
need:	[6274, 22, 1760]	[25935, 924, 25995]	[25935, 925, 21421],delete:
need:	[27997, 967, 28772]	[14740, 710, 9111]	[8336, 234, 9111]	[34401, 1868, 28772],delete:
need:	[1917, 790, 3012]	[3012, 591, 16993],delete:
need:	[23567, 1920, 22650],delete:
need:	[25104, 962, 24646]	[5443, 59, 4985],delete:
need:	[5088, 18, 9884]	[20319, 1095, 24749],delete:
need:	[185, 18, 12779]	[22329, 1095, 19846],delete:
need:	[8999, 33, 7627],delete:
need:	[782, 80, 5392]	[32372, 1930, 25053],delete:
need:	[10437, 22, 5434]	[30098, 925, 30596],delete:
need:	[24227, 1483, 29866]	[4566, 846, 10205]	[32476, 1631, 24227],delete:
need:	[23907, 1830, 22240]	[33106, 922, 22240],delete:
need:	[961, 228, 14069]	[20622, 1205, 28978]	[20622, 1980, 33730],delete:
need:	[21899, 1034, 33527]	[26462, 1095, 21899],delete:
need:	[11015, 900, 4878]	[24539, 1324, 34927],delete:
need:	[2735, 22, 3872]	[22396, 925, 20439],delete:
need:	[8122, 22, 5827]	[27783, 925, 25488],delete:
need:	[27883, 907, 29256],delete:
need:,delete:
need:,delete:
need:,delete:
need:,delete:
need:	[24357, 925, 22695]	[4696, 22, 3034],delete:
need:	[10911, 462, 5790]	[23906, 1045, 25451],delete:
need:	[8473, 307, 10100]	[8473, 356, 10098]	[25218, 1830, 28134]	[8473, 21, 16406],delete:
need:	[8516, 457, 6151]	[8516, 446, 10568]	[28177, 951, 25812],delete:
need:	[27793, 1384, 23378]	[2239, 677, 8132],delete:
need:	[25513, 1483, 24574]	[5852, 753, 2416],delete:
need:	[25938, 2050, 21430]	[9553, 401, 6277],delete:
need:,delete:
need:	[29257, 1830, 27293]	[9596, 420, 5439]	[9596, 18, 11614],delete:
need:	[29342, 1465, 22249]	[2588, 110, 9681],delete:
need:	[34297, 1095, 27438],delete:
need:	[3683, 22, 8049]	[23344, 925, 27710],delete:
need:,delete:
need:	[31927, 1032, 25644]	[25644, 985, 25627]	[5983, 649, 12266],delete:
need:	[5954, 699, 8002]	[5954, 366, 3719]	[25615, 1749, 31699],delete:
need:	[27664, 1980, 26210]	[8003, 110, 4927],delete:
need:	[24666, 1819, 32447]	[14673, 737, 5005],delete:
need:	[6052, 110, 1191]	[29098, 1980, 20852],delete:
need:	[10623, 126, 3385]	[23046, 1603, 30284],delete:
need:	[4475, 859, 11415]	[10984, 41, 4475]	[24136, 955, 28352]	[30645, 1546, 24136],delete:
need:	[26137, 951, 29860]	[26137, 907, 24927],delete:
need:	[2018, 737, 14857],delete:
need:	[9611, 508, 16491]	[29272, 907, 38697],delete:
need:	[29675, 1211, 19690]	[34112, 1211, 19690],delete:
need:	[20024, 962, 28616]	[363, 21, 8152],delete:
need:,delete:
need:	[21812, 1734, 31822]	[2151, 677, 13046],delete:
need:,delete:
need:	[47, 457, 519]	[20002, 1816, 19708]	[19708, 951, 20180],delete:
need:	[33841, 929, 26105]	[6444, 22, 778],delete:
need:	[20004, 1819, 29025]	[29025, 1980, 33672],delete:
need:,delete:
need:	[1257, 497, 9026]	[11743, 844, 1257],delete:
need:	[14434, 401, 9373]	[29034, 1095, 37751],delete:
need:	[5847, 677, 7719]	[12100, 651, 7719],delete:
need:	[1753, 362, 4216]	[32372, 1930, 23877],delete:
need:	[245, 356, 18818]	[11752, 584, 245]	[245, 667, 19562]	[19906, 953, 37390]	[19906, 2067, 37629]	[31413, 1185, 19906],delete:
need:,delete:
need:	[31414, 1525, 22313]	[14946, 420, 2652],delete:
need:	[1607, 18, 14175]	[21268, 1095, 31958],delete:
need:	[22996, 925, 31869]	[3335, 21, 3043]	[3335, 22, 6478],delete:
need:	[27723, 1432, 32401]	[8062, 381, 12740]	[12740, 584, 8062]	[503, 2, 8062],delete:
need:	[6210, 310, 10940]	[6210, 275, 18032]	[25871, 907, 20239],delete:
need:	[6572, 868, 13576]	[26233, 1017, 24177],delete:
need:	[24853, 1095, 24021]	[5192, 651, 208],delete:
need:	[8704, 737, 4102]	[28365, 1205, 30430],delete:
need:,delete:
need:	[3603, 22, 952]	[23264, 925, 20613],delete:
need:	[22283, 925, 23533]	[2622, 22, 3872]	[22283, 929, 25454],delete:
need:,delete:
need:	[10428, 790, 1079]	[30089, 1398, 30750],delete:
need:	[10410, 660, 4148]	[4148, 153, 2297]	[23809, 1585, 21958],delete:
need:	[1884, 137, 14928],delete:
need:	[29942, 939, 34941],delete:
need:	[9631, 724, 15384]	[29292, 1830, 39420]	[9631, 84, 646],delete:
need:	[1537, 74, 8507]	[1537, 22, 11237],delete:
need:	[26657, 925, 33761]	[6996, 22, 14100],delete:
need:	[22577, 925, 22898]	[7039, 129, 2916],delete:
need:,delete:
need:,delete:
need:,delete:
need:	[23667, 1095, 20114]	[4006, 790, 453],delete:
need:	[27098, 1483, 19999]	[3499, 799, 7437],delete:
need:	[23487, 1585, 38494]	[9279, 657, 3826]	[28940, 1681, 23487],delete:
need:	[32132, 977, 20539]	[878, 22, 10457],delete:
need:	[11401, 846, 1099],delete:
need:	[2575, 22, 1046]	[22236, 925, 23533],delete:
need:	[20602, 1055, 29056]	[19816, 1017, 29056],delete:
need:	[1601, 724, 10454]	[20420, 2050, 30115]	[13195, 724, 10454],delete:
need:	[27297, 1095, 36210]	[7636, 18, 5138],delete:
need:	[7262, 110, 7154]	[1478, 228, 7154],delete:
need:	[26232, 1324, 28850]	[9189, 110, 3229],delete:
need:	[647, 22, 1760]	[20308, 925, 21421],delete:
need:	[14978, 753, 2610]	[34639, 1095, 22271],delete:
need:	[2172, 900, 9992]	[14271, 389, 2172],delete:
need:	[611, 753, 13218]	[611, 799, 2753],delete:
need:,delete:
need:	[4665, 344, 8146]	[20130, 1384, 24326],delete:
need:,delete:
need:	[28029, 925, 22898]	[8368, 22, 1278],delete:
need:	[20515, 1047, 26108]	[6447, 844, 5907],delete:
need:,delete:
need:	[22187, 1831, 24385]	[22187, 1752, 21638],delete:
need:,delete:
need:	[8005, 677, 4293]	[23192, 1384, 23954],delete:
need:	[27912, 1384, 20089]	[8251, 24, 15405],delete:
need:	[6848, 64, 10021]	[21839, 967, 29682],delete:
need:	[7865, 657, 9228]	[3207, 7, 9228]	[7063, 868, 9228]	[28889, 1585, 25920],delete:
need:	[23329, 1816, 22345]	[14821, 18, 2684]	[22345, 1507, 27180],delete:
need:	[10445, 310, 5698]	[25359, 1313, 31725],delete:
need:	[25836, 925, 20439]	[6175, 22, 778],delete:
need:	[1004, 753, 501]	[27823, 1938, 20162],delete:
need:	[13655, 22, 42]	[9237, 22, 42],delete:
need:	[21885, 925, 31749]	[2224, 22, 12208],delete:
need:	[22928, 925, 22898]	[3267, 22, 3237]	[22928, 924, 22413]	[22928, 929, 28559],delete:
need:	[12057, 389, 8812]	[8812, 735, 2078],delete:
need:,delete:
need:	[28915, 1830, 27317]	[26338, 1095, 28915]	[9254, 651, 6677]	[9254, 497, 5702],delete:
need:	[9904, 753, 7471]	[20312, 1631, 29565],delete:
need:	[4125, 531, 11761]	[4125, 833, 12632],delete:
need:	[8911, 641, 7961]	[7961, 21, 5411],delete:
need:	[23462, 1017, 21156]	[3801, 868, 8288],delete:
need:	[21395, 1399, 24780]	[1734, 847, 9978]	[1734, 651, 3399],delete:
need:	[1705, 19, 2607]	[2607, 112, 16247]	[7568, 84, 2607]	[22268, 1725, 37719]	[22268, 988, 38230]	[27229, 1017, 22268]	[22268, 1016, 34360],delete:
need:	[5343, 660, 5509],delete:
need:,delete:	[3351, 177, 177]
need:,delete:
need:	[6413, 22, 8591],delete:
need:	[34587, 1095, 27156]	[8410, 847, 7495],delete:
need:	[28144, 2067, 28251]	[8590, 497, 11119],delete:
need:	[29263, 1095, 23562]	[3901, 497, 9025],delete:
need:	[1196, 401, 16181]	[20857, 1095, 29258],delete:
need:	[28084, 1819, 30187]	[8423, 737, 584],delete:
need:	[28571, 2021, 24859]	[28571, 1032, 26855],delete:
need:	[1867, 191, 10108]	[13137, 191, 10108]	[13647, 191, 10108],delete:
need:	[23464, 1319, 21281]	[21281, 956, 36275]	[34655, 1319, 21281],delete:
need:	[27204, 1095, 24407]	[7543, 790, 4746],delete:
need:	[26884, 1017, 29626]	[7223, 868, 2497],delete:
need:	[29508, 1480, 23479]	[9847, 203, 7047],delete:
need:	[1398, 651, 6893]	[21059, 1095, 34502],delete:
need:	[8569, 84, 5119],delete:
need:,delete:
need:	[24383, 907, 22845]	[3184, 21, 3200],delete:
need:	[28282, 2061, 38123]	[28282, 2067, 24841],delete:
need:	[2904, 677, 13398],delete:
need:	[31800, 907, 28245],delete:
need:	[832, 463, 4798]	[24459, 1991, 33709],delete:
need:	[30104, 907, 39132]	[10443, 477, 5665],delete:
need:	[23350, 1270, 28764]	[23350, 1017, 20164],delete:
need:	[12631, 22, 20],delete:
need:	[23369, 1465, 29404]	[23369, 1980, 28850],delete:
need:	[21382, 1095, 28014]	[28014, 1095, 20875],delete:
need:,delete:
need:	[1036, 22, 3817]	[20697, 925, 23478],delete:
need:	[22769, 925, 29806]	[3108, 22, 10145],delete:
need:	[25576, 1384, 27810]	[8149, 677, 6000],delete:
need:	[9702, 573, 9898]	[29363, 1734, 31756],delete:
need:	[28080, 1725, 31625]	[28365, 1980, 28080],delete:
need:	[2810, 677, 9010]	[34214, 1384, 28671],delete:
need:	[25882, 1095, 20937]	[2215, 401, 1276],delete:
need:	[28677, 925, 26295]	[9016, 22, 8077],delete:
need:	[308, 22, 12208]	[19969, 925, 31749]	[308, 22, 12088],delete:
need:	[25883, 972, 26252]	[26252, 1631, 38868]	[6591, 846, 9409],delete:
need:	[33769, 1095, 26861]	[7200, 18, 161],delete:
need:	[8608, 737, 10753]	[28269, 1725, 33248],delete:
need:	[24924, 925, 23478]	[5263, 22, 8591],delete:
need:	[3071, 724, 9208]	[14136, 356, 9208],delete:
need:	[33453, 1324, 28608]	[2943, 110, 8947],delete:
need:	[14786, 677, 5234],delete:
need:	[27848, 1017, 25920]	[8187, 868, 14596],delete:
need:	[10381, 84, 14646]	[26994, 2067, 30042]	[10381, 18, 3601],delete:
need:	[11111, 389, 6022]	[25683, 1980, 30192],delete:
need:	[9553, 497, 9026]	[9553, 651, 4533],delete:
need:	[24396, 962, 23162]	[4735, 22, 13788],delete:
need:	[3009, 22, 3817]	[22670, 925, 28252],delete:
need:	[33750, 1095, 20125]	[20125, 1384, 33750],delete:
need:	[11556, 84, 5897]	[5897, 677, 12908]	[5897, 154, 15900],delete:
need:	[30009, 1734, 26561]	[3263, 790, 10348],delete:
need:,delete:
need:	[6628, 651, 19171],delete:
need:	[2891, 232, 11335]	[22552, 925, 33035],delete:
need:	[298, 651, 15165]	[19959, 1483, 39381],delete:
need:	[5162, 737, 12869],delete:
need:	[2671, 22, 10457]	[22332, 925, 30118],delete:
need:	[917, 22, 13175]	[20578, 929, 34407],delete:
need:	[31317, 1095, 22304]	[2643, 577, 13559],delete:
need:	[26293, 1819, 25337]	[6768, 833, 5676]	[25337, 1261, 26293],delete:
need:	[25290, 972, 27754]	[27754, 1631, 25290],delete:
need:	[26190, 1861, 25589]	[5928, 22, 11524],delete:
need:	[9268, 401, 1587]	[32719, 1095, 28929],delete:
need:	[31493, 1200, 23502]	[3841, 22, 12088]	[32206, 1200, 23502]	[23134, 1200, 23502]	[22214, 1200, 23502]	[30550, 964, 23502],delete:
need:	[9958, 356, 4348]	[14489, 139, 9958]	[29619, 953, 24009],delete:
need:	[20825, 1980, 27774]	[11077, 110, 8113],delete:
need:	[9394, 401, 14417]	[29055, 1095, 37570],delete:
need:	[21379, 1861, 33526],delete:
need:,delete:
need:,delete:
need:	[29527, 1017, 23335],delete:
need:	[27031, 1398, 32112]	[27031, 1122, 20303]	[642, 577, 7370],delete:
need:	[3528, 22, 3237]	[23189, 929, 31366],delete:
need:,delete:
need:	[6916, 577, 1884]	[33274, 1781, 26577],delete:
need:	[8937, 476, 6243]	[25904, 1642, 28925]	[25904, 1121, 28598],delete:
need:	[24382, 1734, 31847],delete:
need:	[5617, 677, 2608],delete:
need:	[14350, 677, 1090]	[20751, 1384, 33364],delete:
need:	[3918, 110, 9647]	[3918, 79, 5380],delete:
need:	[31140, 1860, 24100],delete:
need:	[2501, 131, 14252]	[22162, 1725, 30462]	[31236, 1017, 22162],delete:
need:	[29079, 1095, 36004],delete:
need:	[27877, 1095, 21926]	[28986, 1095, 27877],delete:
need:	[25754, 2088, 29227]	[9566, 737, 16602],delete:
need:	[2127, 737, 18655]	[33272, 1980, 21788],delete:
need:	[4565, 110, 3247]	[31318, 1980, 22908],delete:
need:	[4805, 660, 8307],delete:
need:	[29886, 1095, 27473]	[6142, 677, 7812],delete:
need:	[5670, 389, 14685]	[25331, 2037, 34346],delete:
need:	[1115, 753, 9181]	[9181, 724, 3802],delete:
need:	[10217, 401, 1771]	[33738, 1095, 29878],delete:
need:	[23245, 1263, 21525]	[32159, 1095, 21525]	[12096, 651, 1864]	[21525, 1384, 32159],delete:
need:	[28060, 1920, 32634]	[8399, 651, 527]	[20188, 1095, 28060],delete:
need:,delete:
need:	[23722, 929, 20286]	[20286, 1075, 23691],delete:
need:,delete:
need:	[9775, 452, 711]	[20372, 1032, 22041],delete:
need:	[3958, 677, 931]	[23619, 1734, 31089],delete:
need:	[1933, 344, 9440]	[29101, 1432, 29513]	[9440, 397, 16249]	[32335, 993, 29101],delete:
need:	[8362, 22, 3314]	[3314, 126, 9728],delete:
need:	[5205, 22, 10945]	[24866, 925, 21392],delete:
need:	[5766, 22, 11524]	[25427, 925, 20439],delete:
need:	[6747, 22, 14547]	[6747, 21, 12688],delete:
need:,delete:
need:,delete:
need:	[23823, 1095, 23512]	[3851, 790, 1775],delete:
need:	[800, 844, 16143]	[800, 651, 9867],delete:
need:	[26166, 977, 31775]	[6505, 22, 11237],delete:
need:	[29135, 1032, 20630]	[22076, 1643, 29135]	[969, 649, 9474],delete:
need:	[10498, 18, 7544]	[30159, 1095, 31317],delete:
need:	[1340, 401, 3472]	[23133, 1095, 22186],delete:
need:	[30072, 925, 22898]	[10411, 22, 3237],delete:
need:,delete:
need:,delete:
need:	[30110, 930, 22914]	[22914, 1017, 34307],delete:
need:,delete:
need:	[3363, 651, 1915]	[3363, 401, 12938],delete:
need:	[23035, 925, 31278]	[3374, 22, 11617]	[23035, 925, 23484],delete:
need:	[29472, 925, 31892]	[9811, 22, 12231],delete:
need:,delete:
need:	[23716, 925, 30596]	[4055, 22, 5434],delete:
need:	[3937, 531, 14881]	[32205, 2037, 23598],delete:
need:	[3262, 651, 7960]	[11985, 753, 3262],delete:
need:	[25314, 1017, 21156]	[25314, 1017, 30725],delete:
need:	[9981, 21, 6334]	[29642, 962, 26341],delete:
need:	[3910, 84, 4473]	[3910, 844, 12938]	[23571, 907, 28686]	[23571, 1830, 36353],delete:
need:	[21147, 907, 23698]	[3284, 258, 4037]	[4037, 452, 6664],delete:
need:	[25957, 1540, 28735]	[33213, 1920, 28735],delete:
need:	[13524, 644, 8177]	[27838, 1243, 34731]	[27838, 2031, 23350],delete:
need:	[27297, 1816, 24799]	[3221, 18, 5138]	[23897, 1816, 24799]	[4255, 18, 5138]	[13695, 18, 5138]	[33965, 1816, 24799]	[4018, 18, 5138],delete:
need:	[988, 580, 6425]	[23896, 1920, 26086],delete:
need:	[7878, 344, 7483]	[27144, 2067, 33301],delete:
need:	[683, 22, 93]	[20344, 925, 31869],delete:
need:	[22493, 1695, 37301]	[22493, 1695, 28763]	[22493, 1398, 21432],delete:
need:	[10298, 22, 6634]	[26295, 1603, 19749],delete:
need:	[3747, 686, 15073]	[11656, 577, 3747]	[21091, 1017, 23408]	[31317, 1920, 23408]	[34299, 1585, 23408],delete:
need:	[5892, 799, 18016]	[25553, 1483, 27506],delete:
need:	[710, 724, 4999]	[20371, 1017, 31267],delete:
need:	[6835, 677, 527],delete:
need:	[8046, 508, 11296]	[26573, 977, 27707],delete:
need:	[24982, 1324, 28435]	[8774, 737, 5321],delete:
need:	[6801, 490, 13164],delete:
need:	[12317, 531, 419]	[20080, 2037, 30208],delete:
need:	[25330, 925, 31278]	[5669, 22, 1278],delete:
need:	[2431, 737, 8832]	[28493, 2088, 36728],delete:
need:	[5949, 650, 12525]	[25610, 1734, 26340],delete:
need:	[4514, 22, 13788]	[10595, 641, 4514],delete:
need:	[5534, 22, 8039]	[5534, 22, 13175],delete:
need:,delete:
need:	[7704, 531, 6058]	[7704, 110, 6060],delete:
need:	[1115, 724, 12188]	[119, 651, 1115],delete:
need:	[1241, 401, 4382]	[24043, 1398, 32599],delete:
need:,delete:
need:,delete:
need:	[20184, 1324, 36829]	[523, 786, 13013],delete:
need:	[6927, 724, 15891]	[6927, 724, 1397]	[6927, 84, 1397],delete:
need:	[31481, 925, 26874]	[2502, 22, 7213],delete:
need:	[14053, 389, 836]	[33714, 1980, 20497],delete:
need:	[8461, 153, 9686]	[28122, 1585, 29387]	[8461, 153, 9726],delete:
need:	[1513, 401, 13217]	[21174, 927, 37154],delete:
need:	[21487, 964, 23034]	[10916, 508, 3373],delete:
need:	[6581, 577, 2989]	[26242, 1034, 29321],delete:
need:	[3563, 485, 8407]	[28068, 1792, 34221],delete:
need:	[2145, 799, 3390]	[23051, 907, 33960],delete:
need:	[5532, 22, 4486]	[25193, 925, 22898],delete:
need:	[6814, 833, 16570]	[2750, 757, 6814]	[7549, 760, 6814]	[5992, 84, 6814]	[24897, 1017, 26475]	[23489, 1192, 26475]	[26475, 957, 30980],delete:
need:	[25317, 1792, 23107]	[27847, 1831, 25317],delete:
need:	[520, 310, 10248]	[13515, 310, 10248],delete:
need:	[10431, 33, 6371]	[10431, 33, 14990]	[10431, 33, 10541]	[10431, 331, 14625],delete:
need:	[14483, 61, 3296]	[3296, 58, 6439]	[22957, 1861, 22287]	[30252, 1200, 22957]	[31254, 1861, 22957],delete:
need:	[29147, 1095, 31665]	[12004, 651, 9486],delete:
need:	[8130, 22, 3837]	[27791, 925, 23498],delete:
need:	[24609, 1734, 29559]	[9898, 790, 10833],delete:
need:	[29858, 1270, 27015]	[29858, 1681, 26726],delete:
need:	[29625, 1032, 23349]	[23349, 1688, 35140]	[3688, 884, 12920],delete:
need:	[11952, 531, 5817],delete:
need:,delete:
need:	[5437, 508, 3008]	[27580, 962, 22669]	[33531, 962, 22669],delete:
need:	[20161, 2088, 22629]	[2968, 737, 12588],delete:
need:	[34415, 925, 22031],delete:
need:	[29603, 1525, 34086]	[14425, 677, 9942],delete:
need:	[9912, 477, 6357]	[26018, 925, 23533],delete:
need:	[1678, 577, 14052]	[1678, 84, 7638]	[1678, 401, 8838],delete:
need:	[9773, 859, 7238]	[2240, 476, 7238],delete:
need:	[80, 777, 7439]	[31510, 995, 27100],delete:
need:	[3600, 224, 1066]	[23261, 929, 20043]	[3600, 477, 9543]	[23261, 925, 23533]	[19789, 1089, 23261],delete:
need:	[13623, 737, 773]	[25281, 1430, 20434],delete:
need:	[21402, 1752, 27340]	[1741, 322, 14333]	[9807, 812, 1741],delete:
need:	[6000, 677, 11054]	[26954, 1034, 25661],delete:
need:	[1041, 22, 1046]	[1041, 22, 13175],delete:
need:	[34425, 925, 20261]	[33045, 925, 20261],delete:
need:	[32050, 1017, 28257]	[12389, 84, 8596]	[28257, 1432, 32674]	[12389, 344, 8596],delete:
need:	[29533, 962, 30657]	[29533, 925, 32295]	[9872, 22, 3237],delete:
need:	[4170, 650, 14738]	[23831, 1017, 27299]	[23831, 1244, 34399],delete:
need:	[8099, 724, 19049]	[27760, 1938, 34054]	[8099, 799, 16759]	[34054, 972, 27760],delete:
need:	[6539, 847, 14926]	[6539, 651, 19641]	[34587, 1835, 26200],delete:
need:	[3303, 389, 7168],delete:
need:	[9157, 84, 5495],delete:
need:	[25456, 1095, 32498]	[5795, 748, 11067],delete:
need:	[12865, 129, 1928]	[21589, 1435, 32450],delete:
need:	[8207, 79, 11266]	[30927, 1980, 27868],delete:
need:,delete:
need:	[5542, 764, 16527]	[28102, 1483, 25203],delete:
need:	[34069, 925, 26762]	[1960, 22, 7101],delete:
need:	[4259, 322, 4064]	[5297, 18, 4064],delete:
need:	[27091, 1064, 27694]	[11587, 476, 7430]	[1624, 476, 7430]	[27091, 1121, 29450],delete:
need:	[24668, 925, 21588]	[5007, 22, 1760],delete:
need:	[10014, 401, 11812]	[29675, 1095, 31466],delete:
need:	[27028, 1095, 21344]	[8453, 753, 7367],delete:
need:	[389, 651, 1447]	[21108, 1095, 30298],delete:
need:,delete:
need:	[9886, 812, 5905]	[25566, 1497, 25528],delete:
need:	[8436, 490, 12202]	[28097, 1830, 28636],delete:
need:	[1496, 22, 1760]	[21157, 925, 25128],delete:
need:	[5811, 389, 15450]	[30387, 1980, 25472],delete:
need:	[31318, 2088, 21182]	[1521, 737, 11657],delete:
need:	[20322, 925, 23533]	[661, 22, 3872],delete:
need:,delete:
need:	[24862, 925, 33449]	[24862, 907, 29260],delete:
need:,delete:
need:	[3381, 660, 3577]	[3381, 18, 10305],delete:
need:	[29207, 1095, 28507]	[8846, 401, 11373],delete:
need:,delete:
need:,delete:
need:,delete:
need:	[34165, 967, 24731]	[24731, 939, 28378],delete:
need:	[26871, 1270, 26726]	[26871, 1017, 21156],delete:
need:	[20180, 1017, 36475]	[519, 577, 341],delete:
need:	[27356, 1518, 39346]	[7695, 649, 11181],delete:
need:	[27889, 924, 22255],delete:
need:	[1569, 110, 2220]	[25060, 1324, 21881],delete:
need:	[30565, 1095, 27250]	[4397, 844, 7589],delete:
need:	[27764, 1095, 21778]	[21778, 1384, 27764],delete:
need:	[2557, 22, 3823]	[22218, 925, 27738],delete:
need:,delete:
need:	[29299, 1980, 28285]	[21424, 2037, 29299],delete:
need:	[26183, 1095, 27410]	[27410, 1835, 22891],delete:
need:	[28839, 1089, 26760],delete:
need:	[6573, 22, 88]	[26234, 925, 21450],delete:
need:	[7083, 153, 15013]	[26744, 995, 37529]	[12872, 490, 7083],delete:
need:,delete:
need:	[8877, 490, 960]	[28538, 972, 25898],delete:
need:	[27668, 907, 37869]	[829, 847, 8007],delete:
need:	[1879, 110, 4371]	[24457, 1430, 21540],delete:
need:	[2587, 846, 6136]	[23620, 1631, 22248],delete:
need:	[3276, 22, 7129]	[22937, 925, 26790]	[22937, 929, 21949],delete:
need:	[23109, 1017, 26596],delete:
need:	[19672, 962, 20745],delete:
need:	[32423, 907, 28170]	[12762, 727, 8509],delete:
need:	[3756, 344, 7656]	[3756, 651, 2470],delete:
need:	[29694, 925, 27738]	[10033, 22, 10945],delete:
need:	[4333, 833, 1379],delete:
need:	[12035, 790, 9510]	[27925, 1398, 29171],delete:
need:	[2947, 129, 6328]	[22608, 962, 31309]	[22608, 962, 24364],delete:
need:	[5430, 232, 5144],delete:
need:	[20289, 1095, 23095],delete:
need:	[432, 748, 6476],delete:
need:	[1035, 228, 1159]	[28412, 1430, 20696],delete:
need:	[5511, 22, 11644]	[25172, 925, 26790],delete:
need:	[3054, 577, 5231]	[24892, 1340, 31837],delete:
need:	[20395, 925, 21421]	[734, 22, 395]	[734, 22, 1760],delete:
need:	[34060, 2087, 23522]	[34630, 1045, 23522],delete:
need:	[23882, 1200, 33339]	[23882, 1089, 24111],delete:
need:	[13765, 844, 6887]	[33426, 1095, 26548],delete:
need:	[21741, 925, 23891],delete:
need:	[25824, 1398, 28562]	[14992, 162, 8901]	[28562, 1017, 24822],delete:
need:	[5456, 22, 8591]	[25117, 925, 22695],delete:
need:,delete:
need:	[9188, 389, 9572]	[12816, 110, 9572],delete:
need:	[4087, 672, 7266]	[4087, 672, 818],delete:
need:	[8297, 531, 3269]	[31507, 905, 22930],delete:
need:	[25258, 925, 31749]	[5597, 22, 12208],delete:
need:	[20416, 925, 30118]	[20416, 1789, 24533]	[755, 22, 10457],delete:
need:	[27948, 1095, 32529],delete:
need:	[10628, 481, 10219]	[10219, 177, 13334]	[29880, 1219, 30289],delete:
need:	[8778, 401, 1470]	[30306, 1398, 21131],delete:
need:	[27767, 924, 29728]	[8106, 59, 7229]	[27767, 962, 26890],delete:
need:	[27984, 995, 29376]	[9715, 756, 19640]	[4960, 716, 9715]	[31539, 1725, 29376]	[9084, 84, 9715]	[29376, 1084, 20406]	[24776, 1017, 29376],delete:
need:	[7596, 18, 581]	[28439, 1095, 27257],delete:
need:	[7689, 201, 5821]	[24894, 1200, 25482]	[5821, 22, 8077],delete:
need:	[27071, 1017, 27843]	[7410, 868, 12281],delete:
need:,delete:
need:,delete:
need:	[23128, 925, 31278]	[3467, 22, 11617],delete:
need:	[10868, 737, 5355]	[25016, 2088, 34261],delete:
need:	[30431, 907, 23164]	[23164, 962, 31704],delete:
need:	[23075, 1017, 27843]	[23075, 2084, 36741],delete:
need:	[29989, 1095, 31092]	[7964, 797, 10328],delete:
need:	[10299, 644, 4561]	[29960, 1681, 22895],delete:
need:	[1225, 162, 12730]	[32391, 907, 20886]	[1225, 447, 12730],delete:
need:	[1443, 651, 10225]	[21104, 1095, 33881],delete:
need:	[25945, 1525, 34433],delete:
need:	[27976, 925, 32202]	[8315, 22, 3943],delete:
need:	[20263, 1095, 31306]	[602, 18, 15689],delete:
need:	[29988, 2058, 21951]	[10327, 800, 2290],delete:
need:	[19894, 1017, 30745],delete:
need:,delete:
need:	[4167, 22, 13788]	[23828, 924, 22413],delete:
need:	[10445, 650, 11738]	[30106, 1244, 31399],delete:
need:	[4739, 22, 3872]	[24400, 907, 31551],delete:
need:	[23318, 972, 20803]	[3657, 420, 1142]	[23318, 1734, 26930],delete:
need:	[31370, 1525, 24515]	[24515, 1017, 32946],delete:
need:	[23029, 925, 23046]	[3368, 22, 10945],delete:
need:	[20988, 2037, 29378]	[1327, 110, 6016],delete:
need:	[22946, 1045, 22855]	[3194, 18, 3254],delete:
need:	[25791, 1881, 35098]	[25610, 1017, 25791],delete:
need:,delete:
need:	[12053, 508, 2092],delete:
need:	[4347, 530, 18351],delete:
need:	[6812, 651, 16074]	[32898, 1034, 26473],delete:
need:	[7696, 629, 1380]	[1380, 790, 6352],delete:
need:	[31671, 1232, 19997]	[14611, 533, 336],delete:
need:	[22638, 962, 24230]	[2977, 21, 4891],delete:
need:	[3030, 677, 931]	[23881, 1384, 22691],delete:
need:	[9326, 724, 14928]	[28987, 1483, 24574],delete:
need:	[2693, 578, 10654]	[31079, 1631, 22354]	[22354, 1483, 30315],delete:
need:	[11839, 74, 9014]	[31500, 977, 28675],delete:
need:	[22367, 925, 20439]	[2706, 22, 14547],delete:
need:	[22715, 907, 24892]	[3054, 310, 5231],delete:
need:	[7855, 21, 10006]	[27516, 964, 28676],delete:
need:	[9368, 790, 7595]	[29029, 1017, 22034],delete:
need:	[26924, 1384, 24041]	[7263, 677, 1803],delete:
need:	[11794, 692, 6455]	[2700, 224, 6455],delete:
need:	[7351, 777, 9454]	[27012, 2021, 30549],delete:
need:	[1169, 421, 12609]	[20830, 1713, 30406]	[20830, 1121, 32270]	[1169, 533, 9322],delete:
need:	[2472, 22, 13374]	[2407, 282, 2472]	[2472, 22, 1033]	[22133, 925, 25111],delete:
need:	[7463, 129, 1022]	[7463, 143, 13639],delete:
need:	[28023, 925, 27326],delete:
need:	[20362, 1835, 33143]	[23776, 1095, 20362],delete:
need:,delete:
need:	[25167, 1789, 29123]	[5506, 22, 4230]	[25167, 925, 23891],delete:
need:	[12868, 322, 418]	[34118, 907, 20079],delete:
need:	[22233, 1525, 31774],delete:
need:	[4942, 22, 11150]	[24603, 925, 29346],delete:
need:	[3509, 110, 9079]	[30255, 1980, 23170],delete:
need:	[20296, 925, 22840]	[635, 22, 12711],delete:
need:	[28048, 925, 28252]	[8387, 22, 4486],delete:
need:	[9706, 730, 3519]	[9706, 22, 1046],delete:
need:,delete:
need:	[6442, 591, 8167]	[6442, 420, 8806],delete:
need:	[8818, 724, 9726]	[24095, 961, 28479]	[28479, 1017, 29387],delete:
need:	[8703, 677, 724]	[4214, 882, 8703],delete:
need:	[11454, 737, 4808]	[24469, 1205, 31115],delete:
need:	[9905, 22, 3823]	[29566, 925, 20439],delete:
need:	[20421, 925, 26683]	[760, 22, 3782],delete:
need:	[24451, 907, 26346]	[4660, 477, 4790],delete:
need:	[24421, 1095, 32820]	[4760, 18, 5382],delete:
need:	[1382, 96, 317]	[1382, 84, 11826]	[21043, 1017, 29444]	[21043, 1017, 31487],delete:
need:	[9381, 21, 10510]	[30312, 962, 29042],delete:
need:	[26952, 925, 31869]	[7291, 22, 12088],delete:
need:	[28877, 1398, 20530]	[32498, 1095, 20530],delete:
need:	[2978, 677, 4990]	[4990, 344, 7483],delete:
need:	[11767, 677, 2561]	[31428, 1034, 22222],delete:
need:	[25407, 1095, 33017]	[5746, 401, 13157],delete:
need:	[7068, 344, 10058]	[26729, 1244, 31092]	[7068, 651, 15838],delete:
need:	[32276, 905, 29704]	[12615, 493, 10043],delete:
need:	[110, 677, 16007]	[34210, 1384, 19771],delete:
need:	[21140, 1095, 23136]	[1479, 577, 2890],delete:
need:	[1182, 153, 9726]	[13110, 843, 9726],delete:
need:,delete:
need:,delete:
need:	[11211, 420, 10222]	[29883, 1631, 23760],delete:
need:	[23259, 1734, 25329]	[3598, 490, 5668],delete:
need:	[23992, 925, 26790]	[4331, 22, 88],delete:
need:	[2644, 868, 2527]	[22305, 1017, 30725],delete:
need:	[21473, 925, 21199]	[30499, 929, 21473]	[21473, 925, 31657],delete:
need:	[5936, 22, 4486]	[5936, 22, 19477],delete:
need:	[8433, 203, 9486]	[1493, 312, 8433],delete:
need:	[26687, 925, 23925]	[7026, 477, 12978],delete:
need:,delete:
need:	[6400, 22, 8783]	[26061, 1789, 27317]	[26061, 924, 25995],delete:
need:	[4911, 814, 1682]	[4911, 699, 6966]	[4911, 366, 14277]	[24497, 1411, 24572],delete:
need:	[24988, 1095, 22805]	[3144, 651, 5327],delete:
need:	[8981, 497, 6944]	[34376, 1540, 26605],delete:
need:	[12397, 735, 2078]	[32276, 1294, 21739],delete:
need:	[762, 22, 7129]	[20423, 925, 26790],delete:
need:	[27174, 925, 20439]	[7513, 22, 11524],delete:
need:	[22519, 1734, 25349],delete:
need:	[10466, 650, 15355]	[30127, 1483, 22518],delete:
need:	[8178, 21, 11809]	[29071, 907, 27839],delete:
need:,delete:
need:	[5982, 485, 2455]	[22116, 1226, 25643],delete:
need:	[28359, 1263, 31757]	[8698, 651, 14624],delete:
need:	[25781, 1725, 28662]	[7277, 833, 9001]	[28662, 2037, 26293],delete:
need:	[562, 110, 3468]	[20223, 1725, 25337],delete:
need:	[9583, 18, 5831]	[32042, 1095, 29244],delete:
need:	[1903, 21, 2752]	[26385, 1861, 21564]	[21564, 1861, 36693],delete:
need:	[4719, 344, 2102]	[4719, 677, 5217]	[24380, 1017, 39302]	[24380, 1034, 26095]	[24380, 1017, 22480]	[24380, 1034, 24878],delete:
need:	[25721, 1980, 33295]	[7704, 110, 6060],delete:
need:	[9940, 22, 3237]	[29601, 925, 22898],delete:
need:	[7719, 401, 5847]	[5847, 677, 12100],delete:
need:	[28614, 1095, 29789]	[8953, 401, 17881],delete:
need:	[28799, 1095, 20263]	[9138, 401, 8302],delete:
need:	[2249, 677, 6700]	[21910, 1034, 24129],delete:
need:	[22680, 1270, 31417]	[19948, 1525, 22680],delete:
need:	[11142, 649, 1694]	[21355, 1718, 29443],delete:
need:	[19959, 1631, 20928]	[1267, 846, 4913],delete:
need:	[10781, 33, 8988]	[33078, 2092, 28649],delete:
need:	[1237, 22, 8783]	[20898, 925, 28444],delete:
need:	[9402, 667, 7517]	[29063, 953, 34293]	[32067, 1185, 29063]	[29063, 2067, 27178],delete:
need:	[25360, 1423, 24280]	[6536, 630, 4619],delete:
need:	[1116, 110, 13732]	[29384, 939, 20777],delete:
need:	[3116, 677, 2805]	[3116, 844, 3225],delete:
need:	[3635, 22, 13829]	[23296, 925, 33490],delete:
need:	[4414, 657, 18943]	[4414, 868, 7647]	[24075, 1017, 29478],delete:
need:	[29988, 2058, 21951]	[9371, 900, 10327]	[8430, 833, 10327],delete:
need:	[10991, 59, 9171]	[30652, 962, 28832],delete:
need:	[6600, 490, 1457]	[21118, 1830, 26699],delete:
need:	[3155, 490, 2438],delete:
need:	[23224, 1695, 33038]	[13687, 651, 3563],delete:
need:	[20771, 1211, 29536],delete:
need:	[22837, 1261, 32530],delete:
need:	[23496, 2067, 28640]	[23887, 1398, 28640],delete:
need:	[11976, 22, 659]	[24759, 925, 20320]	[659, 716, 659],delete:
need:,delete:
need:,delete:
need:	[26436, 925, 34208]	[6775, 22, 3872],delete:
need:	[21752, 924, 31706]	[2091, 22, 3872],delete:
need:,delete:
need:	[31762, 1017, 19978],delete:
need:	[9871, 18, 6091]	[25752, 1781, 29532],delete:
need:	[788, 737, 8273]	[29350, 1261, 27934],delete:
need:	[14450, 228, 8726]	[8726, 110, 14450],delete:
need:	[30960, 2037, 24288]	[24288, 2088, 30960],delete:
need:	[25459, 1384, 23529]	[5798, 790, 3868],delete:
need:	[1467, 737, 6588]	[1467, 900, 262],delete:
need:	[9391, 724, 4697]	[23724, 1095, 29052],delete:
need:,delete:
need:	[4327, 153, 8320]	[23988, 1585, 27981],delete:
need:,delete:
need:	[28508, 2088, 21180]	[20554, 2037, 21180],delete:
need:	[5619, 22, 3817]	[25280, 925, 24325],delete:
need:	[4851, 497, 11921]	[24512, 1398, 21525],delete:
need:	[5024, 126, 9438],delete:
need:	[27750, 929, 22860],delete:
need:	[4754, 22, 7129]	[24415, 925, 30603]	[4754, 22, 8021],delete:
need:	[24590, 1861, 30211]	[24590, 1861, 38648],delete:
need:	[22065, 1384, 25900]	[10539, 677, 6239]	[22065, 1734, 25900],delete:
need:	[21102, 1384, 32113]	[12452, 790, 1441],delete:
need:	[24826, 962, 38078]	[5165, 22, 8077],delete:
need:	[6159, 144, 12813]	[25820, 1378, 22946],delete:
need:,delete:
need:	[30436, 1017, 29243]	[9582, 356, 16799],delete:
need:	[28439, 1095, 27257],delete:
need:	[28220, 972, 29309]	[12893, 420, 9648],delete:
need:	[25005, 1017, 38123]	[5344, 868, 9601]	[5344, 868, 16315],delete:
need:	[23372, 1017, 29211]	[9550, 174, 3411]	[13754, 400, 9550],delete:
need:	[26655, 1095, 24311]	[24311, 1095, 22060],delete:
need:	[7862, 737, 18688]	[7862, 110, 18288],delete:
need:,delete:
need:	[8862, 22, 8077]	[28523, 925, 30118],delete:
need:	[23083, 924, 25072]	[26760, 924, 25072]	[29546, 924, 25072],delete:
need:	[9869, 22, 11237]	[29530, 925, 24147],delete:
need:	[3664, 224, 18517]	[3664, 22, 12634],delete:
need:	[24543, 1585, 33223]	[24543, 1585, 35482],delete:
need:	[6879, 21, 1761]	[14812, 21, 1761]	[26540, 924, 21422]	[34473, 924, 21422],delete:
need:	[1306, 74, 13104]	[7267, 727, 1306],delete:
need:	[5177, 110, 14053]	[33714, 2037, 24838],delete:
need:	[2806, 74, 3690]	[22467, 1089, 23351],delete:
need:	[23968, 1585, 29376]	[4307, 153, 14111]	[4307, 275, 1505],delete:
need:	[9735, 490, 9337]	[14528, 677, 9735],delete:
need:	[22051, 1045, 22049]	[2390, 203, 14364],delete:
need:	[28539, 1540, 29885]	[10224, 539, 12673],delete:
need:	[32902, 1806, 25799]	[6138, 275, 556],delete:
need:,delete:
need:,delete:
need:	[27394, 977, 28623]	[7733, 74, 8962],delete:
need:	[27624, 925, 33449]	[7963, 21, 3874],delete:
need:	[5926, 727, 2468]	[2468, 22, 3237],delete:
need:	[9517, 21, 929]	[29178, 924, 20590],delete:
need:,delete:
need:	[27835, 1631, 33809]	[8174, 846, 7114],delete:
need:	[6655, 833, 11191]	[26316, 1819, 36734],delete:
need:	[3421, 677, 208]	[208, 650, 1733],delete:
need:	[10069, 748, 736]	[19823, 1045, 20397],delete:
need:	[34030, 1095, 23407]	[23407, 1384, 25870],delete:
need:	[1559, 22, 778]	[1559, 22, 3823]	[21220, 1017, 35564],delete:
need:	[6754, 651, 12646]	[26415, 1734, 32307],delete:
need:	[34463, 1688, 24558],delete:
need:,delete:
need:	[982, 549, 1680]	[10955, 549, 1680]	[9909, 833, 1680]	[1680, 800, 15277]	[21341, 1465, 29988]	[21013, 1261, 21341]	[21341, 2088, 32725],delete:
need:	[4483, 900, 7254]	[14735, 389, 4483],delete:
need:	[7997, 508, 122]	[19783, 924, 36979],delete:
need:	[13647, 708, 1554],delete:
need:	[1280, 708, 5969]	[30900, 995, 25630],delete:
need:	[616, 650, 13489]	[616, 651, 13460],delete:
need:,delete:
need:	[25087, 1734, 29814]	[25087, 1920, 30878],delete:
need:	[1240, 677, 763],delete:
need:	[23346, 1734, 29741]	[7116, 677, 3685],delete:
need:	[5662, 84, 6792],delete:
need:	[26580, 925, 31845]	[26580, 977, 23098],delete:
need:	[574, 790, 5441]	[25102, 1734, 20235],delete:
need:	[402, 899, 9264],delete:
need:	[27134, 2067, 31638],delete:
need:	[21044, 1095, 23275],delete:
need:	[8351, 322, 9140]	[28012, 1831, 33006],delete:
need:	[22507, 1017, 38665],delete:
need:	[24119, 1583, 21170]	[4458, 486, 1509]	[4458, 146, 13686]	[24119, 1856, 33347],delete:
need:	[3432, 21, 13867]	[3432, 224, 12001]	[23093, 962, 31662],delete:
need:	[5390, 476, 4725]	[10586, 859, 4725],delete:
need:	[25097, 1230, 22686]	[6398, 224, 3025],delete:
need:	[2103, 21, 17010],delete:
need:,delete:
need:	[10442, 884, 9678]	[29339, 1032, 20444],delete:
need:,delete:
need:	[780, 18, 10305]	[23582, 951, 20441],delete:
need:	[21687, 925, 27710],delete:
need:	[11925, 677, 4259]	[22946, 1095, 23920],delete:
need:	[10846, 110, 7322]	[26983, 1324, 19953],delete:
need:	[21026, 907, 29035]	[79, 310, 9374],delete:
need:	[7071, 753, 8827]	[19816, 1095, 28488],delete:
need:	[21574, 925, 33035]	[1913, 22, 5450],delete:
need:	[3201, 724, 2495]	[24757, 1725, 22156]	[22156, 1725, 21031]	[26596, 1725, 22156]	[25936, 1017, 22156],delete:
need:,delete:
need:	[8624, 110, 9352]	[9352, 493, 5660],delete:
need:	[29597, 1295, 24213]	[29597, 1941, 30711]	[9936, 446, 4552],delete:
need:,delete:
need:	[14011, 737, 6609]	[26270, 1465, 26829],delete:
need:,delete:
need:	[22209, 2050, 24725]	[34595, 1095, 22209],delete:
need:	[4703, 22, 1927]	[24364, 925, 21588],delete:
need:	[30633, 1095, 29749]	[10088, 401, 5704]	[10972, 844, 10088]	[29749, 1695, 30633],delete:
need:	[5947, 577, 4943]	[25608, 907, 31400],delete:
need:,delete:
need:	[20531, 925, 20439]	[20531, 925, 27700]	[20531, 925, 27085]	[870, 22, 11524],delete:
need:	[5876, 22, 7288]	[25537, 925, 26949],delete:
need:	[2523, 481, 1973]	[31452, 1868, 22184],delete:
need:	[6664, 649, 14510]	[6291, 33, 6664],delete:
need:	[3766, 677, 13398]	[23427, 1034, 19955],delete:
need:	[8528, 578, 5977]	[12359, 137, 5977]	[20934, 1444, 25638],delete:
need:	[2691, 232, 2131]	[5078, 201, 2131]	[2131, 22, 778],delete:
need:	[447, 22, 3872]	[20108, 925, 30603],delete:
need:,delete:
need:	[5402, 724, 14366]	[25063, 925, 28252],delete:
need:	[9109, 22, 13594],delete:
need:	[11884, 737, 10366]	[30027, 1324, 22496],delete:
need:	[29948, 925, 20470]	[10287, 22, 8039],delete:
need:	[27914, 1384, 27504]	[7843, 847, 17728],delete:
need:,delete:
need:	[29373, 1095, 31207]	[11546, 651, 9712],delete:
need:	[10159, 22, 952]	[29820, 925, 31185],delete:
need:	[1703, 577, 13972]	[21364, 1399, 20230],delete:
need:	[3723, 356, 13981]	[33642, 1725, 23384]	[24776, 1017, 23384],delete:
need:	[140, 22, 12088]	[19801, 925, 31749],delete:
need:	[14415, 746, 9431]	[9431, 843, 16799]	[29460, 1881, 29092]	[29092, 1082, 29460]	[29243, 1432, 29092],delete:
need:	[32335, 1095, 21594]	[1933, 677, 9927],delete:
need:	[24124, 2067, 22213]	[6614, 800, 4463],delete:
need:	[8299, 677, 7534]	[30825, 1034, 27195],delete:
need:	[31428, 1816, 27903],delete:
need:	[29998, 1583, 27548]	[29998, 1396, 29248]	[29998, 1095, 32927]	[10337, 785, 2495],delete:
need:	[9897, 651, 12960]	[9897, 18, 11649],delete:
need:	[9408, 729, 9136]	[14030, 729, 9136]	[9967, 729, 9136]	[24464, 944, 28797],delete:
need:	[20329, 2088, 29897]	[668, 110, 5751],delete:
need:	[7316, 22, 6103]	[26977, 925, 25764],delete:
need:	[27146, 925, 29806]	[7485, 22, 10145],delete:
need:	[23197, 1603, 29389],delete:
need:	[31073, 1503, 26189]	[2799, 577, 6528],delete:
need:	[27078, 951, 21386]	[6789, 577, 7417],delete:
need:	[24291, 907, 38215]	[25738, 977, 24291],delete:
need:	[23393, 929, 30895]	[3732, 477, 2730],delete:
need:	[26705, 1290, 21699]	[7044, 653, 2038]	[26705, 1970, 34541],delete:
need:	[24602, 1095, 27007]	[7346, 18, 12212],delete:
need:	[7820, 153, 6883]	[28555, 1830, 26544],delete:
need:	[27668, 1095, 27175]	[27175, 907, 37869],delete:
need:	[8045, 882, 4825]	[4825, 654, 5141]	[26649, 1244, 24486]	[28065, 1244, 24486]	[27706, 2067, 24486],delete:
need:	[10410, 18, 5525]	[20806, 1045, 25186],delete:
need:	[3002, 129, 9416]	[22663, 924, 29667]	[31191, 907, 22663],delete:
need:,delete:
need:	[10251, 59, 3961]	[31093, 962, 23622]	[32059, 962, 23622],delete:
need:	[28512, 1734, 24274],delete:
need:	[12932, 153, 10252]	[7527, 153, 10252]	[27188, 1585, 29913],delete:
need:	[22815, 1483, 36432]	[22815, 972, 34519],delete:
need:	[25786, 1113, 31604],delete:
need:	[4016, 420, 8093]	[4016, 490, 8093],delete:
need:,delete:
need:,delete:
need:	[1871, 800, 12975]	[21532, 2058, 32636]	[32636, 1725, 21532],delete:
need:	[9009, 398, 10010]	[3038, 814, 10010],delete:
need:,delete:
need:	[22515, 1897, 20649]	[2854, 322, 15151],delete:
need:,delete:
need:	[28345, 925, 23533]	[29701, 1861, 28345],delete:
need:	[26610, 929, 30397]	[32345, 907, 26610],delete:
need:	[32735, 1734, 29206]	[9545, 657, 13578],delete:
need:	[7205, 22, 1927]	[26866, 1075, 26866]	[26866, 1789, 33068],delete:
need:	[10085, 84, 7656],delete:
need:	[3854, 868, 13603]	[23515, 1017, 32946],delete:
need:,delete:
need:	[29126, 1034, 34460]	[9465, 677, 1525],delete:
need:	[14609, 737, 8763]	[8763, 110, 14609],delete:
need:	[1772, 657, 7518]	[21433, 1503, 27179]	[21433, 1585, 32303],delete:
need:	[2633, 22, 11040]	[2633, 21, 2752]	[34529, 907, 22294],delete:
need:	[2251, 110, 7281]	[25602, 1980, 21912],delete:
need:	[27799, 1384, 28512],delete:
need:	[11847, 651, 3148],delete:
need:	[14315, 708, 8111]	[29148, 995, 27772]	[14057, 344, 8111]	[31877, 1113, 27772],delete:
need:	[32967, 1860, 20505]	[20505, 1744, 38777],delete:
need:	[4211, 129, 2798],delete:
need:	[23981, 1503, 28341]	[4320, 644, 8680],delete:
need:,delete:
need:	[9689, 177, 7811]	[23129, 1205, 29350],delete:
need:,delete:
need:	[20842, 1200, 20133]	[20842, 925, 30460],delete:
need:,delete:
need:	[2377, 737, 10046]	[2377, 79, 4080],delete:
need:	[25584, 925, 22031]	[5923, 22, 12150],delete:
need:,delete:
need:,delete:
need:	[6412, 21, 1208]	[26073, 925, 27738],delete:
need:,delete:
need:,delete:
need:,delete:
need:	[25226, 925, 33157]	[5565, 22, 13496],delete:
need:	[25567, 925, 27700]	[5906, 22, 8039],delete:
need:	[4336, 22, 3872]	[23997, 924, 24520],delete:
need:	[1916, 737, 8829]	[8829, 531, 10044],delete:
need:	[7674, 603, 9707]	[29368, 2031, 27335]	[27335, 1692, 21307],delete:
need:	[1520, 279, 3438]	[3438, 650, 12815],delete:
need:	[9342, 497, 665]	[29003, 1816, 29545],delete:
need:	[33651, 1725, 28625]	[13990, 833, 8964]	[33685, 1725, 28625],delete:
need:	[8558, 22, 12634]	[28219, 925, 32295],delete:
need:	[9817, 356, 10292]	[3075, 144, 9817],delete:
need:	[14795, 21, 10434]	[32702, 924, 30095],delete:
need:	[19670, 925, 22898]	[9, 21, 10860]	[9, 22, 3237],delete:
need:	[32097, 1980, 22331]	[12436, 389, 2670],delete:
need:	[8489, 786, 9852],delete:
need:	[7113, 726, 1509],delete:
need:	[25866, 1017, 37529]	[6205, 18, 161],delete:
need:	[11663, 203, 8636]	[28297, 1480, 36390],delete:
need:	[2386, 727, 3147]	[22047, 1200, 28062],delete:
need:	[2000, 753, 11811]	[31472, 972, 21661]	[21661, 1631, 32882],delete:
need:	[21192, 929, 24945]	[5284, 22, 10799],delete:
need:	[4877, 651, 8560]	[24538, 1384, 28221],delete:
need:	[4191, 4, 16633]	[23852, 962, 20071]	[23852, 929, 20071],delete:
need:,delete:
need:	[23860, 1384, 27161]	[19718, 1095, 27161],delete:
need:	[8540, 651, 9901],delete:
need:	[26416, 2037, 21912]	[5941, 110, 6755],delete:
need:	[24058, 1095, 27250]	[7589, 651, 4397],delete:
need:	[12948, 868, 3856],delete:
need:	[10455, 21, 17010]	[30116, 962, 38078],delete:
need:	[8352, 21, 1832]	[28013, 962, 28576],delete:
need:	[23817, 1261, 21539],delete:
need:	[22736, 1226, 27037]	[27037, 1734, 26450],delete:
need:	[25644, 1963, 20514]	[20514, 1017, 36586]	[14356, 734, 853]	[853, 658, 14356],delete:
need:,delete:
need:,delete:
need:	[14249, 584, 8250]	[8250, 307, 12406]	[27911, 2082, 32067],delete:
need:	[20282, 1017, 27317],delete:
need:	[28176, 1980, 21970]	[2309, 389, 4547],delete:
need:	[1615, 868, 19054]	[21276, 1017, 27843],delete:
need:	[4917, 110, 8543]	[8543, 737, 16862],delete:
need:,delete:
need:	[11923, 677, 9654],delete:
need:	[23039, 1261, 19712]	[19712, 1980, 30501],delete:
need:	[25354, 1939, 33630]	[25354, 1423, 27546],delete:
need:,delete:
need:	[8570, 21, 14019]	[28231, 907, 30567],delete:
need:	[2208, 22, 3237]	[9741, 61, 2208]	[21869, 925, 31749],delete:
need:	[20541, 1313, 31353]	[9509, 497, 880],delete:
need:	[31292, 1095, 24802],delete:
need:,delete:
need:	[2329, 665, 4707],delete:
need:	[1103, 797, 7411]	[8142, 490, 7411],delete:
need:	[1055, 600, 10202],delete:
need:	[3851, 490, 4162]	[4162, 18, 2895],delete:
need:	[9077, 177, 13301]	[28738, 1585, 22615]	[28484, 1211, 28738]	[9077, 153, 2954],delete:
need:	[20936, 925, 29366]	[1275, 22, 9705],delete:
need:	[25178, 1017, 23815],delete:
need:	[20228, 1205, 20434]	[6534, 737, 567],delete:
need:	[4270, 683, 7833]	[24004, 962, 27494],delete:
need:	[6449, 201, 13049]	[6449, 22, 3872],delete:
need:	[26414, 1045, 26238]	[26414, 1095, 33977],delete:
need:	[14836, 461, 7009],delete:
need:	[20331, 925, 33447]	[670, 22, 10942],delete:
need:	[10269, 22, 10145]	[25517, 912, 29930],delete:
need:	[7521, 844, 4341]	[32845, 972, 27182],delete:
need:	[14482, 21, 6979],delete:
need:,delete:
need:	[19741, 1113, 24780]	[80, 777, 7439],delete:
need:	[20245, 1465, 28830]	[28830, 1980, 20048],delete:
need:	[1869, 21, 13357]	[2736, 508, 1869]	[2736, 224, 1869]	[21530, 925, 23604]	[22397, 962, 21530],delete:
need:	[26003, 1095, 35282]	[2008, 651, 6342],delete:
need:	[1853, 739, 5196],delete:
need:,delete:
need:	[9586, 651, 8238]	[27899, 1095, 29247],delete:
need:	[21189, 925, 32295]	[1528, 22, 12634],delete:
need:	[3753, 22, 2550]	[3753, 22, 778],delete:
need:	[6865, 672, 3878]	[26526, 977, 32731],delete:
need:	[22531, 925, 23443]	[2870, 22, 3782],delete:
need:	[34017, 1997, 28458]	[14356, 33, 8797]	[8797, 884, 10035],delete:
need:,delete:
need:	[24882, 929, 33437]	[24882, 964, 38078],delete:
need:	[21708, 962, 26157]	[2047, 59, 6496],delete:
need:	[26849, 925, 22775]	[3314, 362, 3114],delete:
need:	[2428, 531, 2716]	[22089, 2067, 25281],delete:
need:	[10356, 545, 12214]	[30017, 2004, 31875]	[10356, 515, 17463],delete:
need:	[10336, 344, 399]	[11882, 651, 10336],delete:
need:	[22892, 1702, 27276]	[3231, 583, 13630],delete:
need:,delete:
need:	[29511, 1830, 30728]	[9850, 724, 11067]	[29511, 1017, 19978],delete:
need:	[13567, 855, 9108],delete:
need:	[23707, 1831, 21208]	[1547, 630, 12176],delete:
need:	[11366, 22, 5911],delete:
need:	[23871, 1045, 25528],delete:
need:	[3778, 401, 7060]	[2732, 844, 3778],delete:
need:	[1423, 201, 900]	[900, 22, 4230],delete:
need:	[8539, 310, 8618],delete:
need:	[2176, 598, 7954],delete:
need:	[27524, 1525, 31735]	[27524, 1734, 39092],delete:
need:	[5514, 18, 11992]	[25555, 1756, 25175],delete:
need:	[23707, 1792, 32460]	[4046, 812, 1547]	[23707, 1831, 21208],delete:
need:	[33444, 905, 25829]	[25829, 1513, 37003],delete:
need:,delete:
need:	[6722, 753, 14946]	[11561, 753, 6722]	[14946, 420, 6722]	[26383, 1400, 22961]	[31222, 1938, 26383]	[34607, 972, 26383],delete:
need:	[4615, 22, 7129],delete:
need:	[29183, 925, 31845]	[9522, 22, 12184],delete:
need:	[27598, 1244, 31638]	[7937, 650, 11977]	[7937, 18, 6146],delete:
need:	[4648, 52, 2297]	[21555, 1055, 21958],delete:
need:	[20376, 1232, 34130],delete:
need:	[8998, 224, 12270],delete:
need:	[24793, 1980, 25792]	[6131, 110, 3162],delete:
need:	[14869, 677, 9372]	[34530, 1034, 29033],delete:
need:	[32670, 1703, 27106]	[13009, 724, 7445]	[24535, 953, 27106],delete:
need:	[7158, 22, 11237]	[7158, 22, 13788],delete:
need:	[4029, 22, 1760]	[4029, 21, 10434]	[4029, 22, 8077],delete:
need:	[27188, 1585, 39237]	[7527, 153, 10252],delete:
need:	[8819, 110, 12726]	[8819, 900, 19644],delete:
need:	[27823, 972, 24320]	[4659, 139, 4518]	[4659, 846, 10759],delete:
need:	[7349, 724, 11084]	[7349, 724, 12573]	[31966, 951, 27010],delete:
need:	[25410, 925, 30811]	[33093, 929, 25410],delete:
need:	[33509, 1384, 20528]	[867, 677, 8859],delete:
need:,delete:
need:	[32866, 1095, 20432]	[20432, 956, 32664],delete:
need:	[2974, 162, 5141]	[2974, 137, 9726]	[2974, 187, 5141]	[10756, 577, 2974]	[30745, 1699, 22635],delete:
need:	[8826, 753, 12278]	[8826, 344, 5363],delete:
need:,delete:
need:	[24375, 925, 31869]	[13841, 58, 4714],delete:
need:	[26083, 1176, 31186]	[6422, 830, 15794],delete:
need:	[3715, 21, 929]	[3715, 22, 10935],delete:
need:	[4653, 868, 54]	[24314, 1017, 25905],delete:
need:	[32176, 1525, 26495]	[32176, 1095, 26495],delete:
need:	[9688, 356, 3576]	[24398, 1399, 29349],delete:
need:	[12352, 677, 6375],delete:
need:	[9686, 234, 10628]	[4306, 84, 9686],delete:
need:	[12320, 577, 3973]	[32283, 1263, 23634]	[22480, 1699, 23634],delete:
need:	[6149, 22, 11524]	[25810, 925, 31185],delete:
need:	[25541, 985, 20784]	[1123, 734, 3120]	[3120, 827, 1123],delete:
need:	[26185, 1034, 27799]	[26830, 992, 26185]	[6524, 650, 13489],delete:
need:	[10376, 650, 4965],delete:
need:	[24202, 1539, 23586]	[4541, 219, 18403]	[4541, 162, 3925],delete:
need:	[10496, 388, 7443]	[10496, 21, 6219]	[10496, 129, 11127],delete:
need:	[9674, 17, 6929]	[14888, 177, 6929],delete:
need:	[8200, 224, 1992]	[27861, 962, 21653],delete:
need:	[28866, 1119, 23357]	[28866, 996, 25257],delete:
need:,delete:
need:,delete:
need:	[20557, 1860, 32811]	[13150, 705, 896]	[896, 895, 11969],delete:
need:	[3413, 22, 6613]	[23074, 925, 26274],delete:
need:	[26882, 962, 26562]	[7221, 21, 5411],delete:
need:	[2543, 362, 8942]	[2543, 716, 8942]	[2543, 126, 13788]	[2543, 126, 1760]	[9778, 22, 2543]	[33961, 1603, 22204]	[22204, 1603, 28603],delete:
need:	[29757, 1816, 25288],delete:
need:	[1130, 22, 3385]	[1130, 22, 3823],delete:
need:,delete:
need:	[6345, 68, 14144]	[6345, 64, 5154]	[26006, 967, 24815]	[26006, 971, 33805],delete:
need:	[29088, 925, 30811]	[9427, 22, 600],delete:
need:	[4294, 22, 1278]	[4184, 388, 4294]	[30832, 977, 23955],delete:
need:	[2604, 401, 2838]	[32599, 1095, 22265],delete:
need:	[24339, 1819, 26375]	[6714, 110, 4678],delete:
need:	[12379, 710, 5755]	[7675, 759, 5755]	[27336, 1868, 25416]	[32040, 1868, 25416],delete:
need:	[25444, 907, 23803]	[6289, 577, 4142],delete:
need:	[22097, 1095, 26625]	[26625, 1835, 29156],delete:
need:	[8781, 260, 6497],delete:
need:,delete:
need:	[2566, 490, 7684]	[27345, 1384, 32388],delete:
need:	[7754, 167, 2495],delete:
need:	[2691, 22, 11784],delete:
need:	[21489, 925, 28444]	[21325, 925, 28444],delete:
need:	[890, 677, 5922]	[20551, 1095, 31272],delete:
need:	[12538, 21, 9297]	[9297, 49, 13639],delete:
need:	[26370, 907, 25125]	[11832, 74, 6709],delete:
need:	[4426, 497, 9026]	[25211, 1734, 24087]	[4426, 790, 5550],delete:
need:	[10138, 21, 15826]	[29799, 1200, 34974],delete:
need:	[34281, 929, 22888]	[1774, 683, 3227],delete:
need:	[29462, 1095, 31912],delete:
need:	[26919, 1789, 32108]	[7258, 22, 11524],delete:
need:	[29503, 925, 27738]	[29503, 1435, 24639]	[9842, 22, 3872]	[29503, 925, 23533],delete:
need:	[9635, 651, 6166]	[25827, 1095, 29296],delete:
need:	[10305, 446, 11034]	[20441, 907, 29966]	[31153, 907, 29966],delete:
need:	[23798, 1095, 20658]	[4137, 497, 663],delete:
need:	[34238, 2084, 23006]	[31055, 1503, 23006]	[11394, 657, 3345],delete:
need:	[10729, 18, 4716]	[32024, 1045, 24377],delete:
need:	[2480, 84, 1682],delete:
need:	[1717, 49, 5050]	[1717, 49, 16069]	[4711, 729, 1717]	[1717, 859, 11430]	[21378, 1243, 31091],delete:
need:	[34281, 907, 20904]	[1243, 21, 12537],delete:
need:	[4303, 351, 3145]	[4303, 599, 1748]	[23964, 1702, 26733],delete:
need:	[7891, 22, 3699]	[27552, 925, 23360],delete:
need:	[247, 22, 1278]	[19908, 925, 20939],delete:
need:	[7182, 22, 1538]	[26843, 925, 21199],delete:
need:	[27362, 907, 26245]	[6584, 21, 15826],delete:
need:,delete:
need:	[9327, 110, 4596]	[28988, 1980, 20223],delete:
need:	[13620, 799, 7498]	[7498, 753, 5083],delete:
need:	[5963, 900, 12147]	[5963, 110, 13040],delete:
need:	[31598, 929, 23717]	[4705, 129, 4056],delete:
need:	[23728, 918, 28564]	[8903, 874, 2078],delete:
need:	[29491, 961, 24278],delete:
need:	[28548, 1668, 26611]	[8887, 420, 13054],delete:
need:	[29467, 1017, 28344]	[12024, 110, 8683],delete:
need:	[9731, 110, 5291]	[9731, 737, 14819],delete:
need:	[33845, 1017, 23364]	[3703, 177, 342]	[14184, 84, 3703]	[33222, 2058, 23364],delete:
need:	[8134, 22, 3763]	[27795, 925, 32308],delete:
need:,delete:
need:	[22628, 1200, 31771]	[12332, 727, 2967],delete:
need:	[1144, 18, 11614]	[8576, 651, 1144],delete:
need:	[12845, 110, 1159]	[1159, 79, 2428],delete:
need:	[27093, 1835, 34590],delete:
need:	[21653, 925, 30898]	[1992, 22, 3817],delete:
need:	[9741, 21, 9043]	[29402, 907, 33387],delete:
need:	[30371, 1095, 20009]	[6477, 490, 348],delete:
need:	[13320, 651, 9287]	[28948, 1095, 32981],delete:
need:	[9606, 877, 6908],delete:
need:	[24743, 925, 27738]	[5082, 22, 10945],delete:
need:,delete:
need:	[5664, 577, 15014]	[25325, 1095, 26392],delete:
need:	[28453, 925, 22898]	[28453, 924, 33680],delete:
need:	[3693, 477, 2120]	[23354, 1200, 21530],delete:
need:	[27139, 1261, 34109]	[14448, 737, 7478],delete:
need:	[12531, 777, 3164]	[22825, 1816, 26290]	[28378, 1261, 22825]	[23822, 1830, 22825],delete:
