4637	17	13742
19637	302	28742
19637	259	18933
6880	226	12245
21880	364	23314
21880	414	17449
6880	145	8314
21880	414	18763
672	20	12650
15672	321	27650
15672	321	22033
672	20	7033
6994	53	13574
21994	250	28574
6994	15	8676
21994	336	23676
21994	386	16260
6412	226	13328
21412	414	28328
21412	259	20849
933	49	1620
15933	410	16620
18685	416	20578
3685	51	5578
1166	226	14188
16166	414	29188
16166	259	20849
16166	284	16286
1166	205	1286
5890	226	11977
20890	414	26977
20890	259	20849
5890	226	4840
20890	414	19840
151	159	85
15151	381	15085
15085	410	18432
8931	145	85
23931	364	15085
13022	226	487
10937	81	487
22526	344	15487
19547	414	15487
10801	226	487
5207	0	7242
20207	345	15574
7920	123	5207
22920	410	20207
22216	351	20207
1148	75	9485
16148	311	27289
1148	75	12289
16148	414	16270
1148	226	1270
4998	225	5647
19998	321	26824
4998	20	11824
19998	344	28077
5647	151	4998
14352	34	4661
19661	267	29352
4661	196	14352
19661	268	29352
29352	394	19661
14672	151	290
15290	267	29672
290	225	14672
29672	368	15290
8827	226	1123
23827	414	17467
23827	259	20849
8827	226	2467
23827	414	16123
2755	145	12075
17755	364	18108
2755	226	3108
17755	250	20312
17755	323	15360
8582	226	887
23582	409	26417
23582	330	17859
8582	205	5858
23582	414	15887
301	103	9205
15301	336	19757
25688	416	15301
3753	51	301
301	145	5628
6258	145	14347
21258	296	25418
21258	364	28665
6258	4	10418
21258	364	29347
482	154	6274
15482	269	22072
482	168	7072
15482	284	21274
3022	160	7942
20363	410	22942
14094	160	7942
27474	342	22942
12474	99	7942
7810	51	12120
22810	381	22475
22810	416	27120
7810	48	7475
8029	205	6150
23029	414	19844
8029	226	4844
23029	259	20849
8029	75	13300
14120	95	5060
5060	36	14622
20060	279	20566
20060	356	29184
5060	99	14738
9325	20	94
24325	321	15094
24325	344	25398
9325	61	10398
9325	78	10398
7413	159	1483
7413	145	1483
22413	414	17289
22413	386	16260
22413	409	26417
5290	205	10008
20290	381	16284
5290	4	2632
20290	284	25008
20290	296	17632
8190	225	7617
22617	368	23190
8190	78	4135
23190	386	20618
7617	151	8190
10994	145	7051
22116	364	22051
23478	364	22051
28004	364	22051
26713	364	22051
10021	190	11091
25021	351	26762
10021	160	11762
25021	271	16260
2325	156	13139
17325	303	28139
17325	250	18819
14108	51	914
1296	192	914
27787	416	15914
15914	308	27044
914	192	1296
8947	205	946
23947	381	22456
8947	48	7456
23947	284	15946
23947	381	27718
4806	49	6158
17524	414	19806
4806	160	2992
19806	410	21158
14555	145	4806
14151	226	6929
28672	414	21929
26544	414	21929
21929	410	24205
13198	226	6929
271	205	7752
15271	284	22752
15271	259	20849
271	226	13334
15271	414	28334
7007	49	9652
22007	410	24652
7007	160	9652
22007	351	24652
22007	342	29738
3073	33	12515
3073	160	4211
18073	271	15843
18073	351	19211
18073	290	16803
9953	222	3227
24953	303	26435
24953	416	18227
9953	156	11435
19062	267	24953
716	205	10110
15716	284	25110
15716	259	20849
3967	226	7958
18967	414	22958
18967	259	20849
848	145	14732
15848	381	18605
848	48	3605
15848	330	18605
15848	364	29732
9250	226	12439
24250	259	20849
9250	226	7816
24250	414	25236
9250	226	9121
3675	226	12754
3675	205	13275
18675	284	28275
18675	414	17369
18675	414	15181
2599	116	4844
27566	414	19844
17599	381	19844
7721	226	4844
2599	48	4844
7313	78	11390
15161	368	22313
7313	225	161
22313	321	29241
7313	151	13487
7760	226	5253
22760	414	20253
22760	284	25179
7760	205	10179
22760	414	29217
6735	159	7456
21735	381	27718
21735	259	20849
21735	330	22456
6735	48	7456
527	226	9810
15527	414	16522
15527	414	24810
15527	313	29738
15527	336	21856
8743	226	12797
23743	414	27797
23743	259	20849
8743	75	12531
23743	386	16260
3686	225	10212
3686	61	14357
18686	267	25212
25212	368	18686
3686	48	14357
6612	159	5774
21612	330	20774
21612	259	20849
6612	226	8659
21612	414	23659
4759	226	11164
19759	414	26164
19759	330	27694
4759	159	12694
19759	364	18362
2767	33	1235
17767	290	18757
17767	290	16235
2767	33	2002
17767	290	17002
5834	48	7847
20834	344	22847
5834	151	12659
20834	321	18133
5834	20	3133
5882	151	9030
24030	344	28785
20882	368	24030
24030	267	20882
9030	61	13785
6239	4	7520
21239	364	28665
6239	205	946
21239	284	15946
6239	48	2859
3564	226	4750
18564	414	19510
18564	414	19750
18564	364	19510
18564	259	20849
8984	4	8650
23984	364	23936
23984	259	20849
8984	226	5907
23984	414	28271
7644	151	6455
21455	381	24106
6455	225	7644
6455	48	9106
22644	368	21455
9933	49	14264
24933	410	29264
9933	40	14264
9681	51	14110
24681	416	29110
24681	330	23681
9681	159	8681
7445	226	8673
22445	414	22886
22445	284	24800
7445	205	9800
22445	259	20849
4393	159	3038
19393	381	18038
19393	414	29662
4393	226	1333
4393	226	827
5622	226	7097
10192	145	7097
22097	356	29184
13004	226	7097
25192	306	22097
6843	226	811
21843	414	22875
6843	159	7502
6843	226	7875
6843	48	7502
2058	226	5936
17058	414	20936
2058	145	4373
17058	330	19373
17058	414	28099
5360	226	12722
20360	259	20849
5360	226	7886
20360	414	27722
20360	414	22886
7842	84	12729
22842	284	27729
7842	91	10800
22842	402	25800
7842	116	1600
7007	49	9652
29300	410	24652
7007	160	9652
14300	49	9652
9652	0	7242
9853	226	9776
24853	414	15382
24853	414	24776
24853	386	16260
9853	226	382
5683	41	2292
20683	248	21365
5683	16	7848
20683	384	22848
20683	248	17292
2264	226	4750
17264	414	19750
17264	414	26059
17264	386	16260
2264	226	11059
14263	226	289
26738	414	15289
29030	414	15289
23057	330	15289
23333	414	15289
21640	381	29727
6640	48	14727
21640	364	29727
6640	145	14727
21640	259	20849
3928	145	11385
18928	284	22267
18928	364	26385
3928	205	7267
18928	409	26417
12133	160	5667
28497	351	20667
10918	8	5667
13497	160	5667
19510	351	20667
14182	169	415
29182	411	15415
21907	411	15415
6907	169	415
15415	265	25056
8178	205	11534
23178	284	26534
8178	226	8659
23178	259	20849
23178	414	23659
11339	226	7451
26339	414	22451
22451	271	21501
7451	160	6501
15390	414	22451
10379	226	14386
25379	414	29386
25379	381	27897
25379	311	27238
10379	48	12897
7281	78	3162
22281	321	21537
22281	344	28975
7281	61	13975
7281	48	3162
1870	226	6596
19012	414	21596
14559	226	6596
16870	414	21596
23248	414	21596
7292	156	6559
22292	303	21559
19694	294	21559
6559	34	9450
17323	303	21559
6673	226	3431
17112	414	18431
25006	414	18431
21425	414	18431
18410	414	18431
5532	160	5345
20532	351	20345
20532	279	19102
20532	384	20099
20532	384	17752
8959	226	6950
23959	414	19056
23959	259	20849
23959	311	28300
23959	296	22373
7930	160	7012
22930	346	17848
22930	351	22012
7930	128	2848
22930	271	16260
10498	20	7071
25498	368	29308
29308	267	25498
14308	225	10498
10498	151	14308
141	75	7696
15141	364	19253
15141	381	27047
141	4	1411
15141	296	16411
4312	226	12409
19312	311	28300
4312	145	10410
19312	259	20849
19312	414	27409
11359	213	4792
4792	49	1532
19792	271	20291
19792	248	22223
19792	351	22172
8917	48	12889
23917	296	21053
23917	381	27889
23917	284	24618
23917	330	15362
14336	160	5875
21098	351	20875
27812	410	20875
12812	49	5875
29336	351	20875
1864	48	10589
16864	330	25589
16864	414	16054
16864	259	20849
1864	169	10070
9445	145	12927
24445	364	27927
24445	259	20849
24445	311	25571
9445	75	10571
9456	159	11692
9456	226	5709
24456	330	26692
24456	259	20849
9456	48	11692
4798	78	62
19798	344	15062
4798	151	7298
7298	225	4798
4798	61	62
6196	226	6337
21196	296	17595
6196	4	2595
21196	304	28300
21196	259	20849
1073	156	6660
16073	303	21660
6194	144	6660
23249	294	21660
3330	83	6660
1039	4	8650
16039	414	18957
1039	226	3957
16039	259	20849
16039	296	23650
7611	53	5350
889	42	5350
17461	250	20350
3300	53	5350
14562	42	5350
12857	169	6118
22302	411	21118
27857	411	21118
29635	411	21118
26433	411	21118
2437	160	14274
17437	351	29274
17437	410	29274
2437	49	14274
2950	20	12380
2950	61	10173
17950	321	27380
17950	344	25173
2950	78	10173
6632	226	1186
21632	414	16186
21632	259	20849
6632	226	5253
6632	125	2426
5440	53	13347
20440	250	28347
5440	53	12734
1982	33	2496
16982	290	17496
16982	290	18674
1982	33	3674
14228	98	2944
29228	336	17944
2799	102	2944
14228	193	2944
2944	24	9205
10371	71	134
10900	43	134
25900	368	15134
134	43	13917
15134	368	24383
3628	145	10870
3628	205	1286
18628	364	25870
18628	284	16286
18628	259	20849
5637	226	13631
5637	200	6259
20637	259	20849
20637	414	28631
20637	414	21259
5986	226	14706
20986	414	29706
20986	259	20849
1648	103	13262
16648	352	28262
3209	172	12643
18209	293	27643
27643	301	18209
7846	48	13975
22846	344	28575
7846	78	13575
7846	61	13575
22846	344	28975
9251	4	3263
24251	296	18263
24251	330	15362
9251	205	4096
24251	284	19096
14265	98	4438
29861	364	19438
14861	145	4438
29265	319	19438
26017	381	19438
8222	168	13085
23222	294	24917
23222	269	28085
8222	144	9917
1889	53	10982
16889	250	16499
16889	292	18926
16889	311	23704
1889	75	3805
1684	4	5702
27847	296	20702
26925	296	20702
20702	351	28053
5702	160	13053
13594	226	6126
28594	414	21126
23149	344	21126
15728	414	21126
5626	113	6126
6946	61	9288
19861	344	24288
474	113	9288
24288	375	27984
1294	78	9288
4626	46	5283
17215	362	20283
20283	378	25233
5283	77	10233
2215	46	5283
6784	128	2848
21784	346	17848
6784	160	3718
21784	271	18718
21784	351	18718
4822	33	1998
15652	290	16998
14724	139	1998
27065	290	16998
26735	290	16998
3867	226	2351
18867	414	17351
10283	61	2351
16893	414	17351
10283	78	2351
2604	226	11757
17604	414	26757
2604	48	14802
17604	381	29802
17604	296	24665
9359	226	9555
24359	414	24555
24359	284	28536
24359	259	20849
9359	205	13536
3867	226	2351
18867	414	24839
18867	414	17351
3867	226	9839
18867	259	20849
8968	205	5069
23968	296	28704
23968	284	20069
8968	4	13704
23968	330	23546
7708	205	10179
22708	364	25588
7708	145	10588
22708	414	24121
22708	414	25588
13364	145	8369
15345	364	23369
26270	364	23369
28444	364	23369
26985	364	23369
6438	48	11102
21438	381	19585
21438	296	26460
6438	125	11417
21438	409	26417
7964	205	8488
22964	414	15904
7964	226	904
22964	284	23488
22964	259	20849
6307	145	10661
6307	189	5026
21307	321	25666
6307	20	10666
6307	145	10282
5242	49	3845
21835	410	18845
6298	160	3845
29577	410	18845
14454	160	3845
5432	16	6167
20432	351	26814
5432	160	11814
20432	384	17777
3796	160	886
18796	351	15846
18796	271	15886
3796	160	846
6103	226	6324
21103	414	20547
6103	4	12906
21103	414	27678
21103	296	27906
9112	226	9839
24112	414	28910
24112	414	24839
24112	259	20849
9112	226	13910
7929	205	9459
22929	284	24459
22929	259	20849
9575	205	4030
24575	296	23833
9575	226	7589
24575	414	22589
24575	284	19030
8932	181	8698
2785	189	8698
4891	113	8698
409	61	8698
15409	344	23698
7126	160	1892
22126	343	21788
22126	318	26707
7126	115	6788
7126	195	11707
1835	145	4323
16835	364	19323
16835	259	20849
16835	250	19593
6714	226	13256
21714	259	20849
21714	414	29217
21714	414	28256
6714	226	14217
4107	205	3624
19107	284	18624
19107	259	20849
19107	414	15427
4107	226	13252
9016	33	950
24016	290	15950
9016	33	6164
2436	160	8989
17436	351	23989
1941	226	6214
16941	259	20849
16941	414	19019
16941	414	21214
1941	226	4019
10442	75	12531
25442	296	23650
25442	414	17672
10442	226	12396
25442	311	27531
1999	78	12866
16999	344	27866
1999	61	12866
3486	33	4568
18486	351	19211
18486	290	16803
3486	139	425
18486	397	15425
7086	205	8443
22086	414	24177
22086	414	21113
7086	226	9177
22086	259	20849
10764	61	7847
22067	414	22847
25764	344	22847
6584	61	7847
21584	344	22847
8127	46	11734
8127	115	10341
23127	362	26734
23127	343	25341
23127	384	20099
3359	4	2349
18359	284	28131
18359	296	17349
18359	414	29633
3359	226	14633
1784	159	10470
16784	414	25470
16784	330	25470
1784	226	10470
4059	4	13519
19059	364	18030
19059	296	28519
19059	284	23251
4059	226	326
4313	205	4004
19313	284	19004
4313	226	7023
19313	414	20530
19313	259	20849
5250	20	13740
28041	267	20250
20250	321	28740
13041	225	5250
5250	151	13041
19570	414	25236
4570	226	10236
19570	259	20849
595	20	9449
18358	321	24449
15392	321	24449
17243	321	24449
13772	20	9449
541	205	12418
15541	259	20849
541	226	7589
15541	381	23083
15541	414	22589
12536	225	5732
5732	151	12536
20732	368	27536
27536	267	20732
3582	226	5902
18582	414	20902
3582	48	13882
18582	330	28882
18582	414	24177
4520	195	3315
23973	318	18315
17145	318	18315
14820	195	3315
22205	318	18315
2861	33	5247
14122	190	5247
24600	290	20247
20247	386	21501
22488	290	20247
7604	226	2164
22604	381	15339
7604	205	10858
22604	364	27927
22604	284	25858
4184	230	6501
21721	296	19184
3416	48	4184
21721	381	19184
18416	381	19184
1893	4	1408
16893	296	16408
14458	4	1408
29458	296	16408
15268	296	16408
7510	75	9216
22510	311	24216
7510	145	2304
22510	381	17304
2304	68	7510
5191	226	5033
20191	259	20849
20191	414	20033
20191	414	23886
5191	226	8886
266	62	11992
15266	377	26992
15266	336	25943
266	226	13319
266	15	10943
9248	48	7150
26186	364	22150
16011	330	22150
1011	145	7150
26095	364	22150
7635	226	2520
22635	414	28381
7635	226	14757
22635	414	29757
22635	414	17520
4768	151	2586
19768	368	17586
2586	145	14277
17586	267	19768
2586	225	4768
9907	226	11942
24907	386	20618
24907	414	26942
9907	75	9232
24907	259	20849
9463	226	3442
20546	414	18442
20433	414	18442
29438	414	18442
14438	226	3442
1373	226	2536
16373	259	20849
16373	414	29697
1373	226	14697
16373	414	17536
2498	226	11271
17498	414	24410
17498	414	26271
2498	226	9410
17498	259	20849
7265	20	9841
22265	321	24841
5965	159	14720
5965	4	14743
20965	296	29743
20965	330	29720
20965	414	25052
5820	75	13300
20820	414	29534
5820	226	14534
20820	304	28300
20820	296	20702
10421	226	9108
25421	296	21226
10421	4	6226
25421	414	24108
25421	259	20849
9061	226	11405
24061	414	16729
24061	311	25943
9061	75	10943
9061	226	1729
9224	4	5299
24224	296	20299
24224	381	19953
9224	145	2827
24224	409	26417
8016	25	2687
5392	62	2687
21195	364	17687
20392	319	17687
23016	285	17687
2566	159	790
17566	330	15790
14789	159	790
29789	330	15790
18521	330	15790
9622	172	281
24622	293	15281
13754	78	2514
19240	344	17514
4240	145	2514
28754	344	17514
13754	61	2514
4328	48	12718
19328	381	27718
4328	145	13665
19328	284	15946
19328	364	28665
3064	226	1241
18064	259	20849
18064	414	16241
10174	75	14618
25174	414	28425
25174	259	20849
10174	226	13425
25174	414	21421
8017	103	380
23017	293	15380
8017	188	380
23017	281	15380
23017	363	15380
7333	226	662
22333	284	18328
22333	414	15662
7333	205	3328
22333	259	20849
1030	29	1260
16030	369	16260
23435	410	16030
8435	49	1030
8558	241	12494
23558	358	27494
5689	226	4766
20689	414	19766
20689	259	20849
9059	4	9562
24059	296	24562
24059	284	25008
24059	259	20849
24059	409	18482
9143	20	1269
24143	344	27815
9143	61	12815
24143	321	16269
9143	78	12815
4062	222	3227
4062	51	3227
16421	341	18227
24953	341	18227
27136	416	18227
7913	75	14236
22913	311	29236
22913	259	20849
277	226	1054
27164	414	16054
21919	330	16054
15277	364	16054
23156	414	16054
13437	205	7419
25564	284	22419
22419	351	21158
7419	160	6158
28902	284	22419
1227	78	8427
8427	54	8427
18273	344	23427
13464	48	8427
1227	61	8427
4961	145	4916
19916	265	24461
26206	402	19916
25367	402	19916
467	48	4916
1414	75	2401
26909	311	17401
28193	311	17401
15148	311	17401
22229	311	17401
5863	226	9903
25045	414	24903
29032	414	24903
24903	384	20099
14032	226	9903
2703	226	3438
17703	284	26317
17703	414	18438
2703	205	11317
17703	259	20849
13415	205	2462
23930	284	17462
15444	284	17462
18139	284	17462
22085	284	17462
1381	4	1411
16381	296	16411
16381	284	22157
16381	259	20849
1381	205	7157
3484	75	13300
18484	311	28300
18484	364	16576
3484	145	1576
18484	259	20849
8392	41	1459
23392	248	16459
23392	248	22401
8392	41	7401
1071	169	2569
27916	411	17569
12916	169	2569
24138	411	17569
19945	411	17569
10337	154	12729
25337	330	16826
10337	15	7083
25337	330	15898
10337	159	1826
2314	145	2298
23835	364	17298
17314	364	17298
8835	145	2298
4744	145	2298
3412	226	4987
18412	414	20125
3412	159	10267
18412	364	25267
18412	414	19987
4023	4	12803
19023	296	27803
4023	169	12365
19023	259	20849
4799	49	894
19799	410	15894
4892	4	6651
4892	205	13131
19892	284	28131
19892	330	21651
19892	296	21651
8481	205	1065
23481	284	16065
23481	296	18263
8481	226	9999
8481	4	3263
9106	160	4038
4038	0	7242
21138	351	19038
24645	351	19038
21327	351	19038
606	20	9841
15668	344	15606
668	61	606
15606	321	24841
668	78	606
3692	139	2496
18692	397	17496
14391	160	6704
15267	351	21704
29391	351	21704
267	160	6704
6069	78	13047
21069	344	28047
6069	61	13047
10089	41	9334
25089	351	29407
25089	248	24334
10089	160	14407
25089	384	17752
1203	226	6811
28972	414	21811
29080	414	21811
14080	226	6811
13972	226	6811
7093	33	4568
22093	290	15864
22093	290	29083
22093	290	19568
7093	139	864
2775	226	6048
17775	414	25035
17775	284	28271
2775	205	13271
17775	414	21048
5495	78	3939
3939	181	11652
3939	106	3320
22969	344	18939
3939	20	6387
9757	156	11842
24757	303	16692
24757	250	16499
9757	53	1499
24757	303	26842
4529	75	14652
19529	311	29652
19529	259	20849
8646	48	1549
23646	344	16549
8646	61	1549
23646	368	23870
8646	151	8870
3316	159	14305
18316	330	29305
18316	311	27531
18316	259	20849
18316	296	22339
14998	226	4649
26847	414	19649
28013	414	19649
9163	226	4649
19968	414	19649
2902	125	13394
17902	414	24715
17902	409	28394
2902	226	9715
17902	259	20849
2468	156	9482
17468	303	24482
9269	159	2545
24269	296	16411
9269	205	4160
24269	259	20849
24269	330	17545
10569	15	7083
9993	15	7083
7235	193	7083
22574	336	22083
7581	193	7083
987	241	2614
15987	404	17614
15987	343	25341
3784	78	8713
3784	61	8713
8713	106	11671
18784	344	23713
8713	20	2607
4834	156	12015
19834	303	27015
5317	33	13247
20317	290	24686
5317	190	6164
20317	290	21164
20317	290	15950
3540	159	2545
3540	205	7226
18540	259	20849
18540	284	22226
18540	414	22451
6192	33	12515
21192	290	16803
21192	290	27515
21192	271	15843
6192	33	1803
10053	205	3053
25053	284	18053
10053	4	1839
25053	296	16839
25053	414	19803
9869	226	10143
24869	414	25143
24869	259	20849
6442	151	4337
21442	368	19337
4337	189	5833
19337	344	20833
19337	267	21442
1321	226	1497
16321	414	29034
16321	330	21541
1321	159	6541
16321	414	16497
8940	226	814
23940	414	15814
8940	48	9616
23940	414	24177
23940	259	20849
5660	145	4323
27814	364	19323
19323	248	27132
4323	41	12132
2623	145	4323
6143	4	925
21143	414	15829
6143	145	10052
21143	330	25052
6143	226	829
5263	20	2530
20263	344	18200
5263	78	3200
5263	145	2922
5263	61	3200
8219	123	4811
8219	41	14153
23219	248	29153
23219	384	20099
9600	33	864
9600	139	6279
24600	397	21279
24600	271	21501
9600	160	6501
1683	20	11712
16683	321	26712
16683	344	22878
1683	189	7878
1683	145	7878
9271	226	3108
24271	414	18108
24271	364	18786
9271	145	3786
24271	259	20849
10464	123	4226
20323	414	25464
5323	159	10464
10464	160	12894
20323	330	25464
1991	151	5908
16991	267	25091
1991	225	10091
16991	368	20908
25091	368	16991
7045	11	1260
22045	352	26762
7045	11	11762
22045	369	16260
22045	379	26762
4740	226	7545
13084	113	7545
22545	265	16439
22208	414	22545
19740	414	22545
9765	205	1286
24765	414	28631
24765	284	16286
9765	226	13631
24765	259	20849
2988	61	4135
7617	225	2988
22617	267	17988
17988	368	22617
2988	78	4135
6320	78	730
20878	344	15730
11235	113	730
6320	48	730
14679	78	730
466	78	5537
15466	344	20537
15466	321	29221
15466	368	17738
466	20	14221
25	226	681
28102	414	15681
13102	226	681
15025	414	15681
7303	226	681
9910	205	5041
15659	284	20041
20041	410	18432
16061	284	20041
17158	284	20041
441	4	1504
15441	296	16504
15441	284	23251
441	205	8251
15441	414	25185
5409	85	11671
5409	230	11671
20409	271	26671
8187	226	9758
28955	414	24758
9758	215	9758
23018	414	24758
13955	226	9758
4103	226	732
19103	284	25179
19103	409	28394
4103	205	10179
19103	414	15169
10011	53	4753
25011	250	21976
25011	250	19753
10011	53	6976
10061	33	2920
24503	290	17920
28924	290	17920
23823	290	17920
27753	290	17920
10214	61	3257
10214	48	9960
25214	321	26712
25214	267	18007
10214	20	11712
21174	416	22704
6174	51	7704
2791	205	9618
17791	414	23430
17791	381	22050
17791	377	29727
2791	48	7050
3071	205	6842
29192	284	21842
14192	205	6842
6842	53	4966
24039	284	21842
1348	159	1081
16348	330	16081
16348	414	22682
1348	226	7814
16348	284	28271
12761	48	7807
15869	284	22807
27761	414	22807
22807	384	17777
7807	16	2777
6818	139	1943
26037	290	16943
10170	190	1943
13343	139	1943
26357	397	16943
3991	159	3774
19832	319	18774
19775	284	18774
4775	48	3774
24771	330	18774
6973	226	1597
21973	296	19165
6973	145	4916
6973	226	4916
21973	414	15463
1185	160	9205
21672	330	16185
7395	159	1185
8216	159	1185
23216	330	16185
1521	222	5256
1521	151	2485
17485	267	16521
16521	341	20256
16521	368	17485
49	61	6957
49	20	850
15049	321	15850
49	174	6957
15049	344	21957
5347	156	3254
20347	341	24013
20347	303	18254
5347	222	9013
5325	151	5347
3695	205	14425
18695	411	29425
18695	364	29425
18695	330	29425
3695	145	14425
4090	226	2142
19090	414	21169
19090	296	18772
19090	414	25437
4090	4	3772
2073	151	14380
17073	321	19976
2073	20	4976
29380	267	17073
14380	225	2073
3684	226	10385
18684	323	18432
3684	226	1333
18684	386	16260
18684	304	21401
4108	205	4190
19108	330	22951
19108	284	19190
4108	159	7951
19108	304	28300
7416	226	5645
22416	330	29771
7416	159	14771
22416	414	20645
7416	75	12531
2698	205	3624
26353	284	18624
17698	284	18624
23818	284	18624
8818	205	3624
7494	144	12519
22494	303	27519
7494	156	12519
22494	311	24025
7494	75	9025
391	226	12165
15391	364	27655
15391	296	23833
391	4	8833
391	145	12655
477	20	6649
25786	321	21649
13133	20	6649
28133	321	21649
15477	321	21649
723	205	8107
15723	284	23107
15723	414	25185
15723	296	23662
723	226	10185
7356	205	6556
22356	284	21556
22356	414	28384
22356	259	20849
7356	226	13384
9970	244	1828
16828	287	24970
1828	29	8529
24970	275	16828
16828	293	24970
3527	53	11372
18527	321	28485
3527	20	13485
3527	20	7033
18527	321	22033
7899	159	347
22899	330	15347
7899	15	7083
7899	159	6897
22899	330	21897
8203	205	6284
23203	284	21284
8203	145	2710
23203	364	17710
8203	169	8437
457	71	5618
9613	111	457
24613	345	15457
457	29	5618
15457	345	24613
796	160	13311
15796	410	28311
15796	351	28311
796	49	13311
8994	48	2540
23994	259	20849
8994	226	13058
23994	414	28058
23994	330	17540
2434	29	1260
2434	222	750
17434	386	16260
17434	341	15750
5105	98	4164
22626	364	19164
5105	62	4164
4333	48	4164
4164	160	10527
8723	151	6391
23723	321	22602
8723	145	10398
23723	368	21391
8723	20	7602
3610	225	14279
29279	368	18610
14279	151	3610
3610	53	11372
3610	8	949
9391	205	358
9391	226	11942
24391	414	24715
24391	386	20618
9391	226	9715
216	145	6902
15216	414	15827
216	226	827
15216	364	21902
15216	414	25315
7598	226	6113
22598	414	21113
22598	414	17442
7598	226	2442
22598	259	20849
4775	48	3774
19775	296	15517
4775	4	517
19775	259	20849
19775	411	18774
7308	160	1008
7308	33	8254
22308	351	16008
22308	271	15843
22308	290	24049
22144	344	17183
7144	225	13186
13186	151	7144
22144	267	28186
7144	189	2183
9991	160	363
24991	351	15363
18788	344	24991
14390	78	9991
9173	61	9991
5236	145	6620
20236	296	21226
5236	4	6226
20236	364	21620
20236	259	20849
6124	226	6322
21124	259	20849
21124	414	16793
21124	414	25588
6124	226	10588
1901	145	7051
1901	29	1260
16901	259	20849
16901	364	22051
1901	169	14803
9302	89	5642
24302	410	16785
9302	49	1785
24302	248	28158
9302	41	13158
7394	226	14587
22394	414	27929
22394	259	20849
22394	414	29587
7394	48	9751
8805	71	1260
23805	369	16260
18136	351	23805
13849	24	8805
3136	160	8805
3521	145	8774
18521	364	23774
3074	226	8774
20273	414	23774
25395	414	23774
6970	48	3638
21970	381	18638
6970	145	7684
21970	259	20849
21970	364	22684
21270	344	17028
12708	225	6270
6270	20	3214
21270	368	27708
21270	321	18214
11254	41	5654
27908	317	20654
12908	127	5654
5654	138	5170
20654	295	20170
6925	226	904
21925	414	15904
21925	330	24979
21925	259	20849
6925	159	9979
4575	4	9861
19575	296	24861
19575	259	20849
19575	313	15949
6163	4	14325
21163	414	21752
21163	296	29325
21163	284	18182
21163	259	20849
9623	154	3889
18014	284	18889
19926	284	18889
18889	413	18462
3889	114	3462
2562	226	8247
17562	414	23247
6453	139	10094
21453	351	29387
6453	160	14387
21453	397	25094
21453	290	22535
6024	145	1886
29192	364	16886
8621	226	1886
18511	414	16886
23364	330	16886
2590	99	1579
2590	49	11861
17590	410	26861
2590	41	11746
17590	317	26746
7112	20	6708
22112	368	22844
22112	409	24703
22844	267	22112
22112	307	15327
2598	226	13801
17598	284	22157
17598	414	28801
2598	205	7157
17598	411	20246
9446	4	12934
24446	296	27934
24446	386	15886
24446	259	20849
426	151	12869
15426	368	27869
12869	225	426
426	53	828
27869	267	15426
5751	43	1955
29570	287	20751
20751	369	20751
359	49	5751
359	160	5751
5864	205	13271
20864	414	19510
20864	284	28271
20864	259	20849
5864	226	4510
5710	145	2449
20710	364	17449
20710	259	20849
20710	414	17449
5710	226	2449
6128	160	11139
21128	290	24544
21128	290	16855
21128	351	26139
6128	33	1855
659	4	718
15659	284	20041
15659	296	15718
15659	259	20849
15659	414	21653
3280	33	3674
18280	290	21198
18280	290	15425
3280	139	425
18280	290	18674
2193	226	13736
17193	409	18482
17193	364	28736
2193	159	13736
2193	48	13736
12996	226	7958
18967	414	22958
7958	160	13678
22958	351	16834
23053	414	22958
5023	33	2844
20023	290	17844
3056	159	4556
18056	259	20849
18056	284	24123
18056	330	19556
18056	414	25164
2703	226	3438
22614	414	18438
21673	414	18438
3438	160	1260
14786	226	3438
769	226	6667
15769	414	21667
15769	330	20915
769	48	5915
15769	259	20849
5089	189	11454
20089	344	26454
20089	321	25152
5089	20	10152
5089	145	11454
2071	226	8402
17071	414	20253
17071	414	23402
17071	414	29867
2071	226	14867
5529	151	8396
20529	368	23396
5529	20	2530
8396	225	5529
23396	267	20529
8990	49	11464
23990	410	26464
8990	160	6999
23990	351	21999
8439	205	7902
23439	330	29305
23439	311	23366
23439	414	28067
8439	4	7339
2860	4	13151
17860	259	20849
17860	296	28151
17860	414	19987
2860	226	13630
5678	145	7750
20678	364	22750
20678	259	20849
10016	99	13816
25016	351	28816
10016	160	13816
10016	46	445
25016	384	20099
2314	159	8546
17314	414	23910
2314	226	14822
17314	330	23546
17314	259	20849
1238	226	2300
17726	414	17300
5949	226	2300
20949	414	17300
2300	49	11884
6353	160	7438
21353	351	22438
5952	226	8820
20952	414	23820
20952	259	20849
20952	414	29217
5952	205	10179
14833	41	6140
19689	248	21140
4689	89	6140
18645	248	21140
29833	248	21140
10003	226	7451
25003	311	28300
10003	159	3766
10003	75	13300
25003	386	16260
4474	75	13300
19474	414	16826
19474	411	23131
4474	226	1826
19474	259	20849
929	99	4826
15246	414	15929
28331	319	15929
23137	381	15929
13331	98	929
14870	226	7239
22239	413	26945
29870	414	22239
7239	16	9538
16768	414	22239
9818	226	2115
16279	414	17115
17115	351	26884
2115	195	7968
12824	226	2115
4433	4	12485
19433	259	20849
4433	145	3030
19433	364	18030
4433	205	3483
5664	114	9964
21274	413	24964
22212	413	24964
5301	114	9964
8504	114	9964
4150	75	12531
19150	311	27531
19150	330	27444
4150	145	2021
19150	414	26500
3242	81	7010
18242	416	27901
3242	81	3242
18242	381	19505
18242	368	23643
1272	20	2607
28137	344	16272
16272	351	22164
13137	61	1272
13137	78	1272
8888	49	14573
23888	351	29573
8888	160	14573
23888	410	29573
8888	53	5973
9104	4	4275
24104	411	24557
9104	169	9557
24104	259	20849
24104	296	19275
1034	160	1834
21559	352	16834
11543	49	1834
1834	23	13877
18778	410	16834
8623	156	3805
16889	303	18805
1889	75	3805
28477	303	18805
13477	156	3805
450	205	9645
15450	284	24645
450	226	8687
15450	364	16576
15450	259	20849
4681	42	14088
19681	250	29088
4681	151	12268
12268	225	4681
19681	368	27268
8540	61	2138
23540	344	17138
8540	78	2138
8540	48	2138
18424	330	15898
3337	159	898
20134	330	15898
3424	159	898
18337	330	15898
12049	225	2896
8394	6	2896
27049	267	17896
17896	321	16823
2896	20	1823
1496	75	13300
16496	414	28124
16496	259	20849
16496	296	23662
1496	226	13124
234	168	14940
15234	269	29940
15234	303	18320
15234	269	29256
234	168	14256
9843	75	10057
24843	311	25057
24843	386	18320
9843	29	3320
24843	259	20849
8478	4	6240
18075	296	21240
13987	4	6240
23635	296	21240
28898	296	21240
6380	160	9292
21380	351	24292
21380	271	16260
21380	270	22077
9163	226	4649
24163	259	20849
9163	226	14985
24163	414	19649
24163	414	23659
7328	160	363
29602	351	15363
24991	351	15363
27025	410	15363
22328	351	15363
7322	226	952
22322	296	28741
7322	48	9498
22322	381	24498
7322	169	8437
3219	20	2773
18219	321	18129
3219	20	4088
18219	321	17773
18219	321	19088
2544	226	9284
17544	414	24284
17544	259	20849
5749	205	8488
20749	414	26959
20749	259	20849
5749	4	8662
20749	284	23488
8819	75	8736
23819	311	23736
23819	259	20849
13743	20	8281
18687	321	23281
28743	321	23281
3687	20	8281
23281	386	21501
6496	226	2467
21496	259	20849
21496	414	17467
21496	409	26417
3995	226	3897
18995	284	17183
3995	205	2183
18995	414	20810
18995	381	19658
378	75	13300
15378	414	23910
15378	259	20849
15378	364	17632
378	226	8910
14781	48	3270
18526	374	18270
2480	145	3270
22133	364	18270
18270	379	18432
5941	49	9204
24204	345	22012
28104	351	24204
20941	410	24204
11217	79	9204
14839	226	5361
17024	414	20361
20361	351	19516
21034	330	20361
5361	160	4516
8930	169	9307
23930	411	24307
8930	205	2462
23930	259	20849
23930	409	26417
2677	226	7682
17677	414	21456
17677	414	28803
17677	414	22682
2677	145	8936
4700	33	12514
4700	33	5428
19700	290	17421
19700	290	27514
19700	290	15340
11353	226	31
22587	414	15031
29032	414	15031
31	160	6158
22259	414	15031
8311	20	6135
22762	267	23311
7762	225	8311
8311	151	7762
23311	321	26350
2662	226	6247
17662	414	21247
2662	205	7157
17662	284	22157
17662	414	16792
7092	48	12889
22092	296	18263
22092	414	19695
22092	381	27889
7092	226	7682
12796	145	3808
27389	364	18808
27796	364	18808
17	145	3808
15017	364	18808
12919	205	1286
24340	284	16286
27881	284	16286
28663	284	16286
27919	284	16286
7367	160	11175
22367	351	26175
7367	128	2848
2795	160	2362
17795	342	19060
2795	115	10341
17795	351	17362
2795	41	14777
10304	226	4649
25304	414	19649
10304	205	1365
25304	259	20849
25304	414	24177
6021	159	6052
21021	414	24183
6021	205	11129
21021	414	24092
6021	226	9092
7291	160	1532
22291	351	16532
4725	29	5618
19725	296	27248
4725	125	3482
19725	259	20849
19725	409	18482
7408	225	13602
22408	344	22260
7408	189	7260
22408	267	28602
13602	151	7408
4830	226	11059
19830	414	26059
4830	205	13104
19830	284	28104
19830	386	16260
7155	61	4713
22155	344	19713
22155	321	26712
7155	20	11712
7155	145	4713
1961	226	5936
16961	414	20936
16961	414	24222
1961	226	14323
1961	205	12555
9649	119	1138
22179	374	24649
24649	351	28546
9649	160	13546
8879	58	9649
4031	160	4865
16310	414	19031
15985	414	19031
26898	364	19031
17601	414	19031
2109	226	1086
21256	414	16086
20560	414	16086
28136	414	16086
25831	414	16086
4086	226	2467
19086	409	26417
4086	125	11417
4086	205	7267
19086	284	22267
5628	38	13145
27942	414	20628
4022	226	5628
12942	226	5628
14510	226	5628
6095	75	13300
21095	414	19647
6095	226	12409
21095	364	25410
6095	226	1034
9047	226	1333
24047	364	29310
9047	145	14310
24047	284	26317
24047	386	16260
14827	159	7951
23809	330	22951
2515	226	7951
17515	414	22951
16069	330	22951
4352	226	11655
19352	259	20849
4352	145	9002
19352	414	26655
19352	284	29413
9688	226	5203
25631	414	20203
28057	414	20203
13057	226	5203
25518	414	20203
6194	144	6660
21194	294	21660
6194	168	6325
6194	53	12862
21194	250	27862
5768	226	887
20768	381	29057
5768	48	14057
20768	409	26417
5768	159	1690
6055	53	4593
21055	250	19593
6055	193	3220
21055	250	20350
21055	336	18220
25952	250	19593
13331	53	4593
28888	250	19593
9807	53	4593
23145	250	19593
1897	20	11712
1897	151	1194
16897	368	16194
16194	267	16897
1897	189	7878
1417	78	6450
6317	61	6450
21450	321	17290
21317	344	21450
28128	344	21450
12962	49	8331
23331	259	20665
23878	410	23331
8331	23	5665
22794	351	23331
11444	226	7874
24747	414	22874
14684	226	7874
28005	414	22874
13005	226	7874
6732	75	7696
21732	311	22696
21732	414	22491
6732	226	7491
21732	259	20849
6729	103	11463
28259	395	21729
13259	39	6729
21729	293	26463
10954	48	9106
27479	319	24106
9106	160	4038
20419	330	24106
5419	159	9106
10462	16	2777
25462	384	17777
6433	4	12172
21433	296	27172
21433	381	27889
6433	48	8083
6433	48	12889
13397	169	4139
18262	411	19139
23586	411	19139
15637	411	19139
28397	411	19139
2760	222	3300
17760	341	18300
2760	42	3819
17760	250	18819
5405	48	6928
20405	414	17605
5405	159	6928
20405	330	21928
20405	414	29217
2718	151	6613
17718	368	21613
21613	321	18214
6613	20	3214
6613	225	2718
7644	151	6455
21455	267	22644
22644	368	21455
7644	81	5870
7644	48	9106
9374	160	5646
24374	351	20646
9374	128	2848
24374	346	17848
24374	271	20646
11190	169	1331
24626	411	16331
23162	411	16331
114	169	1331
15114	411	16331
9667	29	8529
24667	369	23529
9667	71	8529
6536	159	8578
21536	414	27694
21536	330	23578
21536	414	25869
6536	226	10869
1015	156	9938
16015	303	24938
1015	168	13664
16015	269	28664
16015	294	24938
8489	123	4937
19937	259	20665
19937	293	29111
4937	97	14111
8489	49	4937
2253	205	7752
17253	414	16729
17253	409	28394
2253	226	5565
2253	145	387
9384	20	5868
24384	321	20868
9931	159	10267
24931	330	25267
24931	414	22682
9931	226	13124
24931	414	28124
6424	226	8414
21424	364	29727
6424	145	14727
21424	381	22050
21424	381	27889
1178	41	3272
16178	248	24246
16178	295	27593
16178	248	18272
1178	41	9246
5963	139	6560
20963	290	21560
5574	190	6560
24831	290	21560
27081	397	21560
3278	49	1877
18278	410	16877
3278	160	1877
18278	351	16877
14821	205	8279
29821	284	23279
18001	284	23279
18689	284	23279
18110	284	23279
4604	226	4844
19604	411	23407
4604	145	6388
19604	364	20914
19604	364	21388
10453	226	719
19167	414	15719
719	160	1579
21281	414	15719
13537	226	719
2155	225	14694
17155	267	29694
2155	151	2927
2927	225	2155
17155	368	17927
3083	226	4510
18083	296	27965
18083	414	19510
3083	169	2102
18083	259	20849
7316	53	5185
22316	250	20185
18424	250	20185
23080	250	20185
3424	53	5185
1492	48	13318
16492	330	28318
16492	381	28318
16492	296	23650
16492	414	24017
5530	160	7685
20530	351	22685
22685	369	16260
7685	29	1260
3035	159	12888
18035	296	15748
3035	4	748
18035	330	27888
18035	259	20849
5244	222	13281
17743	390	20244
13281	233	5244
20244	341	28281
5244	29	10900
8185	189	1026
23185	321	21745
23185	344	16026
8185	20	6745
7551	4	6114
22551	364	22222
7551	205	8251
22551	296	21114
22551	284	23251
6029	20	14846
21029	321	29846
8569	139	2040
23569	397	17040
23569	351	20182
8569	160	5182
23569	290	20085
6576	160	10841
21576	351	25841
21576	312	29902
6576	115	13094
6576	107	14902
6436	46	9095
18113	362	24095
22941	362	24095
17958	362	24095
14934	46	9095
8750	160	4426
23750	351	19426
8750	190	9180
23750	290	24180
23750	271	15886
2112	226	3431
17112	284	19004
17112	414	18431
2112	205	4004
17112	259	20849
7076	48	3633
22076	296	27746
7076	145	7222
22076	364	22222
7076	4	12746
6953	205	12441
21953	284	27441
21953	330	15347
6953	159	347
21953	259	20849
146	56	10224
25224	394	15146
10224	223	146
15146	268	25224
14433	156	6033
16521	303	21033
6033	29	1260
20542	303	21033
21033	369	16260
8292	79	1265
23242	410	16265
8242	49	1265
11894	106	1265
2789	160	1265
4881	144	13021
19881	294	28021
4881	156	13021
19881	303	28021
1777	145	11992
16777	381	26992
16777	414	25315
1777	226	13621
16777	409	18482
6288	20	8446
28795	267	21288
21288	368	28795
21288	402	18938
6288	151	13795
2031	123	9167
24878	394	17031
17031	366	24167
2031	56	9878
17031	410	18432
392	78	13772
15392	321	24449
392	145	13772
15392	344	28772
392	151	3156
10461	51	7666
25461	416	22666
25461	267	29812
10461	225	14812
14812	151	10461
5725	226	4510
24432	414	19510
15628	414	19510
29744	414	19510
5505	181	4510
1997	36	13304
16997	351	29274
1997	230	9877
1997	160	14274
16997	384	20099
1602	33	425
1602	190	6532
16602	290	20389
1602	33	2237
16602	290	17237
8752	226	5319
29239	414	20319
22005	414	20319
14239	226	5319
23752	414	20319
1832	48	8083
17787	381	23083
13573	48	8083
16832	381	23083
21433	381	23083
8202	226	12071
23202	414	27071
23202	311	22823
8202	75	7823
23202	259	20849
12885	156	4451
22661	303	19451
27885	303	19451
15188	303	19451
5758	156	4451
3842	226	744
28035	414	15744
19343	414	15744
28592	414	15744
25002	414	15744
1141	48	3992
16141	321	28367
16141	344	18992
1141	20	13367
1141	61	3992
4267	195	13875
19267	317	18716
4267	160	12045
19267	318	28875
19267	351	27045
13922	78	243
15549	344	15243
832	61	243
14636	113	243
15832	344	15243
11863	48	8578
26863	330	23578
17199	364	23578
29960	330	23578
1996	159	8578
4853	49	14512
19853	343	19169
19853	410	29512
4853	115	218
19853	343	15218
8940	226	814
23940	414	15814
14986	226	814
17005	414	15814
2005	226	814
9318	226	13709
24318	284	27441
24318	414	28709
9318	205	12441
24318	259	20849
19675	269	16856
14215	168	1856
28758	269	16856
13758	168	1856
4675	168	1856
958	41	495
15958	248	15495
7048	116	4619
22048	414	24825
7048	226	9825
22048	259	20849
7932	226	14657
22932	259	20849
22932	414	29657
22932	414	20747
22932	414	24839
6986	145	4665
21986	414	15542
21986	330	20453
6986	226	542
21986	364	19665
3000	125	14981
18000	409	28394
3000	4	8667
3000	125	13394
18000	386	16260
9088	58	3197
13773	48	9088
24088	317	22401
28773	381	24088
9088	58	4954
5588	194	13269
351	190	5588
20588	274	28269
5588	128	13269
20588	369	16260
4363	29	5618
29127	414	19363
11694	226	4363
19363	271	20618
14127	226	4363
6598	61	13121
21598	344	28975
21598	321	18129
6598	78	13121
6598	48	13121
6777	48	14324
21777	381	29324
21777	416	27258
6777	51	12258
9114	160	3718
24114	351	18718
24114	410	18718
9114	49	3718
24114	271	18718
372	205	2183
15372	414	28319
15372	259	20849
15372	284	17183
372	226	13319
9676	4	10154
24676	296	25154
24676	414	24244
24676	259	20849
24676	284	18640
5615	145	14400
20615	364	29400
20615	414	26604
5615	226	11604
20615	414	19795
4652	4	12951
19652	284	18098
19652	296	27951
19652	259	20849
4652	226	14229
4409	226	4019
19409	414	28256
19409	414	19019
4409	226	13256
19409	259	20849
1614	4	3199
16614	296	18199
16614	414	20940
16614	381	21154
16614	381	28217
9357	189	5859
24357	344	20859
9357	145	5859
9621	226	10953
24621	330	21154
24621	381	28571
9621	48	6154
24621	414	25953
1619	33	6198
21837	397	21198
18490	412	21198
19947	290	21198
18490	363	21198
3232	159	2816
18232	330	17816
3232	51	7577
18232	416	22577
268	226	2613
15268	296	16408
15268	259	20849
268	4	1408
268	75	12238
10080	20	12272
25080	321	27272
2539	205	14413
17539	284	29413
2539	75	10943
8053	226	7958
23053	414	22958
23053	259	20849
23053	296	20702
8053	4	5702
9432	226	2935
24432	414	19510
24432	296	22460
24432	259	20849
9432	159	11695
92	48	2471
15092	330	17471
15092	296	29260
92	4	14260
15092	259	20849
23666	410	25371
8666	49	10371
8666	80	2871
8666	41	8571
23666	248	23571
3251	226	6944
18251	414	21944
21944	318	22968
6944	195	7968
16324	414	21944
3514	20	5918
18514	321	24407
18514	321	20918
3514	20	9407
1996	4	1900
16996	414	27694
16996	284	19884
1996	159	8578
16996	304	22696
9401	226	4671
24401	259	20849
24401	414	19671
9401	226	4557
24401	414	19557
1816	159	14305
16816	330	29305
16816	259	20849
1816	145	14305
16816	364	29305
5630	4	8662
20630	296	23662
21335	296	23662
23454	414	23662
23235	296	23662
3409	49	5618
25990	414	18409
13239	226	3409
2094	226	3409
22865	414	18409
6395	48	11994
21395	414	16822
21395	330	26994
6395	159	11994
6395	226	1822
6003	20	13091
21003	321	28091
2452	78	6354
6354	82	10282
21354	279	18482
6354	20	10666
4742	189	6354
6263	226	6874
15454	414	21874
21874	384	20099
6874	99	6158
29590	414	21874
14968	68	3781
3055	80	3781
16072	297	18781
29968	297	18781
18055	297	18781
9050	145	13665
24050	381	27718
24050	364	28665
24050	381	22456
24050	414	15887
2046	145	14277
17046	364	29277
9970	244	1828
24970	275	16828
16828	293	24970
24970	369	23529
9970	29	8529
7690	16	2042
22690	384	17042
3363	4	502
18363	296	15502
18363	259	20849
847	20	1904
15847	321	16904
10316	205	9855
25316	284	24855
10316	226	4639
25316	259	20849
25316	414	19639
9937	226	6216
28109	414	21216
21216	384	20099
6216	99	11884
13109	226	6216
7038	56	2423
22038	268	17423
17423	410	18843
2423	49	3843
2423	223	7038
6540	226	827
21540	414	15827
21540	259	20849
1524	172	3631
11731	43	1524
16524	287	26731
20079	410	16524
22827	345	16524
13465	225	3120
18120	368	28465
3120	145	1829
3120	78	7181
3120	151	13465
8337	145	2565
23337	284	24645
8337	205	9645
23337	364	17565
23337	259	20849
6701	226	1034
21701	259	20849
21701	414	17000
21701	311	28300
21701	364	25410
8362	189	13975
23362	321	17773
23362	344	28975
8362	20	4088
23362	321	18129
1242	160	6885
16242	351	21885
1242	49	12177
16242	410	27177
8758	61	14545
23758	344	29545
8758	78	14545
8758	6	13356
7498	205	14226
22498	284	17101
22498	414	19125
22498	284	29226
22498	259	20849
137	53	3351
15137	294	21414
15137	250	18351
137	144	6414
3981	226	10437
18981	414	19987
3981	169	13609
18981	259	20849
18981	414	20547
7641	43	13691
28691	400	22641
7641	70	13691
28691	287	22641
14016	160	1992
17742	352	16992
29016	351	16992
12966	49	1992
27966	410	16992
6311	160	9845
18234	351	24845
29262	410	24845
14262	49	9845
3234	160	9845
1213	226	5547
16213	296	28704
1213	205	11030
16213	414	22984
1213	4	13704
4353	8	9431
22463	345	24431
9431	30	10694
25762	351	24431
24431	369	16260
7319	48	2075
22319	311	28300
7319	75	13300
22319	330	17075
22319	381	17075
559	75	5958
15559	386	21501
559	48	3605
15559	330	18605
15559	259	20849
7024	145	1576
22024	259	20849
22024	414	29633
22024	364	16576
7024	75	13300
13323	113	10412
19092	414	25412
10412	181	9960
25412	351	29738
4092	226	10412
5221	48	11518
20221	296	27312
20221	311	28300
20221	414	23756
5221	75	13300
4477	23	174
19477	369	23889
19477	259	15174
4477	29	8889
13015	226	6169
21169	410	21830
16240	414	21169
20724	414	21169
6169	160	13522
1666	172	9363
16666	293	24363
1666	172	14281
6591	75	5261
21591	381	17254
21591	296	16593
6591	169	5246
21591	409	26417
37	151	3829
15037	416	21983
37	51	6983
15037	368	18829
37	81	13631
20971	303	18353
5971	156	3353
5971	144	3353
20971	294	18353
8513	159	1735
23513	330	16735
23513	414	24189
8513	48	1735
8513	226	9189
2326	226	904
17326	364	24264
17326	284	19190
17326	414	15904
2326	205	4190
12829	226	919
23405	414	15919
28765	414	15919
27829	414	15919
13765	226	919
7237	208	9592
7237	103	5618
22237	369	20618
22237	299	24592
8018	226	9758
23018	296	15718
23018	414	24758
8018	4	718
23018	414	15542
5064	79	6329
20064	293	21329
4013	144	6414
4675	156	6414
19013	294	21414
6414	1	8484
15137	294	21414
8340	226	6351
15101	414	21351
5935	226	6351
20935	414	21351
24343	414	21351
6484	145	14420
21484	250	22960
6484	189	13629
25026	267	21484
21484	344	28629
14446	169	9557
24104	411	24557
14345	169	9557
4905	169	9557
10022	169	9557
4233	71	4233
23048	351	19233
12040	49	4233
25562	352	19233
19233	345	24027
9375	172	281
24375	293	15281
3595	139	6560
18595	351	28678
3595	160	13678
18595	397	21560
18595	290	19835
10494	226	2750
25494	364	20659
25494	296	23077
25494	381	21357
10494	4	8077
1603	48	4585
16603	409	26417
16603	414	19087
16603	381	19585
1603	205	2144
9944	33	1553
24944	290	16553
23302	290	16553
10095	33	1553
16553	369	16260
8705	5	3429
22337	387	18429
7981	157	3429
23705	387	18429
14966	157	3429
3874	159	5856
18874	414	22599
18874	381	20856
18874	330	20856
18874	259	20849
12911	124	312
13626	124	312
28626	293	15312
27911	293	15312
15312	369	16260
5325	222	9013
5325	151	5347
20325	368	20347
20325	341	24013
20347	267	20325
12347	226	9770
24770	351	19865
7977	81	9770
14044	226	9770
19923	414	24770
5031	190	340
20031	290	15340
20031	397	15340
5031	139	340
9670	61	9315
24670	344	24315
9670	48	9315
9670	78	9315
9670	141	10399
12669	89	632
25372	248	15632
1896	41	632
28853	248	15632
18534	248	15632
1379	4	3864
16379	330	29249
16379	296	18864
1379	159	14249
16379	259	20849
4641	51	14110
19641	416	29110
9137	23	14074
24137	259	29074
1804	159	10267
16804	330	25267
1804	205	8107
16804	284	23107
16804	414	25240
1521	151	2485
17485	303	21033
2485	156	6033
17485	313	18432
2485	225	1521
8358	160	1260
23358	351	29264
8358	160	14264
23358	271	16260
10259	75	12531
10259	205	5069
25259	284	20069
25259	414	24212
25259	259	20849
3679	145	1576
18679	364	16576
18679	259	20849
23177	352	16834
8177	11	1834
2922	181	3200
3814	78	3200
18200	250	26372
14209	145	3200
3200	53	11372
9281	226	7589
24281	381	16145
24281	296	26728
9281	205	5041
24281	414	22589
3528	226	12870
18528	414	27870
18528	284	21111
3528	205	6111
18528	259	20849
8435	115	6253
23435	271	16260
23435	410	16030
8435	49	1030
23435	343	21253
8032	184	14015
23032	258	29015
14015	94	8032
4981	205	12441
19981	259	20849
19981	296	28968
4981	4	13968
19981	284	27441
7152	226	3615
22152	414	18615
7152	145	9658
22152	330	24658
22152	381	24658
569	226	10385
19930	414	25385
15303	414	25385
18684	414	25385
303	226	10385
9781	190	2572
9781	33	11980
24781	271	15843
24781	290	26980
24781	290	17572
13912	151	2466
28912	368	17466
17466	386	16260
2466	225	13912
17466	267	28912
13836	10	4734
28836	356	19734
22580	356	19734
27134	356	19734
12134	10	4734
5367	225	14798
20367	344	16549
5367	61	1549
5367	78	1549
5367	48	1549
14038	226	6323
20674	414	21323
29038	414	21323
20295	414	21323
25065	414	21323
8385	226	2091
23385	284	18640
23385	414	17091
8385	205	3640
23385	259	20849
3236	222	2990
18236	341	17990
3607	222	2990
18607	341	17990
2274	160	5706
17274	351	20706
2274	16	6046
17274	384	21046
2274	160	11671
7715	205	3328
22715	414	28910
22715	284	18328
7715	226	13910
22715	414	16729
8530	226	10147
23530	259	20849
23530	414	22874
8530	226	7874
23530	414	25147
8809	75	12531
23809	296	23662
23809	284	16065
23809	414	24378
23809	414	15904
3875	225	2516
17516	250	20973
2516	42	5973
18875	267	17516
2516	156	1515
2705	226	9222
17705	414	27791
17705	330	20919
2705	159	5919
17705	259	20849
7598	226	6113
22360	296	21113
7360	4	6113
29416	414	21113
25463	414	21113
6828	226	9751
21828	414	20253
21828	259	20849
21828	414	27870
21828	414	24751
8004	125	9161
23004	409	24161
8004	75	12238
23004	311	27238
1126	145	13377
16126	344	28377
1126	189	13377
5404	33	4362
5404	33	14671
20404	290	20389
5404	190	4568
20404	290	29671
2171	48	4462
17171	259	20849
2171	226	4462
17171	386	21501
17171	381	19462
262	16	11551
15262	384	25175
262	16	10175
15262	384	26551
4805	4	1928
19805	296	16928
4805	145	12655
19805	364	27655
2061	160	10568
17061	351	25568
17061	271	16260
2061	160	3432
13363	226	253
28363	414	15253
22011	414	15253
253	49	562
15253	410	15562
9249	226	1249
24249	364	21255
24249	259	20849
24249	414	16249
9249	145	6255
2093	189	1358
17093	344	16358
2093	53	3622
6313	160	4648
21313	351	19648
6313	190	9729
21313	271	23889
6313	160	4420
6755	81	6508
6508	160	13235
21508	351	28235
21508	279	18482
6955	169	2779
21955	364	28665
21955	381	26102
6955	145	13665
6955	48	11102
9881	156	2849
24881	303	17849
3581	202	4707
18581	252	19707
3581	7	11463
18581	293	26463
13844	226	5645
20645	384	17777
28844	414	20645
22416	414	20645
19778	414	20645
2868	159	10464
17868	414	25464
17868	330	25464
2868	226	10464
2868	48	10464
2140	151	11794
11794	225	2140
26794	267	17140
17140	368	26794
4101	205	8251
19101	284	23251
19101	364	21255
4101	145	6255
19101	259	20849
2202	8	3432
17202	321	28134
17202	368	24070
2202	20	13134
9070	225	2202
14191	226	8910
15378	414	23910
29640	414	23910
14640	226	8910
24755	414	23910
825	169	3612
15825	296	29260
15825	414	28124
825	4	14260
15825	414	29598
8707	61	8600
23707	321	25459
8707	78	8600
23707	344	23600
8707	20	8446
4798	78	62
15062	413	26945
62	114	9538
22298	344	15062
7298	61	62
4092	205	11317
19092	259	20849
19092	414	25412
19092	414	25315
4092	226	10035
68	205	10008
15068	284	25008
15068	414	23991
68	226	14229
15068	414	29229
7447	226	14683
22447	414	29683
22447	296	23467
7447	169	4121
22447	259	20849
5340	113	6241
5340	181	844
1124	189	5340
27835	344	20340
16124	344	20340
5904	145	10445
20904	364	25445
18569	364	25445
28510	364	25445
13510	145	10445
8460	61	5945
23460	321	19976
23460	267	21736
8460	78	5945
23460	344	20945
4812	226	6355
19812	414	21355
19812	296	23833
4812	4	8833
19812	259	20849
5903	226	4045
20903	259	20849
20903	414	19045
5903	226	1282
20903	414	16282
9661	188	12731
24661	281	27731
9661	157	12731
24661	363	27731
8315	226	5810
23315	259	20849
8315	4	8536
23315	296	23536
23315	414	20810
10397	159	10448
28672	364	25448
10448	160	9205
13672	145	10448
26955	381	25448
5669	4	2996
20669	414	29386
5669	226	14386
20669	259	20849
20669	364	21902
2903	172	6481
6481	71	1260
29556	293	21481
21481	369	16260
6894	172	6481
10107	41	2833
19880	317	17833
28150	317	17833
19890	317	17833
13150	41	2833
177	195	7728
15177	410	27177
15177	343	21788
177	115	6788
15177	318	22728
101	226	10588
15101	414	15169
15101	330	22026
101	159	7026
15101	259	20849
8725	20	3501
23725	321	18501
8367	33	14326
23367	290	26982
23367	290	26639
23367	290	29326
8367	33	11982
6580	226	5810
29569	364	20810
21882	414	20810
20810	265	24461
5810	49	6731
3694	205	2462
18694	364	17827
18694	296	22520
18694	259	20849
3694	145	2827
10750	226	5809
28639	414	20809
13639	226	5809
25750	414	20809
15587	414	20809
8139	226	904
23139	284	19190
23139	414	19695
8139	48	1262
23139	259	20849
905	159	7640
905	125	6501
15905	386	21501
15905	381	22640
15905	330	22640
1968	205	13271
16968	311	22083
16968	284	28271
1968	75	7083
3919	226	3378
21727	414	18378
18378	351	23472
29335	414	18378
3378	160	8472
9653	205	9618
24653	414	21900
9653	4	14260
24653	296	29260
24653	284	24618
1433	162	13527
16433	349	28527
8636	226	8430
23636	414	23430
23636	311	19385
8636	75	4385
11583	226	41
26583	414	15041
27907	414	15041
29551	414	15041
16085	414	15041
4991	200	4125
19991	414	22186
4991	205	13722
19991	284	28722
4991	226	4125
2123	78	13566
17123	344	28566
2123	61	13566
12440	78	207
207	113	4114
17039	344	15207
17163	344	15207
12944	189	207
1860	20	12472
1724	113	1860
16860	351	18432
16860	271	16260
1860	114	12900
4794	48	13245
19794	330	28245
4794	4	13245
19794	259	20849
19794	296	28245
7866	48	8221
22866	321	16237
7866	145	6166
7866	20	1237
3576	226	8629
18576	414	23629
18576	414	26604
3576	226	11604
18576	409	27466
8728	226	4457
23728	259	20849
23728	414	28570
8728	226	13570
23728	414	29102
8115	61	11686
23115	368	28827
23115	344	26686
13827	225	8115
8115	151	13827
1280	156	2849
16280	303	17849
16280	341	24013
1280	222	9013
7519	33	4362
22519	290	17496
22519	290	16855
7519	128	3518
22519	290	29083
5744	205	9379
20744	284	24379
20744	364	28003
5744	145	13003
20744	259	20849
10474	226	7414
25474	259	20849
25474	414	22414
10474	226	14757
25474	414	17520
4181	75	14221
19181	311	29221
19181	259	20849
19181	414	20517
4181	226	5517
6071	53	3622
10799	53	3622
10532	53	3622
797	53	3622
5391	53	3622
6905	226	9222
21905	414	29323
21905	284	17855
6905	48	5936
21905	414	23820
908	48	4116
15908	381	19116
22720	381	19116
25622	381	19116
26494	381	19116
4310	48	9523
19310	411	28609
19310	259	20849
4310	169	13609
19310	414	22366
10724	226	9111
29936	414	24111
24111	384	20872
1453	38	9111
22586	414	24111
14790	160	6049
21049	259	28877
29790	351	21049
6049	0	7242
3583	103	2945
18583	352	28819
18583	379	17945
3583	103	13819
8133	4	3864
26312	296	18864
17926	296	18864
14372	4	3864
16112	296	18864
7876	226	180
22876	259	20849
22876	414	29800
7876	226	14800
22876	414	15180
3406	226	10874
18406	414	18957
18406	381	26994
3406	226	14048
3406	159	11994
2825	48	7847
12174	151	2825
17825	321	18133
2825	20	3133
17825	267	27174
6889	48	5685
15104	381	20685
22036	381	20685
21889	381	20685
23763	381	20685
1657	160	5213
1657	80	1687
16657	351	20213
16657	366	20213
16657	384	16687
13047	160	677
15677	369	15677
677	125	3482
15677	354	18482
23166	369	15677
9691	145	4253
28935	364	19253
29786	364	19253
15141	364	19253
28166	364	19253
5760	151	14009
20760	368	29009
29009	267	20760
5760	141	10399
14009	225	5760
6961	145	1829
6961	145	7529
21961	402	22529
6961	151	9107
6961	78	13879
794	156	3353
15794	294	18353
15794	303	18353
794	53	1149
794	144	3353
6298	160	3845
21298	317	24151
6298	49	3845
21298	342	18845
21298	351	18845
7972	4	1900
20000	296	16900
22972	296	16900
26863	296	16900
16996	296	16900
3800	205	9618
18800	284	24618
18800	296	24501
3800	4	9501
18800	259	20849
15377	414	19651
377	226	4651
15377	409	26417
15377	364	28848
15377	259	20849
6000	61	6241
21000	344	21241
6000	151	12142
6000	78	6241
6000	48	6241
3456	75	7823
18456	311	22823
18456	414	15180
18456	259	20849
3456	226	7493
10367	48	4916
25367	321	16269
10367	189	12815
25367	344	27815
10367	20	1269
9859	226	1822
24859	409	26417
24859	381	21606
9859	48	6606
24859	414	20547
7098	48	8346
22098	364	23346
7098	145	8346
22098	414	24053
7098	226	9053
7609	41	2268
1988	127	2268
16988	317	17268
14581	210	2268
16988	248	17268
7749	81	7680
22749	416	22704
22749	267	25810
7749	159	6715
10810	151	7749
14745	151	8094
29745	368	23094
8094	225	14745
23094	267	29745
4172	75	7696
19172	311	22696
4172	226	14800
19172	414	21667
19172	284	24806
8440	226	2115
23440	414	17115
23440	259	20849
8440	159	9858
23440	414	24222
9391	205	358
16225	284	15358
5978	145	358
20978	344	15358
15989	284	15358
10032	145	8528
25032	284	23251
10032	205	8251
25032	259	20849
10032	159	8528
3489	4	13151
18489	414	20547
18489	296	28151
3489	226	5547
18489	259	20849
11331	51	7577
7577	154	11317
7577	62	2816
11874	51	7577
17032	416	22577
2983	4	11460
17983	284	20858
17983	296	26460
2983	205	5858
17983	259	20849
4219	226	12409
19219	364	25410
19219	311	28300
19219	259	20849
4219	75	13300
7022	195	2648
20220	318	17648
22205	318	17648
23973	318	17648
13659	195	2648
7990	33	5389
7990	160	11440
22990	351	26440
7990	33	8254
22990	290	20240
7016	20	3963
22016	321	18963
1680	81	13438
16680	368	17082
16680	414	28438
2082	225	1680
1680	151	2082
7998	226	8117
22998	259	20849
22998	414	21214
22998	414	26360
7998	226	6214
14354	226	1453
14621	200	1453
16453	384	17777
29637	414	16453
29621	310	16453
10218	195	572
23263	318	15572
29094	318	15572
14094	195	572
25218	318	15572
7459	151	9134
24134	416	28684
9134	225	7459
9134	51	13684
24134	267	22459
14870	226	762
5520	140	762
15762	248	18592
29870	414	15762
762	160	10044
3689	48	4953
18689	330	16690
3689	159	1690
18689	381	16690
3689	205	8279
1360	4	4971
16360	296	19971
7830	195	9838
22830	318	24838
6458	75	9216
16164	311	24216
25194	304	24216
28236	311	24216
9216	148	5849
910	169	6091
15910	414	21619
15910	381	20063
15910	259	20849
15910	414	17442
1584	226	4894
16584	414	15827
16584	414	19894
16584	259	20849
16584	284	24379
431	48	6009
15431	259	20849
431	226	12396
431	226	6082
15431	414	21082
196	226	9177
28209	414	24177
24177	318	22968
9177	195	7968
22086	414	24177
2566	159	790
17566	330	15790
17566	414	29757
17566	259	20849
2566	226	13381
807	75	5838
15807	284	22902
807	205	7902
15807	259	20849
15807	386	16260
6013	226	9827
6013	45	10943
21013	336	25943
21013	414	17289
21013	296	23184
10407	4	12973
25407	296	27973
25407	259	20849
25407	250	20312
5639	156	3192
20639	303	18192
3192	66	1692
3192	1	8484
16692	300	18192
2960	145	10267
17960	296	21517
17960	364	21255
17960	330	25267
2960	226	1249
7659	226	8522
25487	414	23522
22659	414	23522
28236	414	23522
10487	226	8522
13397	226	8577
17373	414	23577
15771	414	23577
28397	414	23577
26758	414	23577
10440	226	10965
25440	304	28300
25440	414	25965
10440	75	13300
25440	259	20849
2738	20	14221
17738	267	15466
17738	321	29221
2738	61	5537
15466	368	17738
1535	33	9265
16535	290	28386
1535	33	13386
16535	290	24265
10205	78	14792
25205	344	29792
10205	48	14792
10205	141	10399
10205	61	14792
3644	49	3843
18644	410	18843
9081	101	6341
13241	131	6341
24550	399	21341
9081	29	6341
28241	369	21341
8630	205	13131
23630	284	28131
23630	259	20849
9533	145	13936
24533	364	28936
9533	159	14261
24533	330	29261
24533	259	20849
6546	160	8889
18430	369	23889
8889	43	5232
1716	103	8889
21313	271	23889
4228	160	816
19228	351	15816
26474	414	19228
11474	226	4228
3921	205	5069
18921	284	20069
18921	296	28704
3921	4	13704
18921	414	20121
10433	226	7886
25433	259	20849
25433	414	22886
339	16	2777
22604	381	15339
15339	351	28816
7604	48	339
339	160	13816
6072	145	3643
21072	364	18643
6072	205	8251
21072	259	20849
21072	284	23251
7709	1	8484
3803	148	8484
15389	334	23484
18192	334	23484
24003	334	23484
3950	48	8121
16252	330	23121
18262	381	23121
1252	159	8121
28944	381	23121
4979	169	6118
4979	226	2834
19979	259	20849
19979	414	17834
9494	33	2582
24494	271	16260
9494	33	4586
24494	290	29326
9494	33	6846
27956	265	25056
8820	234	10056
2859	234	10056
27409	265	25056
18194	265	25056
228	226	12870
15228	414	23336
15228	414	27870
228	226	8336
15228	259	20849
4387	48	730
4387	151	6320
19387	368	21320
19387	414	15730
4387	61	730
9089	226	4695
24089	296	20713
24089	364	24116
24089	414	22682
24089	330	18296
4833	226	10298
19833	364	16083
19833	414	25298
19833	259	20849
4833	75	9836
4746	226	1453
19746	296	18864
4746	4	3864
19746	414	16453
19746	259	20849
7583	226	2605
22583	259	20849
22583	414	17605
5377	4	12144
20377	414	23464
5377	226	12139
20377	296	27144
20377	284	18328
2080	4	9301
17080	306	22895
17080	414	19874
17080	414	18108
2080	226	3257
4808	160	8512
26727	410	23512
8512	172	4811
23512	345	18849
27227	410	23512
11066	226	6477
21032	414	21477
257	226	6477
14644	226	6477
21477	248	27808
10022	169	9557
25022	259	20849
25022	411	24557
1833	62	3097
28788	381	18097
1833	98	3097
24233	414	18097
16833	319	18097
2463	226	6389
17463	259	20849
17463	304	28300
2463	226	8386
2463	205	2139
13804	225	6695
28804	267	21695
6695	151	13804
21695	368	28804
5887	114	0
20887	413	26945
5887	106	13073
20887	351	28073
5887	53	11372
3647	20	9407
18647	321	24407
6201	119	5445
20445	351	24027
20445	410	28053
5445	49	13053
5445	160	9027
10395	226	8774
25395	259	20849
25395	414	23774
25395	414	28381
10395	226	13381
7169	75	12531
22169	284	28131
22169	259	20849
22169	311	27531
7169	226	12484
479	48	7157
21570	284	22157
28945	284	22157
6006	205	7157
22157	384	19129
2241	4	2349
17241	267	29619
17241	296	17349
2241	205	4470
2241	48	4116
6719	168	14940
21719	269	29940
21719	250	21136
6719	53	6136
7966	159	4308
22966	330	19308
22966	414	20530
7966	48	4308
7966	226	5530
14331	159	4448
22624	330	19448
23438	330	19448
29331	330	19448
7624	159	4448
7492	160	894
25603	351	15894
15894	293	27903
894	172	10044
11127	49	894
13887	226	1522
18078	414	16522
15527	414	16522
8295	81	1522
28267	414	16522
7234	145	13549
22234	321	25459
22234	344	28575
7234	151	5197
22234	368	20197
6088	226	12846
21088	414	27846
21088	330	24097
6088	159	9097
21088	259	20849
271	205	7752
24327	284	22752
15271	284	22752
3658	205	7752
6385	205	7752
6742	33	4568
21742	397	17496
6742	139	2496
21742	290	28577
21742	290	16855
5050	160	14201
20050	351	29201
5050	190	781
20050	271	29201
3829	81	5559
18829	416	21983
37	151	3829
15037	368	18829
3829	51	6983
1717	71	11704
16717	369	16717
18537	410	16717
3537	85	1717
28024	271	16717
10463	205	8443
22086	284	23443
14847	205	8443
8443	106	8798
29847	284	23443
9112	226	9839
17755	414	24839
25098	364	24839
18248	414	24839
9839	58	11655
12581	151	8160
27581	368	23160
23160	364	19574
8160	145	4574
8160	225	12581
7235	193	7083
22235	414	25762
22235	336	22083
7235	226	10762
1077	226	1143
16077	414	16143
16077	386	16260
16077	259	20849
7914	125	10608
22914	409	25608
7914	29	3904
22914	386	25350
22914	259	20849
115	75	9341
15115	259	20849
15115	311	24341
4155	226	6816
19155	259	20849
4155	200	3885
19155	414	20617
4155	226	5617
1033	145	13003
16033	296	26961
16033	364	28003
1033	4	11961
16033	284	19470
14814	33	9686
24351	290	24686
22826	290	24686
28924	290	24686
20317	290	24686
7759	226	11192
22759	296	19600
7759	145	13848
22759	364	28848
22759	409	26417
2448	226	2910
17448	414	17910
17448	386	20618
2448	29	5618
2448	226	5750
6835	41	5642
9302	89	5642
24649	248	20642
29410	317	20642
23263	248	20642
76	78	14636
15076	344	29636
76	48	14636
76	61	14636
2768	225	4416
19416	321	23784
4416	151	2768
4416	20	8784
19416	368	17768
2842	159	6443
16023	414	21443
14019	226	6443
29019	414	21443
2842	48	6443
8312	75	12531
23312	414	28539
23312	284	22226
8312	4	13539
8312	226	6439
4625	226	470
19625	259	20849
19625	414	23608
19625	414	15470
4625	226	5585
7368	48	10693
22368	344	20127
7368	189	5127
7368	48	5127
22368	344	25693
8364	145	1886
23364	284	17139
23364	414	25315
23364	414	28910
8364	226	13910
6843	226	811
15811	351	17383
3281	226	811
3281	200	811
811	160	2383
4180	160	11762
19180	351	26762
398	145	1556
15398	364	16556
15398	330	16556
398	48	1556
15398	259	20849
3202	48	7923
17454	381	22923
13224	159	7923
28224	330	22923
22923	351	22172
7839	48	13914
22839	304	24409
22839	364	28914
22839	311	28300
7839	75	13300
9023	145	3736
22931	364	18736
3935	145	3736
26802	364	18736
24023	364	18736
4146	159	5138
19146	330	20138
21755	330	20138
28666	330	20138
15307	330	20138
9732	225	1763
1763	151	9732
1763	20	3501
24732	267	16763
16763	321	18501
6969	226	745
18844	414	15745
15745	351	27513
745	160	12513
3844	226	745
7711	226	732
22711	414	15732
7711	200	8884
22711	414	20253
22711	310	23884
2774	200	14261
17774	364	29261
17774	259	20849
2774	48	14261
17774	414	21456
1894	226	6322
16894	414	24121
1894	159	6928
16894	259	20849
1894	226	9121
1204	160	11362
16204	351	26362
1204	190	11421
16204	290	28954
1204	33	13954
4812	226	6355
19812	414	21355
14772	200	6355
19455	414	21355
21355	271	16260
4300	141	14095
19300	321	19728
4300	61	7570
4624	151	4300
19300	267	19624
5047	226	13850
20047	364	28665
20047	323	18432
20047	330	28608
5047	4	1411
21755	330	20138
6755	51	4598
6755	151	11937
21755	416	19598
6755	159	5138
4565	189	11454
19565	344	26454
1201	4	11393
16201	364	25373
1201	145	10373
16201	296	26393
16201	414	17369
476	151	1915
15476	344	17955
16915	267	15476
476	20	2607
1915	225	476
2211	51	7125
17211	416	22125
14751	225	2211
2211	151	14751
17211	341	19162
23541	344	17712
8541	189	2712
8541	145	4506
2882	151	3487
3487	225	2882
18487	267	17882
17882	368	18487
364	226	13732
15364	414	28732
15364	259	20849
364	71	975
364	226	1846
6551	226	9378
23810	414	24378
24378	351	28311
9378	160	13311
5587	145	9378
9469	169	5246
24469	381	29057
24469	296	17968
24469	411	20246
9469	4	2968
5455	159	9068
20455	330	24068
20455	284	28725
5455	48	9068
20455	364	24068
4296	78	8988
19296	321	20411
4296	151	10553
19296	344	23988
25553	267	19296
7468	145	10052
22468	296	27498
7468	4	12498
22468	330	25052
22468	364	25052
9337	23	5486
29233	259	20486
16036	259	20486
18539	259	20486
14233	23	5486
853	4	8468
26004	296	23468
11004	4	8468
23468	351	18432
8468	160	3432
211	226	8316
15211	414	23316
15211	259	20849
4680	193	4757
19680	414	17707
4680	159	7502
19680	336	19757
19680	330	22502
3888	151	12629
27629	267	18888
12629	225	3888
18888	368	27629
9570	145	13665
24570	414	16826
24570	364	28665
9570	226	1826
24570	409	26417
2972	226	10787
17972	414	25787
17972	259	20849
2972	205	12555
8511	226	12678
23511	386	16260
23511	414	27678
8511	226	6130
23511	414	21130
2659	16	5099
17659	410	28816
2659	49	13816
17659	384	20099
2659	16	6046
5866	145	13879
20866	344	28879
5866	189	13879
4152	159	3404
14161	71	3404
18404	260	20143
18404	271	20618
4152	226	3404
3788	151	9173
18788	368	24173
24173	344	24991
9173	61	9991
9173	225	3788
14211	20	7538
29211	321	22538
18700	321	22538
3700	20	7538
22538	386	21501
2457	159	11994
17457	330	26994
17457	259	20849
2457	48	11994
5900	33	13386
20900	290	19847
20900	290	28161
5900	33	13161
20900	290	28386
7995	141	10399
22995	344	23186
22995	321	20211
7995	78	8186
7995	20	5211
9763	160	2476
24763	351	17476
24763	271	16260
8113	159	1083
23273	364	16083
24837	381	16083
26684	330	16083
13019	62	1083
3697	226	8649
18697	414	23649
3699	226	8649
8649	99	3432
18948	414	23649
1494	139	4709
16494	346	18518
1494	33	2920
16494	290	17920
16494	290	28577
9222	160	12246
23711	414	24222
18025	414	24222
24222	410	26884
12109	226	9222
7794	230	5618
7794	160	8331
22794	351	23331
22794	384	20099
7794	46	9322
7983	145	11336
22983	311	29480
22983	259	20849
7983	75	14480
22983	364	26336
8502	226	6918
23502	259	20849
23502	414	21918
23502	414	23902
8502	226	8902
3833	61	14530
18833	344	29530
4461	151	3833
18833	267	19461
3833	145	1104
11643	159	7832
26643	414	22832
2993	226	7832
20074	364	22832
6534	159	7832
5787	145	2191
5787	159	14887
20787	364	16403
20787	381	29887
20787	284	25131
3825	159	686
3825	145	13564
18825	330	15686
18825	364	28564
18825	259	20849
4674	4	1258
27833	296	16258
27716	296	16258
22500	296	16258
10151	4	1258
9857	33	2572
24857	351	21920
9857	160	843
24857	290	17237
9857	128	3518
3741	226	1601
18741	414	16601
3741	145	12694
18741	364	27694
7444	48	8603
22444	368	20190
7444	151	5190
20190	267	22444
5190	225	7444
1526	20	6848
18575	321	21848
6848	103	3432
13232	20	6848
21848	352	18432
1016	145	9293
16016	267	28216
1016	225	13216
28216	368	16016
1016	141	14095
6740	48	9980
21740	323	28299
21740	381	20096
6740	159	9980
6740	205	10131
1240	226	2142
17361	414	17142
17142	410	19865
17157	414	17142
13934	226	2142
3661	226	9762
18661	259	20849
18661	414	21113
3661	159	5776
18661	330	20776
13537	145	2723
21795	364	17723
29267	364	17723
28537	364	17723
19843	364	17723
14978	225	9687
24687	368	29978
24687	344	25851
9687	151	14978
9687	78	10851
9714	172	9961
24714	259	20665
9714	23	5665
24714	293	24961
7305	226	9108
22305	414	24108
7305	4	13704
22305	259	20849
22305	296	28704
9039	75	9232
24039	284	21842
9039	205	6842
24039	259	20849
24039	386	16260
985	226	4874
15985	296	28539
15985	414	19031
985	4	13539
15985	259	20849
4440	51	5874
5874	161	14188
20410	416	20874
22910	416	20874
19440	416	20874
7049	125	9161
22049	409	24161
22049	259	20849
13666	51	4598
849	78	4598
849	61	4598
4598	226	831
22282	416	19598
2567	226	2536
17567	296	27641
2567	205	11129
17567	414	15829
17567	284	26129
3356	33	14825
18356	290	28247
18356	290	17920
18356	290	29825
3356	33	13247
3575	20	6848
18575	321	21848
14904	226	4671
29904	414	19671
19671	351	26884
17020	414	19671
19671	410	26884
6024	145	1886
21024	364	16886
21024	414	18057
21024	414	18615
6024	226	3057
8771	160	8529
29491	414	23771
14491	226	8771
22424	414	23771
23771	271	23529
628	226	4510
15628	364	18296
15628	414	19510
628	48	10106
15628	381	25106
5112	151	531
20112	402	28484
20112	368	15531
20112	344	28484
5112	145	13484
13525	48	7050
29455	381	22050
8109	159	7050
17791	381	22050
29086	381	22050
3008	226	14025
18008	414	29025
3008	4	3263
3008	226	8430
18008	259	20849
1117	50	6365
16117	392	22464
1117	49	3432
16117	351	18432
1117	160	3432
14774	75	5914
20914	267	27531
15369	304	20914
18823	311	20914
2576	157	5914
36	48	2087
15036	344	16815
36	145	1815
36	61	2087
15036	344	17087
8531	226	6865
23531	414	21865
23531	259	20849
8531	205	1065
23531	414	26187
9808	226	89
24808	259	20849
24808	414	29985
9808	226	14985
24808	414	15089
7786	226	7984
22786	414	22984
22786	259	20849
7786	205	10110
22786	284	25110
13990	61	2028
28990	344	17028
2028	181	5835
2028	113	5835
2028	114	11945
9308	159	4505
24308	416	27901
9308	48	4505
24308	330	19505
9308	51	12901
1779	205	13725
16779	304	17576
16779	414	28266
16779	284	28725
1779	226	13266
5717	226	1886
20717	414	16871
5717	226	1871
20717	414	16886
20717	414	27119
20929	319	20911
9606	98	5911
19117	319	20911
21252	319	20911
5929	98	5911
9891	159	79
863	48	79
15241	381	15079
24891	330	15079
5790	48	79
3015	48	7475
29889	267	18015
14889	225	3015
18015	368	29889
3015	159	7475
8860	75	12531
23860	284	26129
23860	259	20849
23860	411	23092
8860	4	8662
2323	53	12862
17323	250	27862
17323	303	21559
2323	156	6559
10270	226	8991
21887	414	23991
23991	366	24328
28392	414	23991
8991	123	9328
1261	20	6333
16261	402	27016
1261	61	12016
16261	344	27016
1261	78	12016
15279	414	19540
279	116	359
279	159	4540
15279	330	19540
15279	381	19540
9065	125	11417
24065	411	19139
9065	169	4139
24065	409	26417
24065	259	20849
5500	169	5437
18222	411	20437
16674	411	20437
3222	169	5437
1674	169	5437
4494	33	5923
4494	247	9775
19494	290	20923
19494	290	15324
4494	33	324
6861	169	6637
21861	411	21637
6861	226	13633
21861	330	26692
21861	259	20849
21818	397	16943
6818	139	1943
6818	194	7911
6818	190	10094
21818	290	16943
6111	160	1814
20265	284	21111
3528	205	6111
4819	205	6111
5265	205	6111
2919	4	8556
17919	296	23556
19254	414	23556
25724	296	23556
24994	296	23556
6571	159	2471
21571	330	17471
21571	311	28300
6571	145	2471
6571	75	13300
7060	226	1054
22060	414	16054
7060	169	9678
22060	259	20849
2649	61	10378
15311	344	25378
10378	106	3432
17649	344	25378
10378	20	13134
133	75	13300
15133	311	28300
15133	284	28725
133	159	7227
133	226	10050
7571	78	795
17409	368	22571
10746	225	7571
22571	368	25746
25746	267	22571
23052	414	29757
8052	226	2520
8052	226	14757
8052	226	13381
23052	414	29235
7782	145	1219
17178	364	16219
24854	364	16219
2178	159	1219
9854	145	1219
9663	42	5973
24663	257	22125
24663	416	22125
24663	341	19162
9663	51	7125
10065	4	475
25065	311	16946
10065	145	5694
25065	414	21323
25065	296	15475
6289	157	1459
21289	281	16459
2479	4	12906
17479	296	27906
17479	259	20849
17479	414	25840
17479	304	29480
973	48	12047
15973	414	20443
15973	330	27047
973	226	7023
15973	364	21388
5359	189	5531
20359	344	20531
5359	145	5531
8744	49	14407
23744	410	29407
8244	160	7942
23244	351	22942
8244	46	6276
23244	362	21276
23244	384	20099
14635	159	8432
24200	330	23432
13591	145	8432
24281	364	23432
22586	330	23432
8412	77	8141
23412	378	27863
8412	77	12863
4512	106	5738
19512	379	20738
72	79	5738
27294	410	20738
15072	293	20738
4391	151	1187
19391	321	15850
16187	267	19391
4391	20	850
1187	225	4391
10729	128	2943
25729	274	17943
10729	194	2943
1924	128	2943
28961	274	17943
8458	145	2999
23458	304	27531
23458	364	17999
8458	75	12531
23458	414	21131
2247	226	9751
17247	414	21214
17247	414	29217
2247	226	14217
17247	259	20849
9726	226	8673
24726	284	26969
24726	296	28928
24726	414	27032
9726	145	1576
2397	189	3159
17397	368	29711
2397	151	14711
29711	267	17397
17397	344	18159
7528	48	13217
22528	381	28217
7528	4	1839
22528	296	16839
22528	409	26417
4493	226	10437
19493	284	26030
4493	205	11030
19493	259	20849
19493	381	23566
1038	205	11835
16038	284	26835
16038	259	20849
16038	386	16260
6205	20	5411
21205	321	20411
21205	344	16449
6205	48	1449
6205	145	1449
13305	4	8703
23703	271	16260
16264	296	23703
20091	296	23703
8045	4	8703
8616	33	3674
23616	351	15894
23616	290	20428
8616	33	14050
8616	160	10044
1476	53	11372
19931	321	16476
4427	20	1476
29457	321	16476
26549	321	16476
12202	44	6296
17126	302	21296
7622	17	6296
16473	357	21296
26103	259	21296
9733	181	7201
7201	20	1269
29218	344	22201
22201	250	26372
8855	145	7201
12022	189	7197
7197	20	12925
22197	384	19129
12117	145	7197
22197	318	17447
3700	20	7538
18700	321	22538
1720	219	13474
16720	358	28474
1720	162	12728
16720	416	27728
12687	226	8386
28475	364	23386
26998	381	23386
8521	145	8386
13475	145	8386
9060	225	14415
24060	321	15094
14415	151	9060
29415	368	24060
9060	20	94
5091	4	8703
20091	414	25039
20091	296	23703
5091	226	10039
20091	259	20849
9242	226	5907
24242	414	20907
24242	414	29626
24242	313	18432
9242	226	14626
6934	4	13741
21934	296	15346
21934	381	16284
6934	226	952
21934	296	28741
8878	41	5926
23878	410	23331
8878	49	8331
8878	36	7997
8878	160	9205
2810	189	7878
17810	344	22878
17810	321	26712
2810	20	11712
2810	145	7878
10276	20	5017
19070	368	25276
25276	344	29081
10276	61	14081
25276	267	19070
2601	159	6780
17601	411	24945
2601	226	5628
17601	364	25559
17601	330	21780
