need:	[4637, 17, 13742]	[19637, 302, 28742],delete:
need:	[21880, 414, 27245]	[6880, 145, 2449],delete:
need:	[672, 20, 7033]	[15672, 321, 22033],delete:
need:	[6994, 53, 13574]	[6994, 15, 8676],delete:
need:	[6412, 226, 13328]	[21412, 414, 28328],delete:
need:,delete:
need:	[3685, 51, 5578]	[18685, 416, 20578],delete:
need:	[16166, 323, 19211]	[16166, 414, 29188],delete:
need:	[5890, 226, 11977]	[5890, 226, 4840],delete:
need:	[151, 159, 85]	[23931, 364, 15085],delete:
need:	[12842, 226, 487],delete:
need:	[22216, 351, 20207]	[13940, 160, 5207],delete:
need:	[1148, 75, 9485]	[16148, 304, 24485],delete:
need:	[20647, 368, 19998]	[4998, 20, 11824],delete:
need:	[4661, 196, 14352]	[29352, 368, 19661],delete:
need:	[14672, 151, 290]	[15290, 267, 29672],delete:
need:	[8827, 226, 1123]	[23827, 414, 16123],delete:
need:	[2755, 226, 3108]	[2755, 145, 3108],delete:
need:	[23582, 296, 26460]	[23582, 414, 15887],delete:
need:	[8701, 51, 301]	[28821, 416, 15301],delete:
need:	[6258, 145, 14347]	[6258, 4, 10418],delete:
need:	[482, 168, 7072]	[15482, 284, 21274],delete:
need:,delete:
need:	[7810, 51, 12120]	[22810, 416, 27120],delete:
need:	[8029, 226, 4844]	[8029, 75, 13300],delete:
need:	[20060, 384, 17752]	[20060, 279, 20566],delete:
need:	[9325, 20, 94]	[24325, 344, 25398],delete:
need:	[7413, 145, 1483]	[7413, 125, 11417],delete:
need:	[5290, 4, 2632]	[20290, 259, 20849],delete:
need:	[8190, 225, 7617]	[8190, 48, 1708],delete:
need:	[16642, 364, 22051],delete:
need:	[10021, 160, 11762]	[25021, 351, 26762],delete:
need:	[2325, 156, 13139]	[17325, 303, 28139],delete:
need:,delete:
need:	[23947, 409, 26417]	[23947, 381, 27718],delete:
need:	[19806, 410, 21158]	[14555, 145, 4806],delete:
need:	[6607, 226, 6929],delete:
need:	[271, 205, 7752]	[15271, 284, 22752],delete:
need:	[7007, 49, 9652]	[22007, 342, 29738],delete:
need:	[3073, 33, 9589]	[18073, 290, 26980],delete:
need:	[19062, 267, 24953]	[4062, 225, 9953],delete:
need:	[716, 205, 10110]	[15716, 284, 25110],delete:
need:	[3967, 226, 7958]	[18967, 414, 22958],delete:
need:	[848, 48, 3605],delete:
need:	[24250, 414, 24121]	[9250, 226, 9121],delete:
need:	[3675, 226, 12754]	[3675, 205, 13275],delete:
need:	[27566, 414, 19844],delete:
need:	[22313, 267, 15161],delete:
need:	[22760, 414, 20253]	[22760, 259, 20849],delete:
need:	[6735, 48, 7456]	[6735, 4, 1839],delete:
need:	[527, 226, 1522]	[15527, 336, 21856],delete:
need:	[8743, 226, 12797]	[23743, 414, 27797],delete:
need:	[3686, 48, 14357]	[18686, 344, 29357],delete:
need:	[6612, 159, 5774]	[21612, 330, 20774],delete:
need:	[19759, 386, 16260]	[19759, 330, 27694],delete:
need:	[2767, 33, 1235]	[17767, 290, 18757],delete:
need:	[20834, 344, 22847]	[5834, 78, 7847],delete:
need:	[20882, 368, 24030]	[9030, 48, 13785],delete:
need:	[21239, 381, 17859]	[6239, 205, 946],delete:
need:	[3564, 226, 4510]	[18564, 414, 19750],delete:
need:	[8984, 226, 5907]	[8984, 145, 8936],delete:
need:	[7644, 151, 6455]	[22644, 368, 21455],delete:
need:	[9933, 40, 14264]	[24933, 410, 29264],delete:
need:	[9681, 51, 14110]	[24681, 416, 29110],delete:
need:	[22445, 414, 23673]	[22445, 414, 23608],delete:
need:	[4393, 205, 3038]	[4393, 169, 3038],delete:
need:	[13004, 226, 7097],delete:
need:	[21843, 330, 22502]	[21843, 414, 22875],delete:
need:	[2058, 226, 5936]	[17058, 330, 19373],delete:
need:	[5360, 226, 7886]	[20360, 414, 22886],delete:
need:	[7842, 222, 10800]	[22842, 402, 25800],delete:
need:	[7007, 49, 9652]	[29300, 410, 24652],delete:
need:	[9853, 226, 9776]	[9853, 226, 382],delete:
need:	[5683, 16, 7848]	[20683, 384, 22848],delete:
need:	[2264, 226, 4750]	[17264, 414, 26059],delete:
need:	[29263, 414, 15289]	[4848, 226, 289],delete:
need:	[6640, 48, 14727]	[21640, 364, 29727],delete:
need:	[3928, 145, 11385]	[18928, 409, 26417],delete:
need:	[12133, 160, 5667]	[19510, 351, 20667],delete:
need:	[14182, 169, 415]	[29182, 411, 15415],delete:
need:	[8178, 205, 11534]	[8178, 226, 8659],delete:
need:	[1832, 226, 7451],delete:
need:	[10379, 226, 14386]	[25379, 311, 27238],delete:
need:	[22281, 344, 28975]	[22281, 344, 17087],delete:
need:	[1870, 226, 6596]	[19012, 414, 21596],delete:
need:	[21804, 303, 21559]	[13874, 156, 6559],delete:
need:	[26301, 414, 18431],delete:
need:	[5532, 160, 5345]	[20532, 351, 20345],delete:
need:	[8959, 226, 4056],delete:
need:	[7930, 128, 2848]	[22930, 346, 17848],delete:
need:	[10498, 20, 7071]	[25498, 321, 22071],delete:
need:	[141, 169, 2036]	[141, 226, 12047],delete:
need:	[4312, 75, 13300],delete:
need:	[19792, 318, 15572]	[4792, 41, 7223],delete:
need:	[8917, 4, 6053]	[23917, 330, 15362],delete:
need:	[6098, 160, 5875]	[21098, 351, 20875],delete:
need:	[1864, 226, 1054]	[16864, 330, 25589],delete:
need:	[9445, 75, 10571]	[24445, 304, 25571],delete:
need:	[9456, 226, 5709]	[24456, 259, 20849],delete:
need:	[7298, 225, 4798]	[19798, 368, 22298],delete:
need:	[6196, 4, 2595]	[6196, 75, 13300],delete:
need:	[19756, 294, 21660],delete:
need:	[1039, 4, 8650]	[1039, 226, 3957],delete:
need:,delete:
need:	[13418, 169, 6118],delete:
need:	[2437, 160, 14274]	[17437, 351, 29274],delete:
need:	[2950, 20, 12380]	[17950, 321, 27380],delete:
need:	[6632, 226, 8884]	[21632, 414, 23884],delete:
need:	[5440, 53, 13347]	[20440, 250, 28347],delete:
need:	[1982, 33, 2496]	[1982, 33, 3674],delete:
need:	[14228, 193, 2944]	[29228, 319, 17944],delete:
need:	[28917, 369, 15134]	[10900, 43, 134],delete:
need:	[3628, 145, 10870]	[18628, 364, 25870],delete:
need:	[5637, 200, 6259]	[5637, 48, 8389],delete:
need:	[5986, 226, 14706]	[20986, 414, 29706],delete:
need:	[1648, 103, 13262]	[16648, 352, 28262],delete:
need:	[3209, 172, 12643]	[18209, 293, 27643],delete:
need:	[7846, 48, 13975]	[22846, 344, 28975],delete:
need:	[9251, 159, 362]	[9251, 226, 7366],delete:
need:	[14265, 222, 4438],delete:
need:	[8222, 168, 13085]	[23222, 269, 28085],delete:
need:	[1889, 75, 3805]	[16889, 303, 18805],delete:
need:	[1684, 4, 5702]	[20820, 296, 20702],delete:
need:	[6281, 226, 6126],delete:
need:	[27984, 295, 24288],delete:
need:	[4626, 46, 5283]	[19626, 362, 20283],delete:
need:	[6784, 160, 3718]	[21784, 351, 18718],delete:
need:	[14258, 139, 1998],delete:
need:	[16893, 414, 17351]	[3998, 181, 2351],delete:
need:	[2604, 226, 3108]	[17604, 414, 26757],delete:
need:	[9359, 226, 9555]	[24359, 284, 28536],delete:
need:	[3867, 226, 2351]	[3867, 226, 9839],delete:
need:	[8968, 205, 5069]	[23968, 284, 20069],delete:
need:	[7708, 145, 10588]	[22708, 364, 25588],delete:
need:	[1410, 145, 8369],delete:
need:	[21438, 409, 26417]	[6438, 4, 11460],delete:
need:	[7964, 205, 8488]	[22964, 284, 23488],delete:
need:	[21307, 344, 20026]	[21307, 321, 25666],delete:
need:	[15703, 410, 18845]	[29454, 351, 18845],delete:
need:	[5432, 16, 6167]	[20432, 351, 26814],delete:
need:	[3796, 160, 846]	[18796, 351, 15846],delete:
need:	[6103, 226, 6324]	[6103, 226, 6456],delete:
need:	[9112, 226, 9839]	[9112, 75, 13300],delete:
need:	[7929, 205, 9459]	[22929, 284, 24459],delete:
need:	[9575, 205, 4030]	[24575, 414, 20547],delete:
need:	[15409, 344, 23698],delete:
need:	[7126, 115, 6788]	[7126, 195, 11707],delete:
need:	[1835, 145, 4323]	[16835, 364, 19323],delete:
need:	[6714, 226, 14217]	[21714, 414, 29217],delete:
need:	[4107, 205, 3624]	[4107, 226, 13252],delete:
need:	[9016, 33, 6164]	[24016, 290, 15950],delete:
need:	[2436, 160, 8989]	[17436, 351, 23989],delete:
need:	[1941, 226, 4019]	[16941, 414, 19019],delete:
need:	[25442, 414, 27396]	[10442, 226, 2672],delete:
need:	[1999, 61, 12866]	[16999, 344, 27866],delete:
need:	[3486, 33, 4568]	[3486, 190, 1803],delete:
need:	[7086, 226, 9177]	[22086, 414, 21113],delete:
need:,delete:
need:	[8127, 46, 11734]	[23127, 362, 26734],delete:
need:	[3359, 226, 14633]	[18359, 414, 29633],delete:
need:	[1784, 226, 10470]	[16784, 330, 25470],delete:
need:	[19059, 296, 28519]	[19059, 284, 23251],delete:
need:	[4313, 226, 7023]	[4313, 226, 5530],delete:
need:	[5250, 20, 13740]	[28041, 267, 20250],delete:
need:	[4570, 226, 10236]	[19570, 414, 25236],delete:
need:	[13772, 20, 9449],delete:
need:	[541, 200, 6250]	[15541, 414, 22589],delete:
need:	[5732, 151, 12536]	[27536, 267, 20732],delete:
need:	[18582, 330, 28882]	[18582, 414, 20902],delete:
need:	[4520, 195, 3315],delete:
need:	[3847, 33, 5247],delete:
need:	[22604, 296, 19165],delete:
need:	[21497, 296, 19184]	[19184, 271, 21501],delete:
need:	[268, 4, 1408]	[16893, 296, 16408],delete:
need:	[7510, 75, 9216]	[7510, 145, 2304],delete:
need:	[5191, 226, 5033]	[5191, 226, 8886],delete:
need:	[266, 45, 10943]	[15266, 377, 26992],delete:
need:,delete:
need:	[7635, 226, 2520]	[7635, 226, 14757],delete:
need:	[2586, 145, 14277]	[17586, 267, 19768],delete:
need:	[9907, 75, 9232]	[24907, 414, 26942],delete:
need:	[24463, 414, 18442]	[5546, 226, 3442],delete:
need:	[1373, 226, 2536]	[16373, 414, 29697],delete:
need:	[2498, 226, 11271]	[2498, 226, 9410],delete:
need:	[7265, 20, 9841]	[22265, 321, 24841],delete:
need:	[5965, 48, 14720]	[5965, 145, 10870],delete:
need:	[5820, 75, 13300]	[5820, 226, 14534],delete:
need:	[10421, 226, 9108]	[25421, 414, 26187],delete:
need:	[9061, 226, 11405]	[24061, 414, 26405],delete:
need:	[9224, 169, 9307],delete:
need:	[7287, 25, 2687]	[1366, 145, 2687],delete:
need:	[14789, 159, 790]	[3521, 159, 790],delete:
need:	[9622, 172, 281]	[24622, 293, 15281],delete:
need:	[19240, 344, 17514]	[13754, 61, 2514],delete:
need:	[4328, 205, 946]	[19328, 259, 20849],delete:
need:	[3064, 226, 1241]	[18064, 414, 16241],delete:
need:	[10174, 226, 3763]	[25174, 414, 28425],delete:
need:	[8017, 103, 380]	[8017, 188, 380],delete:
need:	[7333, 205, 3328]	[22333, 284, 18328],delete:
need:	[8435, 49, 1030]	[16030, 369, 16260],delete:
need:	[8558, 241, 12494]	[23558, 358, 27494],delete:
need:	[5689, 226, 4766]	[20689, 414, 19766],delete:
need:	[9059, 4, 9562]	[24059, 296, 24562],delete:
need:	[9143, 20, 1269]	[24143, 344, 27815],delete:
need:	[16421, 341, 18227]	[27136, 341, 18227],delete:
need:	[7913, 75, 14236]	[22913, 311, 29236],delete:
need:,delete:
need:	[28437, 284, 22419]	[14762, 205, 7419],delete:
need:	[8427, 20, 11712]	[18273, 344, 23427],delete:
need:,delete:
need:	[148, 75, 2401]	[15853, 304, 17401],delete:
need:	[17801, 414, 24903]	[16582, 414, 24903],delete:
need:	[2703, 226, 3438]	[17703, 414, 18438],delete:
need:,delete:
need:	[1381, 205, 7157]	[16381, 296, 16411],delete:
need:	[3484, 145, 1576]	[18484, 364, 16576],delete:
need:	[8392, 41, 1459]	[23392, 248, 22401],delete:
need:	[12916, 169, 2569]	[321, 169, 2569],delete:
need:	[25337, 336, 22083]	[25337, 330, 16826],delete:
need:	[2314, 145, 2298]	[17314, 364, 17298],delete:
need:	[18412, 414, 22682],delete:
need:	[4023, 4, 12803]	[19023, 296, 27803],delete:
need:	[4799, 49, 894]	[19799, 410, 15894],delete:
need:	[4892, 4, 6651]	[19892, 259, 20849],delete:
need:	[8481, 4, 3263]	[23481, 296, 18263],delete:
need:	[10578, 160, 4038]	[6138, 160, 4038],delete:
need:	[606, 20, 5017]	[15606, 321, 20017],delete:
need:	[3692, 139, 2496]	[18692, 397, 17496],delete:
need:	[14391, 160, 6704]	[29391, 351, 21704],delete:
need:	[6069, 61, 13047]	[21069, 344, 28047],delete:
need:	[10089, 41, 9334]	[25089, 351, 29407],delete:
need:	[13972, 226, 6811]	[27742, 414, 21811],delete:
need:	[7093, 33, 14083]	[7093, 33, 864],delete:
need:	[2775, 205, 13271]	[2775, 226, 10035],delete:
need:	[3939, 181, 11652]	[22969, 344, 18939],delete:
need:	[9757, 156, 11842]	[24757, 303, 16692],delete:
need:	[4529, 75, 14652]	[19529, 311, 29652],delete:
need:	[8646, 48, 1549]	[8646, 61, 1549],delete:
need:	[3316, 159, 14305]	[3316, 75, 12531],delete:
need:	[14063, 226, 4649],delete:
need:	[2902, 125, 13394]	[17902, 386, 20618],delete:
need:	[2468, 156, 9482]	[17468, 303, 24482],delete:
need:	[24269, 296, 16411]	[24269, 414, 16505],delete:
need:,delete:
need:	[987, 241, 2614]	[15987, 404, 17614],delete:
need:	[3784, 78, 8713]	[18784, 344, 23713],delete:
need:	[4834, 156, 12015]	[19834, 303, 27015],delete:
need:	[5317, 33, 950]	[20317, 290, 28247],delete:
need:	[3540, 205, 7226]	[3540, 145, 2545],delete:
need:	[6192, 33, 12515]	[21192, 271, 15843],delete:
need:	[10053, 4, 1839]	[25053, 409, 26417],delete:
need:	[9869, 226, 10143]	[24869, 414, 25143],delete:
need:	[4337, 189, 5833]	[19337, 344, 20833],delete:
need:	[1321, 226, 9358]	[16321, 414, 16497],delete:
need:	[23940, 414, 16497]	[8940, 226, 4649],delete:
need:	[14682, 145, 4323],delete:
need:	[6143, 4, 925]	[21143, 330, 25052],delete:
need:	[5263, 145, 2922]	[20263, 344, 18200],delete:
need:	[8219, 41, 14153]	[23219, 248, 29153],delete:
need:	[9600, 160, 6501]	[9600, 33, 1998],delete:
need:	[1683, 145, 7878]	[16683, 344, 22878],delete:
need:	[9271, 145, 3786]	[24271, 414, 18057],delete:
need:	[5323, 205, 10464]	[2868, 226, 10464],delete:
need:	[5908, 225, 1991]	[16991, 344, 20537],delete:
need:	[7045, 11, 11762]	[22045, 379, 26762],delete:
need:	[22545, 265, 16439]	[26083, 414, 22545],delete:
need:	[9765, 205, 1286]	[24765, 284, 16286],delete:
need:	[17988, 344, 19135]	[2988, 145, 1708],delete:
need:,delete:
need:	[466, 151, 2738]	[17738, 267, 15466],delete:
need:	[24683, 414, 15681]	[13102, 226, 681],delete:
need:,delete:
need:	[441, 4, 1504]	[15441, 296, 16504],delete:
need:	[5409, 230, 11671]	[20409, 271, 26671],delete:
need:	[23018, 414, 24758]	[13955, 226, 9758],delete:
need:	[19103, 414, 21918]	[19103, 409, 28394],delete:
need:	[10011, 53, 4753]	[25011, 250, 19753],delete:
need:	[3356, 33, 2920],delete:
need:	[10214, 61, 3257]	[25214, 344, 18257],delete:
need:	[6174, 51, 7704]	[21174, 416, 22704],delete:
need:	[2791, 48, 7050]	[2791, 226, 8430],delete:
need:	[24039, 284, 21842]	[6842, 53, 4966],delete:
need:	[1348, 226, 7814]	[1348, 226, 7682],delete:
need:,delete:
need:	[28343, 397, 16943],delete:
need:,delete:
need:	[6973, 226, 3277]	[21973, 414, 16505],delete:
need:	[7395, 159, 1185],delete:
need:	[2485, 225, 1521]	[16521, 303, 21033],delete:
need:	[49, 78, 6957]	[15049, 321, 15850],delete:
need:	[5347, 156, 3254]	[20347, 267, 20325],delete:
need:	[3695, 48, 14425]	[3695, 226, 14425],delete:
need:	[4090, 226, 6169]	[19090, 414, 25437],delete:
need:	[14380, 225, 2073]	[29380, 267, 17073],delete:
need:	[3684, 226, 1333],delete:
need:	[4108, 75, 13300]	[19108, 259, 20849],delete:
need:	[7416, 75, 12531]	[22416, 414, 20645],delete:
need:	[25390, 284, 18624],delete:
need:	[7494, 75, 9025]	[22494, 311, 24025],delete:
need:	[391, 145, 12655]	[15391, 364, 27655],delete:
need:	[15477, 321, 21649]	[18459, 321, 21649],delete:
need:	[723, 205, 8107]	[15723, 284, 23107],delete:
need:	[7356, 205, 6556]	[22356, 284, 21556],delete:
need:	[1828, 29, 8529]	[16828, 293, 24970],delete:
need:	[3527, 20, 13485]	[18527, 321, 28485],delete:
need:	[7899, 154, 12441]	[22899, 330, 21897],delete:
need:	[8203, 205, 6284]	[23203, 284, 21284],delete:
need:	[457, 71, 5618]	[15457, 369, 20618],delete:
need:	[796, 49, 13311]	[15796, 410, 28311],delete:
need:	[8994, 226, 13058]	[23994, 381, 17540],delete:
need:	[2434, 29, 1260]	[17434, 386, 16260],delete:
need:	[10609, 226, 4164],delete:
need:	[8723, 20, 7602]	[23723, 321, 22602],delete:
need:	[3610, 225, 14279]	[29279, 368, 18610],delete:
need:	[9391, 226, 11942]	[9391, 226, 9715],delete:
need:	[216, 226, 10315]	[15216, 414, 24287],delete:
need:	[7598, 226, 2442]	[22598, 414, 17442],delete:
need:	[4775, 4, 517]	[19775, 381, 18774],delete:
need:	[7308, 33, 8254]	[22308, 290, 24049],delete:
need:	[13186, 151, 7144]	[22144, 267, 28186],delete:
need:	[24173, 344, 24991]	[9173, 78, 9991],delete:
need:	[5236, 4, 6226]	[20236, 284, 19030],delete:
need:	[6124, 226, 10588]	[21124, 414, 25588],delete:
need:	[16901, 313, 18432]	[1901, 29, 1260],delete:
need:	[9302, 49, 1785]	[9302, 41, 13158],delete:
need:	[7394, 226, 12929]	[22394, 414, 27929],delete:
need:	[8027, 120, 8805]	[18136, 351, 23805],delete:
need:	[18521, 364, 23774]	[23774, 410, 26884],delete:
need:	[6970, 48, 3638]	[21970, 364, 22684],delete:
need:	[12708, 225, 6270]	[21270, 368, 27708],delete:
need:	[11254, 41, 5654]	[27908, 317, 20654],delete:
need:	[6925, 159, 9979]	[21925, 330, 24979],delete:
need:	[4575, 4, 9861]	[19575, 296, 24861],delete:
need:	[6163, 226, 6752]	[21163, 414, 21752],delete:
need:	[18889, 271, 18320]	[18889, 413, 18462],delete:
need:	[2562, 226, 8247]	[17562, 414, 23247],delete:
need:	[6453, 160, 14387]	[21453, 351, 29387],delete:
need:,delete:
need:	[17590, 410, 26861]	[17590, 317, 26746],delete:
need:	[7112, 151, 7844]	[7112, 20, 14842],delete:
need:	[2598, 145, 2827]	[17598, 284, 22157],delete:
need:	[9446, 4, 12934]	[24446, 296, 27934],delete:
need:	[12869, 225, 426]	[27869, 267, 15426],delete:
need:	[29917, 271, 20751]	[11436, 172, 5751],delete:
need:	[5864, 226, 4510]	[20864, 414, 19510],delete:
need:	[5710, 145, 2449]	[20710, 414, 17449],delete:
need:	[6128, 160, 11139]	[6128, 33, 1855],delete:
need:	[15659, 414, 21653]	[659, 226, 6653],delete:
need:	[3280, 33, 3674]	[18280, 290, 21198],delete:
need:	[2193, 159, 13736]	[2193, 48, 13736],delete:
need:	[18967, 414, 22958]	[27996, 414, 22958],delete:
need:	[5023, 33, 2844]	[20023, 290, 17844],delete:
need:	[3056, 226, 10164]	[18056, 364, 26552],delete:
need:,delete:
need:	[769, 226, 6667]	[769, 159, 5915],delete:
need:	[20089, 321, 25152],delete:
need:	[2071, 226, 8402]	[2071, 226, 14867],delete:
need:	[5529, 151, 8396]	[20529, 321, 17530],delete:
need:	[8990, 49, 11464]	[23990, 351, 21999],delete:
need:	[8439, 226, 13067]	[23439, 311, 23366],delete:
need:	[2860, 226, 13630]	[17860, 414, 28630],delete:
need:	[5678, 145, 7750]	[20678, 364, 22750],delete:
need:	[10016, 99, 13816]	[25016, 351, 28816],delete:
need:	[2314, 226, 14822]	[2314, 145, 2298],delete:
need:	[20949, 414, 17300],delete:
need:	[6353, 160, 7438]	[21353, 351, 22438],delete:
need:	[20952, 414, 21214]	[5952, 226, 6214],delete:
need:	[3645, 41, 6140]	[18645, 248, 21140],delete:
need:	[25003, 381, 18766],delete:
need:	[4474, 75, 13300]	[19474, 411, 23131],delete:
need:	[23137, 364, 15929],delete:
need:	[8898, 226, 7239]	[27362, 414, 22239],delete:
need:	[12824, 226, 2115],delete:
need:	[4433, 4, 12485]	[4433, 205, 3483],delete:
need:	[26588, 413, 24964],delete:
need:	[19150, 364, 17021]	[4150, 226, 11500],delete:
need:	[18242, 381, 19505]	[3242, 48, 4505],delete:
need:	[16272, 413, 15000]	[28137, 344, 16272],delete:
need:	[8888, 49, 14573]	[23888, 351, 29573],delete:
need:	[9104, 169, 9557]	[24104, 411, 24557]	[24104, 259, 20849],delete:
need:	[21559, 352, 16834],delete:
need:	[1889, 75, 3805]	[28477, 303, 18805],delete:
need:	[450, 226, 8687]	[450, 226, 10603],delete:
need:	[4681, 151, 12268]	[19681, 368, 27268],delete:
need:	[8540, 61, 2138]	[23540, 344, 17138],delete:
need:	[3424, 159, 898]	[18337, 330, 15898],delete:
need:	[2896, 20, 1823]	[17896, 321, 16823],delete:
need:	[16496, 304, 28300]	[16496, 414, 25185],delete:
need:	[234, 168, 14256]	[15234, 269, 29940],delete:
need:	[9843, 75, 10057]	[9843, 29, 3320],delete:
need:	[28987, 296, 21240],delete:
need:	[6380, 160, 9292]	[21380, 351, 24292],delete:
need:	[9163, 226, 8659]	[24163, 414, 19649],delete:
need:	[1270, 160, 363],delete:
need:,delete:
need:	[3219, 20, 2773]	[18219, 321, 18129],delete:
need:	[2544, 226, 9284]	[17544, 414, 24284],delete:
need:	[20749, 311, 28300]	[5749, 75, 13300],delete:
need:	[8819, 75, 8736]	[23819, 259, 20849],delete:
need:	[13743, 20, 8281]	[18687, 321, 23281],delete:
need:	[6496, 226, 2467]	[21496, 414, 17467],delete:
need:	[18995, 381, 19658]	[18995, 414, 18897],delete:
need:	[15378, 414, 23910]	[15378, 364, 17632],delete:
need:	[14781, 48, 3270],delete:
need:	[11217, 79, 9204]	[28104, 351, 24204],delete:
need:	[26838, 414, 20361],delete:
need:	[8930, 169, 9307]	[23930, 304, 20261],delete:
need:	[2677, 226, 7682]	[2677, 226, 13803],delete:
need:	[19700, 290, 20428]	[4700, 33, 5428],delete:
need:	[19214, 414, 15031]	[4214, 226, 31],delete:
need:	[8311, 151, 7762]	[23311, 321, 26350],delete:
need:	[2662, 226, 6247]	[17662, 414, 21247],delete:
need:	[7092, 48, 12889]	[7092, 226, 7682],delete:
need:	[12389, 145, 3808]	[27796, 364, 18808],delete:
need:	[10051, 205, 1286],delete:
need:	[7367, 160, 11175]	[22367, 351, 26175],delete:
need:	[17795, 248, 29777]	[17795, 342, 19060],delete:
need:	[10304, 226, 9177]	[25304, 414, 24177],delete:
need:	[6021, 159, 6052]	[21021, 330, 21052],delete:
need:	[7291, 160, 1532]	[22291, 351, 16532],delete:
need:	[19725, 386, 20618]	[4725, 205, 5858],delete:
need:	[7408, 145, 7260]	[22408, 344, 22260],delete:
need:	[4830, 205, 13104]	[19830, 284, 28104],delete:
need:	[7155, 61, 4713]	[22155, 321, 26712],delete:
need:	[1961, 226, 14323]	[1961, 226, 9222],delete:
need:	[9649, 119, 1138]	[9649, 160, 13546],delete:
need:	[19126, 414, 19031],delete:
need:	[18815, 414, 16086],delete:
need:	[4086, 125, 11417]	[19086, 409, 26417],delete:
need:	[12942, 226, 5628],delete:
need:	[6095, 145, 10410],delete:
need:	[24047, 364, 29310]	[24047, 414, 21247],delete:
need:	[2515, 226, 7951]	[26312, 330, 22951],delete:
need:	[4352, 226, 9827]	[4352, 205, 14413],delete:
need:	[9688, 226, 5203]	[13057, 226, 5203],delete:
need:	[6194, 144, 6660]	[21194, 250, 21136],delete:
need:	[20768, 330, 16690],delete:
need:	[6055, 53, 4593]	[21055, 250, 25431],delete:
need:,delete:
need:	[1897, 20, 11712]	[16194, 267, 16897],delete:
need:	[28128, 344, 21450],delete:
need:	[27931, 410, 23331],delete:
need:	[11444, 226, 7874]	[29684, 414, 22874],delete:
need:	[6732, 226, 7491]	[21732, 311, 22696],delete:
need:	[13259, 39, 6729]	[28259, 395, 21729],delete:
need:	[25954, 381, 24106]	[8398, 48, 9106],delete:
need:	[10462, 16, 2777]	[25462, 384, 17777],delete:
need:	[6433, 145, 10545]	[21433, 381, 23083],delete:
need:	[18262, 411, 19139]	[1156, 169, 4139],delete:
need:	[2760, 42, 3819]	[17760, 250, 18819],delete:
need:	[20405, 330, 21928]	[20405, 414, 15507],delete:
need:	[2718, 151, 6613]	[17718, 368, 21613],delete:
need:	[6455, 225, 7644]	[21455, 267, 22644],delete:
need:	[9374, 160, 5646]	[24374, 346, 17848],delete:
need:	[24626, 411, 16331]	[114, 169, 1331],delete:
need:	[9667, 71, 8529]	[24667, 369, 23529],delete:
need:	[21536, 296, 16900]	[21536, 414, 16729],delete:
need:	[1015, 156, 9938]	[16015, 294, 24938],delete:
need:	[11947, 99, 4937]	[19937, 293, 29111],delete:
need:	[2253, 226, 5565]	[2253, 145, 387],delete:
need:	[9384, 20, 5868]	[24384, 321, 20868],delete:
need:	[24931, 259, 20849]	[9931, 226, 13124],delete:
need:	[6424, 145, 14727]	[6424, 48, 12889],delete:
need:	[1178, 41, 3272]	[16178, 248, 24246],delete:
need:	[7907, 139, 6560],delete:
need:	[3278, 160, 1877]	[18278, 351, 16877],delete:
need:	[6875, 205, 8279]	[573, 205, 8279],delete:
need:	[4604, 48, 12047],delete:
need:	[2230, 226, 719],delete:
need:	[2155, 225, 14694]	[2927, 225, 2155],delete:
need:	[3083, 4, 12965]	[18083, 411, 17102],delete:
need:	[3424, 53, 5185],delete:
need:	[1492, 226, 9017]	[16492, 414, 28350],delete:
need:	[7685, 29, 1260]	[22685, 369, 16260],delete:
need:	[3035, 159, 12888]	[3035, 4, 748],delete:
need:	[13281, 233, 5244]	[28281, 249, 20244],delete:
need:	[23185, 344, 16026]	[23185, 321, 21745],delete:
need:	[7551, 145, 7222]	[22551, 284, 23251],delete:
need:	[6029, 20, 14846]	[21029, 321, 29846],delete:
need:	[8569, 139, 2040]	[23569, 290, 21079],delete:
need:	[21576, 312, 29902]	[6576, 160, 3350],delete:
need:	[6436, 46, 9095]	[29934, 362, 24095],delete:
need:	[8750, 160, 4426]	[23750, 351, 19426],delete:
need:	[2112, 226, 3431]	[2112, 205, 4004],delete:
need:	[7076, 48, 3633]	[22076, 364, 22222],delete:
need:	[21953, 330, 15347]	[21953, 259, 20849],delete:
need:	[146, 56, 10224]	[15146, 268, 25224],delete:
need:	[6033, 29, 1260],delete:
need:	[17789, 351, 16265]	[8242, 49, 1265],delete:
need:	[4881, 156, 13021]	[19881, 303, 28021],delete:
need:	[16777, 364, 26992]	[1777, 226, 6998],delete:
need:	[21288, 321, 23446]	[28795, 267, 21288],delete:
need:	[2031, 123, 3432]	[2031, 56, 9878],delete:
need:	[15392, 368, 18156]	[15392, 321, 24449],delete:
need:	[14812, 151, 10461]	[25461, 267, 29812],delete:
need:,delete:
need:	[1997, 160, 14274]	[16997, 351, 29274],delete:
need:	[1602, 33, 2237]	[1602, 190, 6532],delete:
need:	[8752, 226, 5319],delete:
need:	[16832, 381, 23083]	[15541, 381, 23083],delete:
need:	[8202, 75, 7823]	[23202, 311, 22823],delete:
need:	[7661, 156, 4451]	[22661, 303, 19451],delete:
need:	[14731, 226, 744],delete:
need:	[1141, 78, 3992]	[16141, 402, 18992],delete:
need:	[4267, 195, 13875]	[4267, 160, 12045],delete:
need:	[15549, 344, 15243],delete:
need:	[26863, 381, 23578],delete:
need:	[4853, 49, 14512]	[4853, 115, 218],delete:
need:	[7948, 226, 814],delete:
need:	[9318, 226, 13709]	[24318, 414, 21596],delete:
need:	[14215, 168, 1856]	[19675, 269, 16856],delete:
need:	[958, 41, 495]	[15958, 248, 15495],delete:
need:	[7048, 226, 9825]	[22048, 414, 24825],delete:
need:	[7932, 226, 14657]	[22932, 414, 24839],delete:
need:	[6986, 226, 542]	[6986, 159, 5453],delete:
need:	[3000, 125, 14981]	[18000, 386, 16260],delete:
need:	[28773, 381, 24088]	[24088, 317, 22401],delete:
need:	[20588, 274, 28269]	[20588, 369, 16260],delete:
need:	[29127, 414, 19363]	[19363, 271, 20618],delete:
need:	[21598, 321, 19088]	[21598, 344, 28121],delete:
need:	[6777, 48, 14324]	[21777, 416, 27258],delete:
need:	[9114, 160, 3718]	[24114, 410, 18718],delete:
need:	[15372, 284, 17183]	[15372, 414, 15542],delete:
need:	[9676, 205, 3640]	[9676, 226, 9244],delete:
need:	[5615, 145, 14400]	[20615, 364, 29400],delete:
need:	[4652, 4, 12951]	[4652, 226, 14229],delete:
need:	[4409, 226, 13256]	[19409, 414, 19019],delete:
need:	[1614, 4, 3199]	[1614, 145, 13665],delete:
need:	[9357, 145, 5859]	[24357, 344, 20859],delete:
need:	[9621, 48, 6154]	[9621, 125, 11417],delete:
need:,delete:
need:	[3232, 159, 2816]	[3232, 51, 7577],delete:
need:	[15268, 284, 15020]	[268, 4, 1408],delete:
need:	[10080, 20, 12272]	[25080, 321, 27272],delete:
need:	[2539, 205, 14413]	[17539, 284, 29413],delete:
need:	[8053, 4, 5702]	[23053, 259, 20849],delete:
need:	[24432, 414, 17935],delete:
need:	[15092, 259, 20849]	[92, 145, 2471],delete:
need:	[8666, 41, 8571]	[23666, 248, 23571],delete:
need:	[2079, 226, 6944]	[17584, 414, 21944],delete:
need:	[3514, 20, 5918]	[18514, 321, 20918],delete:
need:	[1996, 4, 1900],delete:
need:	[9401, 226, 4557]	[24401, 414, 19557],delete:
need:	[1816, 159, 14305]	[16816, 364, 29305],delete:
need:,delete:
need:	[3409, 49, 5618]	[13239, 226, 3409],delete:
need:	[6395, 48, 11994]	[21395, 414, 16822],delete:
need:	[6003, 20, 13091]	[21003, 321, 28091],delete:
need:,delete:
need:	[14590, 226, 6874]	[10041, 226, 6874],delete:
need:	[14968, 68, 3781]	[29968, 297, 18781],delete:
need:	[9050, 145, 13665]	[9050, 48, 12718],delete:
need:	[2046, 145, 14277]	[17046, 364, 29277],delete:
need:	[9970, 29, 8529]	[24970, 369, 23529],delete:
need:	[7690, 16, 2042]	[22690, 384, 17042],delete:
need:	[3363, 4, 502]	[18363, 296, 15502],delete:
need:	[847, 20, 1904]	[15847, 321, 16904],delete:
need:	[10316, 226, 4639]	[25316, 414, 19639],delete:
need:	[10745, 226, 6216],delete:
need:	[22038, 268, 17423]	[17423, 410, 18843],delete:
need:	[6540, 226, 827]	[21540, 414, 15827],delete:
need:	[1524, 172, 3631]	[20079, 410, 16524],delete:
need:	[3120, 78, 7181]	[18120, 368, 28465],delete:
need:	[8337, 205, 9645]	[8337, 226, 8332],delete:
need:	[21701, 259, 20849]	[6701, 75, 13300],delete:
need:	[8362, 20, 2773]	[23362, 321, 19088],delete:
need:	[1242, 49, 12177]	[16242, 410, 27177],delete:
need:	[8758, 61, 14545]	[23758, 344, 29545],delete:
need:	[7498, 226, 4125]	[7498, 205, 2101],delete:
need:	[137, 53, 3351]	[15137, 250, 18351],delete:
need:	[3981, 226, 5547]	[18981, 414, 20547],delete:
need:	[7641, 70, 13691]	[28691, 287, 22641],delete:
need:	[4767, 160, 1992],delete:
need:	[6311, 160, 9845]	[21311, 351, 24845],delete:
need:	[1213, 226, 7984]	[1213, 145, 10633],delete:
need:	[24431, 287, 25694]	[29481, 351, 24431],delete:
need:	[22319, 381, 17075],delete:
need:	[559, 48, 3605]	[559, 159, 3605],delete:
need:	[7024, 145, 1576]	[7024, 75, 13300],delete:
need:	[19092, 414, 25412]	[25412, 384, 19129],delete:
need:	[20221, 414, 24999],delete:
need:	[4477, 23, 174]	[4477, 29, 8889],delete:
need:	[21108, 414, 21169]	[1240, 226, 6169],delete:
need:	[1666, 172, 14281]	[16666, 293, 24363],delete:
need:	[21591, 296, 16593]	[6591, 169, 5246],delete:
need:	[37, 81, 5559]	[15037, 368, 18829],delete:
need:	[5971, 144, 3353]	[20971, 303, 18353],delete:
need:	[8513, 159, 1735]	[8513, 48, 1735],delete:
need:	[2326, 205, 4190]	[17326, 284, 19190],delete:
need:	[12829, 226, 919]	[17550, 414, 15919],delete:
need:	[7237, 208, 9592]	[22237, 299, 24592],delete:
need:	[23018, 414, 23161]	[8018, 4, 718],delete:
need:	[5064, 79, 6329]	[20064, 293, 21329],delete:
need:	[137, 144, 6414]	[19013, 294, 21414],delete:
need:	[2270, 226, 6351]	[21351, 248, 17331],delete:
need:	[25026, 267, 21484]	[6484, 151, 10026],delete:
need:	[14446, 169, 9557]	[25022, 411, 24557],delete:
need:,delete:
need:	[9375, 172, 281]	[24375, 293, 15281],delete:
need:	[3595, 139, 6560]	[18595, 397, 21560],delete:
need:	[25494, 259, 20849]	[10494, 205, 3483],delete:
need:	[1603, 48, 4585]	[16603, 284, 17144],delete:
need:	[9944, 33, 1553]	[6, 33, 1553],delete:
need:	[29715, 387, 18429]	[14715, 157, 3429],delete:
need:	[3874, 159, 5856]	[3874, 226, 7599],delete:
need:	[12911, 124, 312]	[13626, 124, 312],delete:
need:	[5325, 222, 9013]	[5325, 151, 5347],delete:
need:	[14044, 226, 9770]	[29044, 414, 24770],delete:
need:	[5031, 139, 340]	[20031, 290, 15340],delete:
need:	[9670, 78, 9315]	[24670, 344, 24315],delete:
need:	[16896, 248, 15632],delete:
need:	[1379, 159, 14249]	[16379, 296, 18864],delete:
need:	[4641, 51, 14110]	[19641, 416, 29110],delete:
need:	[9137, 23, 14074]	[24137, 259, 29074],delete:
need:	[1804, 226, 5907]	[16804, 381, 25267],delete:
need:	[17485, 341, 20256]	[2485, 222, 5256],delete:
need:	[8358, 160, 1260]	[23358, 351, 29264],delete:
need:	[10259, 226, 9017]	[25259, 284, 20069],delete:
need:	[3679, 145, 1576]	[18679, 364, 16576],delete:
need:	[8177, 11, 1834]	[23177, 352, 16834],delete:
need:	[14209, 189, 3200]	[29209, 344, 18200],delete:
need:	[24281, 414, 19375]	[9281, 4, 11728],delete:
need:	[3528, 226, 12870]	[3528, 226, 4326],delete:
need:	[8435, 115, 6253]	[23435, 271, 16260],delete:
need:	[14015, 94, 8032]	[23032, 258, 29015],delete:
need:	[4981, 4, 13968]	[19981, 284, 27441],delete:
need:	[7152, 48, 9658]	[22152, 330, 24658],delete:
need:	[15303, 414, 25385]	[22024, 414, 25385],delete:
need:	[9781, 33, 11980]	[24781, 290, 17572],delete:
need:	[2466, 225, 13912]	[17466, 267, 28912],delete:
need:	[13836, 10, 4734]	[17146, 356, 19734],delete:
need:	[5367, 48, 1549]	[20367, 344, 16549],delete:
need:	[20674, 414, 21323]	[11584, 226, 6323],delete:
need:	[8385, 226, 2091]	[23385, 414, 17091],delete:
need:	[3236, 222, 2990]	[3607, 222, 2990],delete:
need:	[2274, 160, 5706]	[17274, 384, 21046],delete:
need:	[7715, 205, 3328]	[22715, 414, 29195],delete:
need:	[8530, 226, 7874]	[23530, 414, 22874],delete:
need:	[8809, 75, 12531]	[8809, 226, 9378],delete:
need:	[2516, 29, 1260]	[17516, 386, 16260],delete:
need:	[2705, 226, 9222]	[17705, 330, 20919],delete:
need:	[22360, 296, 21113],delete:
need:	[6828, 226, 9751]	[21828, 414, 27870],delete:
need:	[8004, 75, 12238]	[23004, 311, 27238],delete:
need:	[1126, 189, 13377]	[16126, 344, 28377],delete:
need:	[5404, 33, 14671]	[5404, 33, 1855],delete:
need:	[2171, 48, 4462]	[17171, 381, 19462],delete:
need:	[262, 16, 11551]	[15262, 384, 25175],delete:
need:	[4805, 4, 1928]	[19805, 296, 16928],delete:
need:	[2061, 160, 10568]	[17061, 271, 16260],delete:
need:	[13363, 226, 253]	[9009, 226, 253],delete:
need:	[24249, 284, 25008]	[9249, 205, 10008],delete:
need:	[2093, 189, 1358]	[17093, 344, 16358],delete:
need:	[6313, 160, 4648]	[21313, 351, 19648],delete:
need:	[6508, 160, 13235]	[21508, 351, 28235],delete:
need:	[6955, 169, 2779]	[21955, 381, 19585],delete:
need:	[9881, 156, 2849]	[24881, 303, 17849],delete:
need:	[3581, 202, 4707]	[18581, 252, 19707],delete:
need:	[13844, 226, 5645]	[20624, 414, 20645],delete:
need:	[2868, 159, 10464]	[17868, 330, 25464],delete:
need:	[2140, 151, 11794]	[17140, 368, 26794],delete:
need:	[4101, 145, 6255]	[19101, 284, 23251],delete:
need:	[24070, 267, 17202]	[17202, 321, 28134],delete:
need:	[13790, 226, 8910],delete:
need:	[825, 226, 14598]	[15825, 414, 28124],delete:
need:	[8707, 61, 8600]	[8707, 78, 8600],delete:
need:	[22298, 344, 15062]	[19798, 344, 15062],delete:
need:	[4092, 205, 11317]	[4092, 226, 10035],delete:
need:	[68, 205, 10008]	[68, 226, 14229],delete:
need:	[22447, 284, 22752]	[22447, 259, 20849],delete:
need:	[5340, 20, 7602]	[27835, 344, 20340],delete:
need:	[13510, 145, 10445]	[25445, 248, 29494],delete:
need:	[23460, 344, 20945]	[28831, 267, 23460],delete:
need:	[4812, 226, 6355]	[19812, 259, 20849],delete:
need:	[5903, 226, 4045]	[5903, 226, 1282],delete:
need:	[9661, 188, 12731]	[24661, 363, 27731],delete:
need:	[8315, 226, 5810]	[23315, 296, 23536],delete:
need:	[26955, 381, 25448],delete:
need:	[20669, 296, 17996]	[5669, 145, 6902],delete:
need:	[6894, 172, 6481]	[25699, 293, 21481],delete:
need:	[13150, 41, 2833],delete:
need:	[177, 115, 6788]	[15177, 343, 21788],delete:
need:	[101, 226, 10588],delete:
need:	[8725, 20, 3501]	[23725, 321, 18501],delete:
need:	[8367, 33, 11639]	[23367, 290, 29326],delete:
need:	[19052, 414, 20810]	[29569, 330, 20810],delete:
need:	[3694, 145, 2827]	[18694, 259, 20849],delete:
need:	[13639, 226, 5809]	[15587, 414, 20809],delete:
need:	[8139, 48, 1262]	[23139, 284, 19190],delete:
need:	[905, 125, 6501]	[15905, 259, 20849],delete:
need:	[1968, 205, 13271]	[1968, 75, 7083],delete:
need:	[14335, 226, 3378]	[28537, 414, 18378],delete:
need:	[24653, 414, 21822]	[9653, 226, 6822],delete:
need:	[1433, 162, 13527]	[16433, 349, 28527],delete:
need:	[8636, 226, 8430]	[8636, 75, 4385],delete:
need:	[12907, 226, 41]	[1085, 226, 41],delete:
need:	[19991, 313, 15677]	[19991, 364, 19125],delete:
need:	[2123, 61, 13566]	[17123, 344, 28566],delete:
need:	[17039, 344, 15207],delete:
need:	[16860, 351, 18432]	[1860, 20, 11712],delete:
need:	[4794, 48, 13245]	[19794, 330, 28245],delete:
need:	[7866, 145, 6166]	[22866, 321, 16237],delete:
need:	[3576, 226, 11604]	[18576, 259, 20849],delete:
need:	[8728, 226, 4457]	[23728, 414, 19457],delete:
need:	[8115, 78, 11686]	[28827, 267, 23115],delete:
need:	[1280, 222, 9013]	[16280, 341, 24013],delete:
need:	[7519, 33, 1855]	[22519, 290, 16855],delete:
need:	[5744, 226, 3450]	[5744, 226, 10559],delete:
need:	[10474, 226, 7414]	[25474, 414, 22414],delete:
need:	[4181, 226, 5517]	[19181, 311, 29221],delete:
need:,delete:
need:	[21905, 414, 29323]	[6905, 226, 8820],delete:
need:	[22720, 381, 19116],delete:
need:	[4310, 226, 7366]	[19310, 411, 28609],delete:
need:	[21871, 414, 24111],delete:
need:	[14790, 160, 6049]	[29790, 351, 21049],delete:
need:	[3583, 103, 13819]	[18583, 352, 28819],delete:
need:	[21197, 296, 18864],delete:
need:	[7876, 226, 180]	[22876, 414, 15180],delete:
need:	[3406, 159, 11994]	[18406, 330, 26994],delete:
need:	[2825, 48, 7847]	[17825, 344, 22847],delete:
need:	[8759, 48, 5685],delete:
need:	[1657, 80, 1687]	[16657, 384, 16687],delete:
need:	[677, 71, 677]	[15677, 338, 23740],delete:
need:,delete:
need:	[29009, 267, 20760]	[20760, 368, 29009],delete:
need:	[21961, 402, 22529]	[6961, 151, 9107],delete:
need:	[794, 156, 3353]	[15794, 303, 18353],delete:
need:	[6298, 49, 3845]	[21298, 351, 18845],delete:
need:	[5942, 4, 1900],delete:
need:	[3800, 205, 4096]	[18800, 284, 24618],delete:
need:	[377, 226, 4651]	[15377, 409, 26417],delete:
need:	[6000, 61, 6241]	[21000, 344, 21241],delete:
need:	[3456, 75, 7823]	[18456, 259, 20849],delete:
need:	[25367, 402, 19916]	[25367, 321, 16269],delete:
need:	[9859, 226, 5547]	[9859, 48, 6606],delete:
need:	[7098, 48, 8346]	[22098, 364, 23346],delete:
need:	[16988, 248, 17268]	[16988, 317, 17268],delete:
need:	[7749, 225, 10810]	[22749, 416, 22704],delete:
need:	[14745, 151, 8094]	[29745, 368, 23094],delete:
need:	[19172, 250, 20312]	[4172, 226, 6667],delete:
need:	[23440, 259, 20849]	[23440, 330, 24858],delete:
need:	[17469, 284, 15358]	[15989, 284, 15358],delete:
need:	[10032, 4, 1258]	[25032, 296, 16258],delete:
need:	[3489, 4, 13151]	[18489, 296, 28151],delete:
need:	[20933, 416, 22577]	[14874, 51, 7577],delete:
need:	[2983, 4, 11460]	[17983, 409, 26417],delete:
need:	[4219, 145, 10410],delete:
need:,delete:
need:	[7990, 160, 11440],delete:
need:	[7016, 20, 3963]	[22016, 321, 18963],delete:
need:	[1680, 81, 13438]	[2082, 225, 1680],delete:
need:	[7998, 226, 5253]	[22998, 414, 21214],delete:
need:	[8073, 226, 1453],delete:
need:	[14094, 195, 572],delete:
need:	[9134, 51, 13684]	[22459, 368, 24134],delete:
need:,delete:
need:	[18689, 381, 19953]	[18689, 381, 16690],delete:
need:	[1360, 4, 4971]	[16360, 296, 19971],delete:
need:	[7830, 195, 9838]	[22830, 318, 24838],delete:
need:	[22479, 311, 24216],delete:
need:	[910, 226, 6619],delete:
need:	[1584, 226, 4894]	[1584, 226, 827],delete:
need:	[431, 226, 6082]	[15431, 259, 20849],delete:
need:	[17316, 414, 24177]	[22086, 414, 24177],delete:
need:	[17566, 330, 15790]	[17566, 414, 28381],delete:
need:	[807, 75, 5838]	[15807, 386, 16260],delete:
need:	[6013, 226, 9827]	[21013, 336, 25943],delete:
need:	[10407, 4, 12973]	[25407, 250, 20312],delete:
need:	[9072, 156, 3192]	[20639, 303, 18192],delete:
need:	[1170, 225, 2960]	[17960, 364, 21255],delete:
need:	[7659, 226, 8522]	[28236, 414, 23522],delete:
need:	[2373, 226, 8577]	[771, 226, 8577],delete:
need:	[10440, 75, 13300]	[25440, 414, 25965],delete:
need:	[2738, 48, 5537]	[17738, 267, 15466],delete:
need:	[1535, 33, 9265]	[16535, 290, 28386],delete:
need:	[10205, 61, 14792]	[25205, 344, 29792],delete:
need:	[3644, 49, 3843]	[18644, 410, 18843],delete:
need:	[1672, 103, 6341]	[28241, 369, 21341],delete:
need:	[8630, 205, 13131]	[23630, 284, 28131],delete:
need:	[9533, 159, 14261],delete:
need:,delete:
need:	[11474, 226, 4228]	[19228, 351, 15816],delete:
need:	[3921, 4, 13704]	[18921, 414, 23161],delete:
need:	[10433, 226, 7886]	[25433, 414, 22886],delete:
need:	[339, 49, 3432]	[15339, 351, 28816],delete:
need:	[21072, 259, 20849]	[6072, 205, 8251],delete:
need:,delete:
need:,delete:
need:	[4979, 226, 2834]	[19979, 414, 17834],delete:
need:	[9494, 33, 4586]	[24494, 290, 29326],delete:
need:	[2859, 234, 10056]	[17248, 265, 25056],delete:
need:	[228, 226, 12870]	[15228, 414, 27870],delete:
need:	[19387, 284, 15730],delete:
need:	[24089, 414, 20067]	[9089, 159, 3296],delete:
need:	[19833, 386, 16260]	[4833, 145, 1083],delete:
need:	[4746, 226, 1453]	[19746, 414, 16453],delete:
need:	[7583, 226, 2605]	[22583, 414, 17605],delete:
need:	[5377, 145, 11810],delete:
need:	[2080, 4, 9301]	[2080, 226, 4874],delete:
need:	[26727, 410, 23512],delete:
need:	[11066, 226, 6477]	[257, 226, 6477],delete:
need:	[10022, 169, 9557]	[25022, 411, 24557],delete:
need:,delete:
need:	[2463, 75, 13300]	[17463, 284, 17139],delete:
need:	[13804, 225, 6695]	[28804, 267, 21695],delete:
need:	[20887, 384, 19129]	[5887, 106, 13073],delete:
need:	[3647, 20, 9407]	[18647, 321, 24407],delete:
need:	[5445, 49, 13053]	[20445, 271, 23529],delete:
need:	[10395, 226, 13381]	[25395, 414, 23774],delete:
need:	[7169, 75, 12531]	[7169, 226, 1639],delete:
need:	[21006, 284, 22157],delete:
need:	[29619, 368, 17241]	[2241, 205, 4470],delete:
need:	[6719, 53, 6136]	[21719, 250, 21136],delete:
need:	[7966, 226, 942]	[7966, 226, 4308],delete:
need:	[14331, 159, 4448]	[29331, 330, 19448],delete:
need:	[10049, 160, 894]	[6092, 160, 894],delete:
need:	[28267, 414, 16522]	[15527, 414, 16522],delete:
need:	[22234, 321, 25459]	[20197, 267, 22234],delete:
need:	[6088, 159, 9097]	[21088, 414, 27846],delete:
need:	[19343, 284, 22752]	[2253, 205, 7752],delete:
need:	[21742, 290, 17496]	[6742, 190, 1855],delete:
need:	[5050, 160, 14201]	[5050, 190, 781],delete:
need:	[3829, 225, 37]	[18829, 267, 15037],delete:
need:	[16797, 271, 16717]	[16717, 338, 23740],delete:
need:	[29847, 284, 23443],delete:
need:	[17755, 414, 24839],delete:
need:	[12581, 151, 8160]	[27581, 368, 23160],delete:
need:	[22235, 336, 22083]	[22235, 414, 25762],delete:
need:	[1077, 226, 1143]	[16077, 414, 16143],delete:
need:	[7914, 125, 10608]	[7914, 29, 3904],delete:
need:	[115, 75, 9341]	[15115, 311, 24341],delete:
need:	[4155, 226, 6816]	[4155, 226, 5617],delete:
need:	[1033, 205, 4470]	[16033, 414, 29896],delete:
need:	[19864, 290, 24686]	[5317, 33, 9686],delete:
need:	[7759, 226, 11192]	[7759, 145, 13848],delete:
need:	[2448, 226, 2910]	[17448, 414, 17910],delete:
need:	[9302, 89, 5642]	[8263, 41, 5642],delete:
need:	[76, 48, 14636]	[15076, 344, 29636],delete:
need:	[17768, 267, 19416]	[19416, 321, 23784],delete:
need:	[2842, 159, 6443]	[29019, 414, 21443],delete:
need:	[23312, 259, 20849]	[8312, 205, 7226],delete:
need:	[4625, 226, 4766]	[19625, 414, 20585],delete:
need:	[7368, 48, 5127]	[22368, 344, 25693],delete:
need:	[8364, 226, 10315],delete:
need:	[3281, 200, 811],delete:
need:	[4180, 160, 11762]	[19180, 351, 26762],delete:
need:	[398, 145, 1556]	[15398, 330, 16556],delete:
need:	[4602, 48, 7923],delete:
need:	[7839, 48, 13914]	[22839, 414, 28914],delete:
need:	[11802, 145, 3736]	[4638, 145, 3736],delete:
need:	[6755, 159, 5138]	[28666, 330, 20138],delete:
need:	[9732, 225, 1763]	[24732, 267, 16763],delete:
need:	[3844, 226, 745]	[18844, 414, 15745],delete:
need:	[7711, 226, 5253]	[22711, 414, 20253],delete:
need:	[17774, 414, 21456]	[2774, 159, 14261],delete:
need:	[1894, 226, 14054]	[16894, 414, 24121],delete:
need:	[1204, 160, 11362]	[16204, 290, 28954],delete:
need:	[19455, 414, 21355]	[16069, 414, 21355],delete:
need:	[19624, 368, 19300]	[19300, 344, 22570],delete:
need:	[5047, 159, 13608]	[20047, 259, 20849],delete:
need:	[21755, 416, 19598]	[6755, 51, 4598],delete:
need:	[4565, 189, 11454]	[19565, 344, 26454],delete:
need:	[1201, 4, 11393]	[16201, 296, 26393],delete:
need:	[15476, 344, 17955]	[16915, 267, 15476],delete:
need:	[2211, 51, 7125]	[17211, 250, 20973],delete:
need:	[8541, 145, 4506]	[23541, 344, 17712],delete:
need:	[2882, 151, 3487]	[17882, 368, 18487],delete:
need:	[364, 71, 975]	[15364, 414, 28732],delete:
need:	[9378, 160, 13311],delete:
need:	[9469, 169, 5246]	[9469, 4, 2968],delete:
need:	[20455, 381, 24068]	[5455, 205, 13725],delete:
need:	[19296, 344, 23988]	[4296, 20, 5411],delete:
need:	[7468, 4, 12498]	[7468, 169, 2380],delete:
need:	[2552, 23, 5486]	[19655, 259, 20486],delete:
need:	[23468, 271, 16260]	[7975, 4, 8468],delete:
need:	[211, 226, 8316]	[15211, 414, 23316],delete:
need:	[4680, 159, 7502]	[19680, 330, 22502],delete:
need:	[3888, 151, 12629]	[27629, 267, 18888],delete:
need:	[9570, 145, 13665]	[9570, 226, 1826],delete:
need:	[2972, 226, 10787]	[17972, 414, 25787],delete:
need:	[8511, 226, 6130]	[23511, 414, 27678],delete:
need:	[2659, 49, 13816]	[17659, 410, 28816],delete:
need:	[5866, 189, 13879]	[20866, 344, 28879],delete:
need:	[14161, 159, 3404]	[13254, 159, 3404],delete:
need:	[18788, 368, 24173]	[24173, 344, 24991],delete:
need:	[14211, 20, 7538]	[18700, 321, 22538],delete:
need:	[2457, 48, 11994]	[17457, 330, 26994],delete:
need:	[5900, 33, 4847]	[20900, 290, 28386],delete:
need:	[7995, 78, 8186]	[22995, 344, 23186],delete:
need:	[9763, 160, 2476]	[24763, 271, 16260],delete:
need:	[20651, 330, 16083]	[16083, 265, 29500],delete:
need:	[18948, 414, 23649]	[17456, 414, 23649],delete:
need:	[16494, 397, 19709],delete:
need:	[18025, 414, 24222],delete:
need:	[7794, 46, 9322]	[22794, 362, 24322],delete:
need:	[7983, 75, 14480]	[22983, 311, 29480],delete:
need:	[8502, 226, 6918]	[23502, 414, 21918],delete:
need:	[4461, 151, 3833]	[18833, 344, 29530],delete:
need:	[11643, 226, 7832],delete:
need:	[5787, 205, 10131]	[5787, 145, 1403],delete:
need:	[18825, 304, 28300]	[3825, 75, 13300],delete:
need:	[19674, 296, 16258],delete:
need:	[9857, 33, 2572]	[24857, 351, 21920],delete:
need:	[3741, 226, 1601]	[18741, 414, 16601],delete:
need:	[5190, 225, 7444]	[22444, 368, 20190],delete:
need:	[1526, 20, 6848]	[3575, 20, 6848],delete:
need:	[28216, 368, 16016]	[13216, 151, 1016],delete:
need:	[6740, 159, 9980]	[6740, 205, 10131],delete:
need:	[1240, 226, 2142],delete:
need:	[18661, 414, 24762]	[3661, 226, 6113],delete:
need:	[14267, 145, 2723]	[10614, 145, 2723],delete:
need:	[9687, 78, 10851]	[29978, 267, 24687],delete:
need:	[9714, 23, 5665]	[24714, 259, 20665],delete:
need:	[7305, 226, 7682],delete:
need:	[9039, 75, 9232]	[9039, 205, 6842],delete:
need:	[985, 226, 4874]	[15985, 414, 26977],delete:
need:	[22910, 416, 20874]	[7910, 51, 5874],delete:
need:	[7049, 125, 9161]	[22049, 409, 24161],delete:
need:	[3984, 51, 4598],delete:
need:	[2567, 226, 2536]	[17567, 414, 17536],delete:
need:	[3356, 33, 6164]	[18356, 290, 28247],delete:
need:	[3575, 20, 6848]	[18575, 321, 21848],delete:
need:	[4142, 226, 4671]	[17020, 414, 19671],delete:
need:	[6024, 226, 12447]	[21024, 414, 18057],delete:
need:	[8771, 160, 8529]	[14491, 226, 8771],delete:
need:	[628, 145, 3296]	[15628, 364, 18296],delete:
need:	[20112, 368, 15531]	[5112, 145, 13484],delete:
need:	[21424, 381, 22050]	[14086, 48, 7050],delete:
need:	[3008, 226, 14025]	[18008, 414, 29025],delete:
need:	[1117, 49, 3432]	[1117, 160, 3432],delete:
need:,delete:
need:	[36, 48, 2087]	[15036, 344, 16815],delete:
need:	[8531, 226, 11187]	[23531, 414, 26187],delete:
need:	[9808, 226, 14985]	[24808, 414, 15089],delete:
need:	[7786, 205, 10110]	[22786, 284, 25110],delete:
need:	[28990, 344, 17028]	[2028, 113, 5835],delete:
need:	[9308, 159, 4505]	[9308, 48, 4505],delete:
need:	[1779, 205, 13725]	[16779, 304, 17576],delete:
need:	[20717, 414, 16886]	[20717, 414, 22491],delete:
need:	[5929, 98, 5911]	[14499, 98, 5911],delete:
need:	[15241, 381, 15079],delete:
need:	[18015, 330, 22475]	[3015, 205, 9644],delete:
need:	[23860, 284, 26129]	[23860, 296, 23662],delete:
need:	[2323, 156, 6559]	[17323, 303, 21559],delete:
need:	[25483, 414, 23991]	[25270, 414, 23991],delete:
need:	[1261, 141, 10399]	[16261, 402, 27016],delete:
need:	[279, 116, 359]	[279, 159, 4540],delete:
need:	[9065, 169, 4139]	[24065, 409, 26417],delete:
need:	[11447, 169, 5437]	[16674, 411, 20437],delete:
need:	[4494, 33, 5923]	[19494, 290, 24775],delete:
need:	[6861, 169, 6637]	[21861, 330, 26692],delete:
need:	[6818, 139, 1943]	[21818, 397, 16943],delete:
need:	[20265, 284, 21111],delete:
need:	[17919, 296, 23556]	[9994, 4, 8556],delete:
need:	[6571, 48, 2471]	[21571, 364, 17471],delete:
need:	[7060, 226, 1054]	[22060, 414, 16054],delete:
need:	[10378, 20, 13134]	[2649, 78, 10378],delete:
need:	[15133, 414, 24827]	[133, 200, 9827],delete:
need:	[7571, 61, 795]	[22571, 267, 17409],delete:
need:	[8052, 226, 13381]	[23052, 414, 29757],delete:
need:	[24854, 364, 16219]	[7782, 159, 1219],delete:
need:	[9663, 222, 4162]	[24663, 416, 22125],delete:
need:	[10065, 145, 5694]	[25065, 296, 15475],delete:
need:	[6289, 157, 1459]	[21289, 281, 16459],delete:
need:	[2479, 226, 10840]	[17479, 414, 25840],delete:
need:	[15973, 330, 27047]	[973, 159, 12047],delete:
need:	[5359, 145, 5531]	[20359, 344, 20531],delete:
need:	[8744, 49, 14407]	[23744, 410, 29407],delete:
need:	[8244, 160, 7942]	[23244, 351, 22942],delete:
need:,delete:
need:	[8412, 77, 12863]	[23412, 378, 27863],delete:
need:	[12294, 49, 5738]	[27294, 410, 20738],delete:
need:	[4391, 20, 850]	[1187, 225, 4391],delete:
need:	[1924, 194, 2943],delete:
need:	[23458, 259, 20849]	[23458, 414, 21131],delete:
need:	[2247, 226, 9751]	[2247, 226, 6214],delete:
need:	[9726, 226, 8673],delete:
need:	[14711, 225, 2397]	[17397, 344, 18159],delete:
need:	[22528, 381, 28217]	[22528, 296, 16839],delete:
need:	[19493, 414, 25437]	[19493, 414, 25617],delete:
need:	[1038, 205, 11835]	[16038, 284, 26835],delete:
need:	[6205, 145, 1449]	[21205, 344, 16449],delete:
need:	[23703, 271, 16260]	[8703, 29, 1260],delete:
need:	[23616, 397, 18674]	[8616, 139, 3674],delete:
need:	[11549, 20, 1476],delete:
need:	[16118, 259, 21296]	[1473, 17, 6296],delete:
need:	[29218, 344, 22201],delete:
need:	[27117, 344, 22197],delete:
need:	[3700, 20, 7538]	[18700, 321, 22538],delete:
need:	[1720, 219, 13474]	[16720, 358, 28474],delete:
need:	[13475, 145, 8386],delete:
need:	[9060, 225, 14415]	[24060, 267, 29415],delete:
need:	[5091, 4, 8703]	[20091, 386, 16260],delete:
need:	[9242, 226, 5907]	[24242, 313, 18432],delete:
need:	[6934, 4, 13741]	[21934, 296, 28741],delete:
need:	[8878, 160, 9205]	[23878, 384, 17752],delete:
need:	[2810, 189, 7878]	[17810, 321, 26712],delete:
need:	[10276, 61, 14081]	[10276, 225, 4070],delete:
need:	[2601, 169, 9945]	[17601, 414, 19031],delete:
