19637	302	28742
4637	17	13742
19637	259	18933
6880	226	3763
6880	226	8629
21880	414	18763
6880	226	12245
21880	364	23314
15672	321	27650
672	20	12650
15672	321	22033
672	20	7033
21994	250	28574
21994	336	23676
6994	53	13574
6994	15	8676
21994	386	16260
21412	414	28328
21412	259	20849
6412	226	13328
15933	410	16620
933	49	1620
18685	416	20578
3685	51	5578
1166	205	1286
16166	414	29188
16166	284	16286
1166	226	14188
16166	414	22958
5890	226	11977
20890	259	20849
20890	414	26977
20890	414	19840
5890	226	4840
15151	381	15085
151	159	85
8931	145	85
11310	159	85
151	48	85
17411	414	15487
13022	226	487
25269	414	15487
22526	344	15487
28022	414	15487
13940	160	5207
28940	351	20207
22920	410	20207
7920	49	5207
22216	351	20207
16148	311	27289
1148	75	12289
16148	259	20849
1148	75	9485
16148	414	16270
4998	20	11824
4998	78	13077
4998	225	5647
19998	267	20647
19998	344	28077
14352	34	4661
29352	368	19661
19661	267	29352
29352	394	19661
19661	268	29352
14672	151	290
15290	267	29672
29672	368	15290
290	225	14672
23827	414	17467
23827	259	20849
23827	414	16123
8827	226	2467
23827	409	26417
17755	364	18108
17755	414	18108
2755	145	3108
17755	323	15360
17755	250	20312
8582	48	2859
8582	226	887
23582	330	17859
8582	159	2859
23582	414	17859
10688	51	301
3494	51	301
11601	51	301
3542	51	301
8701	51	301
6258	145	14347
6258	145	13665
21258	304	28665
21258	296	25418
21258	259	20849
482	154	6274
15482	269	22072
15482	284	21274
482	168	7072
12474	49	7942
14094	160	7942
14964	160	7942
10629	160	7942
16785	345	22942
7810	51	12120
22810	416	27120
22810	381	22475
7810	48	7475
8029	226	4844
23029	414	19844
8029	205	6150
23029	259	20849
23029	284	21150
5060	99	14738
20060	356	29184
5060	36	14622
20060	384	20099
5060	126	10044
24325	344	25398
9325	20	94
24325	321	15094
9325	61	10398
9325	78	10398
7413	125	11417
7413	145	1483
7413	159	1483
7413	4	517
22413	330	16483
5290	4	2632
20290	284	25008
5290	205	10008
5290	145	1284
5290	159	1284
8190	78	4135
8190	61	4135
23190	386	20618
23190	344	19135
8190	48	1708
26713	364	22051
12371	145	7051
2420	145	7051
23478	364	22051
17555	364	22051
25021	351	26762
10021	160	11762
25021	271	16260
10021	190	11091
17325	303	28139
2325	156	13139
17325	250	18819
15914	308	16296
15914	308	27347
15914	308	27044
15914	336	19757
11867	51	914
8947	205	946
23947	284	15946
23947	381	22456
23947	409	26417
23947	381	27718
19806	410	21158
14555	145	4806
4806	49	6158
29555	364	19806
16606	414	19806
6506	226	6929
18828	414	21929
29629	414	21929
13672	226	6929
29151	414	21929
15271	259	20849
271	226	13334
271	205	7752
15271	414	19221
15271	414	28334
7007	160	9652
22007	410	24652
7007	49	9652
22007	351	24652
22007	248	18792
3073	160	4211
3073	33	11980
18073	351	19211
18073	290	27515
3073	33	7110
24953	303	26435
9953	151	4062
9953	222	3227
9953	156	11435
19062	267	24953
716	205	10110
15716	284	25110
15716	259	20849
3967	226	7958
18967	259	20849
18967	414	22958
848	145	14732
15848	330	18605
15848	364	29732
15848	386	21501
15848	381	18605
24250	259	20849
9250	226	7816
24250	414	27439
9250	226	9121
24250	414	22816
3675	205	13275
18675	414	15181
18675	284	28275
18675	414	27754
3675	226	181
2599	48	4844
17599	381	19844
29759	414	19844
28022	381	19844
5821	226	4844
7313	151	13487
7313	20	14241
28487	267	22313
22313	344	26390
22313	321	29241
7760	226	14217
22760	414	29217
22760	259	20849
7760	205	10179
7760	226	5253
6735	48	12718
6735	4	1839
21735	330	27718
21735	330	22456
6735	159	12718
527	226	1522
15527	336	21856
527	193	6856
15527	414	16522
527	226	9810
23743	414	27797
8743	226	12797
23743	259	20849
8743	75	12531
23743	386	16260
18686	344	29357
25212	368	18686
3686	78	14357
3686	48	14357
3686	145	14357
6612	159	5774
21612	330	20774
21612	259	20849
21612	414	23659
6612	226	8659
4759	75	2535
4759	145	3362
4759	226	11164
19759	414	26164
19759	364	18362
2767	33	1235
17767	290	16235
17767	290	17002
17767	290	18757
2767	33	2002
12659	225	5834
20834	368	27659
5834	151	12659
20834	344	22847
5834	78	7847
24030	344	28785
20882	368	24030
9030	225	5882
9030	48	13785
9030	145	13785
6239	205	946
21239	364	28665
6239	48	2859
21239	381	17859
6239	145	13665
18564	364	19510
3564	226	4510
18564	414	19510
18564	414	19750
3564	226	4750
8984	226	5907
23984	364	23936
8984	75	12531
8984	205	13271
23984	284	28271
6455	225	7644
21455	381	24106
21455	267	22644
7644	151	6455
22644	368	21455
24933	410	29264
9933	40	14264
9933	49	14264
24681	416	29110
9681	51	14110
9681	159	8681
24681	330	23681
22445	284	24800
22445	414	22886
7445	226	8608
7445	226	6439
22445	414	23608
4393	226	827
4393	226	14662
19393	259	20849
4393	48	3038
4393	205	3038
13004	226	7097
25192	306	22097
22097	356	29184
3340	226	7097
3097	58	7097
6843	159	7502
21843	414	22875
6843	226	7875
21843	414	15811
6843	226	811
2058	145	4373
17058	414	20936
17058	414	28099
2058	226	13099
17058	330	19373
20360	259	20849
20360	414	22886
20360	414	27722
5360	226	7886
5360	226	12722
22842	402	25800
7842	91	10800
7842	116	1600
7842	84	12729
22842	284	27729
14300	49	9652
22007	410	24652
22007	351	24652
29300	410	24652
7007	49	9652
24853	414	24776
9853	226	9776
24853	259	20849
24853	414	15382
9853	226	382
5683	41	2292
20683	248	21365
20683	384	22848
20683	248	17292
5683	16	7848
17264	414	19750
2264	226	11059
17264	414	26059
2264	226	4750
17264	259	20849
7208	226	289
29263	414	15289
23333	414	15289
23057	414	15289
4848	226	289
21640	381	29727
21640	364	29727
6640	48	14727
6640	145	14727
21640	259	20849
3928	226	2467
18928	364	26385
18928	409	26417
18928	414	17467
18928	259	20849
13497	160	5667
4510	160	5667
19510	351	20667
28497	351	20667
12133	160	5667
29182	411	15415
14182	169	415
21907	411	15415
6907	169	415
15415	265	25056
8178	205	11534
23178	259	20849
8178	226	5803
23178	284	26534
8178	226	6113
1832	226	7451
22451	271	21501
15390	414	22451
29038	414	22451
14038	226	7451
25379	381	27897
10379	226	14386
25379	414	29386
10379	48	12897
25379	259	20849
22281	344	28702
22281	344	28975
22281	321	21537
22281	344	18162
22281	344	17087
14559	226	6596
1870	226	6596
12758	226	6596
16870	414	21596
26738	414	21596
4694	144	6559
7755	156	6559
2323	156	6559
13874	156	6559
21804	303	21559
21425	414	18431
18410	414	18431
21673	414	18431
4092	226	3431
25006	414	18431
20532	351	20345
5532	160	5345
20532	279	19102
20532	384	20099
20532	384	17752
8959	226	4056
23959	296	22373
23959	414	19056
23959	284	25110
8959	205	10110
22930	351	22012
7930	160	7012
22930	346	17848
7930	128	2848
22930	271	16260
25498	321	22071
14308	225	10498
29308	267	25498
10498	141	10149
10498	20	7071
141	4	1411
141	145	4253
15141	296	16411
141	169	2036
141	226	12047
4312	145	10410
4312	75	13300
19312	259	20849
19312	330	25410
4312	159	10410
4792	49	1532
4792	41	7223
19792	410	16532
19792	351	22172
19792	248	22223
23917	330	23528
8917	205	9618
8917	48	12889
23917	330	15362
23917	284	24618
14336	160	5875
6098	160	5875
27812	410	20875
21098	351	20875
29336	351	20875
1864	226	1054
16864	414	16054
1864	159	10589
16864	330	25589
16864	381	25589
9445	145	12927
24445	364	27927
24445	259	20849
24445	311	25571
24445	386	16260
9456	226	5709
24456	381	26692
24456	259	20849
9456	48	11692
9456	159	11692
19798	344	15062
4798	78	62
7298	225	4798
19798	368	22298
4798	48	62
6196	4	2595
6196	75	13300
21196	296	17595
6196	205	6150
21196	259	20849
15980	303	21660
980	156	6660
3330	144	6660
6660	1	8484
3330	156	6660
16039	414	18957
1039	4	8650
16039	259	20849
1039	226	3957
16039	296	23650
3300	53	5350
22594	250	20350
14562	42	5350
24458	250	20350
29562	250	20350
3656	169	6118
24847	411	21118
26433	411	21118
12857	169	6118
29635	411	21118
17437	410	29274
2437	160	14274
2437	49	14274
17437	351	29274
2950	78	10173
17950	321	27380
17950	344	25173
2950	20	12380
2950	61	10173
6632	226	5253
21632	414	16186
21632	414	23884
21632	259	20849
6632	226	8884
5440	53	13347
20440	250	28347
5440	53	12734
16982	290	17496
1982	33	2496
16982	290	18674
1982	33	3674
29228	336	17944
14228	98	2944
14228	193	2944
29228	319	17944
2944	24	9205
134	43	13917
25900	368	15134
15134	275	28917
28917	287	15134
15134	368	24383
3628	205	1286
18628	284	16286
3628	145	10870
18628	364	25870
18628	259	20849
20637	381	23389
5637	226	13631
20637	414	28631
5637	200	6259
5637	48	8389
20986	414	29706
5986	226	14706
20986	259	20849
16648	352	28262
1648	103	13262
18209	293	27643
27643	301	18209
3209	172	12643
22846	344	28575
7846	78	13575
7846	61	13575
22846	344	28975
7846	48	13975
9251	4	3263
24251	414	22366
24251	296	18263
9251	205	4096
9251	226	7366
29861	364	19438
29265	319	19438
14861	145	4438
14265	98	4438
11017	159	4438
8222	168	13085
23222	294	24917
23222	269	28085
8222	144	9917
1889	53	10982
1889	53	1499
16889	250	25982
16889	311	23704
1889	75	3805
26925	296	20702
20820	296	20702
11925	4	5702
20702	351	28053
8053	4	5702
8831	226	6126
23149	344	21126
28594	414	21126
25622	414	21126
9608	226	6126
27984	295	24288
24288	375	27984
12984	181	9288
521	61	9288
12984	113	9288
16902	362	20283
12316	46	5283
2215	46	5283
19626	362	20283
4626	46	5283
21784	271	18718
21784	346	17848
21784	351	18718
6784	128	2848
6784	160	3718
29724	397	16998
10821	139	1998
21528	290	16998
19822	290	16998
6539	33	1998
16893	414	17351
25283	344	17351
18867	414	17351
10283	61	2351
28006	344	17351
2604	48	14802
17604	259	20849
17604	284	28275
2604	4	9665
17604	414	26757
9359	226	9555
24359	284	28536
24359	414	24555
9359	205	13536
24359	259	20849
18867	414	17351
18867	414	24839
3867	226	2351
3867	226	9839
18867	259	20849
23968	296	28704
23968	330	23546
8968	4	13704
8968	159	8546
8968	205	5069
22708	414	25588
7708	145	10588
22708	414	24121
7708	205	10179
7708	226	10588
28364	364	23369
345	145	8369
26985	364	23369
11270	145	8369
12750	145	8369
6438	205	3053
21438	296	26460
21438	330	24932
6438	159	9932
6438	125	11417
7964	205	8488
22964	414	15904
22964	284	23488
22964	259	20849
7964	226	904
6307	189	5026
21307	321	25666
6307	20	10666
21307	344	20026
6307	145	10661
29454	410	18845
13012	160	3845
6718	49	3845
21835	342	18845
5786	49	3845
5432	160	11814
20432	351	26814
5432	16	6167
20432	384	17777
18796	351	15846
18796	271	15886
3796	160	846
3796	160	886
21103	414	27678
21103	296	27906
21103	414	20547
6103	4	12906
6103	226	5547
9112	226	13910
24112	414	28910
24112	323	17011
9112	226	9839
24112	364	17354
22929	284	24459
7929	205	9459
22929	259	20849
24575	284	19030
9575	226	7589
24575	296	23833
9575	205	4030
24575	414	22589
29829	344	23698
409	78	8698
18023	344	23698
15409	344	23698
8932	113	8698
22126	318	22728
7126	195	7728
22126	343	21788
7126	195	11707
7126	115	6788
16835	364	19323
1835	145	4323
16835	259	20849
16835	250	19593
21714	259	20849
6714	226	14217
21714	414	28256
21714	414	29217
6714	226	13256
19107	284	18624
4107	205	3624
4107	226	13252
19107	414	28252
19107	414	15427
24016	290	15950
9016	33	950
9016	33	6164
17436	351	23989
2436	160	8989
16941	259	20849
1941	226	6214
1941	226	4019
16941	414	21214
16941	414	19019
10442	75	12531
25442	311	27531
25442	259	20849
25442	414	17672
10442	226	2672
16999	344	27866
1999	61	12866
1999	78	12866
18486	397	15425
3486	33	4568
18486	290	16803
18486	351	19211
3486	139	425
7086	205	8443
22086	259	20849
22086	414	24177
22086	414	21113
22086	284	23443
22067	414	22847
18653	344	22847
28130	344	22847
2825	61	7847
15356	344	22847
23127	343	25341
23127	362	26734
8127	115	10341
8127	46	11734
23127	384	20099
18359	414	29633
3359	226	14633
3359	4	2349
18359	296	17349
18359	284	28131
1784	159	10470
16784	414	25470
16784	330	25470
1784	226	10470
19059	284	23251
19059	296	28519
4059	4	13519
4059	145	3030
4059	226	10185
4313	205	4004
19313	259	20849
19313	284	19004
4313	226	5530
19313	414	20530
20250	321	28740
5250	20	13740
5250	151	13041
28041	267	20250
13041	225	5250
19570	414	25236
19570	259	20849
4570	226	10236
20225	321	24449
2243	20	9449
27315	321	24449
18414	321	24449
17243	321	24449
15541	414	22589
541	48	8083
15541	259	20849
15541	381	23083
15541	414	21250
12536	225	5732
20732	368	27536
27536	267	20732
5732	151	12536
18582	330	28882
3582	48	13882
3582	159	13882
18582	259	20849
3582	226	9177
17427	318	18315
21825	318	18315
27848	318	18315
26650	318	18315
14820	195	3315
14122	190	5247
20247	386	21501
29122	290	20247
7488	33	5247
22488	290	20247
7604	4	4165
7604	48	339
7604	205	10858
22604	381	15339
22604	284	25858
4184	160	6501
3416	169	4184
6497	159	4184
3416	48	4184
4184	85	6501
14458	4	1408
29458	296	16408
23064	296	16408
16893	296	16408
15268	296	16408
7510	145	2304
7510	75	9216
22510	311	24216
22510	414	17304
7510	48	2304
20191	259	20849
20191	414	23886
5191	226	5033
5191	226	8886
20191	414	20033
266	226	13319
15266	336	25943
266	62	11992
15266	377	26992
266	15	10943
11095	159	7150
11095	145	7150
1011	159	7150
39	145	7150
16011	364	22150
22635	414	28381
7635	226	14757
22635	414	29757
7635	226	13381
22635	414	17520
2586	145	14277
17586	267	19768
19768	368	17586
4768	151	2586
2586	225	4768
9907	226	11942
24907	414	26942
24907	386	20618
24907	259	20849
9907	75	9232
29438	414	18442
5433	226	3442
24463	414	18442
22221	414	18442
9463	226	3442
16373	414	29697
16373	259	20849
16373	414	17536
1373	226	14697
1373	226	2536
17498	414	24410
17498	414	26271
2498	226	11271
2498	226	9410
17498	259	20849
22265	321	24841
7265	20	9841
20965	296	29743
5965	4	14743
20965	414	16729
5965	205	4470
20965	364	25870
5820	75	13300
5820	226	14534
20820	296	20702
20820	414	29534
5820	4	5702
25421	296	21226
10421	4	6226
10421	226	9108
25421	259	20849
25421	414	24108
24061	414	16729
24061	311	25943
9061	75	10943
9061	226	11405
9061	226	1729
9224	48	2859
24224	364	17827
9224	169	9307
9224	205	8279
9224	145	2827
7287	25	2687
22287	251	17687
8016	25	2687
20392	319	17687
16366	364	17687
17566	330	15790
18521	330	15790
14789	159	790
29789	330	15790
2566	159	790
24622	293	15281
9622	172	281
19240	344	17514
28754	344	17514
13754	78	2514
13754	61	2514
4240	189	2514
4328	145	13665
19328	284	15946
19328	259	20849
19328	364	28665
19328	381	27718
18064	259	20849
18064	414	16241
3064	226	1241
10174	226	6421
25174	414	28425
25174	250	20312
25174	414	21421
10174	205	1286
8017	103	380
23017	293	15380
8017	188	380
23017	281	15380
23017	363	15380
22333	414	15662
22333	284	18328
7333	226	662
7333	205	3328
22333	259	20849
16030	369	16260
1030	29	1260
8435	49	1030
23435	410	16030
8558	241	12494
23558	358	27494
20689	414	19766
20689	259	20849
5689	226	4766
24059	296	24562
9059	4	9562
24059	259	20849
24059	284	25008
24059	409	18482
24143	321	16269
24143	344	27815
9143	20	1269
9143	78	12815
9143	61	12815
1421	222	3227
16643	416	18227
16421	416	18227
27136	341	18227
4062	51	3227
22913	311	29236
7913	75	14236
22913	259	20849
15277	364	16054
21919	381	16054
19977	414	16054
14731	226	1054
18281	414	16054
13902	205	7419
28437	284	22419
14698	205	7419
29762	284	22419
3793	205	7419
18273	344	23427
3273	61	8427
28464	344	23427
16227	344	23427
1227	61	8427
26717	414	19916
10355	181	4916
19916	295	27815
4916	20	2344
467	48	4916
28193	311	17401
11458	75	2401
26458	311	17401
15853	311	17401
7975	75	2401
2801	226	9903
14032	226	9903
29032	414	24903
869	226	9903
1582	226	9903
17703	284	26317
17703	414	18438
2703	226	3438
17703	364	28995
17703	259	20849
3958	205	2462
5413	205	2462
18958	284	17462
23189	284	17462
7085	205	2462
1381	4	1411
16381	296	16411
16381	284	22157
16381	259	20849
1381	205	7157
3484	75	13300
18484	364	16576
18484	311	28300
18484	259	20849
3484	145	1576
23392	248	22401
8392	41	1459
8392	41	7401
23392	248	16459
24138	411	17569
16071	411	17569
15321	411	17569
12916	169	2569
24795	411	17569
10337	15	7083
10337	159	1826
25337	330	15898
25337	336	22083
10337	159	898
2314	145	2298
17314	364	17298
23835	364	17298
4744	145	2298
8835	145	2298
18412	259	20849
3412	48	961
18412	330	25267
18412	364	25267
18412	414	28124
19023	296	27803
4023	4	12803
4023	169	12365
19023	259	20849
19799	410	15894
4799	49	894
4892	4	6651
4892	159	6651
19892	330	21651
4892	205	13131
19892	296	21651
23481	296	18263
8481	205	1065
8481	226	9999
23481	284	16065
8481	4	3263
6138	160	4038
10578	160	4038
9645	160	4038
21138	351	19038
4005	160	4038
606	20	5017
606	20	9841
15606	321	24841
668	78	606
15668	344	15606
18692	397	17496
3692	139	2496
29391	351	21704
14391	160	6704
267	160	6704
15267	351	21704
21069	344	28047
6069	61	13047
6069	78	13047
25089	351	29407
10089	160	14407
10089	41	9334
25089	248	24334
25089	384	20099
14080	226	6811
29080	414	21811
13972	226	6811
28972	414	21811
15867	414	21811
7093	139	864
22093	290	29083
22093	290	15864
22093	290	19568
7093	33	8254
17775	414	21048
17775	284	28271
2775	226	10035
2775	226	11302
2775	205	13271
29837	344	18939
14837	61	3939
3939	20	6387
7969	61	3939
11652	113	3939
9757	156	11842
9757	156	1692
24757	303	16692
24757	250	16499
24757	303	26842
19529	311	29652
4529	75	14652
19529	259	20849
8646	78	1549
23646	368	23870
8646	48	1549
8646	61	1549
8646	151	8870
3316	75	12531
18316	296	22339
3316	159	14305
18316	330	29305
18316	311	27531
19649	318	22968
11353	226	4649
4968	226	4649
23940	414	19649
25200	414	19649
17902	409	28394
2902	125	13394
2902	226	9715
17902	414	24715
17902	259	20849
17468	303	24482
2468	156	9482
24269	296	16411
9269	159	2545
9269	205	4160
9269	4	1411
9269	145	2545
3499	75	7083
25569	336	22083
29782	336	22083
17224	336	22083
7581	193	7083
15987	404	17614
987	241	2614
15987	343	25341
3784	61	8713
3784	78	8713
18784	344	23713
8713	20	2607
8713	106	11671
19834	303	27015
4834	156	12015
5317	33	13247
5317	33	950
20317	290	15950
20317	290	24686
20317	290	28247
18540	364	17545
3540	145	2545
3540	205	7226
3540	159	2545
18540	284	22226
6192	33	12515
21192	290	16803
21192	290	27515
21192	271	15843
6192	33	1803
25053	284	18053
10053	205	3053
10053	4	1839
25053	296	16839
25053	414	19803
24869	414	25143
9869	226	10143
24869	259	20849
21442	368	19337
19337	267	21442
4337	189	5833
6442	151	4337
19337	344	20833
1321	226	14034
16321	414	29034
1321	226	1497
1321	159	6541
16321	414	16497
8940	4	9616
23940	259	20849
23940	330	24616
8940	226	4649
23940	296	24616
27814	364	19323
12814	145	4323
2623	145	4323
17623	364	19323
1835	145	4323
6143	159	10052
6143	145	10052
21143	259	20849
21143	414	15829
6143	226	829
20263	344	18200
5263	78	3200
5263	145	2922
5263	61	3200
5263	20	2530
23219	248	29153
8219	41	14153
23219	384	20099
8219	123	4811
24600	290	16998
24600	397	21279
24600	290	29207
24600	271	21501
9600	33	1998
16683	344	22878
1683	20	11712
16683	321	26712
1683	189	7878
1683	145	7878
9271	226	14206
24271	414	18108
24271	414	29206
9271	226	1368
24271	364	18786
10464	160	12894
25464	351	27894
20323	284	25464
5323	226	10464
2868	159	10464
16991	344	20537
16991	368	20908
1991	151	5908
25091	368	16991
1991	141	10399
22045	352	26762
22045	369	16260
7045	11	11762
7045	11	1260
22045	379	26762
22545	265	16439
7545	160	4811
13467	226	7545
22208	414	22545
13084	113	7545
9765	205	1286
24765	284	16286
9765	226	13631
24765	414	28631
24765	259	20849
17988	344	19135
17988	386	20618
2988	48	4135
2988	48	1708
2988	78	4135
15730	413	15000
5179	78	730
7185	61	730
23272	414	15730
5179	61	730
15466	321	29221
15466	344	20537
466	20	14221
466	151	2738
466	53	11372
13102	226	681
28102	414	15681
25	226	681
7303	226	681
15025	414	15681
13791	205	5041
20041	342	19865
9281	205	5041
28791	284	20041
14106	205	5041
15441	284	23251
15441	296	16504
441	4	1504
441	205	8251
15441	259	20849
5409	230	11671
5409	85	11671
20409	271	26671
9758	215	9758
28955	414	24758
13412	226	9758
8018	226	9758
9758	215	9758
19103	409	28394
4103	125	13394
4103	226	6918
19103	414	15732
19103	259	20849
25011	250	21976
25011	250	19753
10011	53	4753
10011	53	6976
10061	33	2920
28924	290	17920
13924	33	2920
6992	33	2920
7455	33	2920
25214	344	18257
10214	20	11712
10214	48	9960
10214	61	3257
25214	267	18007
21174	416	22704
6174	51	7704
2791	48	7050
17791	377	29727
2791	145	14727
17791	284	24618
17791	381	22050
29192	284	21842
24039	284	21842
14192	205	6842
9039	205	6842
3071	205	6842
16348	330	16081
16348	259	20849
1348	226	7682
1348	159	1081
1348	226	7814
499	205	7807
12761	226	7807
27761	414	22807
12761	205	7807
22807	384	17777
2761	190	1943
10170	190	1943
23112	290	16943
551	139	1943
15812	290	16943
19775	330	18774
16751	330	18774
16751	414	18774
4832	62	3774
2751	159	3774
6973	226	3277
6973	145	4916
6973	4	4165
21973	364	19916
21973	414	18277
16185	384	17777
6672	159	1185
23155	330	16185
23216	330	16185
8155	159	1185
1521	156	6033
16521	341	20256
2485	225	1521
16521	303	21033
1521	151	2485
49	20	850
15049	344	21957
49	78	6957
15049	321	15850
49	141	14844
5347	156	3254
20347	303	18254
5325	151	5347
20347	341	24013
20325	368	20347
3695	145	14425
3695	48	14425
18695	381	29425
18695	364	29425
3695	169	14425
4090	226	2142
19090	414	25437
4090	4	3772
19090	259	20849
19090	296	18772
2073	151	14380
2073	20	4976
29380	267	17073
17073	368	29380
17073	321	19976
18684	414	26200
3684	226	1333
18684	386	16260
18684	323	18432
18684	414	16333
4108	159	7951
19108	284	19190
4108	205	4190
19108	304	28300
19108	259	20849
7416	159	14771
22416	414	20645
22416	330	29771
7416	75	12531
7416	145	2021
29529	284	18624
19107	284	18624
10390	205	3624
5201	205	3624
11353	205	3624
22494	303	27519
7494	156	12519
7494	75	9025
22494	311	24025
22494	250	20435
15391	296	23833
391	4	8833
391	145	12655
15391	364	27655
391	226	12165
28133	321	21649
25786	321	21649
26292	321	21649
26797	321	21649
11292	20	6649
723	205	8107
15723	284	23107
723	4	8662
15723	414	25185
15723	259	20849
22356	414	28384
7356	205	6556
22356	284	21556
7356	226	13384
22356	313	26884
16828	369	23529
1828	29	8529
16828	293	24970
1828	172	9970
24970	275	16828
18527	321	28485
3527	20	13485
18527	321	22033
3527	53	11372
3527	20	7033
7899	159	6897
7899	159	347
7899	15	7083
22899	330	21897
22899	330	15347
8203	145	2710
23203	364	17710
8203	205	6284
23203	284	21284
23203	259	20849
15457	369	20618
457	29	5618
457	71	5618
24613	345	15457
15457	345	24613
15796	351	28311
796	160	13311
15796	410	28311
796	49	13311
8994	226	13058
8994	48	2540
23994	381	17540
23994	330	17540
8994	159	2540
2434	222	750
17434	386	16260
17434	341	15750
2434	29	1260
4164	160	10527
15224	344	19164
5105	238	4164
3097	58	4164
4333	145	4164
8723	20	7602
8723	151	6391
6391	225	8723
23723	344	25398
23723	321	22602
3610	225	14279
29279	368	18610
14279	151	3610
3610	53	11372
18610	267	29279
9391	226	11942
9391	226	9715
24391	414	24715
9391	145	1868
24391	284	15358
15216	414	25315
216	145	6902
15216	364	21902
15216	414	15827
216	226	10315
22598	414	17442
7598	226	6113
22598	414	21113
7598	226	2442
22598	259	20849
4775	4	517
19775	259	20849
4775	169	3774
19775	284	18774
19775	330	18774
7308	160	1008
22308	271	15843
22308	351	16008
22308	290	23254
7308	33	8254
13186	151	7144
22144	267	28186
22144	344	17183
7144	189	2183
28186	368	22144
18788	344	24991
14390	78	9991
14390	61	9991
24173	344	24991
9991	160	363
20236	296	21226
5236	4	6226
5236	145	6620
20236	364	21620
20236	259	20849
21124	259	20849
21124	414	16793
6124	226	10588
21124	414	25588
6124	226	1793
16901	364	22051
16901	411	29803
1901	145	7051
16901	414	17231
1901	169	14803
9302	49	1785
24302	248	28158
9302	41	13158
9302	89	13158
24302	410	16785
22394	414	27929
7394	226	12929
22394	259	20849
7394	226	14587
22394	414	29587
18136	351	23805
8805	71	1260
23805	369	16260
13849	24	8805
8027	120	8805
18521	364	23774
3521	145	8774
28289	414	23774
20273	414	23774
13289	226	8774
6970	48	3638
21970	381	18638
21970	364	22684
21970	259	20849
21970	414	23241
21270	321	18214
21270	344	17028
6270	78	2028
6270	61	2028
6270	20	3214
27908	317	20654
12908	127	5654
11254	41	5654
26254	248	20654
20654	295	20170
21925	330	24979
21925	259	20849
6925	226	904
21925	414	15904
21925	414	15806
19575	296	24861
19575	259	20849
4575	4	9861
19575	313	15949
21163	296	29325
6163	4	14325
21163	284	18182
21163	259	20849
6163	226	6752
18889	413	18462
3014	205	3889
24403	284	18889
29712	284	18889
3889	114	3462
17562	414	23247
2562	226	8247
21453	351	29387
6453	160	14387
21453	397	25094
21453	290	22535
6453	139	10094
24032	414	16886
13573	226	1886
13227	145	1886
4435	226	1886
9241	226	1886
2590	41	11746
2590	49	11861
17590	248	21299
17590	410	26861
17590	317	26746
22844	267	22112
7112	20	6708
22112	321	29842
22112	307	15327
22112	409	24703
2598	205	7157
17598	414	28801
2598	226	13801
17598	284	22157
17598	411	20246
24446	296	27934
9446	4	12934
24446	259	20849
24446	386	15886
15426	368	27869
12869	225	426
426	53	828
426	151	12869
27869	267	15426
5751	43	14570
29570	287	20751
20751	369	20751
18432	287	20751
5751	43	1955
20864	284	28271
20864	414	19510
5864	205	13271
5864	226	4510
20864	259	20849
5710	145	2449
20710	259	20849
5710	226	2449
20710	364	17449
20710	414	20378
21128	351	26139
6128	160	11139
21128	290	26980
21128	290	16855
6128	190	11980
659	4	718
15659	414	29895
15659	296	15718
659	226	14895
15659	284	20041
18280	290	21198
3280	33	3674
18280	290	15425
18280	290	18674
3280	139	425
2193	226	13736
17193	364	28736
2193	159	13736
2193	48	13736
17193	330	28736
27996	414	22958
16166	414	22958
18967	414	22958
3967	226	7958
8548	226	7958
20023	290	17844
5023	33	2844
3056	159	4556
3056	145	11552
18056	330	19556
18056	414	25164
18056	284	24123
29786	414	18438
14786	226	3438
3438	160	3432
10593	226	3438
24683	414	18438
769	48	5915
769	159	5915
15769	330	20915
15769	259	20849
769	226	6667
20089	344	26454
20089	321	25152
5089	145	11454
5089	20	10152
5089	189	11454
17071	414	29867
2071	226	14867
17071	414	23402
2071	226	8402
17071	259	20849
20529	321	17530
20529	368	23396
5529	20	2530
5529	151	8396
8396	225	5529
8990	49	11464
23990	410	26464
23990	351	21999
8990	160	6999
8439	159	14305
8439	205	7902
23439	414	28067
23439	259	20849
8439	4	7339
2860	4	13151
17860	414	28630
17860	296	28151
17860	414	19987
2860	226	13630
20678	364	22750
20678	259	20849
5678	145	7750
25016	351	28816
10016	160	13816
10016	99	13816
10016	46	445
25016	384	20099
17314	414	29822
2314	145	2298
2314	226	14822
17314	414	23910
2314	75	13300
18818	414	17300
17726	414	17300
21829	414	17300
5949	226	2300
2726	226	2300
21353	351	22438
6353	160	7438
5952	226	14217
20952	414	29217
5952	159	5774
5952	226	6214
20952	259	20849
14833	41	6140
3645	41	6140
29833	248	21140
19689	248	21140
18645	248	21140
10003	159	3766
10003	75	13300
25003	381	18766
25003	311	28300
10003	226	7451
4474	75	13300
4474	226	1826
19474	259	20849
19474	411	23131
19474	414	16826
28331	319	15929
23137	364	15929
8137	48	929
8137	159	929
15929	384	17777
14870	226	7239
22239	413	26945
1768	226	7239
1087	226	7239
16768	414	22239
17115	351	26884
1279	226	2115
12824	226	2115
4659	226	2115
2115	195	7968
19433	364	18030
19433	296	27485
4433	4	12485
4433	145	3030
4433	205	3483
26231	413	24964
15276	413	24964
11372	114	9964
16175	413	24964
23504	413	24964
19150	364	17021
4150	75	12531
4150	145	2021
19150	311	27531
4150	226	11500
18242	381	16764
18242	381	19505
18242	368	23643
3242	48	1764
8643	225	3242
28137	344	16272
1272	160	7164
13137	78	1272
1272	20	2607
16272	351	22164
8888	49	14573
23888	410	29573
8888	160	14573
23888	351	29573
23888	271	18320
9104	4	4275
24104	259	20849
24104	296	19275
24104	411	24557
9104	169	9557
21559	352	16834
3778	49	1834
8177	11	1834
23177	352	16834
11543	49	1834
13477	156	3805
8623	156	3805
28477	303	18805
16889	303	18805
18805	334	23484
450	145	1576
450	226	8687
15450	364	16576
15450	259	20849
450	205	9645
19681	368	27268
19681	250	29088
4681	42	14088
12268	225	4681
27268	267	19681
23540	344	17138
8540	78	2138
8540	48	2138
8540	61	2138
18337	330	15898
5134	159	898
20134	330	15898
18424	330	15898
10337	159	898
17896	321	16823
2896	20	1823
8394	6	2896
12049	225	2896
27049	267	17896
1496	75	13300
1496	226	13124
16496	259	20849
16496	414	28124
16496	304	28300
15234	269	29940
15234	303	18320
15234	269	29256
234	168	14256
234	168	14940
9843	75	10057
24843	311	25057
24843	259	20849
9843	29	3320
24843	386	18320
13987	4	6240
8478	4	6240
28987	296	21240
28898	296	21240
18075	296	21240
21380	351	24292
6380	160	9292
21380	270	22077
21380	271	16260
24163	259	20849
9163	226	14985
24163	414	19649
9163	226	8659
24163	414	23659
28189	351	15363
29602	351	15363
21090	351	15363
12025	49	363
16636	351	15363
7322	48	9498
22322	296	28741
7322	169	8437
7322	226	952
7322	226	10470
18219	321	19088
3219	20	4088
18219	321	18129
3219	20	3129
18219	321	17773
17544	414	24284
17544	259	20849
2544	226	9284
5749	4	8662
5749	75	13300
20749	414	26959
20749	296	23662
5749	205	8488
23819	311	23736
8819	75	8736
23819	259	20849
28743	321	23281
18687	321	23281
13743	20	8281
3687	20	8281
23281	386	21501
21496	414	17467
21496	409	26417
21496	259	20849
6496	226	2467
3995	226	5810
3995	48	4658
3995	205	2183
18995	381	19658
18995	414	20810
378	226	8910
378	145	2632
378	75	13300
15378	414	23910
15378	311	28300
18526	374	18270
22133	364	18270
29437	344	18270
7954	61	3270
14532	181	3270
28104	351	24204
20941	410	24204
13104	160	9204
9204	71	9204
5941	49	9204
13982	226	5361
14839	226	5361
6034	159	5361
29839	414	20361
5361	160	4516
8930	169	9307
23930	259	20849
23930	284	17462
23930	411	24307
23930	409	26417
17677	414	28803
2677	145	8936
17677	414	22682
2677	226	13803
2677	226	6456
4700	33	5428
19700	290	27514
19700	290	20428
19700	290	18551
19700	290	15340
29032	414	15031
26353	414	15031
19214	414	15031
7259	226	31
22259	414	15031
7762	225	8311
23311	321	26350
23311	368	22762
8311	151	7762
23311	321	21135
17662	414	16792
2662	205	7157
2662	226	1792
17662	284	22157
17662	381	17254
7092	226	7682
7092	4	3263
22092	284	26030
22092	414	19695
7092	205	11030
27796	364	18808
12796	145	3808
17	145	3808
27389	364	18808
12389	145	3808
1166	205	1286
12881	205	1286
25051	284	16286
28663	284	16286
18628	284	16286
7367	160	11175
22367	351	26175
7367	128	2848
17795	248	29777
17795	343	25341
2795	160	14111
17795	342	19060
17795	384	17752
10304	226	4649
10304	205	1365
25304	284	16365
10304	226	9177
25304	414	19649
21021	414	24092
6021	205	11129
6021	226	9092
21021	330	21052
6021	159	6052
22291	351	16532
7291	160	1532
19725	409	18482
4725	29	5618
19725	259	20849
4725	125	3482
19725	386	20618
22408	267	28602
13602	151	7408
7408	225	13602
7408	189	7260
7408	145	7260
4830	226	11059
4830	205	13104
19830	284	28104
19830	414	26059
19830	259	20849
22155	321	26712
22155	344	19713
7155	20	11712
7155	78	4713
7155	61	4713
16961	414	20936
1961	226	14323
16961	414	29323
16961	414	24222
1961	226	5936
9649	160	13546
24649	351	28546
9649	58	359
9649	119	9610
22179	374	24649
18119	414	19031
13997	226	4031
4126	226	4031
12919	226	4031
14304	226	4031
29783	414	16086
25831	414	16086
6589	226	1086
9268	226	1086
4066	226	1086
4086	125	11417
4086	226	2467
19086	284	22267
19086	414	17467
19086	409	26417
27942	414	20628
12942	226	5628
14510	226	5628
24710	414	20628
24542	414	20628
21095	364	25410
6095	4	8388
21095	259	20849
21095	414	27409
6095	226	2000
24047	364	29310
9047	145	14310
9047	205	11317
24047	414	21247
24047	284	26317
19108	330	22951
10667	159	7951
8809	159	7951
4108	159	7951
14827	159	7951
4352	226	11655
19352	284	29413
19352	414	26655
19352	364	24002
4352	145	9002
13057	226	5203
28057	414	20203
11585	226	5203
9688	226	5203
10518	226	5203
6194	53	12862
21194	294	21660
21194	250	21136
6194	144	6660
6194	53	6136
20768	381	29057
20768	330	16690
5768	226	887
5768	48	1690
5768	48	14057
21055	250	20350
21055	336	18220
21055	250	19593
6055	193	3220
6055	53	4593
28331	250	19593
17706	250	19593
16702	250	19593
8061	53	4593
28762	250	19593
16897	344	22878
1897	151	1194
1897	189	7878
1897	20	11712
16897	321	26712
21450	321	17290
6317	61	6450
1417	61	6450
21317	344	21450
28128	344	21450
419	49	8331
28599	410	23331
8878	49	8331
15419	410	23331
29421	410	23331
14684	226	7874
28005	414	22874
26444	414	22874
13005	226	7874
8530	226	7874
21732	311	22696
6732	75	7696
21732	259	20849
6732	226	7491
21732	414	22491
21729	293	26463
13259	39	6729
6729	103	11463
28259	395	21729
5419	159	9106
27479	319	24106
22644	381	24106
20419	330	24106
12740	48	9106
10462	16	2777
25462	384	17777
6433	48	8083
6433	4	12172
6433	48	12889
21433	381	27889
21433	364	25545
25491	411	19139
24065	411	19139
26862	411	19139
15637	411	19139
637	169	4139
17760	341	18300
2760	42	3819
2760	222	3300
17760	250	18819
20405	330	21928
5405	226	14217
20405	414	29217
5405	48	6928
20405	414	17605
21613	321	18214
6613	225	2718
2718	151	6613
6613	20	3214
17718	368	21613
7644	48	9106
22644	368	21455
22644	381	24106
6455	225	7644
7644	151	6455
9374	160	5646
24374	351	20646
24374	346	17848
9374	128	2848
24374	271	20646
9683	169	1331
7614	169	1331
15114	411	16331
114	169	1331
11190	169	1331
24667	369	23529
9667	71	8529
9667	29	8529
6536	159	8578
6536	4	1900
21536	296	16900
21536	330	23578
6536	226	10869
16015	269	28664
16015	294	24938
16015	303	24938
1015	168	13664
1015	156	9938
19937	293	29111
4937	97	14111
8489	49	4937
23489	410	19937
19937	259	20665
17253	414	16729
2253	226	5565
2253	205	7752
17253	409	28394
2253	226	1729
24384	321	20868
9384	20	5868
9931	226	7682
24931	330	25267
9931	226	13124
24931	259	20849
9931	159	10267
6424	226	8414
6424	145	14727
21424	381	22050
21424	364	29727
21424	381	27889
16178	248	24246
16178	248	18272
16178	295	27593
1178	41	9246
1178	41	3272
5574	190	6560
22070	290	21560
9464	139	6560
26741	397	21560
187	139	6560
18278	410	16877
3278	49	1877
3278	160	1877
18278	351	16877
9224	205	8279
18001	284	23279
573	205	8279
3689	205	8279
14821	205	8279
4604	75	5914
4604	145	6388
4604	226	4844
19604	411	23407
4604	159	12047
702	226	719
14635	226	719
17230	414	15719
29455	414	15719
29267	414	15719
17927	267	17155
2155	225	14694
17155	267	29694
2927	225	2155
17155	368	17927
3083	226	4510
18083	296	27965
18083	414	19510
18083	411	17102
3083	169	2102
3424	53	5185
22316	250	20185
18424	250	20185
7316	53	5185
23080	250	20185
1492	226	9017
1492	159	13318
16492	330	28318
16492	381	28318
1492	48	13318
20530	351	22685
5530	160	7685
22685	369	16260
7685	29	1260
3035	159	12888
18035	330	27888
18035	259	20849
18035	304	29618
3035	4	748
13281	233	5244
5244	29	10900
5244	222	13281
28281	249	20244
17743	390	20244
23185	321	21745
8185	189	1026
23185	344	16026
8185	20	6745
7551	4	6114
22551	284	23251
7551	205	8251
22551	259	20849
22551	296	21114
21029	321	29846
6029	20	14846
23569	397	17040
23569	351	20182
8569	139	2040
8569	160	5182
23569	290	21079
21576	351	25841
21576	312	29902
6576	160	10841
6576	107	14902
6576	160	3350
8390	46	9095
22941	362	24095
21436	362	24095
18113	362	24095
6436	46	9095
8750	160	4426
23750	351	19426
23750	271	15886
23750	290	24180
8750	190	9180
17112	284	19004
17112	259	20849
2112	226	3431
2112	205	4004
17112	414	18431
22076	364	22222
7076	145	7222
22076	296	27746
22076	259	20849
7076	48	3633
21953	284	27441
6953	205	12441
21953	259	20849
6953	159	347
21953	330	15347
146	56	10224
15146	268	25224
25224	394	15146
10224	223	146
15410	303	21033
2485	156	6033
6033	29	1260
9901	156	6033
1301	156	6033
23242	410	16265
22702	351	16265
8292	79	1265
8242	49	1265
7702	160	1265
19881	294	28021
4881	144	13021
4881	156	13021
19881	303	28021
16777	414	28621
1777	145	11992
16777	381	26992
16777	364	26992
1777	226	13621
21288	402	18938
21288	368	28795
6288	20	8446
6288	151	13795
6288	8	2330
24878	394	17031
17031	366	24167
2031	123	3432
17031	271	16260
17031	410	18432
15392	344	28772
392	20	9449
392	151	3156
392	78	13772
15392	321	24449
10461	51	7666
25461	416	22666
25461	267	29812
14812	151	10461
10461	225	14812
9796	78	4510
9432	226	4510
628	226	4510
14744	226	4510
5864	226	4510
1997	160	14274
16997	351	29274
16997	384	20099
1997	230	9877
1997	36	13304
16602	290	17237
1602	33	5389
16602	290	21532
1602	190	6532
1602	33	2237
29239	414	20319
14239	226	5319
23752	414	20319
10072	226	5319
8752	226	5319
13573	48	8083
1832	48	8083
16832	381	23083
15541	381	23083
28573	381	23083
8202	226	12071
23202	311	22823
23202	414	27071
8202	75	7823
23202	259	20849
27885	303	19451
15188	303	19451
5758	156	4451
188	156	4451
20758	303	19451
10002	226	744
28592	414	15744
14731	226	744
23010	414	15744
8210	226	744
16141	321	28367
16141	344	18992
1141	48	3992
1141	78	3992
1141	20	13367
4267	195	13875
19267	318	28875
19267	248	18716
19267	351	27045
4267	160	12045
15832	344	15243
15549	344	15243
15667	344	15243
28922	344	15243
11675	78	243
17199	330	23578
11863	159	8578
2199	159	8578
11863	48	8578
16996	364	23578
4853	49	14512
19853	343	19169
19853	410	29512
19853	343	15218
4853	115	4169
23940	414	15814
17005	414	15814
27608	414	15814
20903	414	15814
2005	226	814
9318	226	13709
24318	414	28709
24318	284	27441
24318	259	20849
9318	205	12441
19675	269	16856
28758	269	16856
13758	168	1856
1099	168	1856
14215	168	1856
958	41	495
15958	248	15495
22048	414	24825
7048	226	9825
7048	116	4619
22048	259	20849
22932	259	20849
7932	226	14657
22932	414	29657
22932	414	20747
7932	226	5747
6986	226	662
21986	330	20453
6986	145	4665
6986	226	542
6986	159	5453
18000	409	28394
3000	125	13394
3000	4	8667
3000	125	14981
18000	386	16260
13773	48	9088
28773	381	24088
24088	317	22401
9088	58	4954
9088	58	3197
20588	274	28269
5588	194	13269
5588	128	13269
351	190	5588
20588	369	16260
29127	414	19363
11694	226	4363
4363	29	5618
14127	226	4363
19363	271	20618
21598	321	18129
6598	48	13121
6598	20	4088
6598	20	3129
6598	78	13975
6777	48	14324
21777	381	29324
21777	416	27258
6777	51	12258
9114	160	3718
24114	351	18718
9114	49	3718
24114	410	18718
24114	271	18718
372	205	2183
15372	284	17183
15372	414	15542
372	226	542
372	226	13319
9676	4	10154
24676	296	25154
24676	284	18640
9676	205	3640
9676	226	9244
5615	145	14400
20615	364	29400
20615	304	23736
20615	414	26604
20615	414	19795
4652	4	12951
19652	414	29229
19652	284	18098
19652	296	27951
4652	226	14229
19409	414	28256
19409	414	19019
4409	226	4019
4409	226	13256
19409	259	20849
1614	145	2827
16614	381	28217
16614	364	17827
1614	48	6154
16614	259	20849
24357	344	20859
9357	145	5859
9357	189	5859
9621	125	11417
9621	48	6154
9621	48	13571
24621	381	28571
24621	414	25953
29431	290	21198
13861	33	6198
6990	190	6198
6720	33	6198
26743	290	21198
3232	159	2816
3232	51	7577
18232	330	17816
18232	416	22577
268	4	1408
15268	311	27238
268	75	12238
15268	296	16408
15268	259	20849
25080	321	27272
10080	20	12272
2539	205	14413
17539	284	29413
2539	75	10943
8053	226	7958
23053	296	20702
23053	414	22958
8053	4	5702
23053	259	20849
24432	296	22460
9432	226	4510
9432	159	11695
9432	226	2935
24432	414	19510
15092	330	17471
92	4	14260
92	159	2471
15092	296	29260
15092	259	20849
23666	410	25371
8666	49	10371
23666	248	23571
8666	41	8571
23666	271	15843
1324	226	6944
6944	195	7968
16324	414	21944
17079	414	21944
10330	226	6944
18514	321	20918
18514	321	24407
3514	20	9407
3514	20	5918
1996	4	1900
16996	304	22696
16996	296	16900
1996	205	4884
16996	259	20849
24401	259	20849
9401	226	4671
24401	414	19557
24401	414	19671
9401	226	4557
1816	159	14305
1816	145	14305
16816	364	29305
16816	330	29305
16816	259	20849
8809	4	8662
14827	4	8662
10614	4	8662
9731	4	8662
5749	4	8662
2293	226	3409
7865	226	3409
2094	226	3409
3409	49	5618
3409	160	5618
6395	159	11994
21395	330	26994
6395	48	11994
21395	414	16822
21395	259	20849
21003	321	28091
6003	20	13091
21354	279	18482
21896	344	21354
6354	82	10282
18230	344	21354
11369	189	6354
29555	414	21874
14555	226	6874
9865	226	6874
17407	414	21874
14696	226	6874
14968	68	3781
29968	297	18781
16072	297	18781
18055	297	18781
3055	80	3781
9050	145	13665
24050	364	28665
24050	381	27718
24050	259	20849
24050	381	22456
17046	364	29277
2046	145	14277
24970	369	23529
16828	293	24970
24970	275	16828
9970	29	8529
9970	244	1828
22690	384	17042
7690	16	2042
18363	296	15502
3363	4	502
18363	259	20849
15847	321	16904
847	20	1904
25316	284	24855
10316	226	4639
25316	259	20849
10316	205	9855
25316	330	27585
28109	414	21216
13109	226	6216
25745	414	21216
29056	414	21216
24937	414	21216
17423	410	18843
2423	49	3843
7038	56	2423
2423	223	7038
22038	268	17423
21540	414	15827
6540	226	827
21540	259	20849
20079	410	16524
5079	49	1524
16524	293	18631
16524	287	18631
11731	43	1524
18120	368	28465
13465	225	3120
3120	151	13465
3120	61	7181
3120	145	1829
8337	145	2565
8337	205	9645
23337	364	17565
23337	259	20849
23337	414	23332
21701	311	28300
6701	75	13300
21701	364	25410
6701	226	12409
21701	414	27409
23362	344	28975
8362	20	4088
23362	321	19088
8362	189	13975
8362	20	2773
16242	351	21885
1242	49	12177
16242	410	27177
1242	160	6885
23758	344	29545
8758	78	14545
8758	61	14545
8758	6	13356
7498	205	14226
22498	284	29226
22498	414	19125
22498	284	17101
7498	205	2101
15137	250	18351
15137	294	21414
137	53	3351
137	144	6414
18981	411	28609
3981	226	14822
18981	414	20547
3981	169	13609
3981	226	4987
7641	43	13691
28691	400	22641
28691	287	22641
7641	70	13691
17742	352	16992
29016	351	16992
12966	49	1992
14016	160	1992
2742	11	1992
18234	351	24845
3234	160	9845
21311	351	24845
29262	410	24845
14262	49	9845
16213	296	28704
1213	4	13704
16213	414	22984
1213	226	7984
1213	226	5547
29481	351	24431
24431	369	16260
10762	160	9431
14481	160	9431
9431	30	10694
7319	75	13300
7319	145	2075
22319	364	17075
7319	159	2075
22319	414	15170
559	75	5958
15559	381	18605
15559	259	20849
15559	330	18605
559	48	3605
7024	145	1576
7024	75	13300
22024	364	16576
7024	226	14633
22024	311	28300
4092	226	10412
10412	160	14738
25412	351	29738
19092	414	25412
25412	384	19129
5221	75	13300
5221	226	7451
20221	414	22451
20221	304	28300
20221	311	28300
4477	23	174
19477	259	15174
19477	369	23889
4477	29	8889
21169	410	21830
13015	226	6169
29658	414	21169
12757	226	6169
6108	226	6169
16666	293	24363
1666	172	14281
1666	172	9363
6591	169	5246
21591	296	16593
6591	48	2254
21591	381	17254
21591	259	20849
15037	416	21983
3829	225	37
15037	368	18829
37	151	3829
37	81	13631
20971	303	18353
20971	294	18353
5971	156	3353
5971	144	3353
23513	414	24189
23513	330	16735
8513	159	1735
8513	226	9189
8513	48	1735
17326	284	19190
17326	364	24264
2326	145	9264
2326	205	4190
2326	226	904
12829	226	919
27829	414	15919
28765	414	15919
13765	226	919
8405	226	919
7237	208	9592
22237	369	20618
22237	299	24592
7237	103	5618
8018	226	9758
8018	226	542
8018	226	9336
23018	414	24758
23018	414	24336
20064	293	21329
5064	79	6329
137	144	6414
19013	294	21414
4013	144	6414
6414	1	8484
21414	334	23484
5935	226	6351
23340	414	21351
24343	414	21351
20935	414	21351
101	226	6351
21484	344	28629
25026	267	21484
21484	250	22960
6484	145	1830
6484	145	14420
24104	411	24557
25022	411	24557
6328	169	9557
2271	169	9557
14345	169	9557
27040	410	19233
1127	160	4233
28786	351	19233
19233	369	19903
22638	345	19233
24375	293	15281
9375	172	281
18595	351	28678
3595	160	13678
18595	397	21560
18595	290	19835
3595	139	6560
10494	145	5659
25494	381	21357
10494	4	8077
25494	296	23077
10494	159	2558
1603	48	11102
1603	48	4585
16603	414	19087
1603	159	6606
1603	226	4087
24944	290	16553
16553	369	16260
9944	33	1553
25095	290	16553
10095	33	1553
22337	387	18429
14966	157	3429
17736	387	18429
2736	157	3429
23705	387	18429
3874	159	5856
18874	330	20856
18874	414	22599
18874	259	20849
18874	381	20856
28626	293	15312
15312	369	16260
27911	293	15312
13626	124	312
12911	124	312
5325	151	5347
20325	341	24013
20325	386	16260
20325	368	20347
20347	267	20325
24770	351	19865
7977	81	9770
14044	226	9770
9770	160	4865
18284	414	24770
20031	397	15340
5031	190	340
5031	139	340
20031	290	15340
24670	344	24315
9670	78	9315
9670	61	9315
9670	145	9315
9670	141	10399
13853	41	632
2120	41	632
13376	41	632
28376	248	15632
8242	41	632
1379	4	3864
16379	296	18864
16379	259	20849
16379	330	29249
1379	159	14249
19641	416	29110
4641	51	14110
24137	259	29074
9137	23	14074
16804	284	23107
1804	159	10267
1804	145	10267
16804	381	25267
16804	414	20907
2485	156	6033
2485	225	1521
16521	368	17485
17485	303	21033
17485	341	20256
23358	351	29264
8358	160	14264
23358	271	16260
8358	160	1260
10259	205	5069
10259	226	9017
25259	284	20069
25259	414	24017
25259	414	24212
18679	364	16576
18679	259	20849
3679	145	1576
23177	352	16834
8177	11	1834
18200	250	26372
3814	78	3200
4402	78	3200
18814	344	18200
3814	61	3200
9281	205	5041
24281	414	22589
24281	364	23432
24281	284	20041
9281	226	4375
18528	414	27870
3528	226	12870
18528	259	20849
18528	284	21111
3528	205	6111
8435	115	6253
23435	410	16030
8435	49	1030
23435	343	21253
23435	271	16260
23032	258	29015
8032	184	14015
14015	94	8032
19981	296	28968
4981	4	13968
4981	205	12441
19981	284	27441
4981	75	12531
7152	226	3615
22152	414	18615
7152	159	9658
22152	381	24658
22152	330	24658
15303	414	25385
569	226	10385
18684	414	25385
19965	414	25385
23192	414	25385
24781	290	26980
24781	290	17572
9781	33	11980
24781	271	15843
9781	190	2572
17466	386	16260
13912	151	2466
28912	368	17466
17466	267	28912
2466	225	13912
28836	356	19734
13836	10	4734
22580	356	19734
27134	356	19734
12134	10	4734
20367	344	16549
5367	78	1549
5367	225	14798
5367	48	1549
5367	61	1549
14038	226	6323
29038	414	21323
17108	414	21323
25065	414	21323
26584	414	21323
23385	284	18640
8385	205	3640
23385	259	20849
8385	226	2091
23385	414	17091
3607	222	2990
3236	222	2990
18236	341	17990
18607	341	17990
17274	351	20706
2274	160	11671
2274	160	5706
17274	384	21046
17274	271	26671
22715	414	28910
7715	205	3328
22715	284	18328
7715	226	13910
22715	259	20849
23530	259	20849
8530	226	10147
23530	414	22874
8530	226	7874
23530	414	25147
23809	284	16065
8809	159	7951
23809	259	20849
23809	414	24378
23809	296	23662
17516	250	20973
17516	303	16515
17516	368	18875
2516	156	1515
2516	29	1260
2705	226	12791
17705	414	27791
2705	226	9222
17705	259	20849
2705	159	5919
5800	226	6113
7360	4	6113
14293	226	6113
198	226	6113
16718	414	21113
6828	226	12870
21828	259	20849
6828	226	9751
6828	226	5253
21828	414	17532
23004	409	24161
8004	125	9161
8004	75	12238
23004	311	27238
16126	344	28377
1126	189	13377
1126	145	13377
20404	290	20389
5404	33	14671
20404	290	29671
5404	33	1855
20404	290	19568
2171	48	4462
17171	259	20849
17171	414	19462
17171	381	19462
17171	386	21501
15262	384	25175
262	16	11551
15262	384	26551
262	16	10175
4805	4	1928
4805	145	12655
19805	364	27655
19805	296	16928
17061	351	25568
2061	160	10568
2061	160	3432
17061	271	16260
17210	414	15253
28363	414	15253
9009	226	253
253	49	562
13363	226	253
9249	145	10267
9249	48	6255
24249	284	25008
9249	145	6255
24249	364	25267
17093	344	16358
2093	189	1358
2093	53	3622
21313	351	19648
6313	190	9729
6313	160	4648
6313	160	4420
21313	271	23889
6508	160	13235
21508	351	28235
21508	279	18482
6755	81	6508
21955	364	28665
6955	48	11102
21955	381	26102
6955	145	13665
6955	48	4585
24881	303	17849
9881	156	2849
18581	252	19707
3581	7	11463
3581	202	4707
18581	293	26463
13844	226	5645
7416	226	5645
20645	384	17777
28844	414	20645
16332	414	20645
2868	159	10464
17868	330	25464
2868	226	10464
17868	259	20849
17868	414	25464
17140	368	26794
2140	151	11794
26794	267	17140
11794	225	2140
4101	205	8251
19101	284	23251
4101	145	6255
19101	259	20849
19101	364	21255
17202	321	28134
2202	20	13134
2202	141	14844
9070	225	2202
17202	368	24070
28660	414	23910
29191	414	23910
1471	226	8910
18059	414	23910
28807	414	23910
825	4	14260
15825	414	28124
15825	414	29598
825	226	13124
825	169	3612
23707	321	25459
23707	321	23446
8707	20	8446
8707	78	8600
8707	61	8600
19798	344	15062
29742	344	15062
62	114	9538
7298	48	62
7298	78	62
4092	205	11317
19092	414	25315
4092	226	10315
19092	411	29803
4092	226	10412
68	205	10008
15068	284	25008
15068	259	20849
68	226	14229
15068	414	29229
7447	226	14683
22447	414	29683
7447	205	7752
7447	169	4121
22447	411	19121
22151	344	20340
1124	189	5340
27835	344	20340
7151	61	5340
12835	61	5340
18569	364	25445
13510	145	10445
25445	248	29494
3569	145	10445
20904	364	25445
23460	344	20945
13831	225	8460
23460	321	19976
8460	225	13973
8460	78	5945
19812	296	23833
4812	4	8833
19812	414	21355
4812	226	6355
19812	259	20849
20903	259	20849
20903	414	19045
5903	226	1282
20903	414	16282
5903	226	4045
24661	363	27731
24661	281	27731
9661	188	12731
9661	157	12731
8315	226	5810
23315	296	23536
23315	414	20810
8315	4	8536
23315	259	20849
28672	364	25448
7436	159	10448
11817	159	10448
13338	159	10448
4039	159	10448
20669	414	29386
5669	226	14386
20669	296	17996
5669	226	8284
20669	364	21902
29556	293	21481
6481	71	1260
25699	293	21481
21481	369	16260
2903	172	6481
28150	317	17833
16611	317	17833
1611	127	2833
19890	317	17833
8389	41	2833
177	195	7728
15177	410	27177
15177	343	21788
15177	318	22728
177	115	6788
101	226	10588
15101	259	20849
101	226	169
101	226	6351
15101	414	15169
23725	321	18501
8725	20	3501
23367	290	26982
8367	33	14326
23367	290	26639
8367	33	11982
23367	290	29326
14569	159	5810
14569	145	5810
29569	364	20810
20810	410	21731
3656	226	5810
3694	226	181
18694	364	17827
3694	205	2462
18694	296	22520
18694	414	15181
13639	226	5809
28639	414	20809
10750	226	5809
25750	414	20809
29248	414	20809
23139	284	19190
23139	381	16262
23139	414	15904
23139	414	19463
8139	48	1262
905	125	6501
15905	330	22640
15905	259	20849
905	159	7640
15905	386	21501
16968	311	22083
1968	205	13271
16968	284	28271
1968	75	7083
18378	351	23472
28537	414	18378
3919	226	3378
15728	414	18378
29335	414	18378
9653	4	14260
9653	145	14727
24653	284	24618
24653	296	29260
24653	259	20849
16433	349	28527
1433	162	13527
8636	226	8430
23636	414	23430
23636	311	19385
8636	75	4385
14551	226	41
16013	414	15041
29551	414	15041
11583	226	41
3934	226	41
19991	311	26919
4991	226	7186
19991	284	28722
4991	205	13722
4991	75	11919
17123	344	28566
2123	61	13566
2123	78	13566
17163	344	15207
12944	189	207
27944	344	15207
207	20	117
12440	61	207
16860	351	18432
1860	160	3432
16860	327	27900
1860	114	12900
1724	113	1860
4794	4	13245
19794	259	20849
19794	330	28245
4794	48	13245
19794	296	28245
22866	321	16237
7866	20	1237
7866	48	8221
7866	145	6166
18576	414	26604
18576	414	23629
18576	259	20849
3576	226	11604
18576	250	20312
23728	259	20849
23728	414	28570
8728	226	13570
23728	414	19457
8728	226	4457
23115	344	26686
8115	151	13827
8115	78	11686
8115	61	11686
23115	368	28827
1280	156	2849
16280	303	17849
16280	341	24013
1280	222	9013
22519	290	17496
22519	290	16855
7519	190	14083
22519	290	29083
7519	128	3518
20744	364	28003
5744	145	13003
20744	284	24379
5744	205	9379
5744	226	10559
25474	259	20849
10474	226	14757
10474	226	7414
25474	414	22414
25474	414	17520
4181	75	14221
19181	311	29221
19181	414	20517
19181	259	20849
19181	414	24275
10799	53	3622
25523	250	18622
28718	250	18622
25911	250	18622
19293	250	18622
21905	284	17855
6905	226	13252
21905	259	20849
21905	414	28252
21905	364	20936
29619	381	19116
22720	381	19116
26494	381	19116
25622	381	19116
2676	48	4116
19310	411	28609
4310	169	13609
19310	414	22366
19310	259	20849
4310	48	9523
24111	384	20872
14936	226	9111
29936	414	24111
7586	226	9111
18376	414	24111
14790	160	6049
29790	351	21049
21049	259	28877
6049	0	7242
18583	352	28819
18583	379	17945
3583	103	2945
3583	103	13819
20343	296	18864
14372	4	3864
1379	4	3864
2570	4	3864
4746	4	3864
22876	259	20849
7876	226	14800
22876	414	29800
7876	226	180
22876	414	15180
3406	159	11994
3406	226	14048
18406	330	26994
18406	259	20849
18406	414	29048
17825	321	18133
17825	344	22847
2825	225	12174
2825	20	3133
2825	78	7847
22036	381	20685
21889	381	20685
8763	48	5685
23763	381	20685
7036	48	5685
16657	351	20213
1657	80	1687
16657	384	16687
1657	160	5213
16657	366	20213
13047	160	677
28047	271	15677
23166	369	15677
15677	354	18482
9399	160	677
2175	145	4253
28166	364	19253
24691	364	19253
23272	364	19253
8272	145	4253
5760	141	10399
5760	78	1534
29009	267	20760
20760	344	16534
14009	225	5760
21961	344	28879
21961	368	24107
21961	402	22529
6961	48	7529
24107	267	21961
15794	303	18353
794	156	3353
15794	294	18353
794	53	1149
15794	250	16149
6298	160	3845
21298	342	18845
21298	410	18845
6298	49	3845
21298	351	18845
5000	4	1900
16996	296	16900
15237	296	16900
5942	4	1900
29960	296	16900
18800	284	24618
3800	4	9501
3800	205	9618
18800	259	20849
18800	296	24501
15377	414	19651
15377	409	26417
377	226	4651
15377	259	20849
15377	364	28848
21000	344	21241
6000	78	6241
6000	48	6241
6000	151	12142
6000	61	6241
18456	311	22823
3456	75	7823
18456	414	15180
18456	259	20849
3456	226	180
25367	344	27815
25367	321	16269
10367	48	4916
10367	189	12815
10367	20	1269
24859	409	26417
9859	226	1822
9859	226	5547
24859	381	21606
24859	414	16822
22098	414	24053
7098	48	8346
22098	259	20849
7098	226	9053
7098	145	8346
26557	248	17268
29581	248	17268
16988	317	17268
16025	248	17268
1988	127	2268
7749	159	6715
22749	416	22704
22749	330	21715
7749	51	7704
22749	267	25810
29745	368	23094
14745	151	8094
8094	225	14745
23094	267	29745
4172	226	14800
19172	414	29800
19172	311	22696
4172	226	6667
4172	75	7696
23440	414	24222
23440	381	24858
8440	226	2115
8440	226	9222
23440	259	20849
24391	284	15358
5978	145	358
16225	284	15358
9391	205	358
25593	284	15358
10032	205	8251
10032	159	8528
25032	296	16258
25032	284	23251
25032	330	23528
18489	296	28151
3489	4	13151
3489	226	5547
18489	259	20849
18489	414	20547
11331	51	7577
6617	51	7577
26331	416	22577
11874	51	7577
26742	416	22577
2983	4	11460
17983	296	26460
17983	284	20858
2983	205	5858
17983	409	26417
4219	226	2000
4219	159	10410
19219	414	17000
4219	75	13300
19219	311	28300
8973	195	2648
26493	318	17648
21825	318	17648
6825	195	2648
28719	318	17648
7990	33	8254
7990	33	2237
22990	290	29083
7990	33	11980
22990	290	20240
22016	321	18963
7016	20	3963
2082	225	1680
1680	81	13438
16680	414	29069
16680	414	28438
1680	151	2082
22998	259	20849
7998	226	6214
7998	226	8902
22998	414	21214
22998	414	26360
9111	38	1453
14637	226	1453
14621	200	1453
16453	384	17777
29637	414	16453
10218	195	572
14094	195	572
17190	318	15572
12470	195	572
28582	318	15572
24134	416	28684
9134	225	7459
7459	151	9134
24134	267	22459
9134	51	13684
14870	226	762
16087	414	15762
1087	226	762
1765	226	762
1768	226	762
3689	159	1690
3689	205	8279
3689	48	1690
18689	381	16690
18689	330	16690
16360	296	19971
1360	4	4971
7830	195	9838
22830	318	24838
6406	75	9216
22479	311	24216
10294	75	9216
13236	75	9216
7479	75	9216
15910	414	17442
15910	259	20849
910	169	6091
910	48	5063
15910	411	21091
16584	414	15827
16584	414	19894
1584	226	827
16584	259	20849
16584	284	24379
15431	259	20849
431	226	12396
431	48	6009
15431	414	27396
431	226	6082
17316	414	24177
18582	414	24177
28209	414	24177
25310	414	24177
25304	414	24177
2566	159	790
17566	330	15790
17566	259	20849
17566	414	29235
17566	414	29757
15807	284	22902
807	205	7902
15807	259	20849
15807	386	16260
807	75	5838
21013	414	17289
6013	226	1772
21013	296	23184
21013	336	25943
6013	206	8184
25407	296	27973
10407	4	12973
25407	259	20849
25407	250	20312
3192	1	8484
18192	281	16692
24072	303	18192
5639	156	3192
18192	334	23484
2960	159	10267
17960	259	20849
2960	226	1249
2960	145	10267
2960	145	6255
22659	414	23522
7659	226	8522
28236	414	23522
25487	414	23522
10487	226	8522
13397	226	8577
28397	414	23577
17373	414	23577
771	226	8577
15771	414	23577
10440	75	13300
25440	311	28300
25440	304	28300
25440	414	25965
10440	159	5845
17738	321	29221
17738	344	20537
466	151	2738
2738	20	14221
2738	48	5537
16535	290	28386
1535	33	13386
16535	290	24265
1535	33	9265
25205	344	29792
10205	78	14792
10205	61	14792
10205	48	14792
10205	141	10399
18644	410	18843
3644	49	3843
24550	399	21341
1672	103	6341
13241	131	6341
21341	369	21341
21341	369	21341
8630	205	13131
23630	284	28131
23630	259	20849
9533	159	13936
24533	330	28936
24533	259	20849
24533	381	28936
9533	145	14261
13009	215	8889
3430	29	8889
12588	29	8889
2400	29	8889
11970	160	8889
19228	351	15816
4228	160	816
26474	414	19228
11474	226	4228
18921	296	28704
3921	205	5069
3921	4	13704
18921	259	20849
3921	226	5121
25433	414	22886
25433	259	20849
10433	226	7886
15339	351	28816
339	160	13816
339	16	2777
339	49	3432
15339	271	16260
6072	205	8251
6072	226	7290
21072	414	22290
21072	284	23251
21072	259	20849
15389	334	23484
2428	1	8484
16818	334	23484
24025	334	23484
22689	334	23484
1890	48	8121
3139	48	8121
1252	159	8121
2103	48	8121
16252	330	23121
19979	259	20849
4979	226	2834
19979	414	17834
4979	169	6118
24494	271	16260
24494	290	21846
24494	290	17582
9494	33	6846
24494	290	19586
17859	265	25056
2859	234	10056
583	234	10056
24987	265	25056
23910	265	25056
228	226	12870
15228	414	23336
228	226	8336
15228	414	27870
15228	259	20849
6320	225	4387
4387	78	730
4387	145	730
19387	344	15730
19387	402	15730
24089	414	22682
9089	226	7682
24089	364	24116
9089	159	3296
9089	145	9116
19833	364	16083
19833	330	16083
19833	386	16260
4833	159	1083
19833	414	17231
4746	226	1453
4746	4	3864
19746	414	16453
19746	296	18864
19746	259	20849
7583	226	2605
22583	259	20849
22583	414	17605
5377	205	3328
5377	159	11810
5377	145	11810
20377	284	18328
20377	296	27144
2080	4	9301
17080	414	18108
17080	414	18257
17080	259	20849
17080	414	19874
23512	345	18849
15959	351	23512
12227	49	8512
27227	410	23512
13452	160	8512
21477	248	27808
26066	414	21477
6032	226	6477
257	226	6477
21032	414	21477
25022	259	20849
25022	411	24557
10022	169	9557
9233	159	3097
28788	330	18097
2200	226	3097
18185	414	18097
1833	200	3097
2463	226	6389
2463	75	13300
2463	226	8386
17463	304	28300
17463	311	28300
28804	267	21695
6695	151	13804
21695	368	28804
13804	225	6695
5887	106	13073
20887	413	26945
20887	351	28073
5887	114	11945
5887	53	11372
18647	321	24407
3647	20	9407
5445	49	13053
20445	351	24027
20445	410	28053
5445	160	9027
6201	119	5445
25395	259	20849
10395	226	8774
10395	226	13381
25395	414	28381
25395	414	23774
7169	75	12531
22169	284	28131
7169	226	12484
22169	414	27484
7169	226	1639
28945	284	22157
22157	384	19129
10747	205	7157
17348	284	22157
1977	205	7157
2241	205	4470
17241	296	17349
2241	4	2349
2241	48	4116
17241	284	19470
6719	168	14940
21719	250	21136
21719	269	29940
6719	53	6136
22966	414	20530
7966	226	5530
7966	159	4308
22966	259	20849
7966	48	4308
29331	330	19448
23438	330	19448
22624	330	19448
7624	159	4448
8438	159	4448
894	172	12903
19799	410	15894
15894	293	27903
22492	351	15894
894	172	10044
3078	226	1522
28267	414	16522
6115	226	1522
28887	414	16522
13887	226	1522
22234	321	25459
22234	344	28575
5197	225	7234
7234	20	10459
22234	368	20197
6088	226	12846
21088	414	27846
6088	159	9097
21088	330	24097
21088	364	21780
19343	284	22752
18167	284	22752
7938	205	7752
7447	205	7752
3658	205	7752
21742	397	17496
6742	33	4568
6742	139	2496
21742	290	17496
21742	290	19568
20050	351	29201
5050	160	14201
5050	190	781
20050	271	29201
18829	416	21983
3829	51	6983
37	151	3829
3829	81	13631
15037	368	18829
3537	85	1717
16717	338	23740
1717	71	11704
16717	369	16717
13024	160	1717
29847	284	23443
14847	205	8443
22086	284	23443
25463	284	23443
7637	205	8443
18248	414	24839
8980	226	9839
9112	226	9839
3248	226	9839
813	226	9839
23160	364	19574
27581	368	23160
12581	151	8160
8160	145	1815
8160	145	4574
22235	414	25762
7235	193	7083
7235	226	10762
22235	336	22083
16077	414	16143
1077	226	1143
16077	259	20849
16077	386	16260
22914	409	25608
7914	125	10608
7914	29	3904
22914	259	20849
22914	386	25350
15115	259	20849
15115	311	24341
115	75	9341
19155	259	20849
4155	226	5617
19155	414	20617
4155	200	3885
19155	414	18885
16033	364	28003
16033	296	26961
1033	145	13003
1033	4	11961
16033	284	19470
28924	290	24686
18847	290	24686
7826	33	9686
5317	33	9686
20317	290	24686
7759	145	13848
22759	364	28848
7759	226	11192
22759	259	20849
22759	296	19600
2448	226	2910
17448	414	17910
17448	386	20618
2448	226	5750
2448	29	5618
9302	89	5642
24649	248	20642
29678	248	20642
11359	41	5642
23263	248	20642
15076	344	29636
76	78	14636
76	61	14636
76	48	14636
19416	321	23784
4416	151	2768
2768	225	4416
4416	20	8784
19416	368	17768
21443	410	18432
2842	159	6443
29019	364	21443
6443	49	3432
1023	145	6443
8312	4	13539
23312	296	28539
8312	75	12531
23312	259	20849
23312	284	22226
19625	259	20849
19625	414	15470
4625	226	5585
4625	226	4766
19625	414	23608
22368	344	20127
7368	189	5127
7368	48	10693
7368	48	5127
22368	344	25693
23364	414	28910
8364	226	13910
8364	205	2139
23364	414	25315
8364	226	10315
15811	351	17383
11122	161	811
21843	414	15811
3281	200	811
20876	414	15811
19180	351	26762
4180	160	11762
398	48	1556
15398	259	20849
15398	364	16556
398	145	1556
15398	330	16556
13309	159	7923
3202	48	7923
2454	200	7923
19602	330	22923
25375	330	22923
7839	75	13300
22839	304	24409
22839	414	28914
7839	48	13914
22839	364	28914
3935	145	3736
9023	145	3736
26802	364	18736
18935	364	18736
7931	145	3736
2059	159	5138
13666	159	5138
19146	330	20138
28666	330	20138
4146	159	5138
1763	151	9732
16763	321	18501
16763	368	24732
24732	267	16763
1763	20	3501
6969	226	745
3844	226	745
15745	351	27513
18844	414	15745
4195	226	745
22711	414	15732
7711	226	5253
7711	200	8884
22711	310	23884
22711	414	20253
17774	330	29261
17774	381	29261
2774	4	14261
17774	364	29261
2774	169	14261
16894	414	24121
16894	259	20849
1894	159	6928
1894	226	9121
1894	226	14054
16204	351	26362
1204	190	11421
16204	290	28954
1204	160	11362
1204	33	13954
6355	160	3432
14783	226	6355
29783	414	21355
21355	271	16260
4812	226	6355
19300	321	19728
4300	20	4728
4624	151	4300
4300	78	7570
4300	48	7570
5047	4	1411
5047	226	13850
20047	364	28665
5047	145	13665
20047	414	28850
21755	330	20138
21755	416	19598
6755	159	5138
6755	51	4598
11937	225	6755
19565	344	26454
4565	189	11454
1201	4	11393
16201	364	25373
1201	145	10373
16201	296	26393
16201	259	20849
15476	344	17955
476	151	1915
15476	368	16915
16915	267	15476
476	145	2955
2211	42	5973
17211	341	19162
17211	257	22125
2211	151	14751
14751	225	2211
23541	344	17712
8541	145	4506
8541	189	2712
2882	151	3487
17882	368	18487
18487	267	17882
3487	225	2882
15364	414	28732
364	226	13732
364	226	1846
15364	259	20849
364	71	975
5587	145	9378
24378	351	28311
18059	414	24378
19044	414	24378
20587	364	24378
9469	169	5246
24469	411	20246
9469	48	14057
24469	381	29057
24469	296	17968
5455	48	9068
5455	159	9068
5455	205	13725
20455	414	18438
20455	364	24068
19296	344	23988
4296	78	8988
25553	267	19296
4296	48	8988
19296	321	20411
7468	145	10052
7468	4	12498
22468	364	25052
22468	296	27498
22468	330	25052
4616	23	5486
4655	23	5486
11767	23	5486
3539	23	5486
22971	259	20486
1989	4	8468
7975	4	8468
16989	296	23468
24492	296	23468
2280	4	8468
15211	414	23316
211	226	8316
15211	259	20849
4680	159	7502
19680	336	19757
19680	414	17707
19680	330	22502
4680	226	2707
18888	368	27629
3888	151	12629
27629	267	18888
12629	225	3888
9570	145	13665
24570	364	28665
24570	409	26417
24570	259	20849
24570	414	16826
17972	259	20849
2972	226	10787
17972	414	25787
2972	205	12555
23511	414	27678
8511	226	12678
23511	386	16260
8511	226	6130
23511	414	21130
2659	49	13816
17659	410	28816
17659	384	20099
2659	16	5099
2659	16	6046
20866	344	28879
5866	189	13879
5866	145	13879
28254	364	18404
14161	71	3404
18404	260	20143
18404	271	20618
13254	145	3404
24173	344	24991
9173	225	3788
3788	151	9173
9173	78	9991
9173	61	9991
29211	321	22538
3700	20	7538
18700	321	22538
14211	20	7538
22538	386	21501
2457	159	11994
17457	330	26994
17457	259	20849
2457	48	11994
20900	290	28161
5900	33	13386
20900	290	19847
5900	33	13161
20900	290	28386
22995	344	23186
22995	321	20211
7995	20	12331
7995	20	5211
7995	141	10399
24763	351	17476
9763	160	2476
24763	271	16260
16083	265	29500
5651	159	1083
22018	381	16083
28019	377	16083
4833	159	1083
3699	226	8649
3071	226	8649
3948	226	8649
12816	226	8649
18697	414	23649
16494	397	19709
16494	290	28577
1494	139	4709
1494	33	2920
1494	33	4709
2705	226	9222
8693	226	9222
17705	414	24222
16307	414	24222
21905	414	24222
7794	160	8331
22794	351	23331
22794	362	24322
22794	384	20099
7794	46	9322
22983	311	29480
7983	75	14480
7983	145	11336
22983	364	26336
22983	259	20849
23502	259	20849
23502	414	21918
23502	414	23902
8502	226	8902
8502	226	6918
18833	344	29530
18833	267	19461
4461	151	3833
3833	145	1104
3833	48	1104
16964	414	22832
23593	414	22832
17993	414	22832
17993	330	22832
17993	364	22832
5787	145	1403
5787	48	14887
20787	330	29887
5787	145	2191
20787	284	25131
3825	145	13564
3825	75	13300
18825	330	15686
18825	364	28564
3825	159	686
27716	296	16258
26813	296	16258
19674	296	16258
12716	4	1258
22736	296	16258
24857	351	21920
9857	33	2572
24857	290	17237
24857	346	18518
9857	190	6532
18741	414	16601
3741	145	12694
18741	364	27694
3741	226	1601
22444	344	23603
7444	48	8603
22444	368	20190
5190	225	7444
7444	151	5190
28232	321	21848
7632	20	6848
1526	20	6848
3575	20	6848
16526	321	21848
28216	368	16016
16016	344	24293
1016	225	13216
13216	151	1016
1016	78	9293
6740	4	12248
21740	296	27248
21740	409	18482
6740	159	9980
21740	250	20312
17142	351	29738
2142	49	4865
2142	160	14738
13934	226	2142
17142	410	19865
18661	259	20849
3661	159	5776
18661	330	20776
18661	414	21113
18661	414	26215
28537	364	17723
19843	364	17723
6795	145	2723
29267	364	17723
8231	145	2723
24687	344	25851
9687	151	14978
9687	61	10851
9687	78	10851
14978	225	9687
9714	172	9961
24714	259	20665
24714	293	24961
9714	23	5665
7305	4	13704
7305	205	4030
22305	284	19030
22305	414	22682
22305	296	28704
24039	284	21842
24039	259	20849
24039	311	24232
9039	75	9232
9039	205	6842
985	4	13539
985	226	11977
15985	296	28539
15985	414	19874
985	205	4470
20410	416	20874
19440	416	20874
7910	51	5874
28820	416	20874
4440	51	5874
22049	409	24161
7049	125	9161
22049	259	20849
849	78	4598
2059	51	4598
11937	51	4598
4598	226	831
25485	416	19598
2567	205	11129
17567	284	26129
2567	226	829
17567	414	15829
2567	4	12641
18356	290	28247
18356	290	29825
3356	33	14825
3356	33	13247
18356	290	17920
18575	321	21848
3575	20	6848
29904	414	19671
17020	414	19671
24401	414	19671
14904	226	4671
4671	49	11884
6024	226	3615
21024	414	18615
6024	145	1886
21024	414	18057
6024	226	3057
7424	226	8771
29491	414	23771
22424	414	23771
8771	160	8529
14491	226	8771
628	226	4510
628	226	9212
628	159	3296
15628	414	19510
15628	364	18296
20112	344	28484
5112	151	531
531	225	5112
20112	368	15531
5112	145	13484
14086	48	7050
21424	381	22050
17791	381	22050
28525	381	22050
19829	381	22050
3008	226	14025
18008	414	29025
3008	4	3263
18008	259	20849
3008	226	8430
1117	160	3432
16117	351	18432
16117	392	22464
1117	49	3432
16117	271	16260
25727	311	20914
29171	304	20914
21609	304	20914
10447	75	5914
19604	311	20914
15036	344	17087
36	78	2087
36	61	2087
36	145	1815
15036	344	16815
8531	226	6865
8531	205	1065
23531	414	21865
23531	259	20849
23531	284	16065
24808	259	20849
24808	414	29985
9808	226	14985
9808	226	89
24808	414	15089
22786	284	25110
22786	414	22984
7786	205	10110
7786	226	7984
22786	259	20849
28990	344	17028
13990	78	2028
13990	61	2028
21270	344	17028
13990	48	2028
24308	416	27901
9308	159	4505
9308	48	4505
9308	51	12901
24308	330	19505
1779	205	13725
16779	284	28725
16779	414	28266
1779	226	13266
16779	304	17576
20717	414	16871
20717	414	27119
5717	226	1871
20717	414	16886
20717	414	22491
29499	319	20911
20929	319	20911
19117	319	20911
21252	319	20911
13174	98	5911
241	48	79
5790	159	79
863	159	79
24891	381	15079
863	48	79
3015	51	12120
18015	330	22475
14889	225	3015
18015	368	29889
3015	159	7475
8860	4	8662
8860	75	12531
23860	411	23092
23860	284	26129
23860	296	23662
17323	250	27862
2323	53	12862
17323	303	21559
2323	156	6559
13392	226	8991
3696	226	8991
18696	414	23991
10270	226	8991
28392	414	23991
16261	344	27016
1261	20	6333
16261	321	21333
1261	141	10399
1261	61	12016
15279	381	19540
279	159	4540
15279	330	19540
15279	414	19540
279	116	359
9065	125	11417
24065	259	20849
24065	411	19139
24065	409	26417
9065	169	4139
18222	411	20437
3222	169	5437
20500	411	20437
16674	411	20437
1674	169	5437
4494	33	5923
19494	290	20923
4494	247	9775
4494	33	324
19494	290	15324
6861	226	13633
21861	414	28633
21861	330	26692
21861	259	20849
6861	169	6637
21818	397	16943
6818	139	1943
6818	190	10094
6818	194	7911
21818	290	16943
5265	205	6111
4819	205	6111
3528	205	6111
18528	284	21111
20265	284	21111
24994	296	23556
19254	296	23556
25724	296	23556
19231	296	23556
4231	4	8556
21571	364	17471
6571	75	13300
21571	330	17471
6571	159	2471
6571	48	2471
7060	226	1054
22060	414	16054
22060	259	20849
7060	169	9678
17649	344	25378
15311	344	25378
311	61	10378
2649	61	10378
311	78	10378
15133	284	28725
133	75	13300
133	159	7227
15133	311	28300
15133	259	20849
2409	151	7571
22571	368	25746
7571	61	795
7571	151	10746
7571	78	795
8052	226	13381
23052	414	29757
23052	414	19001
23052	414	28381
23052	414	29235
24854	364	16219
9854	145	1219
7782	145	1219
2178	145	1219
17178	364	16219
24663	341	19162
9663	51	7125
9663	222	4162
24663	416	22125
24663	257	22125
10065	75	1946
10065	226	6323
25065	311	16946
10065	145	5694
10065	4	475
21289	281	16459
6289	157	1459
2479	4	12906
17479	296	27906
17479	414	25840
17479	259	20849
2479	226	10840
973	48	12047
973	226	7023
15973	364	21388
15973	259	20849
973	226	5443
20359	344	20531
5359	145	5531
5359	189	5531
23744	410	29407
8744	49	14407
23244	351	22942
8244	160	7942
23244	384	20099
23244	362	21276
8244	46	6276
13591	159	8432
9281	145	8432
20720	330	23432
24200	330	23432
9281	159	8432
23412	378	27863
8412	77	12863
8412	77	8141
15072	293	20738
19512	379	20738
27294	410	20738
12294	49	5738
4512	106	5738
19391	321	15850
4391	151	1187
1187	225	4391
4391	20	850
19391	368	16187
1924	194	2943
10729	194	2943
16924	274	17943
25729	274	17943
23830	274	17943
23458	364	17999
8458	145	2999
8458	75	12531
23458	304	27531
23458	259	20849
17247	414	29217
2247	226	14217
2247	226	9751
17247	259	20849
2247	226	6214
9726	145	1576
9726	4	13928
24726	296	28928
9726	205	11969
24726	364	16576
29711	267	17397
2397	189	3159
17397	344	18159
17397	321	24902
2397	151	14711
22528	381	28217
7528	48	4953
7528	48	13217
22528	381	19953
22528	296	16839
4493	205	11030
19493	284	26030
19493	381	23566
4493	226	10617
4493	48	8566
16038	284	26835
16038	386	16260
16038	259	20849
1038	205	11835
21205	321	20411
6205	20	5411
21205	344	16449
6205	78	1449
6205	48	1449
23703	271	16260
28305	296	23703
5091	4	8703
13305	4	8703
8045	4	8703
23616	351	15894
8616	33	14050
8616	160	10044
8616	160	894
23616	397	18674
29457	321	16476
26549	321	16476
28066	321	16476
29517	321	16476
15693	321	16476
12202	44	6296
17126	302	21296
16609	302	21296
22725	302	21296
16473	357	21296
29218	344	22201
22261	344	22201
9733	113	7201
22201	250	26372
14218	78	7201
14882	189	7197
6199	145	7197
29882	364	22197
7197	20	209
4870	145	7197
18700	321	22538
3700	20	7538
16720	358	28474
1720	219	13474
1720	162	12728
16720	416	27728
28475	364	23386
26998	381	23386
13475	145	8386
8521	226	8386
12687	226	8386
24060	321	15094
14415	151	9060
9060	225	14415
9060	20	94
29415	368	24060
5091	4	8703
20091	414	25039
5091	226	10039
20091	296	23703
20091	259	20849
24242	414	29626
9242	226	5907
24242	414	20907
9242	226	14626
24242	259	20849
21934	296	28741
21934	284	19096
21934	381	24498
6934	4	346
21934	381	16284
23878	410	23331
8878	49	8331
8878	36	7997
23878	260	22997
23878	248	20926
2810	20	11712
17810	344	22878
17810	321	26712
2810	145	7878
2810	189	7878
25276	344	29081
19070	368	25276
25276	267	19070
10276	61	14081
10276	225	4070
2601	226	4031
2601	226	5628
17601	284	19884
17601	411	24945
17601	414	19031
