4637	17	13742
19637	302	28742
0	0	0
6880	226	3763
6880	226	8629
6880	145	2449
21880	414	18763
21880	414	23629
21880	364	17449
0	0	0
0	0	0
6994	15	8676
6994	53	13574
21994	336	23676
21994	250	28574
0	0	0
6412	226	13328
21412	414	28328
0	0	0
0	0	0
3685	51	5578
18685	416	20578
0	0	0
1166	145	2354
1166	226	14188
1166	226	7958
16166	364	17354
16166	414	29188
16166	414	22958
0	0	0
0	0	0
151	48	85
151	159	85
8931	145	85
15151	381	15085
15151	330	15085
23931	364	15085
0	0	0
7937	226	487
12842	226	487
2078	226	487
22937	414	15487
27842	414	15487
20418	414	15487
0	0	0
7216	160	5207
13940	160	5207
22216	351	20207
28940	351	20207
0	0	0
1148	226	1270
16148	414	16270
0	0	0
5647	151	4998
4998	225	5647
4998	78	13077
20647	368	19998
19998	267	20647
19998	344	28077
0	0	0
4661	196	14352
14352	34	4661
19661	267	29352
29352	394	19661
0	0	0
290	225	14672
14672	151	290
15290	267	29672
29672	368	15290
0	0	0
8827	226	2467
8827	226	1123
23827	414	17467
23827	414	16123
0	0	0
2755	226	3108
2755	145	3108
2755	226	9839
17755	414	18108
17755	364	18108
17755	414	24839
0	0	0
8582	48	2859
8582	159	2859
8582	226	2859
23582	381	17859
23582	330	17859
23582	414	17859
0	0	0
6057	51	301
13821	51	301
10054	51	301
21057	416	15301
28821	416	15301
25054	416	15301
0	0	0
6258	145	14347
6258	145	13665
6258	4	10418
21258	364	29347
21258	364	28665
21258	296	25418
0	0	0
482	168	7072
482	154	6274
15482	269	22072
15482	284	21274
0	0	0
8244	160	7942
14964	160	7942
9792	160	7942
23244	351	22942
29964	351	22942
24792	351	22942
0	0	0
7810	48	7475
22810	381	22475
0	0	0
8029	226	4844
8029	205	6150
23029	414	19844
23029	284	21150
0	0	0
5060	99	14738
20060	342	29738
0	0	0
9325	20	94
9325	78	10398
24325	321	15094
24325	344	25398
0	0	0
7413	226	2289
7413	145	1483
7413	48	1483
22413	414	17289
22413	364	16483
22413	381	16483
0	0	0
5290	145	1284
5290	159	1284
5290	205	10008
20290	364	16284
20290	330	16284
20290	284	25008
0	0	0
8190	78	4135
8190	145	1708
7617	151	8190
23190	344	19135
23190	402	19135
22617	368	23190
0	0	0
2420	145	7051
7554	145	7051
9420	145	7051
17420	364	22051
17555	364	22051
17420	364	22051
0	0	0
0	0	0
2325	156	13139
17325	303	28139
0	0	0
4851	51	914
9488	51	914
1296	192	914
16767	416	15914
24488	416	15914
15914	308	16296
0	0	0
8947	48	7456
8947	48	4585
8947	205	946
23947	381	22456
23947	381	19585
23947	284	15946
0	0	0
4806	49	6158
2524	226	4806
14555	145	4806
19806	410	21158
16606	414	19806
29555	364	19806
0	0	0
13672	226	6929
13102	226	6929
13198	226	6929
28672	414	21929
28102	414	21929
28198	414	21929
0	0	0
271	205	7752
271	226	4221
271	226	13334
15271	284	22752
15271	414	19221
15271	414	28334
0	0	0
7007	160	9652
7007	49	9652
22007	351	24652
22007	410	24652
0	0	0
3073	33	1803
3073	33	7110
3073	33	6532
18073	290	16803
18073	290	22110
18073	271	15843
0	0	0
9953	222	3227
9953	51	3227
9953	151	4062
24953	341	18227
24953	416	18227
24953	368	19062
0	0	0
716	205	10110
15716	284	25110
0	0	0
3967	226	7958
18967	414	22958
0	0	0
848	145	14732
848	48	3605
848	159	3605
15848	364	29732
15848	381	18605
15848	330	18605
0	0	0
9250	226	10236
9250	226	7816
9250	226	9121
24250	414	25236
24250	414	22816
24250	414	24121
0	0	0
3675	205	13275
3675	226	181
3675	226	12754
18675	284	28275
18675	414	15181
18675	414	27754
0	0	0
7793	226	4844
7721	226	4844
1589	226	4844
22793	414	19844
22721	414	19844
16589	414	19844
0	0	0
7313	151	13487
7313	20	14241
22313	368	28487
22313	321	29241
0	0	0
7760	226	14217
7760	205	10179
7760	226	5253
22760	414	29217
22760	284	25179
22760	414	20253
0	0	0
6735	159	7456
6735	48	7456
6735	4	1839
21735	330	22456
21735	381	22456
21735	296	16839
0	0	0
527	226	1522
527	226	9810
15527	414	16522
15527	414	24810
0	0	0
8743	226	12797
23743	414	27797
0	0	0
3686	225	10212
10212	151	3686
3686	78	14357
18686	267	25212
25212	368	18686
18686	344	29357
0	0	0
6612	159	5774
21612	330	20774
0	0	0
4759	145	3362
19759	364	18362
0	0	0
2767	33	3757
2767	33	1235
17767	290	18757
17767	290	16235
0	0	0
5834	78	7847
5834	20	3133
20834	344	22847
20834	321	18133
0	0	0
9030	78	13785
9030	225	5882
5882	151	9030
24030	344	28785
24030	267	20882
20882	368	24030
0	0	0
6239	145	13665
6239	4	7520
6239	48	2859
21239	364	28665
21239	296	22520
21239	381	17859
0	0	0
3564	226	4750
3564	226	4510
18564	414	19750
18564	414	19510
0	0	0
8984	145	8936
8984	159	8936
8984	205	13271
23984	364	23936
23984	330	23936
23984	284	28271
0	0	0
6455	225	7644
7644	151	6455
6455	48	9106
21455	267	22644
22644	368	21455
21455	381	24106
0	0	0
9933	49	14264
24933	410	29264
0	0	0
9681	159	8681
9681	51	14110
24681	330	23681
24681	416	29110
0	0	0
7445	205	9800
7445	226	6439
7445	226	8608
22445	284	24800
22445	414	21439
22445	414	23608
0	0	0
4393	226	14662
4393	226	827
4393	226	1333
19393	414	29662
19393	414	15827
19393	414	16333
0	0	0
6301	226	7097
5622	226	7097
3340	226	7097
21301	414	22097
20622	414	22097
18340	414	22097
0	0	0
6843	226	7875
6843	226	811
6843	159	7502
21843	414	22875
21843	414	15811
21843	330	22502
0	0	0
2058	226	13099
2058	226	5936
2058	159	4373
17058	414	28099
17058	414	20936
17058	330	19373
0	0	0
0	0	0
0	0	0
14300	49	9652
7007	160	9652
7007	49	9652
29300	410	24652
22007	351	24652
22007	410	24652
0	0	0
9853	226	9776
9853	226	382
24853	414	24776
24853	414	15382
0	0	0
5683	16	7848
20683	384	22848
0	0	0
2264	226	4750
17264	414	19750
0	0	0
8057	226	289
7208	226	289
4848	226	289
23057	414	15289
22208	414	15289
19848	414	15289
0	0	0
6640	48	14727
6640	145	14727
21640	381	29727
21640	364	29727
0	0	0
3928	226	2467
3928	205	7267
18928	414	17467
18928	284	22267
0	0	0
13497	160	5667
4510	160	5667
28497	351	20667
19510	351	20667
0	0	0
6907	169	415
14182	169	415
21907	411	15415
29182	411	15415
0	0	0
8178	226	5803
8178	226	6113
23178	414	20803
23178	414	21113
0	0	0
3540	226	7451
5221	226	7451
1832	226	7451
18540	414	22451
20221	414	22451
16832	414	22451
0	0	0
10379	48	12897
10379	226	14386
25379	381	27897
25379	414	29386
0	0	0
7281	20	6537
7281	20	9214
7281	78	13702
22281	321	21537
22281	321	24214
22281	344	28702
0	0	0
12758	226	6596
14559	226	6596
1870	226	6596
27758	414	21596
29559	414	21596
16870	414	21596
0	0	0
6559	34	9450
6804	156	6559
7755	156	6559
17323	303	21559
22292	303	21559
22755	303	21559
0	0	0
6673	226	3431
6425	226	3431
2112	226	3431
21673	414	18431
21425	414	18431
17112	414	18431
0	0	0
5532	160	5345
20532	351	20345
0	0	0
8959	75	13300
8959	226	4056
8959	4	7373
23959	311	28300
23959	414	19056
23959	296	22373
0	0	0
7930	128	2848
22930	346	17848
0	0	0
14308	225	10498
10498	151	14308
10498	20	7071
29308	267	25498
25498	368	29308
25498	321	22071
0	0	0
141	169	2036
141	226	3145
141	75	7696
15141	411	17036
15141	414	18145
15141	311	22696
0	0	0
4312	226	2000
4312	226	1034
4312	75	13300
19312	414	17000
19312	414	16034
19312	311	28300
0	0	0
4792	49	1532
19792	410	16532
0	0	0
8917	48	12889
8917	159	8528
8917	48	8528
23917	381	27889
23917	330	23528
23917	381	23528
0	0	0
12812	49	5875
14336	160	5875
6098	160	5875
27812	410	20875
29336	351	20875
21098	351	20875
0	0	0
1864	226	1054
16864	414	16054
0	0	0
9445	145	12927
24445	364	27927
0	0	0
9456	226	5709
24456	414	20709
0	0	0
4798	78	62
7298	225	4798
4798	151	7298
19798	344	15062
22298	267	19798
19798	368	22298
0	0	0
6196	4	2595
6196	75	13300
6196	226	6337
21196	296	17595
21196	311	28300
21196	414	21337
0	0	0
4756	144	6660
6660	1	8484
8249	144	6660
19756	294	21660
21660	334	23484
23249	294	21660
0	0	0
1039	226	3957
1039	4	8650
16039	414	18957
16039	296	23650
0	0	0
7412	42	5350
8808	42	5350
9888	42	5350
24888	250	20350
23808	250	20350
24888	250	20350
0	0	0
12857	169	6118
3656	169	6118
14635	169	6118
27857	411	21118
18656	411	21118
29635	411	21118
0	0	0
2437	49	14274
2437	160	14274
17437	410	29274
17437	351	29274
0	0	0
2950	78	10173
17950	344	25173
0	0	0
6632	125	2426
6632	226	8884
6632	226	5253
21632	414	20253
21632	414	23884
21632	414	20253
0	0	0
5440	53	13347
20440	250	28347
0	0	0
1982	33	2496
1982	33	3674
16982	290	17496
16982	290	18674
0	0	0
14228	98	2944
14228	193	2944
29228	319	17944
29228	336	17944
0	0	0
134	43	13917
15134	275	28917
0	0	0
3628	205	1286
18628	284	16286
0	0	0
5637	226	13631
5637	200	6259
5637	48	8389
20637	414	28631
20637	414	21259
20637	381	23389
0	0	0
5986	226	14706
20986	414	29706
0	0	0
1648	103	13262
16648	352	28262
0	0	0
0	0	0
7846	48	13975
7846	78	13575
22846	344	28975
22846	344	28575
0	0	0
9251	226	6900
9251	205	4096
9251	226	7366
24251	330	15362
24251	284	19096
24251	414	22366
0	0	0
14265	98	4438
14861	145	4438
29265	319	19438
29861	364	19438
0	0	0
8222	144	9917
8222	168	13085
23222	294	24917
23222	269	28085
0	0	0
1889	75	3805
1889	53	1499
16889	311	18805
16889	250	16499
0	0	0
1684	4	5702
2699	4	5702
5702	160	13053
17699	296	20702
17699	296	20702
20702	351	28053
0	0	0
6281	226	6126
728	226	6126
9608	226	6126
21281	414	21126
15728	414	21126
24608	414	21126
0	0	0
5472	78	9288
4460	78	9288
9288	54	12984
19861	344	24288
15521	344	24288
24288	375	27984
0	0	0
5283	77	10233
20283	378	25233
0	0	0
6784	128	2848
6784	160	3718
21784	346	17848
21784	351	18718
0	0	0
5972	33	1998
5972	139	1998
14724	33	1998
20972	290	16998
20972	397	16998
29724	290	16998
0	0	0
10283	78	2351
3867	226	2351
1893	226	2351
25283	344	17351
18867	414	17351
16893	414	17351
0	0	0
2604	205	13275
2604	226	3108
2604	4	9665
17604	284	28275
17604	414	18108
17604	296	24665
0	0	0
9359	205	13536
9359	226	9555
24359	284	28536
24359	414	24555
0	0	0
3867	226	2351
3867	226	9839
18867	414	17351
18867	414	24839
0	0	0
8968	4	13704
8968	205	5069
8968	159	8546
23968	296	28704
23968	284	20069
23968	330	23546
0	0	0
7708	226	9121
22708	414	24121
0	0	0
13444	145	8369
4555	145	8369
13364	145	8369
28444	364	23369
15345	364	23369
28364	364	23369
0	0	0
6438	205	3053
6438	159	9932
6438	48	4585
21438	284	18053
21438	330	24932
21438	381	19585
0	0	0
7964	226	904
7964	205	8488
22964	414	15904
22964	284	23488
0	0	0
6307	189	5026
21307	344	20026
0	0	0
13012	49	3845
13012	160	3845
5786	49	3845
28012	410	18845
28012	351	18845
22196	410	18845
0	0	0
0	0	0
3796	160	886
3796	160	846
18796	271	15886
18796	351	15846
0	0	0
6103	226	6324
6103	226	5547
6103	226	6456
21103	414	21324
21103	414	20547
21103	414	21456
0	0	0
9112	226	13910
9112	226	9839
9112	145	2354
24112	414	28910
24112	414	24839
24112	364	17354
0	0	0
7929	205	9459
22929	284	24459
0	0	0
9575	4	8833
9575	226	7589
9575	205	4030
24575	296	23833
24575	414	22589
24575	284	19030
0	0	0
14829	189	8698
409	78	8698
3023	189	8698
29829	344	23698
18023	344	23698
18023	344	23698
0	0	0
7126	195	586
7126	115	6788
7126	195	7728
22126	318	22728
22126	343	21788
22126	318	22728
0	0	0
1835	145	4323
16835	364	19323
0	0	0
6714	226	13256
6714	226	14217
21714	414	28256
21714	414	29217
0	0	0
4107	205	3624
4107	226	427
4107	226	13252
19107	284	18624
19107	414	15427
19107	414	28252
0	0	0
9016	33	6164
9016	33	950
24016	290	15950
24016	290	15950
0	0	0
2436	160	8989
17436	351	23989
0	0	0
1941	226	4019
1941	226	6214
16941	414	19019
16941	414	21214
0	0	0
10442	226	2672
10442	4	8650
25442	414	17672
25442	296	23650
0	0	0
1999	78	12866
16999	344	27866
0	0	0
3486	190	1803
3486	33	4568
3486	139	425
18486	290	16803
18486	271	15843
18486	397	15425
0	0	0
7086	226	6113
7086	226	9177
7086	205	8443
22086	414	21113
22086	414	24177
22086	284	23443
0	0	0
6227	78	7847
2825	78	7847
13989	78	7847
21227	344	22847
17825	344	22847
28989	344	22847
0	0	0
8127	115	10341
23127	343	25341
0	0	0
3359	205	13131
3359	4	2349
3359	226	14633
18359	284	28131
18359	296	17349
18359	414	29633
0	0	0
1784	159	10470
1784	226	10470
16784	330	25470
16784	414	25470
0	0	0
4059	226	10185
4059	205	8251
4059	145	3030
19059	414	25185
19059	284	23251
19059	364	18030
0	0	0
4313	205	4004
4313	226	7023
4313	226	5530
19313	284	19004
19313	414	22023
19313	414	20530
0	0	0
5250	20	13740
5250	151	13041
13041	225	5250
20250	321	28740
20250	368	28041
28041	267	20250
0	0	0
4570	226	10236
19570	414	25236
0	0	0
8475	20	9449
9833	20	9449
3358	20	9449
15392	321	24449
15392	321	24449
20225	321	24449
0	0	0
541	48	8083
541	226	7589
541	226	6250
15541	381	23083
15541	414	22589
15541	414	21250
0	0	0
0	0	0
3582	159	13882
3582	226	9177
3582	226	4649
18582	330	28882
18582	414	24177
18582	414	19649
0	0	0
14820	195	3315
4520	195	3315
5220	195	3315
29820	318	18315
22317	318	18315
17427	318	18315
0	0	0
7488	33	5247
2861	33	5247
1486	33	5247
22488	290	20247
17861	290	20247
16486	290	20247
0	0	0
7604	145	12927
7604	48	339
7604	226	2164
22604	364	27927
22604	381	15339
22604	414	17164
0	0	0
3416	169	4184
3416	48	4184
3416	159	4184
21721	411	19184
21721	381	19184
21721	330	19184
0	0	0
268	4	1408
8064	4	1408
1893	4	1408
15268	296	16408
23064	296	16408
16893	296	16408
0	0	0
7510	75	9216
22510	311	24216
0	0	0
5191	226	5033
5191	226	8886
20191	414	20033
20191	414	23886
0	0	0
266	226	13319
15266	414	28319
0	0	0
9248	159	7150
9248	145	7150
1011	145	7150
16011	330	22150
16011	364	22150
16011	364	22150
0	0	0
7635	226	14757
7635	226	2520
7635	226	13381
22635	414	29757
22635	414	17520
22635	414	28381
0	0	0
2586	225	4768
4768	151	2586
2586	145	14277
17586	267	19768
19768	368	17586
17586	364	29277
0	0	0
0	0	0
5433	226	3442
14438	226	3442
5546	226	3442
20433	414	18442
29438	414	18442
24463	414	18442
0	0	0
1373	226	2536
1373	226	14697
16373	414	17536
16373	414	29697
0	0	0
2498	226	9410
17498	414	24410
0	0	0
7265	20	9841
22265	321	24841
0	0	0
5965	159	14720
5965	48	14720
5965	4	14743
20965	330	29720
20965	381	29720
20965	296	29743
0	0	0
5820	226	14534
5820	75	13300
5820	4	5702
20820	414	29534
20820	311	28300
20820	296	20702
0	0	0
10421	226	9108
10421	4	6226
25421	414	24108
25421	296	21226
0	0	0
9061	226	1729
24061	414	16729
0	0	0
9224	48	2859
9224	145	2827
9224	169	9307
24224	381	17859
24224	364	17827
24224	411	24307
0	0	0
8016	25	2687
7075	145	2687
7287	25	2687
23016	285	17687
22075	364	17687
22287	285	17687
0	0	0
14789	159	790
3521	159	790
2566	159	790
29789	330	15790
18521	330	15790
17566	330	15790
0	0	0
9622	172	281
24622	293	15281
0	0	0
4240	189	2514
13754	78	2514
19240	344	17514
28754	344	17514
0	0	0
4328	145	13665
4328	48	7456
4328	226	4080
19328	364	28665
19328	381	22456
19328	414	19080
0	0	0
3064	226	1241
18064	414	16241
0	0	0
10174	226	13425
10174	226	6421
10174	226	3763
25174	414	28425
25174	414	21421
25174	414	18763
0	0	0
8017	188	380
8017	103	380
23017	363	15380
23017	281	15380
0	0	0
7333	205	3328
7333	226	662
22333	284	18328
22333	414	15662
0	0	0
1030	29	1260
8435	49	1030
16030	369	16260
23435	410	16030
0	0	0
0	0	0
5689	226	4766
20689	414	19766
0	0	0
9059	4	9562
24059	296	24562
0	0	0
9143	20	1269
9143	78	12815
24143	321	16269
24143	344	27815
0	0	0
4062	222	3227
4062	51	3227
9953	222	3227
19062	341	18227
19062	416	18227
24953	341	18227
0	0	0
7913	75	14236
22913	311	29236
0	0	0
14731	226	1054
7335	226	1054
8010	226	1054
29731	414	16054
22335	414	16054
23010	414	16054
0	0	0
3793	205	7419
7869	205	7419
13437	205	7419
18793	284	22419
22869	284	22419
28437	284	22419
0	0	0
13464	78	8427
1227	78	8427
3273	78	8427
28464	344	23427
18273	344	23427
18273	344	23427
0	0	0
8648	48	4916
9430	78	4916
2001	226	4916
16345	414	19916
19961	344	19916
24787	414	19916
0	0	0
9492	75	2401
2836	75	2401
148	75	2401
24492	304	17401
17836	311	17401
15148	311	17401
0	0	0
2801	226	9903
14032	226	9903
10045	226	9903
17801	414	24903
29032	414	24903
25045	414	24903
0	0	0
2703	226	3438
17703	414	18438
0	0	0
3958	205	2462
5771	205	2462
7206	205	2462
22732	284	17462
20771	284	17462
22206	284	17462
0	0	0
1381	205	7157
1381	4	1411
16381	284	22157
16381	296	16411
0	0	0
3484	145	1576
3484	75	13300
18484	364	16576
18484	311	28300
0	0	0
8392	41	1459
8392	41	7401
23392	248	16459
23392	248	22401
0	0	0
1071	169	2569
12916	169	2569
321	169	2569
16071	411	17569
27916	411	17569
15321	411	17569
0	0	0
10337	159	1826
10337	15	7083
10337	159	898
25337	330	16826
25337	336	22083
25337	330	15898
0	0	0
8835	145	2298
2314	145	2298
23835	364	17298
17314	364	17298
0	0	0
3412	226	13124
3412	48	961
3412	226	4987
18412	414	28124
18412	381	15961
18412	414	19987
0	0	0
4023	4	12803
19023	296	27803
0	0	0
4799	49	894
19799	410	15894
0	0	0
4892	205	13131
4892	159	6651
4892	4	6651
19892	284	28131
19892	330	21651
19892	296	21651
0	0	0
8481	4	3263
8481	205	1065
23481	296	18263
23481	284	16065
0	0	0
6138	160	4038
6327	160	4038
9645	160	4038
21138	351	19038
21327	351	19038
24645	351	19038
0	0	0
668	78	606
606	20	9841
15668	344	15606
15606	321	24841
0	0	0
3692	139	2496
18692	397	17496
0	0	0
14391	160	6704
267	160	6704
29391	351	21704
15267	351	21704
0	0	0
6069	78	13047
21069	344	28047
0	0	0
10089	160	14407
25089	351	29407
0	0	0
13972	226	6811
14080	226	6811
1203	226	6811
28972	414	21811
29080	414	21811
16203	414	21811
0	0	0
7093	33	864
7093	33	14083
7093	33	8254
22093	290	15864
22093	290	29083
22093	290	23254
0	0	0
2775	226	6048
2775	205	13271
2775	226	10035
17775	414	21048
17775	284	28271
17775	414	25035
0	0	0
14837	78	3939
7969	78	3939
5495	78	3939
29837	344	18939
22969	344	18939
22969	344	18939
0	0	0
9757	156	1692
9757	53	1499
24757	303	16692
24757	250	16499
0	0	0
4529	75	14652
19529	311	29652
0	0	0
8646	78	1549
8646	151	8870
23646	344	16549
23646	368	23870
0	0	0
3316	159	14305
3316	4	7339
18316	330	29305
18316	296	22339
0	0	0
6034	226	4649
13013	226	4649
10220	226	4649
20013	414	19649
28013	414	19649
19968	414	19649
0	0	0
2902	226	9715
2902	125	13394
17902	414	24715
17902	409	28394
0	0	0
2468	156	9482
17468	303	24482
0	0	0
9269	4	1411
9269	159	2545
24269	296	16411
24269	330	17545
0	0	0
7574	193	7083
9037	193	7083
13963	15	7083
15501	336	22083
24037	336	22083
28963	336	22083
0	0	0
987	241	2614
15987	404	17614
0	0	0
3784	78	8713
18784	344	23713
0	0	0
0	0	0
5317	33	9686
5317	190	6164
5317	33	13247
20317	290	24686
20317	290	15950
20317	290	28247
0	0	0
3540	226	7451
3540	145	2545
3540	159	2545
18540	414	22451
18540	364	17545
18540	330	17545
0	0	0
6192	33	1803
21192	290	16803
0	0	0
10053	4	1839
10053	205	3053
25053	296	16839
25053	284	18053
0	0	0
9869	226	10143
24869	414	25143
0	0	0
4337	189	5833
6442	151	4337
4337	225	6442
19337	344	20833
21442	368	19337
19337	267	21442
0	0	0
1321	226	14034
1321	226	1497
1321	159	6541
16321	414	29034
16321	414	16497
16321	330	21541
0	0	0
8940	226	1497
8940	226	4649
8940	226	9177
23940	414	16497
23940	414	19649
23940	414	24177
0	0	0
1835	145	4323
12814	145	4323
2382	145	4323
16835	364	19323
27814	364	19323
17382	364	19323
0	0	0
6143	159	10052
6143	226	829
21143	330	25052
21143	414	15829
0	0	0
5263	145	2922
5263	78	3200
20263	344	18200
20263	344	18200
0	0	0
8219	41	14153
23219	248	29153
0	0	0
9600	160	6501
9600	33	1998
24600	271	21501
24600	290	16998
0	0	0
1683	189	7878
16683	344	22878
0	0	0
9271	226	3108
9271	226	3057
9271	226	1368
24271	414	18108
24271	414	18057
24271	414	16368
0	0	0
2868	159	10464
2868	226	10464
5323	226	10464
17868	330	25464
17868	414	25464
20323	414	25464
0	0	0
10091	151	1991
1991	225	10091
1991	78	5537
25091	368	16991
16991	267	25091
16991	344	20537
0	0	0
7045	11	1260
22045	369	16260
0	0	0
7208	226	7545
4134	226	7545
13229	226	7545
22208	414	22545
22208	414	22545
28229	414	22545
0	0	0
9765	226	13631
9765	205	1286
24765	414	28631
24765	284	16286
0	0	0
2988	78	4135
2988	145	1708
7617	225	2988
17988	344	19135
17988	402	19135
22617	267	17988
0	0	0
7185	78	730
9626	226	730
3756	78	730
22185	344	15730
24626	414	15730
22062	344	15730
0	0	0
466	78	5537
466	20	14221
466	151	2738
15466	344	20537
15466	321	29221
15466	368	17738
0	0	0
25	226	681
7657	226	681
13102	226	681
15025	414	15681
22657	414	15681
28102	414	15681
0	0	0
9910	205	5041
1382	205	5041
7681	205	5041
24910	284	20041
16382	284	20041
22681	284	20041
0	0	0
441	4	1504
441	205	8251
15441	296	16504
15441	284	23251
0	0	0
0	0	0
13412	226	9758
13955	226	9758
8187	226	9758
28412	414	24758
28955	414	24758
23187	414	24758
0	0	0
4103	226	169
4103	226	6918
4103	226	732
19103	414	15169
19103	414	21918
19103	414	15732
0	0	0
10011	53	6976
10011	53	4753
25011	250	21976
25011	250	19753
0	0	0
13924	33	2920
12753	33	2920
8616	33	2920
28924	290	17920
27753	290	17920
23616	290	17920
0	0	0
10214	48	9960
10214	78	3257
10214	225	3007
25214	402	24960
25214	344	18257
25214	267	18007
0	0	0
6174	51	7704
21174	416	22704
0	0	0
2791	145	14727
2791	48	7050
2791	226	8430
17791	377	29727
17791	381	22050
17791	414	23430
0	0	0
6842	53	4966
14192	205	6842
9039	205	6842
21842	271	16260
29192	284	21842
24039	284	21842
0	0	0
1348	159	1081
1348	226	904
1348	226	7814
16348	330	16081
16348	414	15904
16348	414	22814
0	0	0
12761	205	7807
12761	4	7807
12761	226	7807
27761	284	22807
27761	296	22807
27761	414	22807
0	0	0
7729	139	1943
9831	139	1943
13343	139	1943
22729	397	16943
25170	397	16943
28343	397	16943
0	0	0
4832	98	3774
7693	48	3774
4331	159	3774
19832	319	18774
22693	381	18774
17751	330	18774
0	0	0
6973	145	4916
6973	4	4165
6973	226	3277
21973	364	19916
21973	296	19165
21973	414	18277
0	0	0
8155	159	1185
8216	159	1185
6672	159	1185
23216	330	16185
23216	330	16185
21672	330	16185
0	0	0
1521	151	2485
2485	225	1521
1521	222	5256
16521	368	17485
17485	267	16521
16521	341	20256
0	0	0
49	78	6957
49	20	850
15049	344	21957
15049	321	15850
0	0	0
5347	222	9013
5325	151	5347
5347	156	3254
20347	341	24013
20325	368	20347
20347	303	18254
0	0	0
3695	169	14425
3695	159	14425
3695	145	14425
18695	411	29425
18695	330	29425
18695	364	29425
0	0	0
4090	4	3772
4090	226	6169
4090	226	2142
19090	296	18772
19090	414	21169
19090	414	17142
0	0	0
2073	151	14380
14380	225	2073
2073	20	4976
17073	368	29380
29380	267	17073
17073	321	19976
0	0	0
3684	226	1333
3684	226	10385
18684	414	16333
18684	414	25385
0	0	0
4108	75	13300
4108	159	7951
4108	205	4190
19108	304	28300
19108	330	22951
19108	284	19190
0	0	0
7416	159	14771
7416	226	5645
22416	330	29771
22416	414	20645
0	0	0
5201	205	3624
14529	205	3624
4107	205	3624
20201	284	18624
29529	284	18624
19107	284	18624
0	0	0
7494	75	9025
22494	311	24025
0	0	0
391	4	8833
15391	296	23833
0	0	0
13401	20	6649
3459	20	6649
13133	20	6649
28401	321	21649
18459	321	21649
28133	321	21649
0	0	0
723	205	8107
723	226	10185
723	4	8662
15723	284	23107
15723	414	25185
15723	296	23662
0	0	0
7356	205	6556
7356	226	13384
22356	284	21556
22356	414	28384
0	0	0
1828	172	9970
9970	244	1828
16828	293	24970
24970	275	16828
0	0	0
3527	20	13485
18527	321	28485
0	0	0
7899	159	6897
7899	15	7083
22899	330	21897
22899	336	22083
0	0	0
8203	145	2710
23203	364	17710
0	0	0
457	29	5618
15457	369	20618
0	0	0
796	160	13311
796	49	13311
15796	351	28311
15796	410	28311
0	0	0
8994	48	2540
8994	159	2540
8994	226	13058
23994	381	17540
23994	330	17540
23994	414	28058
0	0	0
2434	29	1260
2434	222	750
17434	386	16260
17434	341	15750
0	0	0
7496	226	4164
22496	414	19164
0	0	0
8723	189	10398
8723	151	6391
6391	225	8723
23723	344	25398
23723	368	21391
21391	267	23723
0	0	0
3610	225	14279
14279	151	3610
18610	267	29279
29279	368	18610
0	0	0
9391	145	1868
9391	226	9715
9391	205	358
24391	364	16868
24391	414	24715
24391	284	15358
0	0	0
216	226	827
216	226	9287
216	226	10315
15216	414	15827
15216	414	24287
15216	414	25315
0	0	0
7598	226	6113
7598	226	2442
22598	414	21113
22598	414	17442
0	0	0
4775	4	517
4775	48	3774
4775	159	3774
19775	296	15517
19775	381	18774
19775	330	18774
0	0	0
7308	33	822
7308	33	13577
7308	160	1008
22308	271	15843
22308	290	28577
22308	271	15843
0	0	0
7144	189	2183
7144	225	13186
13186	151	7144
22144	344	17183
22144	267	28186
28186	368	22144
0	0	0
14390	78	9991
3788	78	9991
9991	160	363
29390	344	24991
18788	344	24991
24991	351	15363
0	0	0
5236	145	6620
5236	4	6226
20236	364	21620
20236	296	21226
0	0	0
6124	226	1793
6124	226	6322
21124	414	16793
21124	414	21322
0	0	0
1901	169	14803
1901	145	7051
16901	411	29803
16901	364	22051
0	0	0
9302	41	13158
24302	248	28158
0	0	0
7394	226	12929
7394	226	14587
22394	414	27929
22394	414	29587
0	0	0
8027	120	8805
8805	71	1260
3136	160	8805
18136	351	23805
23805	369	16260
18136	351	23805
0	0	0
5273	226	8774
3521	145	8774
3521	226	8774
20273	414	23774
18521	364	23774
18521	414	23774
0	0	0
6970	145	7684
6970	48	3638
21970	364	22684
21970	381	18638
0	0	0
6270	78	2028
6270	20	3214
21270	344	17028
21270	321	18214
0	0	0
12908	127	5654
27908	317	20654
0	0	0
6925	226	904
6925	159	9979
21925	414	15904
21925	330	24979
0	0	0
4575	4	9861
19575	296	24861
0	0	0
6163	48	9912
6163	4	14325
6163	205	3182
21163	381	24912
21163	296	29325
21163	284	18182
0	0	0
9623	154	3889
14712	154	3889
3006	154	3889
24403	284	18889
29712	284	18889
18006	284	18889
0	0	0
2562	226	8247
17562	414	23247
0	0	0
6453	160	14387
21453	351	29387
0	0	0
4435	226	1886
3664	226	1886
9241	226	1886
19435	414	16886
23621	414	16886
24241	414	16886
0	0	0
0	0	0
7112	151	7844
7844	225	7112
7112	20	6708
22112	368	22844
22844	267	22112
22112	321	21708
0	0	0
2598	226	13801
2598	205	7157
2598	226	583
17598	414	28801
17598	284	22157
17598	414	15583
0	0	0
9446	4	12934
24446	296	27934
0	0	0
12869	225	426
426	151	12869
27869	267	15426
15426	368	27869
0	0	0
5751	43	3432
5751	43	14570
18432	287	20751
29570	287	20751
0	0	0
5864	205	13271
5864	226	4510
20864	284	28271
20864	414	19510
0	0	0
5710	226	2449
5710	145	2449
20710	414	17449
20710	364	17449
0	0	0
6128	33	9544
6128	33	2002
21128	271	15843
21128	271	15843
0	0	0
659	205	5041
659	226	6653
659	4	718
15659	284	20041
15659	414	21653
15659	296	15718
0	0	0
3280	33	6198
3280	139	425
3280	33	3674
18280	290	21198
18280	290	15425
18280	290	18674
0	0	0
2193	48	13736
2193	145	13736
2193	159	13736
17193	381	28736
17193	364	28736
17193	330	28736
0	0	0
8548	226	7958
12996	226	7958
3760	226	7958
23548	414	22958
27996	414	22958
18760	414	22958
0	0	0
5023	33	2844
20023	290	17844
0	0	0
3056	226	10164
3056	159	4556
3056	205	9123
18056	414	25164
18056	330	19556
18056	284	24123
0	0	0
7796	226	3438
6673	226	3438
9867	226	3438
22796	414	18438
21673	414	18438
24867	414	18438
0	0	0
769	48	5915
769	159	5915
15769	381	20915
15769	330	20915
0	0	0
5089	20	10152
20089	321	25152
0	0	0
2071	226	14867
2071	226	8402
17071	414	29867
17071	414	23402
0	0	0
5529	151	8396
8396	225	5529
20529	368	23396
23396	267	20529
0	0	0
8990	160	6999
23990	351	21999
0	0	0
8439	159	14305
8439	226	13067
8439	4	7339
23439	330	29305
23439	414	28067
23439	296	22339
0	0	0
2860	4	13151
2860	226	4987
2860	226	13630
17860	296	28151
17860	414	19987
17860	414	28630
0	0	0
5678	145	7750
20678	364	22750
0	0	0
10016	160	13816
25016	351	28816
0	0	0
2314	159	8546
2314	75	13300
2314	226	14822
17314	330	23546
17314	311	28300
17314	414	29822
0	0	0
5844	226	2300
5949	226	2300
2726	226	2300
20949	414	17300
20949	414	17300
17726	414	17300
0	0	0
0	0	0
5952	226	8820
5952	226	14217
5952	159	5774
20952	414	23820
20952	414	29217
20952	330	20774
0	0	0
14833	41	6140
29833	248	21140
0	0	0
10003	75	13300
10003	226	7451
10003	48	3766
25003	311	28300
25003	414	22451
25003	381	18766
0	0	0
4474	169	8131
4474	226	1826
19474	411	23131
19474	414	16826
0	0	0
13331	98	929
8137	159	929
8137	48	929
28331	319	15929
23137	330	15929
23137	381	15929
0	0	0
3873	226	7239
1768	226	7239
7947	226	7239
18873	414	22239
16768	414	22239
22947	414	22239
0	0	0
6593	226	2115
8440	226	2115
1279	226	2115
21593	414	17115
23440	414	17115
23440	414	17115
0	0	0
4433	205	3483
4433	145	3030
19433	284	18483
19433	364	18030
0	0	0
0	0	0
0	0	0
3242	51	12901
3242	48	1764
3242	48	4505
18242	416	27901
18242	381	16764
18242	381	19505
0	0	0
1272	160	7164
13137	78	1272
16272	351	22164
28137	344	16272
0	0	0
8888	160	14573
8888	49	14573
23888	351	29573
23888	410	29573
0	0	0
9104	169	9557
24104	411	24557
0	0	0
8177	11	1834
5358	160	1834
6559	103	1834
23177	352	16834
20358	351	16834
21559	352	16834
0	0	0
8623	156	3805
1889	75	3805
13477	156	3805
23623	303	18805
16889	311	18805
28477	303	18805
0	0	0
450	145	1576
450	205	9645
450	226	8687
15450	364	16576
15450	284	24645
15450	414	23687
0	0	0
4681	42	14088
19681	250	29088
0	0	0
8540	78	2138
23540	344	17138
0	0	0
5134	159	898
10337	159	898
3337	159	898
20134	330	15898
25337	330	15898
18337	330	15898
0	0	0
0	0	0
1496	75	13300
1496	226	10185
1496	226	13124
16496	304	28300
16496	414	25185
16496	414	28124
0	0	0
234	168	14940
234	168	14256
15234	269	29940
15234	269	29256
0	0	0
9843	29	3320
9843	75	10057
24843	386	18320
24843	311	25057
0	0	0
8635	4	6240
8478	4	6240
1702	4	6240
23635	296	21240
23478	296	21240
16702	296	21240
0	0	0
6380	160	9292
21380	351	24292
0	0	0
9163	226	4649
9163	226	14985
24163	414	19649
24163	414	29985
0	0	0
7328	160	363
1270	160	363
13189	160	363
22328	351	15363
16270	351	15363
28189	351	15363
0	0	0
7322	226	952
7322	4	13741
7322	226	10470
22322	414	15952
22322	296	28741
22322	414	25470
0	0	0
3219	20	4088
3219	20	3129
3219	20	2773
18219	321	18129
18219	321	18129
18219	321	17773
0	0	0
2544	226	9284
17544	414	24284
0	0	0
5749	205	8488
5749	75	13300
5749	4	8662
20749	284	23488
20749	311	28300
20749	296	23662
0	0	0
0	0	0
13743	20	8281
3687	20	8281
28743	321	23281
18687	321	23281
0	0	0
6496	226	2467
21496	414	17467
0	0	0
3995	48	4658
3995	226	6763
3995	205	2183
18995	381	19658
18995	414	21763
18995	284	17183
0	0	0
378	145	2632
378	75	13300
378	226	8910
15378	364	17632
15378	311	28300
15378	414	23910
0	0	0
6084	78	3270
7953	78	3270
2480	78	3270
21084	344	18270
22953	344	18270
17480	344	18270
0	0	0
13104	160	9204
5941	49	9204
28104	351	24204
20941	410	24204
0	0	0
5361	160	4516
2724	226	5361
8929	226	5361
20361	351	19516
17724	414	20361
23929	414	20361
0	0	0
8930	169	9307
8930	205	2462
23930	411	24307
23930	284	17462
0	0	0
2677	159	8936
2677	145	8936
2677	226	13803
17677	330	23936
17677	364	23936
17677	414	28803
0	0	0
4700	33	340
4700	33	5428
4700	139	3551
19700	290	15340
19700	290	20428
19700	397	18551
0	0	0
9937	226	31
3853	226	31
14032	226	31
24937	414	15031
19214	414	15031
29032	414	15031
0	0	0
7762	225	8311
8311	151	7762
22762	267	23311
23311	368	22762
0	0	0
2662	226	1792
2662	205	7157
17662	414	16792
17662	284	22157
0	0	0
7092	48	10106
7092	48	12889
7092	4	3263
22092	381	25106
22092	381	27889
22092	296	18263
0	0	0
12796	145	3808
27796	364	18808
0	0	0
10051	205	1286
14473	205	1286
12881	205	1286
25051	284	16286
29473	284	16286
27881	284	16286
0	0	0
0	0	0
2795	41	14777
2795	115	10341
2795	49	2362
17795	248	29777
17795	343	25341
17795	342	19060
0	0	0
10304	226	9177
10304	226	4649
10304	159	6541
25304	414	24177
25304	414	19649
25304	330	21541
0	0	0
6021	226	9092
21021	414	24092
0	0	0
7291	160	1532
22291	351	16532
0	0	0
4725	29	5618
4725	125	3482
4725	205	5858
19725	386	20618
19725	409	18482
19725	284	20858
0	0	0
7408	189	7260
7408	225	13602
13602	151	7408
22408	344	22260
22408	267	28602
28602	368	22408
0	0	0
4830	205	13104
19830	284	28104
0	0	0
7155	78	4713
22155	344	19713
0	0	0
1961	226	5936
1961	226	14323
1961	226	9222
16961	414	20936
16961	414	29323
16961	414	24222
0	0	0
9649	160	13546
24649	351	28546
0	0	0
6578	226	4031
985	226	4031
2601	226	4031
16310	414	19031
15985	414	19031
17601	414	19031
0	0	0
9268	226	1086
1425	226	1086
4066	226	1086
24268	414	16086
16425	414	16086
19066	414	16086
0	0	0
4086	205	7267
4086	226	2467
19086	284	22267
19086	414	17467
0	0	0
804	226	5628
5481	226	5628
2601	226	5628
15804	414	20628
20481	414	20628
17601	414	20628
0	0	0
6095	75	13300
6095	226	2000
6095	145	10410
21095	311	28300
21095	414	17000
21095	364	25410
0	0	0
9047	145	14310
24047	364	29310
0	0	0
8809	159	7951
14827	159	7951
4108	159	7951
23809	330	22951
29827	330	22951
19108	330	22951
0	0	0
4352	226	9827
4352	205	14413
4352	145	9002
19352	414	24827
19352	284	29413
19352	364	24002
0	0	0
9688	226	5203
4309	226	5203
13057	226	5203
24688	414	20203
19309	414	20203
28057	414	20203
0	0	0
6194	144	6660
6194	53	6136
6194	53	12862
21194	294	21660
21194	250	21136
21194	250	27862
0	0	0
5768	48	14057
5768	226	887
5768	159	1690
20768	381	29057
20768	414	15887
20768	330	16690
0	0	0
6055	193	3220
6055	53	4593
21055	336	18220
21055	250	19593
0	0	0
3940	42	4593
5	53	4593
13888	53	4593
18940	250	19593
16231	250	19593
28888	250	19593
0	0	0
1897	189	7878
1897	151	1194
16897	344	22878
16897	368	16194
0	0	0
1417	78	6450
13128	78	6450
6317	78	6450
21317	344	21450
28128	344	21450
21317	344	21450
0	0	0
12962	49	8331
8331	23	5665
12931	49	8331
27962	410	23331
23331	259	20665
27931	410	23331
0	0	0
13005	226	7874
14684	226	7874
2407	226	7874
28005	414	22874
29684	414	22874
17407	414	22874
0	0	0
6732	75	7696
6732	226	7491
21732	311	22696
21732	414	22491
0	0	0
13259	39	6729
28259	395	21729
0	0	0
9709	48	9106
7691	48	9106
5419	48	9106
20419	381	24106
22691	381	24106
20419	381	24106
0	0	0
0	0	0
6433	48	12889
6433	48	8083
21433	381	27889
21433	381	23083
0	0	0
9065	169	4139
1156	169	4139
10491	169	4139
24065	411	19139
25491	411	19139
25491	411	19139
0	0	0
2760	222	3300
2760	42	3819
17760	341	18300
17760	250	18819
0	0	0
5405	226	14244
5405	226	14217
5405	159	6928
20405	414	29244
20405	414	29217
20405	330	21928
0	0	0
2718	151	6613
6613	225	2718
6613	20	3214
17718	368	21613
21613	267	17718
21613	321	18214
0	0	0
7644	81	5870
6455	225	7644
7644	151	6455
21455	267	22644
21455	267	22644
22644	368	21455
0	0	0
9374	128	2848
9374	160	5646
24374	346	17848
24374	351	20646
0	0	0
6377	169	1331
9626	169	1331
8162	169	1331
21377	411	16331
24626	411	16331
23162	411	16331
0	0	0
0	0	0
6536	4	1900
6536	226	1729
6536	159	8578
21536	296	16900
21536	414	16729
21536	330	23578
0	0	0
1015	168	13664
1015	156	9938
16015	269	28664
16015	303	24938
0	0	0
4937	97	14111
19937	293	29111
0	0	0
2253	205	7752
2253	226	1729
17253	284	22752
17253	414	16729
0	0	0
9384	20	5868
24384	321	20868
0	0	0
9931	226	13124
9931	159	10267
9931	226	7682
24931	414	28124
24931	330	25267
24931	414	22682
0	0	0
6424	48	12889
6424	145	14727
6424	226	8414
21424	381	27889
21424	364	29727
21424	414	23414
0	0	0
1178	41	3272
1178	41	9246
16178	248	18272
16178	248	24246
0	0	0
14084	139	6560
7907	139	6560
3600	139	6560
29084	397	21560
20963	397	21560
20963	397	21560
0	0	0
3278	49	1877
3278	160	1877
18278	410	16877
18278	351	16877
0	0	0
3689	205	8279
9224	205	8279
573	205	8279
18689	284	23279
24224	284	23279
15573	284	23279
0	0	0
4604	226	4844
4604	145	6388
4604	169	8407
19604	414	19844
19604	364	21388
19604	411	23407
0	0	0
6281	226	719
13537	226	719
6945	226	719
21281	414	15719
28537	414	15719
25453	414	15719
0	0	0
2155	151	2927
2927	225	2155
2155	225	14694
17155	368	17927
17927	267	17155
17155	267	29694
0	0	0
3083	226	4510
3083	4	12965
3083	169	2102
18083	414	19510
18083	296	27965
18083	411	17102
0	0	0
7316	53	5185
22316	250	20185
0	0	0
1492	145	9017
1492	226	9017
1492	48	13318
16492	364	24017
16492	414	24017
16492	381	28318
0	0	0
7685	29	1260
5530	160	7685
22685	369	16260
20530	351	22685
0	0	0
3035	159	12888
18035	330	27888
0	0	0
5244	222	13281
13281	233	5244
20244	341	28281
28281	249	20244
0	0	0
8185	20	6745
23185	321	21745
0	0	0
7551	145	7222
7551	205	8251
7551	4	6114
22551	364	22222
22551	284	23251
22551	296	21114
0	0	0
6029	20	14846
21029	321	29846
0	0	0
8569	139	2040
23569	397	17040
0	0	0
6576	107	14902
21576	312	29902
0	0	0
6436	46	9095
8390	46	9095
14934	46	9095
17958	362	24095
18113	362	24095
29934	362	24095
0	0	0
8750	160	886
8750	160	4426
23750	271	15886
23750	351	19426
0	0	0
2112	205	4004
2112	226	3431
17112	284	19004
17112	414	18431
0	0	0
7076	48	3633
7076	145	7222
22076	381	18633
22076	364	22222
0	0	0
0	0	0
146	56	10224
10224	223	146
15146	268	25224
25224	394	15146
0	0	0
2116	156	6033
1521	156	6033
5542	156	6033
17116	303	21033
16521	303	21033
16285	303	21033
0	0	0
6936	160	1265
7702	160	1265
21936	351	16265
22702	351	16265
0	0	0
4881	144	13021
4881	156	13021
19881	294	28021
19881	303	28021
0	0	0
1777	226	13621
1777	226	10315
1777	226	6998
16777	414	28621
16777	414	25315
16777	414	21998
0	0	0
6288	151	13795
6288	20	8446
21288	368	28795
21288	321	23446
0	0	0
2031	123	3432
2031	56	9878
17031	410	18432
17031	326	24878
0	0	0
392	151	3156
3156	225	392
392	78	13772
15392	368	18156
18156	267	15392
15392	344	28772
0	0	0
10461	225	14812
14812	151	10461
10461	51	7666
25461	267	29812
29812	368	25461
25461	416	22666
0	0	0
628	226	4510
13348	189	4510
9432	226	4510
15628	414	19510
28348	344	19510
24432	414	19510
0	0	0
1997	160	14274
16997	351	29274
0	0	0
1602	33	5389
1602	190	6532
1602	33	2237
16602	271	15843
16602	271	15843
16602	271	15843
0	0	0
2049	226	5319
10072	226	5319
8752	226	5319
17049	414	20319
25072	414	20319
23752	414	20319
0	0	0
1958	48	8083
6433	48	8083
13573	48	8083
22471	381	23083
21433	381	23083
28573	381	23083
0	0	0
8202	75	7823
23202	311	22823
0	0	0
188	156	4451
12885	156	4451
7661	156	4451
22661	303	19451
27885	303	19451
22661	303	19451
0	0	0
6385	226	744
2937	226	744
13592	226	744
21385	414	15744
17937	414	15744
28592	414	15744
0	0	0
1141	78	3992
1141	20	13367
16141	344	18992
16141	321	28367
0	0	0
4267	195	13875
19267	318	28875
0	0	0
667	78	243
832	78	243
549	189	243
15832	344	15243
15832	344	15243
15832	344	15243
0	0	0
5481	159	8578
10265	159	8578
5000	159	8578
20481	330	23578
25265	330	23578
21536	330	23578
0	0	0
4853	49	14512
4853	115	4169
4853	115	218
19853	410	29512
19853	343	19169
19853	343	19169
0	0	0
100	226	814
7948	226	814
10000	226	814
15100	414	15814
17005	414	15814
15100	414	15814
0	0	0
9318	226	13709
24318	414	28709
0	0	0
13758	168	1856
28758	269	16856
0	0	0
958	41	495
15958	248	15495
0	0	0
7048	116	4619
7048	226	9825
22048	414	24825
22048	414	24825
0	0	0
7932	226	9839
7932	226	5747
7932	226	14657
22932	414	24839
22932	414	20747
22932	414	29657
0	0	0
6986	226	542
6986	145	4665
6986	159	5453
21986	414	15542
21986	364	19665
21986	330	20453
0	0	0
3000	125	13394
18000	409	28394
0	0	0
13773	48	9088
28773	381	24088
0	0	0
5588	194	13269
20588	274	28269
0	0	0
14127	226	4363
4363	29	5618
29127	414	19363
19363	271	20618
0	0	0
6598	20	4088
6598	78	13975
6598	20	3129
21598	321	18129
21598	344	28975
21598	321	18129
0	0	0
6777	48	14324
21777	381	29324
0	0	0
9114	49	3718
9114	160	3718
24114	410	18718
24114	351	18718
0	0	0
372	226	13319
372	205	2183
372	226	542
15372	414	28319
15372	284	17183
15372	414	15542
0	0	0
9676	226	9244
9676	205	3640
9676	226	6337
24676	414	24244
24676	284	18640
24676	414	21337
0	0	0
5615	145	14400
5615	226	4795
20615	364	29400
20615	414	19795
0	0	0
4652	4	12951
4652	226	14229
4652	205	3098
19652	296	27951
19652	414	29229
19652	284	18098
0	0	0
4409	226	13256
4409	226	4019
19409	414	28256
19409	414	19019
0	0	0
1614	226	5940
1614	48	6154
1614	145	13665
16614	414	20940
16614	381	21154
16614	364	28665
0	0	0
9357	189	5859
24357	344	20859
0	0	0
9621	48	13571
9621	159	6154
9621	48	6154
24621	381	28571
24621	330	21154
24621	381	21154
0	0	0
3508	33	6198
7860	33	6198
7860	139	6198
18508	290	21198
22860	290	21198
22860	397	21198
0	0	0
3232	159	2816
3232	51	7577
18232	330	17816
18232	416	22577
0	0	0
268	4	1408
15268	296	16408
0	0	0
0	0	0
2539	205	14413
17539	284	29413
0	0	0
8053	226	7958
8053	4	5702
23053	414	22958
23053	296	20702
0	0	0
9432	4	7460
9432	226	2935
9432	226	4510
24432	296	22460
24432	414	17935
24432	414	19510
0	0	0
92	4	14260
92	159	2471
15092	296	29260
15092	330	17471
0	0	0
8666	49	10371
23666	410	25371
0	0	0
776	226	6944
6944	195	7968
2584	226	6944
15776	414	21944
21944	318	22968
17584	414	21944
0	0	0
3514	20	9407
3514	20	5918
18514	321	24407
18514	321	20918
0	0	0
1996	205	4884
1996	4	1900
1996	75	7696
16996	284	19884
16996	296	16900
16996	304	22696
0	0	0
9401	226	4671
9401	226	4557
24401	414	19671
24401	414	19557
0	0	0
1816	145	14305
1816	159	14305
16816	364	29305
16816	330	29305
0	0	0
14093	4	8662
9154	4	8662
6473	4	8662
29093	296	23662
24154	296	23662
21473	296	23662
0	0	0
2094	226	3409
7865	226	3409
2293	226	3409
15868	414	18409
22865	414	18409
15868	414	18409
0	0	0
6395	226	1822
21395	414	16822
0	0	0
6003	20	13091
21003	321	28091
0	0	0
2452	78	6354
2455	78	6354
4918	78	6354
17452	344	21354
21264	344	21354
19810	344	21354
0	0	0
2625	226	6874
9865	226	6874
10041	226	6874
17625	414	21874
24865	414	21874
16529	414	21874
0	0	0
14968	68	3781
29968	297	18781
0	0	0
9050	145	13665
24050	364	28665
0	0	0
2046	145	14277
17046	364	29277
0	0	0
1828	172	9970
9970	244	1828
16828	293	24970
24970	275	16828
0	0	0
7690	16	2042
22690	384	17042
0	0	0
3363	4	502
18363	296	15502
0	0	0
847	20	1904
15847	321	16904
0	0	0
10316	205	9855
10316	226	4639
25316	284	24855
25316	414	19639
0	0	0
10324	226	6216
9937	226	6216
14056	226	6216
25324	414	21216
24937	414	21216
29056	414	21216
0	0	0
2423	223	7038
7038	56	2423
17423	394	22038
22038	268	17423
0	0	0
6540	226	827
21540	414	15827
0	0	0
1524	172	3631
5079	49	1524
20079	410	16524
20079	410	16524
0	0	0
13465	225	3120
3120	151	13465
28465	267	18120
18120	368	28465
0	0	0
8337	226	8332
8337	205	9645
8337	145	2565
23337	414	23332
23337	284	24645
23337	364	17565
0	0	0
6701	75	13300
6701	226	1034
6701	226	2000
21701	311	28300
21701	414	16034
21701	414	17000
0	0	0
8362	20	4088
8362	189	13975
8362	20	3129
23362	321	18129
23362	344	28975
23362	321	18129
0	0	0
1242	160	6885
16242	351	21885
0	0	0
8758	78	14545
23758	344	29545
0	0	0
7498	205	14226
7498	205	2101
7498	226	4125
22498	284	29226
22498	284	17101
22498	414	19125
0	0	0
137	53	3351
137	144	6414
15137	250	18351
15137	294	21414
0	0	0
3981	169	13609
3981	226	5547
3981	226	4987
18981	411	28609
18981	414	20547
18981	414	19987
0	0	0
7641	43	13691
28691	400	22641
0	0	0
5480	160	1992
14016	160	1992
2742	11	1992
24717	351	16992
29016	351	16992
17742	352	16992
0	0	0
14262	49	9845
3234	160	9845
29262	410	24845
18234	351	24845
0	0	0
1213	4	13704
1213	226	7984
1213	226	5547
16213	296	28704
16213	414	22984
16213	414	20547
0	0	0
9431	29	1260
14481	160	9431
24431	369	16260
29481	351	24431
0	0	0
7319	75	13300
7319	159	2075
7319	145	2075
22319	311	28300
22319	330	17075
22319	364	17075
0	0	0
559	48	3605
559	159	3605
559	75	5958
15559	381	18605
15559	330	18605
15559	386	21501
0	0	0
7024	145	1576
7024	75	13300
7024	226	10385
22024	364	16576
22024	311	28300
22024	414	25385
0	0	0
4092	226	10412
10412	160	14738
19092	414	25412
25412	351	29738
0	0	0
5221	226	8756
5221	75	13300
5221	226	7451
20221	414	23756
20221	311	28300
20221	414	22451
0	0	0
4477	29	8889
4477	23	174
19477	369	23889
19477	259	15174
0	0	0
1240	226	6169
4090	226	6169
5724	226	6169
16240	414	21169
19090	414	21169
20724	414	21169
0	0	0
1666	172	9363
16666	293	24363
0	0	0
6591	169	5246
6591	4	1593
6591	48	2254
21591	411	20246
21591	296	16593
21591	381	17254
0	0	0
37	51	6983
37	151	3829
3829	225	37
15037	416	21983
15037	368	18829
18829	267	15037
0	0	0
5971	144	3353
5971	156	3353
20971	294	18353
20971	303	18353
0	0	0
8513	159	1735
8513	226	9189
23513	330	16735
23513	414	24189
0	0	0
2326	226	904
2326	145	9264
2326	205	4190
17326	414	15904
17326	364	24264
17326	284	19190
0	0	0
13765	226	919
8405	226	919
12829	226	919
28765	414	15919
23405	414	15919
27829	414	15919
0	0	0
7237	208	9592
7237	103	5618
22237	299	24592
22237	369	20618
0	0	0
8018	226	542
8018	226	9758
8018	226	9336
23018	414	15542
23018	414	24758
23018	414	24336
0	0	0
5064	79	6329
20064	293	21329
0	0	0
6414	1	8484
137	144	6414
21414	334	23484
15137	294	21414
0	0	0
8340	226	6351
3357	226	6351
5935	226	6351
23340	414	21351
18357	414	21351
20935	414	21351
0	0	0
6484	189	13629
10026	225	6484
6484	151	10026
21484	344	28629
25026	267	21484
21484	368	25026
0	0	0
2271	169	9557
9104	169	9557
10022	169	9557
25022	411	24557
24104	411	24557
25022	411	24557
0	0	0
8048	49	4233
8048	160	4233
13774	160	4233
23048	410	19233
23048	351	19233
28774	351	19233
0	0	0
9375	172	281
24375	293	15281
0	0	0
3595	139	6560
3595	160	13678
18595	397	21560
18595	351	28678
0	0	0
10494	145	5659
10494	205	3483
10494	4	8077
25494	364	20659
25494	284	18483
25494	296	23077
0	0	0
1603	48	4585
1603	226	4087
1603	159	6606
16603	381	19585
16603	414	19087
16603	330	21606
0	0	0
8954	33	1553
9944	33	1553
1462	33	1553
24944	290	16553
24944	290	16553
25095	290	16553
0	0	0
2736	5	3429
7981	5	3429
14715	5	3429
22981	387	18429
22981	387	18429
29715	387	18429
0	0	0
3874	159	5856
3874	226	7599
18874	330	20856
18874	414	22599
0	0	0
12911	124	312
13626	124	312
27911	293	15312
28626	293	15312
0	0	0
5325	222	9013
5325	151	5347
20325	341	24013
20325	368	20347
0	0	0
14044	226	9770
3284	226	9770
9770	160	4865
29044	414	24770
18284	414	24770
24770	351	19865
0	0	0
5031	190	340
20031	397	15340
0	0	0
9670	78	9315
24670	344	24315
0	0	0
13376	41	632
5672	41	632
2120	41	632
28376	248	15632
16896	248	15632
17120	248	15632
0	0	0
1379	4	3864
1379	159	14249
16379	296	18864
16379	330	29249
0	0	0
4641	51	14110
19641	416	29110
0	0	0
9137	23	14074
24137	259	29074
0	0	0
1804	4	5713
1804	205	8107
1804	159	10267
16804	296	20713
16804	284	23107
16804	330	25267
0	0	0
2485	156	6033
2485	222	5256
1521	151	2485
17485	303	21033
17485	341	20256
16521	368	17485
0	0	0
8358	160	1260
8358	160	14264
23358	271	16260
23358	351	29264
0	0	0
10259	226	9212
10259	226	9017
10259	205	5069
25259	414	24212
25259	414	24017
25259	284	20069
0	0	0
3679	145	1576
18679	364	16576
0	0	0
8177	11	1834
23177	352	16834
0	0	0
14209	189	3200
3814	78	3200
5263	78	3200
29209	344	18200
20263	344	18200
20263	344	18200
0	0	0
9281	205	5041
9281	145	8432
9281	159	8432
24281	284	20041
24281	364	23432
24281	330	23432
0	0	0
3528	205	6111
3528	226	12870
18528	284	21111
18528	414	27870
0	0	0
8435	115	6253
8435	49	1030
23435	343	21253
23435	410	16030
0	0	0
8032	184	14015
23032	258	29015
0	0	0
4981	4	13968
19981	296	28968
0	0	0
7152	226	3615
7152	48	9658
7152	159	9658
22152	414	18615
22152	381	24658
22152	330	24658
0	0	0
3684	226	10385
569	226	10385
7024	226	10385
18684	414	25385
15569	414	25385
22024	414	25385
0	0	0
9781	190	2572
24781	271	15843
0	0	0
2466	225	13912
13912	151	2466
17466	267	28912
28912	368	17466
0	0	0
13836	10	4734
2146	10	4734
28836	356	19734
17146	356	19734
0	0	0
5367	78	1549
20367	344	16549
0	0	0
10065	226	6323
14038	226	6323
5295	226	6323
25065	414	21323
29038	414	21323
20295	414	21323
0	0	0
8385	205	3640
8385	226	2091
23385	284	18640
23385	414	17091
0	0	0
3607	222	2990
3236	222	2990
18236	341	17990
18607	341	17990
0	0	0
0	0	0
7715	205	3328
7715	226	1729
7715	226	13910
22715	284	18328
22715	414	16729
22715	414	28910
0	0	0
8530	226	10147
8530	226	7874
23530	414	25147
23530	414	22874
0	0	0
8809	205	1065
8809	226	904
8809	4	8662
23809	284	16065
23809	414	15904
23809	296	23662
0	0	0
2516	29	1260
2516	156	1515
2516	151	3875
17516	386	16260
17516	303	16515
17516	368	18875
0	0	0
2705	159	5919
2705	226	12791
2705	226	9222
17705	330	20919
17705	414	27791
17705	414	24222
0	0	0
8178	226	6113
1718	226	6113
6657	226	6113
23178	414	21113
15490	414	21113
21657	414	21113
0	0	0
6828	226	2532
6828	125	2426
6828	226	12870
21828	414	17532
21828	414	20253
21828	414	27870
0	0	0
8004	125	9161
23004	409	24161
0	0	0
1126	189	13377
16126	344	28377
0	0	0
5404	33	5389
5404	128	3518
5404	190	4568
20404	271	15843
20404	271	15843
20404	271	15843
0	0	0
2171	48	4462
2171	226	4462
17171	381	19462
17171	414	19462
0	0	0
262	16	10175
15262	384	25175
0	0	0
4805	4	1928
19805	296	16928
0	0	0
0	0	0
253	49	562
9009	226	253
13363	226	253
15253	410	15562
24009	414	15253
28363	414	15253
0	0	0
9249	205	10008
9249	145	6255
9249	48	6255
24249	284	25008
24249	364	21255
24249	381	21255
0	0	0
2093	189	1358
17093	344	16358
0	0	0
0	0	0
6508	160	13235
21508	351	28235
0	0	0
6955	48	4585
6955	169	2779
6955	145	13665
21955	381	19585
21955	411	17779
21955	364	28665
0	0	0
9881	156	2849
24881	303	17849
0	0	0
3581	202	4707
18581	252	19707
0	0	0
13844	226	5645
7416	226	5645
28844	414	20645
22416	414	20645
0	0	0
2868	159	10464
2868	226	10464
17868	330	25464
17868	414	25464
0	0	0
0	0	0
4101	145	6255
4101	205	8251
19101	364	21255
19101	284	23251
0	0	0
2202	20	13134
17202	321	28134
0	0	0
378	226	8910
4258	226	8910
14640	226	8910
15378	414	23910
19258	414	23910
29640	414	23910
0	0	0
825	4	14260
825	226	13124
825	226	14598
15825	296	29260
15825	414	28124
15825	414	29598
0	0	0
8707	20	8446
23707	321	23446
0	0	0
4798	78	62
62	114	9538
14742	78	62
19798	344	15062
15062	271	16260
29742	344	15062
0	0	0
4092	226	10412
4092	226	10315
4092	169	14803
19092	414	25412
19092	414	25315
19092	411	29803
0	0	0
68	205	10008
68	226	14229
15068	284	25008
15068	414	29229
0	0	0
7447	205	7752
7447	169	4121
7447	226	14683
22447	284	22752
22447	411	19121
22447	414	29683
0	0	0
12835	78	5340
1124	189	5340
494	189	5340
27835	344	20340
22151	344	20340
22151	344	20340
0	0	0
5904	145	10445
3569	145	10445
13510	145	10445
20904	364	25445
18569	364	25445
28510	364	25445
0	0	0
8460	20	4976
13831	225	8460
8460	78	5945
23460	321	19976
28831	267	23460
23460	344	20945
0	0	0
4812	226	6355
4812	4	8833
19812	414	21355
19812	296	23833
0	0	0
5903	226	4045
5903	226	1282
20903	414	19045
20903	414	16282
0	0	0
0	0	0
8315	4	8536
8315	226	5810
23315	296	23536
23315	414	20810
0	0	0
6001	159	10448
13672	145	10448
10397	159	10448
21001	330	25448
28672	364	25448
25397	330	25448
0	0	0
5669	4	2996
5669	145	6902
5669	226	8284
20669	296	17996
20669	364	21902
20669	414	23284
0	0	0
6481	71	1260
21481	369	16260
0	0	0
3289	41	2833
13150	41	2833
10107	41	2833
18289	248	17833
28150	248	17833
18289	248	17833
0	0	0
177	115	6788
177	195	7728
15177	343	21788
15177	318	22728
0	0	0
101	159	7026
101	226	732
101	226	169
15101	330	22026
15101	414	15732
15101	414	15169
0	0	0
0	0	0
8367	33	14326
23367	290	29326
0	0	0
6580	226	5810
4052	226	5810
14569	159	5810
21580	414	20810
19052	414	20810
29569	330	20810
0	0	0
3694	205	2462
3694	4	7520
3694	145	2827
18694	284	17462
18694	296	22520
18694	364	17827
0	0	0
13639	226	5809
587	226	5809
28639	414	20809
15587	414	20809
0	0	0
8139	226	904
8139	226	5067
8139	48	1262
23139	414	15904
23139	414	20067
23139	381	16262
0	0	0
905	48	7640
905	159	7640
905	125	6501
15905	381	22640
15905	330	22640
15905	386	21501
0	0	0
1968	205	13271
1968	75	7083
16968	284	28271
16968	311	22083
0	0	0
13537	226	3378
728	226	3378
3378	160	8472
28537	414	18378
15728	414	18378
18378	351	23472
0	0	0
9653	4	14260
9653	205	9618
9653	226	6822
24653	296	29260
24653	284	24618
24653	414	21822
0	0	0
1433	162	13527
16433	349	28527
0	0	0
8636	75	4385
8636	226	8430
23636	311	19385
23636	414	23430
0	0	0
3934	226	41
4514	226	41
5224	226	41
16085	414	15041
16085	414	15041
20224	414	15041
0	0	0
4991	226	13425
4991	145	4125
4991	226	4125
19991	414	28425
19991	364	19125
19991	414	19125
0	0	0
2123	78	13566
17123	344	28566
0	0	0
12944	189	207
2039	78	207
27944	344	15207
17039	344	15207
0	0	0
1860	114	12900
1860	160	3432
16860	327	27900
16860	351	18432
0	0	0
4794	159	13245
4794	4	13245
19794	330	28245
19794	296	28245
0	0	0
7866	20	1237
22866	321	16237
0	0	0
3576	226	8629
18576	414	23629
0	0	0
8728	226	13570
23728	414	28570
0	0	0
8115	151	13827
13827	225	8115
23115	368	28827
28827	267	23115
0	0	0
1280	222	9013
1280	156	2849
16280	341	24013
16280	303	17849
0	0	0
7519	128	3518
7519	33	2496
7519	33	4362
22519	271	15843
22519	290	17496
22519	271	15843
0	0	0
5744	145	13003
5744	205	9379
20744	364	28003
20744	284	24379
0	0	0
10474	226	2520
10474	226	14757
10474	226	7414
25474	414	17520
25474	414	29757
25474	414	22414
0	0	0
4181	75	14221
19181	311	29221
0	0	0
5219	53	3622
5854	53	3622
3560	53	3622
23778	250	18622
17513	250	18622
17513	250	18622
0	0	0
6905	226	8820
6905	226	13252
6905	145	5936
21905	414	23820
21905	414	28252
21905	364	20936
0	0	0
2676	48	4116
7720	48	4116
14619	48	4116
17676	381	19116
22720	381	19116
29619	381	19116
0	0	0
4310	169	13609
4310	226	7366
19310	411	28609
19310	414	22366
0	0	0
12849	226	9111
9624	226	9111
3376	226	9111
27849	414	24111
24624	414	24111
18376	414	24111
0	0	0
14790	160	6049
29790	351	21049
0	0	0
3583	103	2945
3583	103	13819
18583	379	17945
18583	352	28819
0	0	0
14372	4	3864
6441	4	3864
6197	4	3864
29372	296	18864
21441	296	18864
21197	296	18864
0	0	0
7876	226	14800
7876	226	180
22876	414	29800
22876	414	15180
0	0	0
3406	226	3957
3406	226	14048
3406	226	1871
18406	414	18957
18406	414	29048
18406	414	16871
0	0	0
2825	78	7847
2825	20	3133
17825	344	22847
17825	321	18133
0	0	0
7987	48	5685
6889	48	5685
104	48	5685
23763	381	20685
21889	381	20685
21889	381	20685
0	0	0
1657	80	1687
16657	384	16687
0	0	0
677	71	677
13047	160	677
677	183	3482
15677	369	15677
28047	271	15677
15677	354	18482
0	0	0
8272	145	4253
13592	145	4253
141	145	4253
23272	364	19253
28592	364	19253
15141	364	19253
0	0	0
14009	225	5760
5760	151	14009
5760	78	1534
29009	267	20760
20760	368	29009
20760	344	16534
0	0	0
6961	145	1829
6961	78	13879
6961	151	9107
21961	402	22529
21961	344	28879
21961	368	24107
0	0	0
794	156	3353
794	144	3353
15794	303	18353
15794	294	18353
0	0	0
6298	160	3845
6298	49	3845
21298	351	18845
21298	410	18845
0	0	0
7972	4	1900
2090	4	1900
5481	4	1900
22972	296	16900
16996	296	16900
20481	296	16900
0	0	0
3800	4	9501
3800	205	9618
18800	296	24501
18800	284	24618
0	0	0
377	226	4651
15377	414	19651
0	0	0
6000	78	6241
21000	344	21241
0	0	0
3456	226	180
3456	75	7823
18456	414	15180
18456	311	22823
0	0	0
10367	48	4916
10367	20	1269
10367	189	12815
25367	402	19916
25367	321	16269
25367	344	27815
0	0	0
9859	226	1822
9859	226	5547
9859	48	6606
24859	414	16822
24859	414	20547
24859	381	21606
0	0	0
7098	226	9053
7098	145	8346
22098	414	24053
22098	364	23346
0	0	0
1988	41	2268
1988	127	2268
14581	210	2268
16988	248	17268
16988	317	17268
29581	248	17268
0	0	0
7749	51	7704
7749	159	6715
22749	416	22704
22749	330	21715
0	0	0
14745	151	8094
8094	225	14745
29745	368	23094
23094	267	29745
0	0	0
4172	226	14800
4172	75	7696
4172	205	9806
19172	414	29800
19172	311	22696
19172	284	24806
0	0	0
8440	226	3606
8440	226	2115
8440	226	9222
23440	414	18606
23440	414	17115
23440	414	24222
0	0	0
5978	145	358
10072	205	358
989	205	358
16225	284	15358
25072	284	15358
15989	284	15358
0	0	0
10032	159	8528
10032	205	8251
10032	4	1258
25032	330	23528
25032	284	23251
25032	296	16258
0	0	0
3489	4	13151
3489	226	5547
18489	296	28151
18489	414	20547
0	0	0
13540	51	7577
9537	51	7577
3232	51	7577
28540	416	22577
24537	416	22577
18232	416	22577
0	0	0
2983	205	5858
17983	284	20858
0	0	0
4219	226	2000
4219	75	13300
4219	159	10410
19219	414	17000
19219	311	28300
19219	330	25410
0	0	0
5220	195	2648
7022	195	2648
5153	195	2648
17427	318	17648
17427	318	17648
22317	318	17648
0	0	0
7990	33	5389
7990	33	8254
7990	33	2237
22990	271	15843
22990	290	23254
22990	271	15843
0	0	0
7016	20	3963
22016	321	18963
0	0	0
1680	81	13438
1680	81	14069
2082	225	1680
16680	414	28438
16680	414	29069
17082	267	16680
0	0	0
7998	226	6214
7998	226	8117
7998	226	5253
22998	414	21214
22998	414	23117
22998	414	20253
0	0	0
2404	226	1453
8073	226	1453
14637	226	1453
17404	414	16453
23073	414	16453
29637	414	16453
0	0	0
14094	195	572
10218	195	572
29094	318	15572
25218	318	15572
0	0	0
9134	51	13684
9134	225	7459
7459	151	9134
24134	416	28684
24134	267	22459
22459	368	24134
0	0	0
1768	226	762
14870	226	762
1087	226	762
16768	414	15762
29870	414	15762
16087	414	15762
0	0	0
3689	205	8279
3689	159	1690
3689	48	1690
18689	284	23279
18689	330	16690
18689	381	16690
0	0	0
1360	4	4971
16360	296	19971
0	0	0
7830	195	9838
22830	318	24838
0	0	0
10468	75	9216
13236	75	9216
9233	75	9216
25468	311	24216
28236	311	24216
24233	304	24216
0	0	0
910	48	5063
910	145	5063
910	169	6091
15910	381	20063
15910	364	20063
15910	411	21091
0	0	0
1584	226	827
1584	226	4894
16584	414	15827
16584	414	19894
0	0	0
431	226	6082
15431	414	21082
0	0	0
14865	226	9177
13209	226	9177
10310	226	9177
29865	414	24177
28209	414	24177
22086	414	24177
0	0	0
2566	226	14757
2566	226	13381
2566	226	14235
17566	414	29757
17566	414	28381
17566	414	29235
0	0	0
807	205	7902
15807	284	22902
0	0	0
6013	226	1772
6013	226	2289
6013	226	9827
21013	414	16772
21013	414	17289
21013	414	24827
0	0	0
10407	4	12973
25407	296	27973
0	0	0
3192	66	1692
3192	1	8484
18192	272	16692
18192	334	23484
0	0	0
2960	4	6517
2960	159	10267
2960	145	6255
17960	296	21517
17960	330	25267
17960	364	21255
0	0	0
7659	226	8522
22659	414	23522
0	0	0
13397	226	8577
771	226	8577
2373	226	8577
28397	414	23577
15771	414	23577
17373	414	23577
0	0	0
10440	75	13300
25440	311	28300
0	0	0
2738	78	5537
2738	20	14221
466	151	2738
17738	344	20537
17738	321	29221
15466	368	17738
0	0	0
1535	33	9265
1535	33	13386
16535	290	24265
16535	290	28386
0	0	0
10205	78	14792
25205	344	29792
0	0	0
0	0	0
9081	29	6341
1672	103	6341
13241	131	6341
16672	369	21341
16672	369	21341
28241	369	21341
0	0	0
8630	205	13131
23630	284	28131
0	0	0
9533	159	13936
9533	48	13936
9533	145	13936
24533	330	28936
24533	381	28936
24533	364	28936
0	0	0
2400	29	8889
9749	29	8889
2100	29	8889
19477	369	23889
19477	369	23889
19477	369	23889
0	0	0
4228	160	816
19228	351	15816
0	0	0
3921	4	13704
3921	226	5121
3921	205	5069
18921	296	28704
18921	414	20121
18921	284	20069
0	0	0
0	0	0
339	49	3432
7604	48	339
339	160	13816
15339	410	18432
22604	381	15339
15339	351	28816
0	0	0
6072	159	3643
6072	48	3643
6072	145	3643
21072	330	18643
21072	381	18643
21072	364	18643
0	0	0
6660	1	8484
9001	1	8484
976	1	8484
21660	334	23484
24001	334	23484
15976	334	23484
0	0	0
1252	48	8121
1252	159	8121
13668	48	8121
16252	381	23121
16252	330	23121
28668	381	23121
0	0	0
4979	226	2834
19979	414	17834
0	0	0
9494	33	14326
9494	33	6846
9494	33	2582
24494	290	29326
24494	290	21846
24494	290	17582
0	0	0
2859	234	10056
583	234	10056
17859	265	25056
15583	265	25056
0	0	0
228	226	8336
228	226	12870
15228	414	23336
15228	414	27870
0	0	0
4387	145	730
4387	78	730
19387	364	15730
19387	344	15730
0	0	0
9089	4	5713
9089	159	3296
9089	226	5067
24089	296	20713
24089	330	18296
24089	414	20067
0	0	0
4833	145	1083
4833	159	1083
4833	226	10298
19833	364	16083
19833	330	16083
19833	414	25298
0	0	0
4746	4	3864
4746	226	1453
19746	296	18864
19746	414	16453
0	0	0
7583	226	2605
22583	414	17605
0	0	0
5377	226	8464
5377	205	3328
5377	48	5825
20377	414	23464
20377	284	18328
20377	381	20825
0	0	0
2080	226	3108
2080	226	3257
2080	226	4874
17080	414	18108
17080	414	18257
17080	414	19874
0	0	0
14868	160	8512
4808	160	8512
14206	160	8512
29868	351	23512
19808	351	23512
29206	351	23512
0	0	0
6032	226	6477
14644	226	6477
257	226	6477
21032	414	21477
29644	414	21477
15257	414	21477
0	0	0
10022	169	9557
25022	411	24557
0	0	0
804	226	3097
9233	159	3097
9233	226	3097
15804	414	18097
24233	330	18097
24233	414	18097
0	0	0
2463	226	6389
2463	75	13300
2463	205	2139
17463	414	21389
17463	311	28300
17463	284	17139
0	0	0
6695	151	13804
13804	225	6695
21695	368	28804
28804	267	21695
0	0	0
5887	106	13073
20887	351	28073
0	0	0
3647	20	9407
18647	321	24407
0	0	0
5445	49	13053
5445	160	9027
20445	410	28053
20445	351	24027
0	0	0
10395	226	13381
10395	226	8774
25395	414	28381
25395	414	23774
0	0	0
7169	205	13131
7169	226	1639
22169	284	28131
22169	414	16639
0	0	0
6570	205	7157
1977	205	7157
5227	205	7157
21413	284	22157
16977	284	22157
17598	284	22157
0	0	0
2241	4	2349
2241	205	4470
17241	296	17349
17241	284	19470
0	0	0
6719	168	14940
6719	53	6136
21719	269	29940
21719	250	21136
0	0	0
7966	226	942
7966	226	5530
22966	414	15942
22966	414	20530
0	0	0
7624	159	4448
14331	159	4448
8438	159	4448
22624	330	19448
29331	330	19448
23438	330	19448
0	0	0
7492	160	894
10049	160	894
1032	160	894
22492	351	15894
25049	351	15894
16032	351	15894
0	0	0
6115	226	1522
3078	226	1522
13887	226	1522
21115	414	16522
18078	414	16522
28887	414	16522
0	0	0
7234	189	13575
5197	225	7234
7234	151	5197
22234	344	28575
20197	267	22234
22234	368	20197
0	0	0
6088	159	9097
6088	226	12846
21088	330	24097
21088	414	27846
0	0	0
7938	205	7752
2253	205	7752
3167	205	7752
15271	284	22752
17253	284	22752
18167	284	22752
0	0	0
6742	33	4568
6742	33	2496
6742	139	2496
21742	271	15843
21742	290	17496
21742	397	17496
0	0	0
5050	160	14201
20050	351	29201
0	0	0
3829	51	6983
37	151	3829
3829	225	37
18829	416	21983
15037	368	18829
18829	267	15037
0	0	0
13024	160	1717
3537	230	1717
28024	271	16717
18537	271	16717
0	0	0
10310	205	8443
7637	205	8443
8443	106	8798
22086	284	23443
25463	284	23443
25463	284	23443
0	0	0
8980	226	9839
3248	226	9839
9112	226	9839
23980	414	24839
18248	414	24839
24112	414	24839
0	0	0
0	0	0
7235	193	7083
22235	336	22083
0	0	0
1077	226	1143
16077	414	16143
0	0	0
0	0	0
115	75	9341
15115	311	24341
0	0	0
4155	226	5617
19155	414	20617
0	0	0
1033	145	13003
1033	205	4470
16033	364	28003
16033	284	19470
0	0	0
13924	33	9686
14814	33	9686
3847	33	9686
28924	290	24686
29814	290	24686
18847	290	24686
0	0	0
7759	145	13848
7759	4	4600
22759	364	28848
22759	296	19600
0	0	0
2448	226	2910
2448	29	5618
17448	414	17910
17448	386	20618
0	0	0
14678	41	5642
8263	41	5642
29678	248	20642
24649	248	20642
0	0	0
76	78	14636
15076	344	29636
0	0	0
4416	20	8784
2768	225	4416
4416	151	2768
19416	321	23784
17768	267	19416
19416	368	17768
0	0	0
6443	49	3432
5204	226	6443
2842	145	6443
21443	410	18432
16606	414	21443
17842	364	21443
0	0	0
8312	226	6439
8312	4	13539
8312	205	7226
23312	414	21439
23312	296	28539
23312	284	22226
0	0	0
4625	226	470
4625	226	8608
4625	226	5585
19625	414	15470
19625	414	23608
19625	414	20585
0	0	0
7368	189	5127
22368	344	20127
0	0	0
8364	145	1886
8364	159	1886
8364	226	1886
23364	364	16886
23364	330	16886
23364	414	16886
0	0	0
5876	226	811
2601	226	811
3281	226	811
20876	414	15811
17601	414	15811
18281	414	15811
0	0	0
0	0	0
398	159	1556
398	145	1556
398	48	1556
15398	330	16556
15398	364	16556
15398	381	16556
0	0	0
4369	145	7923
4369	48	7923
4369	159	7923
19602	364	22923
19602	381	22923
19602	330	22923
0	0	0
7839	75	13300
7839	145	13914
7839	48	13914
22839	311	28300
22839	364	28914
22839	381	28914
0	0	0
3935	145	3736
7931	145	3736
18935	364	18736
22931	364	18736
0	0	0
2059	159	5138
4146	159	5138
6755	159	5138
17059	330	20138
21755	330	20138
21755	330	20138
0	0	0
1763	151	9732
9732	225	1763
16763	368	24732
24732	267	16763
0	0	0
0	0	0
7711	226	732
7711	200	8884
7711	226	5253
22711	414	15732
22711	310	23884
22711	414	20253
0	0	0
2774	200	6456
2774	159	14261
2774	145	14261
17774	414	21456
17774	330	29261
17774	364	29261
0	0	0
1894	159	6928
1894	226	9121
16894	330	21928
16894	414	24121
0	0	0
1204	33	13954
16204	290	28954
0	0	0
14772	200	6355
7681	226	6355
13129	226	6355
29772	414	21355
22681	414	21355
28129	414	21355
0	0	0
4624	151	4300
4300	225	4624
4300	20	4728
19624	368	19300
19300	267	19624
19300	321	19728
0	0	0
5047	145	13665
5047	159	13608
5047	4	1411
20047	364	28665
20047	330	28608
20047	296	16411
0	0	0
6755	51	4598
6755	159	5138
21755	416	19598
21755	330	20138
0	0	0
0	0	0
1201	145	10373
16201	364	25373
0	0	0
476	189	2955
476	151	1915
1915	225	476
15476	344	17955
15476	368	16915
16915	267	15476
0	0	0
2211	51	7125
2211	151	14751
14751	225	2211
17211	257	22125
17211	368	29751
29751	267	17211
0	0	0
8541	189	2712
23541	344	17712
0	0	0
0	0	0
364	226	13732
364	226	1846
15364	414	28732
15364	414	16846
0	0	0
8809	226	9378
3059	226	9378
4044	226	9378
23809	414	24378
18059	414	24378
19044	414	24378
0	0	0
9469	4	2968
9469	48	14057
9469	169	5246
24469	296	17968
24469	381	29057
24469	411	20246
0	0	0
5455	48	9068
5455	145	9068
5455	159	9068
20455	381	24068
20455	364	24068
20455	330	24068
0	0	0
4296	78	8988
4296	20	5411
19296	344	23988
19296	321	20411
0	0	0
7468	145	10052
7468	159	10052
22468	364	25052
22468	330	25052
0	0	0
9337	23	5486
14233	23	5486
2552	23	5486
24337	259	20486
29233	259	20486
17552	259	20486
0	0	0
2837	4	8468
9492	4	8468
10313	4	8468
15853	296	23468
24492	296	23468
25313	296	23468
0	0	0
211	226	8316
15211	414	23316
0	0	0
4680	159	7502
4680	226	2707
4680	193	4757
19680	330	22502
19680	414	17707
19680	336	19757
0	0	0
0	0	0
9570	145	13665
9570	226	1826
24570	364	28665
24570	414	16826
0	0	0
0	0	0
8511	226	6130
23511	414	21130
0	0	0
2659	49	13816
17659	410	28816
0	0	0
5866	189	13879
20866	344	28879
0	0	0
4152	159	3404
4152	226	3404
4152	48	3404
19152	330	18404
19152	414	18404
19152	381	18404
0	0	0
9173	225	3788
3788	151	9173
9173	78	9991
24173	267	18788
18788	368	24173
24173	344	24991
0	0	0
3700	20	7538
14211	20	7538
18700	321	22538
29211	321	22538
0	0	0
0	0	0
5900	33	13161
5900	33	4847
5900	33	13386
20900	290	28161
20900	290	19847
20900	290	28386
0	0	0
7995	20	5211
7995	78	8186
22995	321	20211
22995	344	23186
0	0	0
9763	160	2476
24763	351	17476
0	0	0
1083	234	14500
8273	145	1083
8273	48	1083
16083	265	29500
23273	364	16083
23273	381	16083
0	0	0
3071	226	8649
2456	226	8649
12816	226	8649
18699	414	23649
17456	414	23649
27816	414	23649
0	0	0
1494	33	2920
1494	33	4709
1494	139	4709
16494	290	17920
16494	290	19709
16494	397	19709
0	0	0
2705	226	9222
1961	226	9222
3025	226	9222
17705	414	24222
16961	414	24222
18025	414	24222
0	0	0
7794	160	8331
7794	46	9322
7794	230	5618
22794	351	23331
22794	362	24322
22794	271	20618
0	0	0
7983	75	14480
22983	311	29480
0	0	0
8502	226	6918
8502	226	8902
23502	414	21918
23502	414	23902
0	0	0
3833	48	1104
3833	145	1104
4461	151	3833
19461	368	18833
18833	267	19461
19461	368	18833
0	0	0
8593	226	7832
12891	226	7832
6534	226	7832
23593	414	22832
27891	414	22832
21534	414	22832
0	0	0
5787	145	2191
5787	159	14887
5787	48	14887
20787	364	16403
20787	330	29887
20787	381	29887
0	0	0
3825	75	13300
3825	145	13564
3825	159	686
18825	304	28300
18825	364	28564
18825	330	15686
0	0	0
7193	4	1258
12833	4	1258
10032	4	1258
22193	296	16258
27833	296	16258
25032	296	16258
0	0	0
9857	160	6920
9857	128	3518
9857	160	843
24857	271	15843
24857	271	15843
24857	271	15843
0	0	0
0	0	0
7444	145	8603
22444	344	23603
0	0	0
6848	103	3432
1526	20	6848
3575	20	6848
21848	352	18432
18575	321	21848
18575	321	21848
0	0	0
1016	225	13216
13216	151	1016
1016	78	9293
16016	267	28216
28216	368	16016
16016	344	24293
0	0	0
6740	205	10131
6740	169	9678
21740	284	25131
21740	411	24678
0	0	0
2142	49	4865
1240	226	2142
5048	226	2142
17142	410	19865
16240	414	17142
20048	414	17142
0	0	0
3661	159	5776
3661	205	3624
3661	226	6113
18661	330	20776
18661	284	18624
18661	414	21113
0	0	0
13537	145	2723
8231	145	2723
6795	145	2723
28537	364	17723
16847	364	17723
21795	364	17723
0	0	0
14978	225	9687
9687	151	14978
29978	267	24687
24687	368	29978
0	0	0
9714	172	9961
9714	23	5665
24714	293	24961
24714	259	20665
0	0	0
7305	4	13704
7305	205	4030
7305	226	9108
22305	296	28704
22305	284	19030
22305	414	24108
0	0	0
9039	205	6842
24039	284	21842
0	0	0
985	205	4470
985	226	4031
985	169	4727
15985	284	19470
15985	414	19031
15985	411	19727
0	0	0
4440	51	5874
7910	51	5874
13820	51	5874
19440	416	20874
22910	416	20874
28820	416	20874
0	0	0
7049	125	9161
22049	409	24161
0	0	0
13666	51	4598
2059	51	4598
13419	51	4598
28666	416	19598
17059	416	19598
28419	416	19598
0	0	0
2567	226	2536
2567	226	829
17567	414	17536
17567	414	15829
0	0	0
3356	33	2920
3356	33	14825
3356	33	13247
18356	290	17920
18356	290	29825
18356	290	28247
0	0	0
3575	20	6848
18575	321	21848
0	0	0
4142	226	4671
2020	226	4671
9401	226	4671
24401	414	19671
17020	414	19671
24401	414	19671
0	0	0
6024	226	3615
6024	226	3057
6024	145	1886
21024	414	18615
21024	414	18057
21024	364	16886
0	0	0
7424	226	8771
14491	226	8771
22424	414	23771
29491	414	23771
0	0	0
628	159	3296
628	145	3296
628	226	9212
15628	330	18296
15628	364	18296
15628	414	24212
0	0	0
5112	78	13484
531	225	5112
5112	151	531
20112	344	28484
15531	267	20112
20112	368	15531
0	0	0
13525	48	7050
6424	48	7050
2791	48	7050
28525	381	22050
21424	381	22050
17791	381	22050
0	0	0
3008	226	14025
18008	414	29025
0	0	0
1117	160	3432
1117	105	7464
16117	351	18432
16117	392	22464
0	0	0
13648	75	5914
2702	75	5914
222	75	5914
28648	311	20914
17702	311	20914
15222	311	20914
0	0	0
36	78	2087
36	145	1815
15036	344	17087
15036	344	17087
0	0	0
8531	205	1065
8531	226	6865
23531	284	16065
23531	414	21865
0	0	0
9808	226	89
9808	226	14985
24808	414	15089
24808	414	29985
0	0	0
7786	226	7984
7786	205	10110
22786	414	22984
22786	284	25110
0	0	0
13990	78	2028
6270	78	2028
28990	344	17028
21270	344	17028
0	0	0
9308	51	12901
9308	159	4505
24308	416	27901
24308	330	19505
0	0	0
1779	205	13725
1779	226	13266
16779	284	28725
16779	414	28266
0	0	0
5717	226	7491
5717	226	1871
5717	226	1886
20717	414	22491
20717	414	16871
20717	414	16886
0	0	0
9606	98	5911
14499	98	5911
6252	98	5911
21252	319	20911
29499	319	20911
21252	319	20911
0	0	0
9891	159	79
9891	48	79
9891	226	79
24891	330	15079
24891	381	15079
24891	414	15079
0	0	0
3015	151	14889
14889	225	3015
3015	159	7475
18015	368	29889
29889	267	18015
18015	330	22475
0	0	0
8860	169	8092
8860	4	8662
23860	411	23092
23860	296	23662
0	0	0
2323	156	6559
2323	53	12862
17323	303	21559
17323	250	27862
0	0	0
13392	226	8991
8991	123	9328
10483	226	8991
28392	414	23991
23991	366	24328
25483	414	23991
0	0	0
1261	20	6333
16261	321	21333
0	0	0
279	159	4540
15279	330	19540
0	0	0
9065	169	4139
24065	411	19139
0	0	0
5500	169	5437
3222	169	5437
20500	411	20437
18222	411	20437
0	0	0
4494	33	324
4494	33	5923
19494	290	15324
19494	290	20923
0	0	0
6861	169	6637
6861	226	13633
21861	411	21637
21861	414	28633
0	0	0
6818	139	1943
21818	397	16943
0	0	0
4819	205	6111
6836	205	6111
5265	205	6111
20265	284	21111
21836	284	21111
20265	284	21111
0	0	0
4254	4	8556
4231	4	8556
9994	4	8556
19254	296	23556
19231	296	23556
24994	296	23556
0	0	0
6571	226	8756
6571	75	13300
6571	159	2471
21571	414	23756
21571	311	28300
21571	330	17471
0	0	0
7060	226	1054
22060	414	16054
0	0	0
8348	189	10378
2649	78	10378
311	78	10378
23348	344	25378
17649	344	25378
17649	344	25378
0	0	0
133	159	7227
133	75	13300
133	200	9827
15133	330	22227
15133	311	28300
15133	414	24827
0	0	0
7571	78	795
2409	151	7571
7571	225	2409
22571	344	15795
17409	368	22571
22571	267	17409
0	0	0
8052	226	14757
8052	226	14235
8052	226	4001
23052	414	29757
23052	414	29235
23052	414	19001
0	0	0
2178	145	1219
2178	159	1219
7782	145	1219
22782	364	16219
22782	330	16219
22782	364	16219
0	0	0
9663	42	5973
9663	51	7125
9663	222	4162
24663	250	20973
24663	257	22125
24663	341	19162
0	0	0
10065	226	6323
10065	4	475
10065	75	1946
25065	414	21323
25065	296	15475
25065	311	16946
0	0	0
6289	157	1459
21289	281	16459
0	0	0
2479	4	12906
17479	296	27906
0	0	0
973	226	7023
973	145	6388
973	226	5443
15973	414	22023
15973	364	21388
15973	414	20443
0	0	0
5359	189	5531
20359	344	20531
0	0	0
8744	49	14407
23744	410	29407
0	0	0
8244	160	7942
23244	351	22942
0	0	0
9281	145	8432
9281	159	8432
1465	159	8432
24281	364	23432
24281	330	23432
16465	330	23432
0	0	0
8412	77	12863
23412	378	27863
0	0	0
0	0	0
4391	20	850
19391	321	15850
0	0	0
1924	194	2943
16924	274	17943
0	0	0
8458	145	2999
23458	364	17999
0	0	0
2247	226	14217
2247	48	9751
2247	226	6214
17247	414	29217
17247	381	24751
17247	414	21214
0	0	0
9726	159	4705
9726	145	1576
9726	226	8673
24726	330	19705
24726	364	16576
24726	414	23673
0	0	0
2397	189	3159
2397	151	14711
14711	225	2397
17397	344	18159
17397	368	29711
29711	267	17397
0	0	0
7528	4	1839
7528	48	13217
22528	296	16839
22528	381	28217
0	0	0
4493	226	10437
4493	48	8566
19493	414	25437
19493	381	23566
0	0	0
0	0	0
6205	20	5411
6205	78	1449
21205	321	20411
21205	344	16449
0	0	0
13305	4	8703
1264	4	8703
8045	4	8703
28305	296	23703
16264	296	23703
23045	296	23703
0	0	0
8616	33	5428
8616	33	3674
8616	139	3674
23616	290	20428
23616	290	18674
23616	397	18674
0	0	0
13066	20	1476
4931	20	1476
14517	20	1476
28066	321	16476
19427	321	16476
29517	321	16476
0	0	0
7725	17	6296
296	17	6296
1118	17	6296
25383	259	21296
15296	259	21296
25383	259	21296
0	0	0
8762	78	7201
1671	78	7201
7261	189	7201
23762	344	22201
22261	344	22201
22261	344	22201
0	0	0
13089	189	7197
13929	189	7197
13929	145	7197
28089	344	22197
28929	344	22197
28929	364	22197
0	0	0
3700	20	7538
18700	321	22538
0	0	0
1720	219	13474
16720	358	28474
0	0	0
12915	226	8386
13475	226	8386
13475	145	8386
27915	414	23386
28475	414	23386
28475	364	23386
0	0	0
14415	151	9060
9060	225	14415
9060	20	94
29415	368	24060
24060	267	29415
24060	321	15094
0	0	0
5091	4	8703
5091	226	10039
20091	296	23703
20091	414	25039
0	0	0
9242	226	5907
9242	226	14626
24242	414	20907
24242	414	29626
0	0	0
6934	48	1284
6934	205	4096
6934	226	952
21934	381	16284
21934	284	19096
21934	414	15952
0	0	0
8878	49	8331
8878	36	7997
23878	410	23331
23878	260	22997
0	0	0
2810	189	7878
17810	344	22878
0	0	0
10276	78	14081
10276	225	4070
4070	151	10276
25276	344	29081
25276	267	19070
19070	368	25276
0	0	0
2601	205	4884
2601	169	9945
2601	226	811
17601	284	19884
17601	411	24945
17601	414	15811
0	0	0
