19637	302	28742
4637	17	13742
19637	259	18933
7433	226	8342
22433	414	23342
6880	226	3763
6880	226	8629
21880	414	18763
16457	271	25350
1457	160	3904
15672	321	27650
672	20	12650
15672	321	22033
672	20	7033
8916	151	7497
21994	250	28574
21994	336	23676
6994	53	13574
4836	226	14217
19836	414	29217
21412	414	28328
21412	259	20849
6412	226	13328
28228	317	21306
15933	410	16620
933	49	1620
1559	226	4767
18685	416	20578
3685	51	5578
1166	205	1286
16166	414	29188
16166	284	16286
1166	226	14188
16166	414	22958
5890	226	11977
20890	259	20849
20890	414	26977
15754	386	20618
754	226	12468
15151	381	15085
151	159	85
8931	145	85
11310	159	85
151	48	85
17411	414	15487
13022	226	487
1041	33	5284
1041	33	1913
16041	290	20284
13940	160	5207
28940	351	20207
22920	410	20207
7920	49	5207
5422	169	7042
16148	311	27289
1148	75	12289
16148	259	20849
25304	330	21541
10304	226	4649
4998	20	11824
4998	78	13077
4998	225	5647
5175	48	1145
17122	381	16145
14352	34	4661
29352	368	19661
19661	267	29352
29352	394	19661
19661	268	29352
14672	151	290
15290	267	29672
29672	368	15290
23460	321	19976
8460	61	5945
23827	414	17467
23827	259	20849
23827	414	16123
1395	225	13465
28465	368	16395
17755	364	18108
17755	414	18108
2755	145	3108
17755	323	15360
7976	226	12791
8582	48	2859
8582	226	887
23582	330	17859
8582	159	2859
3537	160	1717
10688	51	301
3494	51	301
11601	51	301
3542	51	301
638	168	14256
6258	145	14347
6258	145	13665
21258	304	28665
21258	296	25418
21258	259	20849
482	154	6274
15482	269	22072
15482	284	21274
3477	145	4824
3477	226	9827
12474	49	7942
14094	160	7942
14964	160	7942
10629	160	7942
7998	226	8902
7810	51	12120
22810	416	27120
22810	381	22475
15704	259	20849
704	75	14236
8029	226	4844
23029	414	19844
8029	205	6150
4723	205	5429
4723	4	11001
5060	99	14738
20060	356	29184
2137	75	12531
17137	259	20849
2137	4	12172
24325	344	25398
9325	20	94
24325	321	15094
9325	61	10398
1443	48	12642
7413	125	11417
7413	145	1483
7413	159	1483
24079	381	28248
9079	159	13248
5290	4	2632
20290	284	25008
5290	205	10008
2394	23	10165
17394	259	25165
8190	78	4135
8190	61	4135
23190	386	20618
23190	344	19135
11134	113	7387
26713	364	22051
12371	145	7051
2420	145	7051
23478	364	22051
8323	172	697
25021	351	26762
10021	160	11762
25021	271	16260
23934	414	26921
8934	226	11921
17325	303	28139
2325	156	13139
17325	250	18819
22363	259	20486
7363	103	12036
15914	308	16296
15914	308	27347
5839	226	9317
5839	205	9645
20839	414	24317
8947	205	946
23947	284	15946
23947	381	22456
23947	409	26417
24879	344	28176
19806	410	21158
14555	145	4806
4806	49	6158
29555	364	19806
16606	414	19806
6506	226	6929
18828	414	21929
29629	414	21929
7720	48	4116
7720	226	7366
15271	259	20849
271	226	13334
271	205	7752
15271	414	19221
26985	364	23369
7007	160	9652
22007	410	24652
7007	49	9652
22007	351	24652
21415	344	28975
3073	160	4211
3073	33	11980
18073	351	19211
9016	33	6164
24016	290	15950
24953	303	26435
9953	151	4062
16383	284	28104
1383	75	13300
1383	226	1875
716	205	10110
15716	284	25110
15716	259	20849
14893	14	3126
29893	280	18126
3967	226	7958
18967	259	20849
18967	414	22958
848	145	14732
15848	330	18605
15848	364	29732
15848	386	21501
15848	381	18605
24250	259	20849
9250	226	7816
24250	414	27439
2323	156	6559
17323	250	27862
3675	205	13275
18675	414	15181
23291	369	17153
23291	259	25359
8291	23	10359
2599	48	4844
17599	381	19844
29759	414	19844
28022	381	19844
5821	226	4844
7313	151	13487
7313	20	14241
28487	267	22313
9162	160	11175
9162	49	11175
7760	226	14217
22760	414	29217
22760	259	20849
9747	226	7874
24747	414	22874
6735	48	12718
6735	4	1839
21735	330	27718
21735	330	22456
1787	48	1953
527	226	1522
15527	336	21856
527	193	6856
400	159	9264
400	4	12312
23743	414	27797
8743	226	12797
23743	259	20849
14589	226	1501
7046	226	1501
18686	344	29357
25212	368	18686
3686	78	14357
18707	414	18450
5648	226	3450
6612	159	5774
21612	330	20774
21612	259	20849
21612	414	23659
6612	226	8659
4759	75	2535
4759	145	3362
4759	226	11164
3075	4	6240
18075	296	21240
2767	33	1235
17767	290	16235
17767	290	17002
17767	290	18757
8816	205	6150
12659	225	5834
20834	368	27659
5834	151	12659
23358	271	16260
8358	160	14264
24030	344	28785
20882	368	24030
9030	225	5882
9030	48	13785
9030	145	13785
6239	205	946
21239	364	28665
6239	48	2859
21961	402	22529
21961	368	24107
18564	364	19510
3564	226	4510
18564	414	19510
3241	226	8886
3241	226	10315
8984	226	5907
23984	364	23936
8984	75	12531
9389	75	9836
9389	145	1868
6455	225	7644
21455	381	24106
21455	267	22644
19806	410	21158
2524	226	4806
24933	410	29264
9933	40	14264
9933	49	14264
2758	226	12447
24681	416	29110
9681	51	14110
9681	159	8681
25022	411	24557
24104	411	24557
22445	284	24800
22445	414	22886
7445	226	8608
7445	226	6439
4365	226	6250
4393	226	827
4393	226	14662
19393	259	20849
6965	226	13438
21965	414	26231
13004	226	7097
25192	306	22097
22097	356	29184
3340	226	7097
2787	205	12631
6843	159	7502
21843	414	22875
24114	271	18718
9114	49	3718
9114	160	3718
2058	145	4373
17058	414	20936
17058	414	28099
7627	75	12367
22627	311	27367
20360	259	20849
20360	414	22886
20360	414	27722
18146	364	19177
3146	189	4177
22842	402	25800
7842	91	10800
7842	116	1600
17765	248	22000
17765	248	21299
14300	49	9652
22007	410	24652
22007	351	24652
29300	410	24652
23525	344	20466
24853	414	24776
9853	226	9776
24853	259	20849
18632	330	29743
3632	159	14743
5683	41	2292
20683	248	21365
20683	384	22848
20683	248	17292
5683	16	7848
17264	414	19750
2264	226	11059
17264	414	26059
2264	226	4750
7377	205	2139
7208	226	289
29263	414	15289
23333	414	15289
23057	414	15289
4848	226	289
21640	381	29727
21640	364	29727
6640	48	14727
23128	414	28125
8128	226	13125
3928	226	2467
18928	364	26385
18928	409	26417
18928	414	17467
18928	259	20849
13497	160	5667
4510	160	5667
19510	351	20667
6785	159	5113
19167	330	20113
29182	411	15415
14182	169	415
6015	41	3089
6015	230	1260
21015	248	18089
8178	205	11534
23178	259	20849
8178	226	5803
23178	284	26534
8178	226	6113
1832	226	7451
22451	271	21501
15390	414	22451
4254	226	5945
4254	226	6048
25379	381	27897
10379	226	14386
25379	414	29386
8677	160	787
16511	351	15787
22281	344	28702
22281	344	28975
3336	33	13247
18336	290	28247
18336	271	21501
14559	226	6596
1870	226	6596
12758	226	6596
16870	414	21596
26738	414	21596
4694	144	6559
7755	156	6559
2323	156	6559
25795	414	21663
1665	226	6663
21425	414	18431
18410	414	18431
21673	414	18431
6875	125	11417
6875	205	8279
20532	351	20345
5532	160	5345
20532	279	19102
20532	384	20099
4287	226	5300
8959	226	4056
23959	296	22373
23959	414	19056
24956	368	22117
7117	51	10952
22930	351	22012
7930	160	7012
22930	346	17848
7930	128	2848
22930	271	16260
25498	321	22071
14308	225	10498
21390	321	20393
15819	321	20393
6390	20	5393
141	4	1411
141	145	4253
15141	296	16411
14055	226	6648
29055	414	21648
4312	145	10410
4312	75	13300
19312	259	20849
19312	330	25410
4312	159	10410
4792	49	1532
4792	41	7223
19792	410	16532
24888	303	17756
9888	42	5350
23917	330	23528
8917	205	9618
8917	48	12889
3679	145	1576
18679	364	16576
14336	160	5875
6098	160	5875
27812	410	20875
21098	351	20875
2543	226	9803
1864	226	1054
16864	414	16054
1864	159	10589
5399	159	5688
5399	226	1983
9445	145	12927
24445	364	27927
24445	259	20849
24445	311	25571
24445	386	16260
9456	226	5709
24456	381	26692
24456	259	20849
9456	48	11692
9456	159	11692
19798	344	15062
4798	78	62
7298	225	4798
15136	259	20849
136	75	2535
6196	4	2595
6196	75	13300
21196	296	17595
7747	75	13300
22747	311	28300
15980	303	21660
980	156	6660
3330	144	6660
6916	49	11861
21916	410	26861
16039	414	18957
1039	4	8650
16039	259	20849
1039	226	3957
7448	226	2834
3300	53	5350
22594	250	20350
14562	42	5350
24458	250	20350
29562	250	20350
3656	169	6118
24847	411	21118
6088	159	9097
24097	384	17777
27919	330	24097
17437	410	29274
2437	160	14274
2437	49	14274
17437	351	29274
2950	78	10173
17950	321	27380
17950	344	25173
2950	20	12380
2950	61	10173
6632	226	5253
21632	414	16186
21632	414	23884
13186	151	7144
28186	368	22144
5440	53	13347
20440	250	28347
5440	53	12734
2698	226	14306
2698	205	3624
16982	290	17496
1982	33	2496
16982	290	18674
1982	33	3674
3070	151	3666
29228	336	17944
14228	98	2944
14228	193	2944
10362	226	6663
25362	414	21663
134	43	13917
25900	368	15134
15134	275	28917
28917	287	15134
15134	368	24383
3628	205	1286
18628	284	16286
3628	145	10870
18628	364	25870
4384	4	2901
20637	381	23389
5637	226	13631
5366	225	14650
20366	321	20918
20366	267	29650
20986	414	29706
5986	226	14706
20986	259	20849
1980	226	165
16980	414	19807
16648	352	28262
1648	103	13262
2804	53	1450
17804	250	21976
18209	293	27643
27643	301	18209
3209	172	12643
21979	344	29717
22846	344	28575
7846	78	13575
7846	61	13575
22846	344	28975
22860	271	21501
9251	4	3263
24251	414	22366
24251	296	18263
56	145	2565
56	226	4844
29861	364	19438
29265	319	19438
14861	145	4438
3280	33	6198
18280	290	21198
8222	168	13085
23222	294	24917
23222	269	28085
8222	144	9917
1889	53	10982
1889	53	1499
16889	250	25982
16889	311	23704
1889	75	3805
26925	296	20702
20820	296	20702
11925	4	5702
4415	160	14223
19415	271	29223
8831	226	6126
23149	344	21126
28594	414	21126
3165	41	3272
18165	295	27593
27984	295	24288
24288	375	27984
12984	181	9288
5079	49	3631
20079	410	16524
16902	362	20283
12316	46	5283
2215	46	5283
19626	362	20283
4626	46	5283
21784	271	18718
21784	346	17848
21784	351	18718
6784	128	2848
6784	160	3718
29724	397	16998
10821	139	1998
21528	290	16998
19822	290	16998
24928	259	20849
16893	414	17351
25283	344	17351
18867	414	17351
10283	61	2351
24408	293	15601
2604	48	14802
17604	259	20849
17604	284	28275
2604	4	9665
17604	414	26757
9359	226	9555
24359	284	28536
24359	414	24555
9359	205	13536
16467	381	23211
18867	414	17351
18867	414	24839
3867	226	2351
23651	414	25579
8651	81	10579
23968	296	28704
23968	330	23546
8968	4	13704
8968	159	8546
8968	205	5069
22708	414	25588
7708	145	10588
22708	414	24121
17219	351	28502
13493	48	2219
28364	364	23369
345	145	8369
26985	364	23369
4335	172	9646
13029	172	4335
6438	205	3053
21438	296	26460
21438	330	24932
4349	41	6712
19349	248	21712
7964	205	8488
22964	414	15904
22964	284	23488
22964	259	20849
7975	48	500
6307	189	5026
21307	321	25666
6307	20	10666
17302	384	17042
2302	16	2042
29454	410	18845
13012	160	3845
6718	49	3845
3842	226	744
18842	296	17349
5432	160	11814
20432	351	26814
3537	230	1717
18537	410	16717
18537	248	21365
18796	351	15846
18796	271	15886
3796	160	846
25403	321	20411
10403	48	7186
21103	414	27678
21103	296	27906
21103	414	20547
6103	4	12906
22792	344	25581
9112	226	13910
24112	414	28910
24112	323	17011
2570	159	14249
2570	226	10164
22929	284	24459
7929	205	9459
22929	259	20849
24575	284	19030
9575	226	7589
24575	296	23833
9575	205	4030
222	75	5914
29829	344	23698
409	78	8698
18023	344	23698
15409	344	23698
8932	113	8698
22126	318	22728
7126	195	7728
22126	343	21788
1146	226	8687
1146	226	5530
16835	364	19323
1835	145	4323
16835	259	20849
19244	414	16275
4244	226	11187
21714	259	20849
6714	226	14217
21714	414	28256
8901	144	9917
29550	294	24917
19107	284	18624
4107	205	3624
4107	226	13252
19107	414	28252
4017	4	14710
24016	290	15950
9016	33	950
9016	33	6164
17436	351	23989
2436	160	8989
22035	369	16260
7035	29	1260
16941	259	20849
1941	226	6214
1941	226	4019
2905	226	5491
2905	226	9803
10442	75	12531
25442	311	27531
25442	259	20849
1972	48	5848
1972	29	1260
16999	344	27866
1999	61	12866
1999	78	12866
4244	226	3680
7009	226	3680
18486	397	15425
3486	33	4568
18486	290	16803
18486	351	19211
4960	160	3432
7086	205	8443
22086	259	20849
2158	205	5041
17158	386	20618
2158	145	11197
22067	414	22847
18653	344	22847
28130	344	22847
24337	259	20486
9337	23	5486
23127	343	25341
23127	362	26734
8127	115	10341
17049	414	20319
2049	226	5319
18359	414	29633
3359	226	14633
3359	4	2349
858	78	6354
15858	267	24319
1784	159	10470
16784	414	25470
16784	330	25470
1784	226	10470
658	226	2536
19059	284	23251
19059	296	28519
4059	4	13519
8329	226	12769
8329	205	10858
4313	205	4004
19313	259	20849
3471	205	14498
3471	159	6541
18471	259	20849
20250	321	28740
5250	20	13740
5250	151	13041
28041	267	20250
22184	321	27818
19570	414	25236
19570	259	20849
4570	226	10236
18298	369	20425
14607	23	3298
20225	321	24449
2243	20	9449
27315	321	24449
18414	321	24449
17243	321	24449
15541	414	22589
541	48	8083
15541	259	20849
21364	344	16885
3373	151	6364
12536	225	5732
20732	368	27536
27536	267	20732
1190	145	14109
1190	226	942
18582	330	28882
3582	48	13882
3582	159	13882
20837	259	20849
5837	226	10147
17427	318	18315
21825	318	18315
27848	318	18315
24210	267	16287
1287	151	9210
14122	190	5247
20247	386	21501
29122	290	20247
22838	336	17731
7838	193	2731
7604	4	4165
7604	48	339
7604	205	10858
22604	381	15339
22604	284	25858
4184	160	6501
3416	169	4184
6497	159	4184
21271	330	24153
21271	284	29154
14458	4	1408
29458	296	16408
23064	296	16408
16893	296	16408
15268	296	16408
7510	145	2304
7510	75	9216
22510	311	24216
3132	226	180
18132	319	29227
20191	259	20849
20191	414	23886
5191	226	5033
5191	226	8886
3664	226	1886
266	226	13319
15266	336	25943
266	62	11992
15428	259	20849
428	205	4884
11095	159	7150
11095	145	7150
1011	159	7150
39	145	7150
3987	159	3960
22635	414	28381
7635	226	14757
17860	414	19987
2860	4	13151
2860	226	13630
2586	145	14277
17586	267	19768
19768	368	17586
23435	410	16030
1030	29	1260
9907	226	11942
24907	414	26942
24907	386	20618
9934	226	12079
9934	75	5914
29438	414	18442
5433	226	3442
24463	414	18442
22613	271	16260
7613	115	10341
16373	414	29697
16373	259	20849
16373	414	17536
4805	4	1928
19805	364	27655
17498	414	24410
17498	414	26271
2498	226	11271
2498	226	9410
17498	259	20849
22265	321	24841
7265	20	9841
18511	284	22226
20965	296	29743
5965	4	14743
20965	414	16729
5965	205	4470
20965	364	25870
5820	75	13300
5820	226	14534
20820	296	20702
19423	284	20858
4423	125	3482
25421	296	21226
10421	4	6226
10421	226	9108
25421	259	20849
1348	205	13271
24061	414	16729
24061	311	25943
20184	411	21091
5184	159	11009
5184	226	9380
9224	48	2859
24224	364	17827
9224	169	9307
20288	296	24774
27104	296	24774
7287	25	2687
22287	251	17687
8016	25	2687
20392	319	17687
16366	364	17687
17566	330	15790
18521	330	15790
14789	159	790
9875	226	9708
19535	414	24708
24622	293	15281
9622	172	281
17407	414	22874
2407	226	4854
19240	344	17514
28754	344	17514
13754	78	2514
13754	61	2514
4240	189	2514
4328	145	13665
19328	284	15946
19328	259	20849
19328	364	28665
19328	381	27718
18064	259	20849
18064	414	16241
3064	226	1241
10174	226	6421
25174	414	28425
25174	250	20312
25174	414	21421
9050	145	13665
8017	103	380
23017	293	15380
8017	188	380
23178	414	21113
8178	205	11534
22333	414	15662
22333	284	18328
7333	226	662
7333	205	3328
9435	226	8402
16030	369	16260
1030	29	1260
8435	49	1030
24699	414	24053
9699	226	13296
8558	241	12494
23558	358	27494
20689	414	19766
20689	259	20849
5689	226	4766
24907	311	24232
9907	75	9232
24059	296	24562
9059	4	9562
24059	259	20849
24059	284	25008
24059	409	18482
24143	321	16269
24143	344	27815
9143	20	1269
15543	364	17021
15543	330	25052
1421	222	3227
16643	416	18227
10238	226	11302
25238	259	20849
10238	48	11302
22913	311	29236
7913	75	14236
22913	259	20849
15277	364	16054
21919	381	16054
4813	225	7114
7114	151	4813
19813	267	22114
13902	205	7419
28437	284	22419
14698	205	7419
2724	226	5361
17724	259	20849
18273	344	23427
3273	61	8427
28464	344	23427
24147	296	22373
9147	226	9260
26717	414	19916
10355	181	4916
19916	295	27815
4916	20	2344
467	48	4916
28193	311	17401
11458	75	2401
17764	259	20849
17764	414	27678
2764	48	12678
2801	226	9903
14032	226	9903
4669	160	10657
10873	226	4669
19669	271	20618
17703	284	26317
17703	414	18438
2703	226	3438
17703	364	28995
17703	259	20849
3958	205	2462
5413	205	2462
18958	284	17462
23189	284	17462
5671	145	6928
1381	4	1411
16381	296	16411
16381	284	22157
16381	259	20849
1381	205	7157
3484	75	13300
18484	364	16576
18484	311	28300
18484	259	20849
3484	145	1576
23392	248	22401
8392	41	1459
8392	41	7401
23392	248	16459
24138	411	17569
16071	411	17569
15321	411	17569
12916	169	2569
24795	411	17569
10337	15	7083
10337	159	1826
25337	330	15898
25337	336	22083
2309	205	12631
2314	145	2298
17314	364	17298
23835	364	17298
4744	145	2298
8776	41	12779
18412	259	20849
3412	48	961
17659	384	20099
17659	410	28816
2659	16	5099
19023	296	27803
4023	4	12803
4023	169	12365
3647	20	9407
18647	321	24407
19799	410	15894
4799	49	894
19857	414	28850
4857	226	13850
4892	4	6651
4892	159	6651
19892	330	21651
4892	205	13131
10112	205	946
23481	296	18263
8481	205	1065
8481	226	9999
4763	225	11615
19763	344	16358
6138	160	4038
10578	160	4038
9645	160	4038
17997	330	18886
29170	364	18886
606	20	5017
606	20	9841
15606	321	24841
5781	156	11435
5781	222	750
18692	397	17496
3692	139	2496
8280	226	4649
23280	259	20849
8280	226	5803
29391	351	21704
14391	160	6704
267	160	6704
15598	330	20516
598	159	5516
21069	344	28047
6069	61	13047
6069	78	13047
25439	416	27901
10439	48	10864
25089	351	29407
10089	160	14407
10089	41	9334
25089	248	24334
626	49	646
14080	226	6811
29080	414	21811
13972	226	6811
23230	397	17040
8230	139	2040
7093	139	864
22093	290	29083
22093	290	15864
22093	290	19568
17673	414	17613
17775	414	21048
17775	284	28271
2775	226	10035
4229	33	2582
19229	290	20284
29837	344	18939
14837	61	3939
3939	20	6387
20978	321	18668
20978	344	15358
9757	156	11842
9757	156	1692
24757	303	16692
24757	250	16499
24757	303	26842
19529	311	29652
4529	75	14652
21876	384	20099
6876	49	8331
6876	236	5099
8646	78	1549
23646	368	23870
8646	48	1549
8646	61	1549
8646	151	8870
3316	75	12531
18316	296	22339
3316	159	14305
14314	226	6567
17701	414	21567
19649	318	22968
11353	226	4649
4968	226	4649
25432	290	15340
10432	33	340
17902	409	28394
2902	125	13394
2902	226	9715
17902	414	24715
17902	259	20849
17468	303	24482
2468	156	9482
3120	151	13465
28465	267	18120
24269	296	16411
9269	159	2545
9269	205	4160
18388	330	21549
3388	226	12702
3499	75	7083
25569	336	22083
29782	336	22083
8421	226	487
26280	368	23421
15987	404	17614
987	241	2614
15987	343	25341
20229	344	17783
5229	145	2783
3784	61	8713
3784	78	8713
18784	344	23713
22270	259	20849
7270	48	12050
19834	303	27015
4834	156	12015
22964	284	23488
7964	226	904
5317	33	13247
5317	33	950
20317	290	15950
4887	49	4865
19491	414	19887
18540	364	17545
3540	145	2545
3540	205	7226
7095	29	5618
7095	169	9307
6192	33	12515
21192	290	16803
21192	290	27515
21192	271	15843
18117	259	20849
25053	284	18053
10053	205	3053
10053	4	1839
25053	296	16839
16536	414	28757
24869	414	25143
9869	226	10143
24869	259	20849
5523	20	12573
20523	321	27573
21442	368	19337
19337	267	21442
4337	189	5833
6442	151	4337
29958	414	19115
1321	226	14034
16321	414	29034
1321	226	1497
383	189	13558
15383	344	28558
8940	4	9616
23940	259	20849
23940	330	24616
15210	343	25341
210	49	7012
27814	364	19323
12814	145	4323
2623	145	4323
16787	381	16953
16953	248	23747
6143	159	10052
6143	145	10052
21143	259	20849
4476	226	8902
19476	414	25236
20263	344	18200
5263	78	3200
5263	145	2922
8159	145	8346
23159	259	20849
23219	248	29153
8219	41	14153
23219	384	20099
8219	123	4811
24600	290	16998
24600	397	21279
24600	290	29207
16535	290	24265
1535	33	9265
16683	344	22878
1683	20	11712
16683	321	26712
1683	189	7878
10269	75	12531
9271	226	14206
24271	414	18108
24271	414	29206
9271	226	1368
24271	364	18786
10464	160	12894
25464	351	27894
20323	284	25464
1893	226	2351
1893	4	1408
16991	344	20537
16991	368	20908
1991	151	5908
25091	368	16991
1991	141	10399
22045	352	26762
22045	369	16260
17029	284	27631
17029	259	20849
2029	205	12631
22545	265	16439
7545	160	4811
13467	226	7545
17691	414	27599
2691	226	12599
9765	205	1286
24765	284	16286
9765	226	13631
8947	205	946
8947	48	12718
17988	344	19135
17988	386	20618
2988	48	4135
2988	48	1708
2988	78	4135
15730	413	15000
5179	78	730
7185	61	730
236	20	3151
15236	344	26686
15466	321	29221
15466	344	20537
466	20	14221
22760	414	29217
7760	226	5253
13102	226	681
28102	414	15681
10366	139	864
25366	290	15864
25366	290	23254
13791	205	5041
20041	342	19865
9281	205	5041
28791	284	20041
14106	205	5041
15441	284	23251
15441	296	16504
441	4	1504
441	205	8251
6291	49	9205
5409	230	11671
5409	85	11671
20409	271	26671
22147	344	28131
7147	189	13131
9758	215	9758
28955	414	24758
13412	226	9758
19069	248	17038
7031	41	2038
19103	409	28394
4103	125	13394
4103	226	6918
19103	414	15732
19103	259	20849
25011	250	21976
25011	250	19753
10011	53	4753
9944	33	14326
24944	271	16260
10061	33	2920
28924	290	17920
13924	33	2920
25414	344	18938
10414	20	2773
25214	344	18257
10214	20	11712
10214	48	9960
10214	61	3257
18414	321	24449
21174	416	22704
6174	51	7704
2791	48	7050
17791	377	29727
2791	145	14727
17791	284	24618
17791	381	22050
29192	284	21842
24039	284	21842
14192	205	6842
9039	205	6842
14760	41	4468
16348	330	16081
16348	259	20849
1348	226	7682
948	228	12429
15948	403	27429
499	205	7807
12761	226	7807
27761	414	22807
570	75	12367
570	226	1371
2761	190	1943
10170	190	1943
23112	290	16943
14225	159	9591
29225	364	24591
19775	330	18774
16751	330	18774
16751	414	18774
4832	62	3774
2751	159	3774
6973	226	3277
6973	145	4916
6973	4	4165
17839	364	16485
13661	145	1485
16185	384	17777
6672	159	1185
23155	330	16185
5860	226	12079
20860	259	20849
1521	156	6033
16521	341	20256
2485	225	1521
16644	364	17710
1644	226	12409
49	20	850
15049	344	21957
49	78	6957
4759	159	12694
4759	226	11164
5347	156	3254
20347	303	18254
5325	151	5347
20347	341	24013
16882	344	22212
3695	145	14425
3695	48	14425
18695	381	29425
20539	267	16134
16134	344	16655
4090	226	2142
19090	414	25437
4090	4	3772
20114	284	27303
5114	91	12303
2073	151	14380
2073	20	4976
5091	226	10039
5091	4	8703
20091	296	23703
18684	414	26200
3684	226	1333
18684	386	16260
6672	159	1185
22395	330	16185
4108	159	7951
19108	284	19190
4108	205	4190
19108	304	28300
19108	259	20849
7416	159	14771
22416	414	20645
22416	330	29771
7416	75	12531
7416	145	2021
29529	284	18624
19107	284	18624
10390	205	3624
5201	205	3624
11353	205	3624
22494	303	27519
7494	156	12519
7494	75	9025
19565	344	26454
4565	189	11454
15391	296	23833
391	4	8833
391	145	12655
15391	364	27655
391	226	12165
28133	321	21649
25786	321	21649
26292	321	21649
26797	321	21649
22154	364	16418
723	205	8107
15723	284	23107
723	4	8662
15723	414	25185
29027	267	16927
22356	414	28384
7356	205	6556
22356	284	21556
1711	205	13131
16711	284	28131
16828	369	23529
1828	29	8529
16828	293	24970
10480	226	7064
25480	414	22064
18527	321	28485
3527	20	13485
18527	321	22033
3527	53	11372
3527	20	7033
7899	159	6897
7899	159	347
7899	15	7083
7396	226	89
22396	414	20196
8203	145	2710
23203	364	17710
8203	205	6284
23203	284	21284
23203	259	20849
15457	369	20618
457	29	5618
1651	33	13386
1651	33	5284
16651	290	28386
15796	351	28311
796	160	13311
15796	410	28311
5966	226	1639
20966	414	16639
8994	226	13058
8994	48	2540
3303	4	12312
18303	296	27312
3303	226	14229
2434	222	750
17434	386	16260
17434	341	15750
21081	321	15385
6081	20	385
4164	160	10527
15224	344	19164
5105	238	4164
3097	58	4164
4333	145	4164
8723	20	7602
8723	151	6391
6391	225	8723
23723	344	25398
9765	226	13631
3610	225	14279
29279	368	18610
14279	151	3610
3610	53	11372
18610	267	29279
9391	226	11942
9391	226	9715
24391	414	24715
9391	145	1868
10259	226	9017
15216	414	25315
216	145	6902
15216	364	21902
25367	344	27815
10367	20	1269
22598	414	17442
7598	226	6113
22598	414	21113
7598	226	2442
24670	344	24315
4775	4	517
19775	259	20849
4775	169	3774
19775	284	18774
19775	330	18774
7308	160	1008
22308	271	15843
22308	351	16008
22308	290	23254
22571	267	17409
13186	151	7144
22144	267	28186
22144	344	17183
1234	156	14408
16234	303	29408
18788	344	24991
14390	78	9991
14390	61	9991
24173	344	24991
5994	169	9307
20236	296	21226
5236	4	6226
5236	145	6620
3494	225	14565
29565	368	18494
21124	259	20849
21124	414	16793
6124	226	10588
26188	267	22692
22692	344	29947
16901	364	22051
16901	411	29803
1901	145	7051
16901	414	17231
167	226	11097
9302	49	1785
24302	248	28158
9302	41	13158
9302	89	13158
24302	410	16785
22394	414	27929
7394	226	12929
22394	259	20849
7394	226	14587
21427	311	23704
18136	351	23805
8805	71	1260
23805	369	16260
15185	321	22329
8218	20	7329
18521	364	23774
3521	145	8774
28289	414	23774
20273	414	23774
13289	226	8774
6970	48	3638
21970	381	18638
21970	364	22684
21970	259	20849
21970	414	23241
21270	321	18214
21270	344	17028
6270	78	2028
25234	259	20849
10234	226	8284
27908	317	20654
12908	127	5654
11254	41	5654
6930	226	8967
21930	414	23967
21925	330	24979
21925	259	20849
6925	226	904
21925	414	15904
21925	414	15806
19575	296	24861
19575	259	20849
24154	296	23662
9154	4	8662
9154	75	13300
21163	296	29325
6163	4	14325
21163	284	18182
21163	259	20849
16446	344	23076
18889	413	18462
3014	205	3889
24403	284	18889
29712	284	18889
9160	75	14480
17562	414	23247
2562	226	8247
21453	351	29387
6453	160	14387
21453	397	25094
18136	351	23805
3136	160	8805
24032	414	16886
13573	226	1886
13227	145	1886
4435	226	1886
9241	226	1886
2590	41	11746
2590	49	11861
17590	248	21299
19044	414	24378
4044	226	9378
22844	267	22112
7112	20	6708
22112	321	29842
22112	307	15327
22112	409	24703
2598	205	7157
17598	414	28801
2598	226	13801
17598	284	22157
17598	411	20246
24446	296	27934
9446	4	12934
24446	259	20849
8559	4	9774
23559	414	20917
15426	368	27869
12869	225	426
426	53	828
426	151	12869
16441	344	16854
5751	43	14570
29570	287	20751
20751	369	20751
19800	351	20182
19800	248	18272
20864	284	28271
20864	414	19510
5864	205	13271
2861	33	6947
29897	290	21947
5710	145	2449
20710	259	20849
5710	226	2449
8870	48	1549
8646	151	8870
21128	351	26139
6128	160	11139
21128	290	26980
26512	414	20286
12199	226	5286
659	4	718
15659	414	29895
15659	296	15718
659	226	14895
8794	226	4611
18280	290	21198
3280	33	3674
18280	290	15425
24454	303	28021
9454	156	13021
2193	226	13736
17193	364	28736
2193	159	13736
2193	48	13736
20060	384	17752
27996	414	22958
16166	414	22958
18967	414	22958
3967	226	7958
18397	368	20120
20023	290	17844
5023	33	2844
2030	48	13634
17030	344	28634
3056	159	4556
3056	145	11552
18056	330	19556
18056	414	25164
19876	311	27531
29786	414	18438
14786	226	3438
3438	160	3432
10593	226	3438
24683	414	18438
769	48	5915
769	159	5915
15769	330	20915
15769	259	20849
24581	344	28325
20089	344	26454
20089	321	25152
5089	145	11454
16089	414	25250
1089	159	10250
17071	414	29867
2071	226	14867
17071	414	23402
8509	45	8102
23509	377	26810
20529	321	17530
20529	368	23396
5529	20	2530
8999	159	9153
23999	330	24153
8990	49	11464
23990	410	26464
23990	351	21999
8990	160	6999
8439	159	14305
8439	205	7902
23439	414	28067
7609	41	2268
22609	351	22495
2860	4	13151
17860	414	28630
17860	296	28151
17860	414	19987
2860	226	13630
20678	364	22750
20678	259	20849
5678	145	7750
10371	71	134
25016	351	28816
10016	160	13816
10016	99	13816
10016	46	445
7044	159	7475
17314	414	29822
2314	145	2298
2314	226	14822
17314	414	23910
2728	75	12531
18818	414	17300
17726	414	17300
21829	414	17300
5949	226	2300
3901	226	1601
21353	351	22438
6353	160	7438
2950	61	10173
17950	321	27380
5952	226	14217
20952	414	29217
5952	159	5774
5952	226	6214
20952	259	20849
14833	41	6140
3645	41	6140
29833	248	21140
19689	248	21140
8066	159	1142
10003	159	3766
10003	75	13300
22162	397	26482
7162	128	1460
7162	139	11482
4474	75	13300
4474	226	1826
19474	259	20849
19474	411	23131
19474	414	16826
28331	319	15929
23137	364	15929
8137	48	929
8137	159	929
15929	384	17777
14870	226	7239
22239	413	26945
1768	226	7239
1003	205	7157
1003	169	5246
17115	351	26884
1279	226	2115
12824	226	2115
4659	226	2115
2115	195	7968
19433	364	18030
19433	296	27485
4433	4	12485
4433	145	3030
4433	205	3483
26231	413	24964
15276	413	24964
11372	114	9964
16175	413	24964
13510	145	10445
19150	364	17021
4150	75	12531
8864	145	8702
23864	330	23702
8864	159	8702
18242	381	16764
18242	381	19505
18242	368	23643
3242	48	1764
8643	225	3242
28137	344	16272
1272	160	7164
13137	78	1272
19236	321	22071
4236	20	7071
8888	49	14573
23888	410	29573
8888	160	14573
2464	189	11354
17464	344	26354
9104	4	4275
24104	259	20849
24104	296	19275
4529	75	14652
19529	311	29652
21559	352	16834
3778	49	1834
8177	11	1834
23177	352	16834
16967	303	17483
13477	156	3805
8623	156	3805
4738	145	7548
4738	75	12531
19738	311	27531
450	145	1576
450	226	8687
15450	364	16576
14492	226	1621
8922	226	1621
19681	368	27268
19681	250	29088
4681	42	14088
22953	321	20411
17480	267	22953
23540	344	17138
8540	78	2138
8540	48	2138
19672	369	18320
4672	29	3320
18337	330	15898
5134	159	898
20134	330	15898
18424	330	15898
10337	159	898
17896	321	16823
2896	20	1823
8394	6	2896
23614	351	17383
8614	160	2383
1496	75	13300
1496	226	13124
16496	259	20849
8975	222	4760
23975	341	19760
15234	269	29940
15234	303	18320
15234	269	29256
234	168	14256
234	168	14940
9843	75	10057
24843	311	25057
24843	259	20849
9843	29	3320
8093	169	9307
13987	4	6240
8478	4	6240
28987	296	21240
6825	195	2648
21825	318	17648
21380	351	24292
6380	160	9292
21380	270	22077
8493	213	2190
2190	195	4677
24163	259	20849
9163	226	14985
5725	226	4510
20725	284	22276
5725	205	7276
28189	351	15363
29602	351	15363
21090	351	15363
12025	49	363
9112	145	2354
7322	48	9498
22322	296	28741
7322	169	8437
7322	226	952
7931	159	10267
18219	321	19088
3219	20	4088
18219	321	18129
1941	226	6214
16941	414	19019
17544	414	24284
17544	259	20849
2544	226	9284
17685	368	22859
2685	151	7859
5749	4	8662
5749	75	13300
20749	414	26959
9253	226	8342
24253	414	19317
23819	311	23736
8819	75	8736
23819	259	20849
1680	151	2082
16680	368	17082
28743	321	23281
18687	321	23281
13743	20	8281
3687	20	8281
23281	386	21501
21496	414	17467
21496	409	26417
21496	259	20849
5605	205	10282
5605	226	10661
3995	226	5810
3995	48	4658
3995	205	2183
18995	381	19658
18995	414	20810
378	226	8910
378	145	2632
378	75	13300
15378	414	23910
27528	344	16750
18526	374	18270
22133	364	18270
29437	344	18270
9681	159	8681
24681	330	23681
28104	351	24204
20941	410	24204
13104	160	9204
9204	71	9204
5941	49	9204
13982	226	5361
14839	226	5361
6034	159	5361
29839	414	20361
7248	169	5246
8930	169	9307
23930	259	20849
23930	284	17462
23930	411	24307
23930	409	26417
17677	414	28803
2677	145	8936
17677	414	22682
2677	226	13803
2677	226	6456
4700	33	5428
19700	290	27514
19700	290	20428
19700	290	18551
19700	290	15340
29032	414	15031
26353	414	15031
19214	414	15031
8079	144	13508
23079	294	28508
7762	225	8311
23311	321	26350
23311	368	22762
8311	151	7762
23311	321	21135
17662	414	16792
2662	205	7157
2662	226	1792
24602	344	20364
28905	344	20364
7092	226	7682
7092	4	3263
22092	284	26030
22092	414	19695
7092	205	11030
27796	364	18808
12796	145	3808
17	145	3808
12665	226	1960
27665	414	16960
1166	205	1286
12881	205	1286
25051	284	16286
28663	284	16286
18628	284	16286
7367	160	11175
22367	351	26175
7367	128	2848
25387	259	20849
10387	226	13350
17795	248	29777
17795	343	25341
2795	160	14111
17795	342	19060
10406	226	11097
10304	226	4649
10304	205	1365
25304	284	16365
10304	226	9177
241	48	79
21021	414	24092
6021	205	11129
6021	226	9092
21021	330	21052
8341	48	5893
22291	351	16532
7291	160	1532
2280	226	2209
2280	145	69
19725	409	18482
4725	29	5618
19725	259	20849
17888	343	25341
17888	410	16139
22408	267	28602
13602	151	7408
7372	226	14428
22372	414	23820
7372	226	8820
4830	226	11059
4830	205	13104
19830	284	28104
19830	414	26059
5622	4	2996
22155	321	26712
22155	344	19713
7155	20	11712
7155	78	4713
1307	226	7136
16961	414	20936
1961	226	14323
16961	414	29323
16961	414	24222
8738	145	12927
9649	160	13546
24649	351	28546
9649	58	359
9649	119	9610
22179	374	24649
18119	414	19031
13997	226	4031
4126	226	4031
12919	226	4031
6768	160	11436
29783	414	16086
25831	414	16086
6589	226	1086
7070	190	2040
7070	194	7911
4086	125	11417
4086	226	2467
19086	284	22267
20787	364	17191
5787	159	14887
27942	414	20628
12942	226	5628
14510	226	5628
18907	351	26175
3907	49	4233
21095	364	25410
6095	4	8388
21095	259	20849
671	226	7682
671	4	7868
24047	364	29310
9047	145	14310
9047	205	11317
28647	267	20348
5348	53	5983
19108	330	22951
10667	159	7951
8809	159	7951
4108	159	7951
23438	368	25255
4352	226	11655
19352	284	29413
19352	414	26655
29315	293	23699
14315	172	8699
13057	226	5203
28057	414	20203
11585	226	5203
9688	226	5203
3563	75	13300
6194	53	12862
21194	294	21660
21194	250	21136
17449	351	22001
7001	0	7242
20768	381	29057
20768	330	16690
5768	226	887
9915	240	14816
24915	280	29816
21055	250	20350
21055	336	18220
21055	250	19593
15372	414	28319
372	226	542
28331	250	19593
17706	250	19593
16702	250	19593
8061	53	4593
28762	250	19593
16897	344	22878
1897	151	1194
1897	189	7878
1897	20	11712
24947	271	23529
21450	321	17290
6317	61	6450
1417	61	6450
21317	344	21450
6880	226	3763
419	49	8331
28599	410	23331
8878	49	8331
6685	128	3518
21685	397	15340
14684	226	7874
28005	414	22874
26444	414	22874
3425	226	6370
18425	414	25298
21732	311	22696
6732	75	7696
21732	259	20849
24650	344	26967
24650	321	26712
21729	293	26463
13259	39	6729
6729	103	11463
17669	352	28312
17669	369	29201
5419	159	9106
27479	319	24106
22644	381	24106
20419	330	24106
12740	48	9106
10462	16	2777
25462	384	17777
6433	48	8083
6433	4	12172
6433	48	12889
21433	381	27889
7706	226	6044
25491	411	19139
24065	411	19139
26862	411	19139
15637	411	19139
24571	290	24448
17760	341	18300
2760	42	3819
2760	222	3300
4075	145	3439
19075	344	18439
20405	330	21928
5405	226	14217
16218	414	15199
27311	414	15199
9462	226	199
21613	321	18214
6613	225	2718
2718	151	6613
19816	321	15899
4816	20	899
7644	48	9106
22644	368	21455
8048	49	4233
8048	160	4233
23048	351	19233
9374	160	5646
24374	351	20646
24374	346	17848
9374	128	2848
7391	226	887
9683	169	1331
7614	169	1331
9081	101	6341
24081	369	21341
24081	258	16268
24667	369	23529
9667	71	8529
9667	29	8529
4924	4	11393
4924	145	5659
6536	159	8578
6536	4	1900
21536	296	16900
18293	414	29707
3293	226	14707
16015	269	28664
16015	294	24938
16015	303	24938
2214	11	14264
17214	334	23484
19937	293	29111
4937	97	14111
8489	49	4937
7119	169	4936
7119	226	11164
17253	414	16729
2253	226	5565
2253	205	7752
17253	409	28394
10832	226	2709
24384	321	20868
9384	20	5868
9931	226	7682
24931	330	25267
9931	226	13124
24931	259	20849
583	234	10056
6424	226	8414
6424	145	14727
21424	381	22050
21424	364	29727
21424	381	27889
16178	248	24246
16178	248	18272
16178	295	27593
1178	41	9246
1178	41	3272
5574	190	6560
22070	290	21560
9464	139	6560
26741	397	21560
187	139	6560
18278	410	16877
3278	49	1877
3278	160	1877
18278	351	16877
2534	226	5634
9224	205	8279
18001	284	23279
573	205	8279
10222	46	5021
25222	362	26899
4604	75	5914
4604	145	6388
4604	226	4844
19604	411	23407
17010	409	18482
702	226	719
14635	226	719
17230	414	15719
29455	414	15719
29267	414	15719
17927	267	17155
2155	225	14694
17155	267	29694
4549	128	3518
19549	290	24740
3083	226	4510
18083	296	27965
18083	414	19510
7657	226	2854
336	226	2854
3424	53	5185
22316	250	20185
18424	250	20185
2619	151	5620
5620	151	2619
1492	226	9017
1492	159	13318
16492	330	28318
16492	381	28318
1658	48	686
20530	351	22685
5530	160	7685
22685	369	16260
29641	250	20865
2125	53	5865
3035	159	12888
18035	330	27888
18035	259	20849
18035	304	29618
4534	169	10557
13281	233	5244
5244	29	10900
5244	222	13281
1957	0	9290
16957	359	24290
23185	321	21745
8185	189	1026
23185	344	16026
3799	205	11534
18799	414	19682
7551	4	6114
22551	284	23251
7551	205	8251
8965	51	12347
8965	156	625
21029	321	29846
6029	20	14846
23569	397	17040
23569	351	20182
8569	139	2040
15039	364	22150
39	145	7150
21576	351	25841
21576	312	29902
6576	160	10841
6576	107	14902
6576	160	3350
8390	46	9095
22941	362	24095
21436	362	24095
18113	362	24095
6436	46	9095
8750	160	4426
23750	351	19426
23750	271	15886
23750	290	24180
5233	226	2536
17112	284	19004
17112	259	20849
2112	226	3431
17320	259	20849
2320	125	11417
22076	364	22222
7076	145	7222
4756	168	7072
19756	250	27862
19756	269	29940
21953	284	27441
6953	205	12441
21953	259	20849
5863	226	10147
20863	414	25147
146	56	10224
15146	268	25224
25224	394	15146
10224	223	146
6718	160	143
15410	303	21033
2485	156	6033
6033	29	1260
9901	156	6033
22560	384	17777
23242	410	16265
22702	351	16265
8292	79	1265
3208	226	4374
3208	226	14047
19881	294	28021
4881	144	13021
4881	156	13021
19881	303	28021
16777	414	28621
1777	145	11992
16777	381	26992
16777	364	26992
1777	226	13621
21288	402	18938
21288	368	28795
6288	20	8446
6288	151	13795
19343	364	15387
24878	394	17031
17031	366	24167
2031	123	3432
20439	304	21805
5439	75	6805
15392	344	28772
392	20	9449
1680	151	2082
16680	414	29069
17082	267	16680
10461	51	7666
25461	416	22666
25461	267	29812
14812	151	10461
10461	225	14812
9796	78	4510
9432	226	4510
628	226	4510
14744	226	4510
52	226	6694
1997	160	14274
16997	351	29274
16997	384	20099
2900	33	11982
17900	290	22236
16602	290	17237
1602	33	5389
16602	290	21532
9340	205	1286
9340	226	4611
29239	414	20319
14239	226	5319
23752	414	20319
23246	410	20503
8246	58	12933
13573	48	8083
1832	48	8083
16832	381	23083
27392	368	20333
12392	151	5333
8202	226	12071
23202	311	22823
23202	414	27071
24481	344	24255
9481	61	9255
27885	303	19451
15188	303	19451
5758	156	4451
188	156	4451
3553	226	12548
10002	226	744
28592	414	15744
14731	226	744
7796	226	9189
7796	75	5838
16141	321	28367
16141	344	18992
1141	48	3992
1141	78	3992
24302	410	16785
4267	195	13875
19267	318	28875
19267	248	18716
19267	351	27045
4267	160	12045
15832	344	15243
15549	344	15243
15667	344	15243
22829	290	17496
7829	33	2496
17199	330	23578
11863	159	8578
2199	159	8578
11863	48	8578
106	226	9999
4853	49	14512
19853	343	19169
21068	410	24920
6068	160	9920
6068	49	9920
23940	414	15814
17005	414	15814
27608	414	15814
20903	414	15814
5653	205	12598
9318	226	13709
24318	414	28709
24318	284	27441
6817	205	6150
6817	75	12531
19675	269	16856
28758	269	16856
13758	168	1856
1099	168	1856
14215	168	1856
958	41	495
15958	248	15495
27448	364	22734
22734	384	19129
22048	414	24825
7048	226	9825
7048	116	4619
15716	284	25110
716	205	10110
22932	259	20849
7932	226	14657
22932	414	29657
22932	414	20747
1127	49	10371
6986	226	662
21986	330	20453
6986	145	4665
22735	410	27436
7735	160	11762
18000	409	28394
3000	125	13394
3000	4	8667
3000	125	14981
18000	386	16260
13773	48	9088
28773	381	24088
24088	317	22401
9088	58	4954
9088	58	3197
20588	274	28269
5588	194	13269
5588	128	13269
351	190	5588
20588	369	16260
29127	414	19363
11694	226	4363
4363	29	5618
18320	301	22787
11940	172	7787
21598	321	18129
6598	48	13121
58	145	3938
15058	321	26712
15058	364	26021
6777	48	14324
21777	381	29324
21777	416	27258
6777	51	12258
9634	226	1333
9114	160	3718
24114	351	18718
9114	49	3718
24114	410	18718
24114	271	18718
372	205	2183
15372	284	17183
15372	414	15542
372	226	542
2701	226	2796
9676	4	10154
24676	296	25154
8646	48	1549
23646	344	16549
23870	267	23646
5615	145	14400
20615	364	29400
20615	304	23736
20615	414	26604
20615	414	19795
4652	4	12951
19652	414	29229
3141	168	14072
3141	44	296
18141	269	17974
19409	414	28256
19409	414	19019
4409	226	4019
4409	226	13256
19409	259	20849
1614	145	2827
16614	381	28217
16614	364	17827
15874	303	28021
874	75	4485
24357	344	20859
9357	145	5859
9357	189	5859
9621	125	11417
9621	48	6154
9621	48	13571
4834	156	12015
19834	303	27015
29431	290	21198
13861	33	6198
6990	190	6198
6720	33	6198
5582	226	6443
3232	159	2816
3232	51	7577
18232	330	17816
18232	416	22577
3149	205	13271
268	4	1408
15268	311	27238
268	75	12238
15268	296	16408
7825	145	9679
25080	321	27272
10080	20	12272
277	169	8131
2539	205	14413
17539	284	29413
2539	75	10943
8053	226	7958
23053	296	20702
15672	321	27650
672	20	12650
672	20	7033
24432	296	22460
9432	226	4510
9432	159	11695
9432	226	2935
24432	414	19510
15092	330	17471
92	4	14260
92	159	2471
15092	296	29260
9830	226	10035
23666	410	25371
8666	49	10371
23666	248	23571
8666	41	8571
15987	404	17614
1324	226	6944
6944	195	7968
17727	267	20458
2727	20	13794
5458	151	2727
18514	321	20918
18514	321	24407
3514	20	9407
3514	20	5918
1996	4	1900
16996	304	22696
16996	296	16900
22115	259	29984
7115	23	14984
24401	259	20849
9401	226	4671
7972	205	9395
27782	284	24395
4302	205	9395
1816	159	14305
1816	145	14305
16816	364	29305
16816	330	29305
16816	259	20849
8809	4	8662
14827	4	8662
10614	4	8662
9676	4	10154
24676	414	24244
2293	226	3409
7865	226	3409
2094	226	3409
3409	49	5618
3409	160	5618
6395	159	11994
21395	330	26994
6395	48	11994
21395	414	16822
21395	259	20849
21003	321	28091
6003	20	13091
21354	279	18482
21896	344	21354
6354	82	10282
9539	145	5788
24539	344	20788
29555	414	21874
14555	226	6874
9865	226	6874
17407	414	21874
14696	226	6874
14968	68	3781
29968	297	18781
16072	297	18781
21152	414	25240
6152	226	10240
9050	145	13665
24050	364	28665
24050	381	27718
27374	414	20331
9534	226	5331
17046	364	29277
2046	145	14277
7519	33	1855
22519	290	16855
24970	369	23529
16828	293	24970
24970	275	16828
17949	351	26627
2949	49	11627
22690	384	17042
7690	16	2042
19192	267	24809
9809	151	4192
9809	20	6537
18363	296	15502
3363	4	502
18363	259	20849
7759	4	4600
22759	296	19600
15847	321	16904
847	20	1904
18188	386	21501
3188	159	14732
25316	284	24855
10316	226	4639
25316	259	20849
10316	205	9855
25316	330	27585
28109	414	21216
13109	226	6216
25745	414	21216
29056	414	21216
3167	75	12531
17423	410	18843
2423	49	3843
8929	226	4374
23929	259	20849
8929	226	11373
21540	414	15827
6540	226	827
21540	259	20849
22523	284	24800
7523	226	1854
20079	410	16524
5079	49	1524
16810	259	20849
16810	330	29249
1810	48	9523
18120	368	28465
13465	225	3120
3120	151	13465
3120	61	7181
3120	145	1829
8337	145	2565
8337	205	9645
23337	364	17565
23337	259	20849
23337	414	23332
21701	311	28300
6701	75	13300
21701	364	25410
6701	226	12409
21701	414	27409
23362	344	28975
8362	20	4088
23362	321	19088
8362	189	13975
10518	226	5203
16242	351	21885
1242	49	12177
16242	410	27177
24690	414	18063
3411	159	3063
23758	344	29545
8758	78	14545
8758	61	14545
4344	226	11215
19344	414	17442
7498	205	14226
22498	284	29226
22498	414	19125
22498	284	17101
7498	205	2101
15137	250	18351
15137	294	21414
137	53	3351
17150	414	15507
2150	226	732
18981	411	28609
3981	226	14822
18981	414	20547
5263	20	2530
20263	344	18200
7641	43	13691
28691	400	22641
7786	205	10110
22786	414	22984
7786	75	13300
17742	352	16992
29016	351	16992
12966	49	1992
215	226	14172
15215	414	29172
18234	351	24845
3234	160	9845
21311	351	24845
29262	410	24845
24295	290	29050
16213	296	28704
1213	4	13704
16213	414	22984
2575	4	6107
2575	159	4168
29481	351	24431
24431	369	16260
10762	160	9431
14481	160	9431
9431	30	10694
7319	75	13300
7319	145	2075
22319	364	17075
7143	226	6216
22143	259	20849
559	75	5958
15559	381	18605
15559	259	20849
19711	330	25185
4711	75	12531
7024	145	1576
7024	75	13300
22024	364	16576
3469	205	2855
18469	411	21091
4092	226	10412
10412	160	14738
25412	351	29738
19092	414	25412
25412	384	19129
5221	75	13300
5221	226	7451
20221	414	22451
7858	61	10693
22858	344	25693
4477	23	174
19477	259	15174
19477	369	23889
8392	41	1459
23392	248	22401
21169	410	21830
13015	226	6169
29658	414	21169
8146	159	10281
23146	330	25281
16666	293	24363
1666	172	14281
1666	172	9363
9071	205	9806
6591	169	5246
21591	296	16593
6591	48	2254
21591	381	17254
21591	259	20849
15037	416	21983
3829	225	37
15037	368	18829
6891	226	6319
21891	414	21319
20971	303	18353
20971	294	18353
5971	156	3353
5971	144	3353
6628	226	10039
23513	414	24189
23513	330	16735
8513	159	1735
3855	4	925
3855	205	9459
17326	284	19190
17326	364	24264
2326	145	9264
2326	205	4190
1302	226	2091
12829	226	919
27829	414	15919
28765	414	15919
1204	190	11421
16204	290	26421
7237	208	9592
22237	369	20618
22237	299	24592
22969	344	18939
22969	402	26652
8018	226	9758
8018	226	542
8018	226	9336
20341	351	21885
5341	160	6885
20064	293	21329
5064	79	6329
10117	156	689
25117	294	15689
137	144	6414
19013	294	21414
4013	144	6414
4641	51	14110
19641	416	29110
5935	226	6351
23340	414	21351
24343	414	21351
20935	414	21351
3564	226	4750
21484	344	28629
25026	267	21484
21484	250	22960
6484	145	1830
4042	226	1588
24104	411	24557
25022	411	24557
6328	169	9557
17513	413	26945
17513	271	21501
27040	410	19233
1127	160	4233
28786	351	19233
15073	303	19157
73	156	4157
24375	293	15281
9375	172	281
22868	312	20372
18595	351	28678
3595	160	13678
18595	397	21560
21512	344	29947
6512	225	13148
10494	145	5659
25494	381	21357
10494	4	8077
18820	414	19252
18820	296	15925
1603	48	11102
1603	48	4585
21339	414	20547
6339	226	5547
21339	414	21763
24944	290	16553
16553	369	16260
9944	33	1553
1686	29	5618
11902	160	1686
22337	387	18429
14966	157	3429
8550	233	2951
2951	222	8550
23550	249	17951
3874	159	5856
18874	330	20856
18874	414	22599
16888	414	29286
1888	145	14286
28626	293	15312
15312	369	16260
27911	293	15312
8058	226	7850
23058	414	22850
5325	151	5347
20325	341	24013
20325	386	16260
2314	75	13300
2314	159	8546
24770	351	19865
7977	81	9770
14044	226	9770
6972	75	5829
21972	386	16260
20031	397	15340
5031	190	340
5031	139	340
20031	290	15340
20925	354	26417
24670	344	24315
9670	78	9315
9670	61	9315
17997	330	18886
2997	145	3886
13853	41	632
2120	41	632
13376	41	632
9356	226	5628
9356	145	1418
1379	4	3864
16379	296	18864
16379	259	20849
16379	330	29249
1379	159	14249
19641	416	29110
4641	51	14110
1135	151	4764
16135	368	19764
24137	259	29074
9137	23	14074
1784	226	10470
16784	414	25470
16804	284	23107
1804	159	10267
1804	145	10267
16804	381	25267
16804	414	20907
2485	156	6033
2485	225	1521
16521	368	17485
17485	303	21033
9401	226	4671
23358	351	29264
8358	160	14264
23358	271	16260
2443	20	4976
17443	321	19976
10259	205	5069
10259	226	9017
25259	284	20069
25259	414	24017
8737	53	3004
18679	364	16576
18679	259	20849
3679	145	1576
19675	269	16856
28758	269	16856
23177	352	16834
8177	11	1834
18200	250	26372
3814	78	3200
4402	78	3200
18814	344	18200
3814	61	3200
9281	205	5041
24281	414	22589
24281	364	23432
24971	344	27551
9971	189	12551
18528	414	27870
3528	226	12870
18528	259	20849
1715	226	6130
1715	116	10625
8435	115	6253
23435	410	16030
8435	49	1030
29291	280	24086
14291	240	9086
23032	258	29015
8032	184	14015
14015	94	8032
4797	169	7042
20422	411	22042
19981	296	28968
4981	4	13968
4981	205	12441
19981	284	27441
4981	75	12531
7152	226	3615
22152	414	18615
7152	159	9658
22152	381	24658
28835	303	17483
15303	414	25385
569	226	10385
18684	414	25385
19452	259	20849
19452	414	28630
24781	290	26980
24781	290	17572
9781	33	11980
24781	271	15843
9781	190	2572
17466	386	16260
13912	151	2466
28912	368	17466
9406	103	9532
24406	293	24532
28836	356	19734
13836	10	4734
22580	356	19734
27134	356	19734
12134	10	4734
20367	344	16549
5367	78	1549
5367	225	14798
5367	48	1549
5367	61	1549
14038	226	6323
29038	414	21323
17108	414	21323
25065	414	21323
4313	226	5530
23385	284	18640
8385	205	3640
23385	259	20849
8385	226	2091
29847	284	23443
3607	222	2990
3236	222	2990
18236	341	17990
18607	341	17990
771	226	8577
17274	351	20706
2274	160	11671
2274	160	5706
7046	226	1501
7046	29	5618
22715	414	28910
7715	205	3328
22715	284	18328
25808	414	15736
10808	226	736
23530	259	20849
8530	226	10147
23530	414	22874
17432	414	18453
2432	226	3453
23809	284	16065
8809	159	7951
23809	259	20849
23809	414	24378
23809	296	23662
17516	250	20973
17516	303	16515
17516	368	18875
9350	53	12734
24350	250	27734
2705	226	12791
17705	414	27791
2705	226	9222
4939	4	3263
19939	296	18263
5800	226	6113
7360	4	6113
14293	226	6113
15560	321	24906
15443	321	24906
6828	226	12870
21828	259	20849
6828	226	9751
6828	226	5253
8293	215	843
23004	409	24161
8004	125	9161
8004	75	12238
18449	368	21050
21184	267	21050
16126	344	28377
1126	189	13377
1126	145	13377
7063	226	11655
7063	205	4190
20404	290	20389
5404	33	14671
20404	290	29671
5404	33	1855
7737	125	5566
2171	48	4462
17171	259	20849
17171	414	19462
17171	381	19462
4167	159	5113
15262	384	25175
262	16	11551
15262	384	26551
9333	159	2433
27572	381	17433
4805	4	1928
4805	145	12655
19805	364	27655
18304	414	21338
3304	75	12531
17061	351	25568
2061	160	10568
2061	160	3432
8325	4	10154
23325	296	25154
17210	414	15253
28363	414	15253
7320	172	11524
22320	293	26524
7320	172	14288
9249	145	10267
9249	48	6255
24249	284	25008
3268	38	8314
6314	145	8314
17093	344	16358
2093	189	1358
2093	53	3622
9062	14	5789
24062	280	20789
21313	351	19648
6313	190	9729
6313	160	4648
4053	144	7709
19053	303	22709
6508	160	13235
21508	351	28235
21508	279	18482
6755	81	6508
21955	364	28665
6955	48	11102
21955	381	26102
6955	145	13665
20112	368	15531
24881	303	17849
9881	156	2849
7232	4	7802
18581	252	19707
3581	7	11463
3581	202	4707
18569	364	25445
3569	145	10445
13844	226	5645
7416	226	5645
20645	384	17777
28844	414	20645
16332	414	20645
2868	159	10464
17868	330	25464
6870	205	10113
6870	4	3033
21870	284	25113
17140	368	26794
2140	151	11794
26794	267	17140
11794	225	2140
4101	205	8251
19101	284	23251
4101	145	6255
24221	344	22847
28130	368	24221
17202	321	28134
2202	20	13134
2482	217	3592
2482	195	2447
17482	351	21329
28660	414	23910
29191	414	23910
1471	226	8910
20260	364	29707
5260	4	8650
825	4	14260
15825	414	28124
15825	414	29598
4327	226	2419
4327	226	13319
23707	321	25459
23707	321	23446
8707	20	8446
1978	75	9836
1978	226	4288
19798	344	15062
29742	344	15062
62	114	9538
25419	416	16296
10419	81	12722
4092	205	11317
19092	414	25315
25468	311	24216
10468	75	9216
10468	226	1340
68	205	10008
15068	284	25008
15068	259	20849
68	226	14229
18702	259	20849
7447	226	14683
22447	414	29683
7447	205	7752
7447	169	4121
22447	411	19121
22151	344	20340
1124	189	5340
17437	410	29274
2437	49	14274
17437	351	29274
18569	364	25445
13510	145	10445
25445	248	29494
3569	145	10445
27495	284	16906
23460	344	20945
13831	225	8460
23460	321	19976
538	189	9073
15538	321	18963
19812	296	23833
4812	4	8833
19812	414	21355
27300	267	18487
3487	151	12300
20903	259	20849
20903	414	19045
5903	226	1282
7048	116	4619
22048	414	24825
24661	363	27731
24661	281	27731
9661	188	12731
25	226	681
25	226	10803
8315	226	5810
23315	296	23536
23315	414	20810
29568	368	16795
14568	151	1795
28672	364	25448
7436	159	10448
11817	159	10448
9384	20	5868
24384	321	20868
20669	414	29386
5669	226	14386
20669	296	17996
5669	226	8284
8714	226	7023
29556	293	21481
6481	71	1260
490	226	8659
490	226	9358
15490	414	24358
28150	317	17833
16611	317	17833
1611	127	2833
25205	344	29792
10205	48	14792
177	195	7728
15177	410	27177
15177	343	21788
15177	318	22728
5002	226	14926
101	226	10588
15101	259	20849
101	226	169
101	226	6351
15101	414	15169
23725	321	18501
8725	20	3501
23367	290	26982
8367	33	14326
2073	20	4976
17073	368	29380
17073	321	19976
14569	159	5810
14569	145	5810
29569	364	20810
752	145	10052
15752	364	25052
3694	226	181
18694	364	17827
3694	205	2462
17583	267	17548
2548	20	12925
13639	226	5809
28639	414	20809
10750	226	5809
4455	226	6865
19455	414	21865
23139	284	19190
23139	381	16262
18811	384	22301
3811	49	6110
3811	36	14622
905	125	6501
15905	330	22640
15905	259	20849
905	159	7640
15905	386	21501
16968	311	22083
1968	205	13271
16968	284	28271
1968	75	7083
4700	33	340
18378	351	23472
28537	414	18378
3919	226	3378
1203	226	3327
16203	386	20618
9653	4	14260
9653	145	14727
24653	284	24618
24653	296	29260
24653	259	20849
16433	349	28527
1433	162	13527
25261	351	23297
10261	160	8297
8636	226	8430
23636	414	23430
23636	311	19385
8636	75	4385
14551	226	41
16013	414	15041
29551	414	15041
7930	128	2848
7930	160	7012
19991	311	26919
4991	226	7186
7781	48	3638
7781	226	4502
22781	381	18638
17123	344	28566
2123	61	13566
2123	78	13566
7904	125	14411
17163	344	15207
12944	189	207
27944	344	15207
207	20	117
633	226	13598
16860	351	18432
1860	160	3432
16860	327	27900
16585	351	18017
1585	160	3017
4794	4	13245
19794	259	20849
19794	330	28245
6943	160	3432
6943	49	14264
22866	321	16237
7866	20	1237
14279	151	3610
3610	225	14279
18610	267	29279
18576	414	26604
18576	414	23629
18576	259	20849
23398	330	23250
8398	159	8250
23728	259	20849
23728	414	28570
8728	226	13570
16685	284	26129
1685	205	11129
23115	344	26686
8115	151	13827
8115	78	11686
9632	226	8306
9632	226	14985
1280	156	2849
16280	303	17849
2223	159	10267
2223	4	12951
17223	330	25267
22519	290	17496
22519	290	16855
7519	190	14083
15088	259	20849
88	48	961
20744	364	28003
5744	145	13003
20744	284	24379
5744	205	9379
6133	159	1690
25474	259	20849
10474	226	14757
10474	226	7414
25474	414	22414
25474	414	17520
4181	75	14221
19181	311	29221
19181	414	20517
19181	259	20849
19937	293	29111
10799	53	3622
25523	250	18622
28718	250	18622
412	46	2733
412	160	7400
21905	284	17855
6905	226	13252
8531	205	1065
23531	259	20849
8531	226	11187
29619	381	19116
22720	381	19116
26494	381	19116
25622	381	19116
4201	4	12965
19310	411	28609
4310	169	13609
4367	151	6305
6305	156	7453
21305	267	19367
24111	384	20872
14936	226	9111
17694	318	18315
2694	195	2648
17694	410	19211
14790	160	6049
29790	351	21049
21049	259	28877
28635	344	17390
16475	344	17390
18583	352	28819
18583	379	17945
3583	103	2945
3583	103	13819
20343	296	18864
14372	4	3864
1379	4	3864
4398	4	13968
19398	381	27720
22876	259	20849
7876	226	14800
18370	414	28256
3370	226	13256
3370	226	2605
3406	159	11994
3406	226	14048
18406	330	26994
18406	259	20849
23262	344	26455
17825	321	18133
17825	344	22847
2825	225	12174
5231	144	7709
20231	294	22709
22036	381	20685
21889	381	20685
8763	48	5685
23763	381	20685
18480	369	17153
16657	351	20213
1657	80	1687
16657	384	16687
1657	160	5213
5619	226	4807
13047	160	677
28047	271	15677
23166	369	15677
22380	330	23343
7380	159	8343
2175	145	4253
28166	364	19253
24691	364	19253
23272	364	19253
9832	226	5443
5760	141	10399
5760	78	1534
29009	267	20760
20760	344	16534
6600	75	1692
21961	344	28879
21961	368	24107
21961	402	22529
6961	48	7529
24107	267	21961
15794	303	18353
794	156	3353
15794	294	18353
794	53	1149
15794	250	16149
6298	160	3845
21298	342	18845
21298	410	18845
7002	89	12808
22002	248	27808
5000	4	1900
16996	296	16900
15237	296	16900
17748	414	16338
21627	319	16338
18800	284	24618
3800	4	9501
3800	205	9618
27317	414	20902
12317	226	5902
15377	414	19651
15377	409	26417
377	226	4651
15377	259	20849
15377	364	28848
21000	344	21241
6000	78	6241
6000	48	6241
23952	259	20849
8952	75	13300
18456	311	22823
3456	75	7823
18456	414	15180
18456	259	20849
21584	321	17371
25367	344	27815
25367	321	16269
10367	48	4916
10367	189	12815
26694	414	18327
24859	409	26417
9859	226	1822
9859	226	5547
6723	226	952
21723	381	24498
22098	414	24053
7098	48	8346
22098	259	20849
7098	226	9053
7098	145	8346
26557	248	17268
29581	248	17268
16988	317	17268
16025	248	17268
1988	127	2268
7749	159	6715
22749	416	22704
22749	330	21715
1289	4	12498
16289	296	27498
29745	368	23094
14745	151	8094
8094	225	14745
23094	267	29745
4172	226	14800
19172	414	29800
19172	311	22696
4172	226	6667
4172	75	7696
23440	414	24222
23440	381	24858
6267	226	13252
21267	414	28252
6267	226	10147
24391	284	15358
5978	145	358
16225	284	15358
9391	205	358
21773	344	20832
10032	205	8251
10032	159	8528
25032	296	16258
6795	226	6865
6795	145	2723
18489	296	28151
3489	4	13151
3489	226	5547
18489	259	20849
18489	414	20547
11331	51	7577
6617	51	7577
26331	416	22577
11874	51	7577
4136	226	8884
2983	4	11460
17983	296	26460
17983	284	20858
2983	205	5858
17983	409	26417
4219	226	2000
4219	159	10410
19219	414	17000
7286	172	281
22286	293	15281
8973	195	2648
26493	318	17648
21825	318	17648
2468	156	9482
17468	303	24482
7990	33	8254
7990	33	2237
22990	290	29083
7990	33	11980
21604	414	27240
22016	321	18963
7016	20	3963
2082	225	1680
1680	81	13438
16680	414	29069
8912	4	14065
23912	296	29065
22998	259	20849
7998	226	6214
7998	226	8902
21888	284	26317
21888	375	18186
9111	38	1453
14637	226	1453
14621	200	1453
16453	384	17777
7563	75	10571
10218	195	572
14094	195	572
17190	318	15572
12470	195	572
18248	259	20849
24134	416	28684
9134	225	7459
7459	151	9134
6754	145	14357
21754	368	17165
14870	226	762
16087	414	15762
1087	226	762
9682	226	10879
24682	414	25879
3689	159	1690
3689	205	8279
3689	48	1690
18689	381	16690
18689	330	16690
16360	296	19971
1360	4	4971
7830	195	9838
22830	318	24838
3192	1	8484
18192	334	23484
6406	75	9216
22479	311	24216
10294	75	9216
4389	75	1152
4389	226	6222
15910	414	17442
15910	259	20849
910	169	6091
22924	330	16074
7924	116	11748
16584	414	15827
16584	414	19894
1584	226	827
16584	259	20849
10308	226	9179
15431	259	20849
431	226	12396
431	48	6009
15431	414	27396
7116	159	4824
17316	414	24177
18582	414	24177
15995	284	22631
995	205	7631
15995	259	20849
2566	159	790
17566	330	15790
17566	259	20849
17566	414	29235
17566	414	29757
15807	284	22902
807	205	7902
15807	259	20849
15807	386	16260
807	75	5838
21013	414	17289
6013	226	1772
21013	296	23184
21013	336	25943
26877	262	19295
25407	296	27973
10407	4	12973
25407	259	20849
2916	61	1534
17916	344	16534
3192	1	8484
18192	281	16692
24072	303	18192
7988	41	7362
22988	410	28073
2960	159	10267
17960	259	20849
8955	145	7878
22621	368	23955
23955	321	26712
22659	414	23522
7659	226	8522
28236	414	23522
24989	321	22033
9989	53	10558
13397	226	8577
28397	414	23577
17373	414	23577
771	226	8577
15771	414	23577
10440	75	13300
25440	311	28300
25440	304	28300
25440	414	25965
19322	330	29591
17738	321	29221
17738	344	20537
466	151	2738
2738	20	14221
2738	48	5537
16535	290	28386
1535	33	13386
3317	16	2777
18317	384	17777
12377	159	3317
25205	344	29792
10205	78	14792
10205	61	14792
10205	48	14792
22781	381	18638
18644	410	18843
3644	49	3843
5935	226	13256
24550	399	21341
1672	103	6341
13241	131	6341
21341	369	21341
3437	145	11552
8630	205	13131
23630	284	28131
23630	259	20849
18384	414	17019
3384	226	7059
9533	159	13936
24533	330	28936
15776	414	28256
15776	414	21944
776	226	13256
13009	215	8889
3430	29	8889
12588	29	8889
2400	29	8889
11970	160	8889
19228	351	15816
4228	160	816
26474	414	19228
11474	226	4228
18921	296	28704
3921	205	5069
3921	4	13704
10374	226	9587
25374	414	15089
25433	414	22886
25433	259	20849
10433	226	7886
15339	351	28816
339	160	13816
339	16	2777
339	49	3432
15339	271	16260
6072	205	8251
6072	226	7290
21072	414	22290
4951	128	2848
19951	346	17848
15389	334	23484
2428	1	8484
16818	334	23484
18363	259	20849
3363	4	502
1890	48	8121
3139	48	8121
1252	159	8121
2103	48	8121
16824	368	27561
19979	259	20849
4979	226	2834
19979	414	17834
10230	4	10770
10230	205	11317
24494	271	16260
24494	290	21846
24494	290	17582
9494	33	6846
24494	290	19586
17859	265	25056
2859	234	10056
583	234	10056
8668	226	8206
23668	284	28271
228	226	12870
15228	414	23336
228	226	8336
20011	414	27769
5011	4	9301
6320	225	4387
4387	78	730
4387	145	730
19387	344	15730
760	4	1431
24089	414	22682
9089	226	7682
24089	364	24116
9089	159	3296
558	230	10778
19833	364	16083
19833	330	16083
95	145	2021
15095	364	17021
15095	414	24410
4746	226	1453
4746	4	3864
19746	414	16453
19746	296	18864
27028	414	23945
7583	226	2605
22583	259	20849
2863	16	2777
12735	159	2863
17863	384	17777
5377	205	3328
5377	159	11810
5377	145	11810
20377	284	18328
20377	296	27144
2080	4	9301
17080	414	18108
17080	414	18257
17751	414	20663
7693	81	5663
23512	345	18849
15959	351	23512
12227	49	8512
28224	313	17205
13771	160	2205
21477	248	27808
26066	414	21477
7567	226	4019
7567	205	2788
22567	284	17788
25022	259	20849
25022	411	24557
10022	169	9557
9233	159	3097
28788	330	18097
2200	226	3097
22920	410	20207
22920	276	23781
2463	226	6389
2463	75	13300
2463	226	8386
8023	205	3640
8023	4	8467
28804	267	21695
6695	151	13804
21695	368	28804
4009	160	3389
4009	128	2848
5887	106	13073
20887	413	26945
20887	351	28073
5887	114	11945
4613	160	7495
18647	321	24407
3647	20	9407
6585	41	6643
21585	248	21643
5445	49	13053
20445	351	24027
20445	410	28053
15153	259	20849
153	226	4911
25395	259	20849
10395	226	8774
23623	250	25431
8623	53	10431
23623	303	18805
7169	75	12531
22169	284	28131
7169	226	12484
22169	414	27484
7169	226	1639
28945	284	22157
22157	384	19129
10747	205	7157
17348	284	22157
3279	160	3380
2241	205	4470
17241	296	17349
2241	4	2349
2241	48	4116
17241	284	19470
6719	168	14940
21719	250	21136
21555	381	27130
6555	205	4884
6555	48	12130
22966	414	20530
7966	226	5530
7966	159	4308
2580	222	3478
17580	386	16260
29331	330	19448
23438	330	19448
22624	330	19448
24042	330	21541
24042	414	21113
894	172	12903
19799	410	15894
15894	293	27903
10254	78	11390
25254	344	28975
3078	226	1522
28267	414	16522
6115	226	1522
21264	344	21354
21264	321	25666
22234	321	25459
22234	344	28575
5197	225	7234
22539	303	24001
7539	154	11317
6088	226	12846
21088	414	27846
6088	159	9097
6970	145	7684
6970	48	3638
19343	284	22752
18167	284	22752
7938	205	7752
7447	205	7752
3658	205	7752
21742	397	17496
6742	33	4568
6742	139	2496
24366	351	26040
9366	160	11040
20050	351	29201
5050	160	14201
5050	190	781
20050	271	29201
18829	416	21983
3829	51	6983
37	151	3829
24234	410	19211
9234	123	1236
3537	85	1717
16717	338	23740
1717	71	11704
16717	369	16717
3973	48	4821
29847	284	23443
14847	205	8443
22086	284	23443
25463	284	23443
4430	159	3352
18248	414	24839
8980	226	9839
9112	226	9839
16780	368	28186
28186	267	16780
23160	364	19574
27581	368	23160
12581	151	8160
8160	145	1815
21144	250	26372
22235	414	25762
7235	193	7083
7235	226	10762
22235	336	22083
6898	4	12172
16077	414	16143
1077	226	1143
18490	363	21198
18490	299	15287
3490	96	5598
22914	409	25608
7914	125	10608
7914	29	3904
4781	205	4004
4781	48	8174
15115	259	20849
15115	311	24341
115	75	9341
4151	33	4635
19155	259	20849
4155	226	5617
19155	414	20617
14198	160	8264
29198	351	23264
16033	364	28003
16033	296	26961
1033	145	13003
16874	344	15966
16874	321	18214
28924	290	24686
18847	290	24686
7826	33	9686
5317	33	9686
20317	290	24686
7759	145	13848
22759	364	28848
7759	226	11192
10306	78	9778
25306	344	24778
2448	226	2910
17448	414	17910
4122	48	12678
19122	414	27678
19122	381	27678
9302	89	5642
24649	248	20642
29678	248	20642
4787	205	10008
19787	259	20849
15076	344	29636
76	78	14636
76	61	14636
24680	384	20099
9680	230	5618
19416	321	23784
4416	151	2768
2768	225	4416
4416	20	8784
19416	368	17768
21443	410	18432
2842	159	6443
29019	364	21443
6443	49	3432
769	226	6667
8312	4	13539
23312	296	28539
8312	75	12531
22207	351	25364
7207	49	10364
19625	259	20849
19625	414	15470
19478	368	16463
19478	344	26057
4478	20	13794
22368	344	20127
7368	189	5127
7368	48	10693
10499	205	9645
25499	364	17565
23364	414	28910
8364	226	13910
8364	205	2139
23364	414	25315
8364	226	10315
15811	351	17383
11122	161	811
5172	48	4841
5172	48	3754
20172	402	19841
19180	351	26762
4180	160	11762
2154	226	3145
398	48	1556
15398	259	20849
15398	364	16556
25346	248	18723
10346	41	3887
13309	159	7923
3202	48	7923
2454	200	7923
22084	414	23820
7084	4	4628
7839	75	13300
22839	304	24409
22839	414	28914
18759	293	27419
12569	41	3759
3935	145	3736
9023	145	3736
2685	51	6983
2685	159	10689
22859	267	17685
2059	159	5138
13666	159	5138
19146	330	20138
28666	330	20138
4146	159	5138
1763	151	9732
16763	321	18501
16763	368	24732
24732	267	16763
238	48	3766
6969	226	745
3844	226	745
15745	351	27513
18844	414	15745
16482	344	27923
22711	414	15732
7711	226	5253
7711	200	8884
20764	414	29895
20764	319	28556
17774	330	29261
17774	381	29261
2774	4	14261
17774	364	29261
546	33	1855
16894	414	24121
16894	259	20849
1894	159	6928
23014	369	18320
8014	29	3320
16204	351	26362
1204	190	11421
16204	290	28954
1204	160	11362
1204	33	13954
6355	160	3432
14783	226	6355
29783	414	21355
29583	414	19441
15560	344	19441
19300	321	19728
4300	20	4728
4624	151	4300
4300	78	7570
3102	226	13631
5047	4	1411
5047	226	13850
20047	364	28665
4095	226	1216
19095	414	16216
21755	330	20138
21755	416	19598
6755	159	5138
6755	51	4598
11937	225	6755
8417	20	2773
25414	321	17773
17533	321	17773
7512	20	2773
21213	321	17773
19565	344	26454
4565	189	11454
1201	4	11393
16201	364	25373
1201	145	10373
16201	296	26393
16201	259	20849
15476	344	17955
476	151	1915
15476	368	16915
16915	267	15476
476	145	2955
2211	42	5973
17211	341	19162
17211	257	22125
20791	284	20429
5791	145	2928
23541	344	17712
8541	145	4506
8541	189	2712
18213	410	28816
3213	49	13816
2882	151	3487
17882	368	18487
1720	162	12728
1720	219	13474
16720	358	28474
15364	414	28732
364	226	13732
364	226	1846
24287	271	16260
9287	160	1260
5587	145	9378
24378	351	28311
18059	414	24378
19044	414	24378
20587	364	24378
9469	169	5246
24469	411	20246
9469	48	14057
24469	381	29057
24469	296	17968
5455	48	9068
5455	159	9068
5455	205	13725
20455	414	18438
6877	145	5915
19296	344	23988
4296	78	8988
25553	267	19296
2502	4	8318
2502	226	6865
7468	145	10052
7468	4	12498
21722	250	28332
21722	250	27734
6722	156	3353
4616	23	5486
4655	23	5486
11767	23	5486
24093	344	15520
12698	151	9093
1989	4	8468
7975	4	8468
16989	296	23468
905	125	6501
15905	381	22640
15211	414	23316
211	226	8316
15211	259	20849
4680	159	7502
19680	336	19757
4048	226	14757
19048	414	29235
4048	226	14235
18888	368	27629
3888	151	12629
27629	267	18888
23198	344	15556
8198	78	556
9570	145	13665
24570	364	28665
24570	409	26417
18013	364	19665
3013	145	4665
17972	259	20849
2972	226	10787
17972	414	25787
2972	205	12555
25010	296	21226
23511	414	27678
8511	226	12678
23511	386	16260
22687	321	18501
7687	20	3501
2659	49	13816
17659	410	28816
17659	384	20099
1154	205	7902
1154	226	4540
20866	344	28879
5866	189	13879
5866	145	13879
28254	364	18404
14161	71	3404
18404	260	20143
331	226	5547
15331	414	22682
24173	344	24991
9173	225	3788
3788	151	9173
9173	78	9991
20462	414	20094
29211	321	22538
3700	20	7538
18700	321	22538
14211	20	7538
8957	226	1275
2457	159	11994
17457	330	26994
17457	259	20849
9441	75	4385
24441	330	19168
20900	290	28161
5900	33	13386
20900	290	19847
8400	160	12533
8400	49	2153
22995	344	23186
22995	321	20211
7995	20	12331
10203	226	8902
10203	226	8336
24763	351	17476
9763	160	2476
24763	271	16260
8826	48	1144
8826	226	10039
16083	265	29500
5651	159	1083
22018	381	16083
28019	377	16083
1496	226	10185
3699	226	8649
3071	226	8649
3948	226	8649
26770	267	21449
21449	321	23445
16494	397	19709
16494	290	28577
1494	139	4709
3676	33	1235
18676	290	16235
2705	226	9222
8693	226	9222
17705	414	24222
16307	414	24222
23209	344	22314
7794	160	8331
22794	351	23331
22794	362	24322
22794	384	20099
7794	46	9322
22983	311	29480
7983	75	14480
7983	145	11336
22983	364	26336
22983	259	20849
23502	259	20849
23502	414	21918
23502	414	23902
1357	121	14088
16357	297	29088
18833	344	29530
18833	267	19461
4461	151	3833
3833	145	1104
3833	48	1104
16964	414	22832
23593	414	22832
17993	414	22832
2457	159	11994
17457	259	20849
5787	145	1403
5787	48	14887
20787	330	29887
5787	145	2191
20787	284	25131
3825	145	13564
3825	75	13300
18825	330	15686
9492	4	8468
9492	75	2401
27716	296	16258
26813	296	16258
19674	296	16258
20670	267	20633
20670	330	23552
24857	351	21920
9857	33	2572
24857	290	17237
24857	346	18518
22657	330	25689
18741	414	16601
3741	145	12694
18741	364	27694
3741	226	1601
7384	145	3786
22444	344	23603
7444	48	8603
22444	368	20190
15426	368	27869
426	151	12869
28232	321	21848
7632	20	6848
1526	20	6848
458	33	2421
15458	290	17421
28216	368	16016
16016	344	24293
1016	225	13216
13216	151	1016
454	226	6874
6740	4	12248
21740	296	27248
21740	409	18482
18459	321	21649
18459	267	28401
17142	351	29738
2142	49	4865
2142	160	14738
29458	330	18750
3750	160	9205
18661	259	20849
3661	159	5776
18661	330	20776
18661	414	21113
18661	414	26215
28537	364	17723
19843	364	17723
6795	145	2723
29267	364	17723
8231	145	2723
24687	344	25851
9687	151	14978
9687	61	10851
21417	364	19824
6417	145	4824
9714	172	9961
24714	259	20665
24714	293	24961
9714	23	5665
7305	4	13704
7305	205	4030
22305	284	19030
22305	414	22682
22305	296	28704
24039	284	21842
24039	259	20849
24039	311	24232
16421	267	19062
16421	416	18227
985	4	13539
985	226	11977
15985	296	28539
2801	226	14447
2801	226	9903
20410	416	20874
19440	416	20874
7910	51	5874
28820	416	20874
8006	49	4865
22049	409	24161
7049	125	9161
22049	259	20849
17609	343	20053
2609	115	5053
849	78	4598
2059	51	4598
11937	51	4598
4598	226	831
22383	368	18172
2567	205	11129
17567	284	26129
2567	226	829
17567	414	15829
24110	344	27845
18356	290	28247
18356	290	29825
3356	33	14825
3356	33	13247
18356	290	17920
18575	321	21848
3575	20	6848
8298	20	5393
23298	321	20393
29904	414	19671
17020	414	19671
24401	414	19671
14904	226	4671
4671	49	11884
6024	226	3615
21024	414	18615
6024	145	1886
21024	414	18057
6024	226	3057
7424	226	8771
29491	414	23771
22424	414	23771
8771	160	8529
14491	226	8771
628	226	4510
628	226	9212
628	159	3296
15628	414	19510
7659	159	5339
20112	344	28484
5112	151	531
531	225	5112
20112	368	15531
5112	145	13484
14086	48	7050
21424	381	22050
17791	381	22050
24475	250	16450
17804	250	16450
3008	226	14025
18008	414	29025
3008	4	3263
18008	259	20849
13777	66	9043
1117	160	3432
16117	351	18432
16117	392	22464
9305	226	13425
9305	226	9573
25727	311	20914
29171	304	20914
21609	304	20914
10447	75	5914
2663	145	3457
15036	344	17087
36	78	2087
36	61	2087
36	145	1815
9056	205	1065
8531	226	6865
8531	205	1065
23531	414	21865
23531	259	20849
2171	226	4462
24808	259	20849
24808	414	29985
9808	226	14985
8873	226	10803
23873	336	22083
22786	284	25110
22786	414	22984
7786	205	10110
2436	160	8989
17436	351	23989
28990	344	17028
13990	78	2028
13990	61	2028
23943	381	17982
8943	226	9197
24308	416	27901
9308	159	4505
9308	48	4505
9308	51	12901
24308	330	19505
1779	205	13725
16779	284	28725
16779	414	28266
18295	381	16764
3295	51	12901
20717	414	16871
20717	414	27119
5717	226	1871
24568	303	27037
9568	156	12037
29499	319	20911
20929	319	20911
19117	319	20911
9201	125	3482
9201	159	5856
241	48	79
5790	159	79
863	159	79
24891	381	15079
5178	159	7660
3015	51	12120
18015	330	22475
14889	225	3015
18015	368	29889
3015	159	7475
8860	4	8662
8860	75	12531
23860	411	23092
23288	259	20849
8288	48	1241
17323	250	27862
2323	53	12862
17323	303	21559
2323	156	6559
6738	159	7456
13392	226	8991
3696	226	8991
18696	414	23991
10270	226	8991
15985	414	19031
16261	344	27016
1261	20	6333
16261	321	21333
1261	141	10399
7183	226	13266
15279	381	19540
279	159	4540
15279	330	19540
15279	414	19540
279	116	359
9065	125	11417
24065	259	20849
24065	411	19139
24065	409	26417
9065	169	4139
18222	411	20437
3222	169	5437
20500	411	20437
16674	411	20437
6612	159	5774
4494	33	5923
19494	290	20923
4494	247	9775
23	190	6726
15023	290	21726
6861	226	13633
21861	414	28633
21861	330	26692
21861	259	20849
2373	48	14057
21818	397	16943
6818	139	1943
17448	386	20618
2448	226	5750
17448	414	17910
5265	205	6111
4819	205	6111
3528	205	6111
18528	284	21111
16311	330	29249
24994	296	23556
19254	296	23556
25724	296	23556
19231	296	23556
4231	4	8556
21571	364	17471
6571	75	13300
21571	330	17471
2951	222	8550
23550	249	17951
7060	226	1054
22060	414	16054
19410	414	19845
4410	226	4845
19410	414	16244
17649	344	25378
15311	344	25378
311	61	10378
2649	61	10378
311	78	10378
15133	284	28725
133	75	13300
133	159	7227
8015	226	6129
8015	226	6421
2409	151	7571
22571	368	25746
7571	61	795
19066	414	19639
10316	226	4639
8052	226	13381
23052	414	29757
23052	414	19001
8511	226	6130
8511	226	12678
24854	364	16219
9854	145	1219
7782	145	1219
2178	145	1219
17842	364	21443
24663	341	19162
9663	51	7125
9663	222	4162
24128	321	15171
24128	344	29947
10065	75	1946
10065	226	6323
25065	311	16946
19155	259	20849
4155	226	5617
21289	281	16459
6289	157	1459
18160	414	16875
3160	226	1875
2479	4	12906
17479	296	27906
17479	414	25840
4755	189	1534
19755	344	16534
973	48	12047
973	226	7023
27794	414	24762
12794	226	9762
10632	226	9762
20359	344	20531
5359	145	5531
5359	189	5531
4399	169	11992
4399	48	11992
23744	410	29407
8744	49	14407
28606	321	16904
23244	351	22942
8244	160	7942
23244	384	20099
10126	4	13519
25126	330	29249
13591	159	8432
9281	145	8432
20720	330	23432
17110	259	20849
2110	205	12555
23412	378	27863
8412	77	12863
8412	77	8141
24873	351	21158
2188	145	9873
15072	293	20738
19512	379	20738
27294	410	20738
19260	351	26436
4260	160	11436
19391	321	15850
4391	151	1187
1187	225	4391
4391	20	850
19391	368	16187
1924	194	2943
10729	194	2943
16924	274	17943
25729	274	17943
23830	274	17943
23458	364	17999
8458	145	2999
8458	75	12531
13679	48	6009
29145	381	21009
17247	414	29217
2247	226	14217
2247	226	9751
17247	259	20849
5603	41	8747
9726	145	1576
9726	4	13928
24726	296	28928
9726	205	11969
24726	364	16576
29711	267	17397
2397	189	3159
17397	344	18159
23313	344	22912
8313	189	7912
22528	381	28217
7528	48	4953
5193	56	6098
6098	160	5875
21098	351	20875
4493	205	11030
19493	284	26030
19493	381	23566
4493	226	10617
4493	48	8566
16038	284	26835
16038	386	16260
16038	259	20849
21447	351	15534
6447	160	534
21205	321	20411
6205	20	5411
21205	344	16449
25042	368	22295
22295	402	26803
23703	271	16260
28305	296	23703
5091	4	8703
13305	4	8703
10382	205	3640
23616	351	15894
8616	33	14050
8616	160	10044
9737	125	3482
9737	226	1979
29457	321	16476
26549	321	16476
28066	321	16476
25059	344	16704
10059	78	1704
12202	44	6296
17126	302	21296
16609	302	21296
9921	226	5067
9921	226	4463
29218	344	22201
22261	344	22201
9733	113	7201
22201	250	26372
2342	205	9645
14882	189	7197
6199	145	7197
29882	364	22197
23415	352	18843
8415	103	3843
18700	321	22538
3700	20	7538
2015	159	3296
17015	330	18296
16720	358	28474
1720	219	13474
1720	162	12728
6883	8	5502
21883	344	27815
28475	364	23386
26998	381	23386
13475	145	8386
22568	259	20849
7568	205	7902
24060	321	15094
14415	151	9060
9060	225	14415
9060	20	94
10246	226	5034
5091	4	8703
20091	414	25039
5091	226	10039
6330	145	3765
21330	259	20849
24242	414	29626
9242	226	5907
24242	414	20907
6935	160	3320
21935	271	18320
21934	296	28741
21934	284	19096
21934	381	24498
6934	4	346
21934	381	16284
23878	410	23331
8878	49	8331
8878	36	7997
8926	151	7388
23926	368	22388
2810	20	11712
17810	344	22878
17810	321	26712
2810	145	7878
2810	189	7878
25276	344	29081
19070	368	25276
25276	267	19070
10276	61	14081
10276	225	4070
2601	226	4031
2601	226	5628
17601	284	19884
18869	414	22023
3869	226	11302
