8889	23889
49	15049
5224	20224
2550	17550
613	15613
4191	19191
496	15496
10279	25279
5101	20101
2822	17822
3711	18711
6896	21896
1229	16229
2579	17579
9844	24844
10352	25352
2409	17409
8859	23859
3357	18357
6353	21353
4846	19846
4844	19844
10381	25381
6837	21837
5467	20467
5396	20396
1400	16400
4045	19045
5319	20319
7655	22655
8334	23334
8509	23509
9628	24628
8826	23826
2849	17849
4892	19892
6140	21140
3889	18889
6905	21905
6202	21202
7790	22790
10175	25175
1075	16075
9723	24723
1471	16471
2158	17158
6169	21169
3336	18336
3557	18557
4624	19624
9509	24509
10476	25476
7811	22811
7997	22997
3807	18807
3875	18875
8853	23853
1498	16498
7191	22191
8651	23651
4417	19417
2198	17198
9532	24532
3707	18707
2509	17509
7313	22313
4133	19133
7643	22643
4078	19078
2995	17995
4552	19552
2235	17235
5739	20739
954	15954
9047	24047
7824	22824
7773	22773
193	15193
966	15966
4253	19253
7013	22013
5890	20890
3726	18726
3213	18213
3045	18045
5645	20645
2248	17248
1863	16863
9595	24595
6784	21784
4687	19687
1659	16659
4095	19095
2632	17632
4816	19816
1394	16394
8778	23778
9425	24425
8350	23350
4234	19234
6935	21935
9761	24761
7267	22267
2205	17205
709	15709
2567	17567
5647	20647
9838	24838
8794	23794
9302	24302
3773	18773
5543	20543
9563	24563
6115	21115
4978	19978
2334	17334
3920	18920
8991	23991
7396	22396
6490	21490
5572	20572
8936	23936
9512	24512
3641	18641
5446	20446
8392	23392
9632	24632
2726	17726
3254	18254
7935	22935
1347	16347
1780	16780
2841	17841
5210	20210
7762	22762
7961	22961
6577	21577
3797	18797
10350	25350
10204	25204
4146	19146
8149	23149
7874	22874
539	15539
390	15390
3100	18100
8294	23294
10165	25165
9574	24574
10469	25469
8484	23484
305	15305
8528	23528
7305	22305
383	15383
10360	25360
565	15565
6131	21131
8374	23374
1275	16275
3792	18792
9849	24849
2764	17764
1947	16947
9534	24534
4621	19621
1745	16745
2299	17299
7827	22827
8718	23718
2816	17816
1114	16114
577	15577
1774	16774
3394	18394
9868	24868
6991	21991
3760	18760
9682	24682
10015	25015
7736	22736
7488	22488
9555	24555
3788	18788
4384	19384
568	15568
7996	22996
5312	20312
517	15517
5408	20408
6468	21468
9218	24218
895	15895
10194	25194
559	15559
1554	16554
461	15461
9847	24847
3858	18858
784	15784
1976	16976
2593	17593
3211	18211
6444	21444
8681	23681
4455	19455
2362	17362
1042	16042
5263	20263
1955	16955
7294	22294
8328	23328
4461	19461
1589	16589
4953	19953
4115	19115
6044	21044
9008	24008
2901	17901
2437	17437
558	15558
1284	16284
9832	24832
1728	16728
2407	17407
3160	18160
666	15666
5905	20905
8608	23608
6872	21872
4539	19539
3819	18819
3680	18680
7577	22577
3845	18845
2187	17187
6033	21033
6263	21263
2147	17147
4135	19135
7998	22998
4565	19565
1441	16441
4300	19300
1844	16844
3127	18127
4735	19735
5237	20237
5305	20305
748	15748
2906	17906
6394	21394
4057	19057
6919	21919
9458	24458
562	15562
6156	21156
3595	18595
8395	23395
3017	18017
4796	19796
1624	16624
9444	24444
951	15951
5026	20026
6576	21576
321	15321
5260	20260
8548	23548
8035	23035
74	15074
9521	24521
10191	25191
1083	16083
6709	21709
6305	21305
3388	18388
7025	22025
4702	19702
1934	16934
2610	17610
3238	18238
6551	21551
2682	17682
1477	16477
6958	21958
6013	21013
7638	22638
4830	19830
4019	19019
9037	24037
5316	20316
8968	23968
8386	23386
4874	19874
6876	21876
9210	24210
3140	18140
7797	22797
8841	23841
9121	24121
5543	20543
8668	23668
3120	18120
7507	22507
8945	23945
3149	18149
2030	17030
9648	24648
5635	20635
1229	16229
5061	20061
116	15116
4222	19222
4097	19097
6965	21965
1802	16802
3959	18959
1463	16463
6643	21643
3041	18041
2348	17348
8747	23747
1789	16789
6911	21911
10358	25358
7491	22491
5253	20253
2461	17461
910	15910
2413	17413
6719	21719
8792	23792
9108	24108
3030	18030
4380	19380
1427	16427
10461	25461
5942	20942
9947	24947
5048	20048
8663	23663
730	15730
387	15387
4074	19074
6002	21002
4270	19270
9798	24798
4001	19001
4724	19724
1880	16880
1064	16064
3319	18319
7034	22034
3497	18497
10164	25164
2135	17135
3784	18784
7495	22495
8657	23657
2047	17047
3969	18969
7388	22388
9149	24149
2649	17649
7169	22169
5974	20974
1705	16705
779	15779
5212	20212
1097	16097
1335	16335
126	15126
9760	24760
3486	18486
2053	17053
2750	17750
1184	16184
5364	20364
2049	17049
8861	23861
6629	21629
3228	18228
827	15827
6262	21262
79	15079
85	15085
7323	22323
6712	21712
499	15499
3095	18095
1174	16174
9612	24612
6916	21916
8950	23950
8010	23010
9205	24205
7502	22502
8551	23551
870	15870
9624	24624
4022	19022
10195	25195
6050	21050
3950	18950
2051	17051
1656	16656
2364	17364
3494	18494
3649	18649
7380	22380
8089	23089
5263	20263
6749	21749
2863	17863
7147	22147
7193	22193
2119	17119
5467	20467
9063	24063
7663	22663
4277	19277
6108	21108
4893	19893
3442	18442
8196	23196
3336	18336
9441	24441
700	15700
10073	25073
3189	18189
8752	23752
6435	21435
8383	23383
10346	25346
7249	22249
7796	22796
9106	24106
6512	21512
2478	17478
2632	17632
4566	19566
4068	19068
3105	18105
9189	24189
2545	17545
5039	20039
8475	23475
10036	25036
526	15526
1528	16528
1501	16501
8337	23337
597	15597
3090	18090
5138	20138
10348	25348
7995	22995
6377	21377
1977	16977
6362	21362
5164	20164
1188	16188
8566	23566
7643	22643
2384	17384
4485	19485
8294	23294
8615	23615
10089	25089
6685	21685
10442	25442
439	15439
3708	18708
9571	24571
1720	16720
6527	21527
8966	23966
10184	25184
2874	17874
6107	21107
361	15361
8697	23697
8269	23269
7201	22201
7906	22906
1045	16045
8382	23382
2691	17691
3227	18227
3491	18491
8588	23588
9962	24962
8606	23606
4924	19924
471	15471
7333	22333
7400	22400
6744	21744
6015	21015
3996	22838
5786	22196
34	17764
10458	17446
2472	17513
7047	17808
3946	20499
4471	22853
6854	24278
6272	18408
5988	22441
9370	19596
7217	23163
8788	24457
7450	15958
8394	16194
9633	17157
3758	23859
9529	24314
2637	23848
4583	23728
7582	20987
1799	22485
8507	15269
8231	16847
8347	22284
247	18320
773	23554
4073	18945
3112	19726
4193	17333
6145	19471
9467	23597
508	17154
242	21102
5131	18320
5451	23435
3884	17931
144	18115
9387	19189
9394	22989
6655	25258
314	23186
8581	16836
1277	17730
9091	18924
1324	18251
5558	16766
5111	16067
9418	20618
8599	15236
6347	15697
5505	19510
7252	24500
8672	17470
9323	17461
4996	24786
1674	16211
5162	15299
1199	23990
2770	25162
6036	15116
8542	22350
2136	19617
3473	23695
8022	22261
8748	23373
4856	15308
3085	23728
3609	18926
1634	17089
865	24306
6059	18025
10097	17861
2240	21193
967	24023
4369	19602
33	24385
7619	19755
5705	25199
2358	22313
5740	15735
812	18114
1153	17662
679	24869
4114	17087
10243	24274
7852	18289
6544	16917
4422	19611
4261	25481
7349	21122
9586	19083
7357	17288
9084	22443
9390	25117
9785	15707
9651	22561
913	25481
675	16392
6603	15693
6499	23446
217	18817
8909	19750
8896	22422
4464	15097
9392	15316
2556	21493
7343	15256
639	21061
4910	23811
9375	20536
1192	23310
4273	16575
6419	24068
8844	23671
10287	17202
585	18720
4079	17934
2741	16260
259	21452
8026	21301
4970	16931
6721	25292
3074	17726
8956	18573
2328	23047
5464	19542
6987	21961
478	15023
9753	24808
4683	17437
9059	18375
1468	23178
1214	17793
9673	21055
7570	18902
1679	15727
2754	19959
10104	23375
9338	16672
7758	25340
6907	22060
6677	25193
4428	22112
3170	18690
345	23352
9530	24738
2980	17028
7351	24256
7325	15660
10248	18274
2922	18200
9714	24540
6518	19312
2130	20759
3113	17958
4198	24107
8683	25215
4262	24181
5498	20104
5620	17619
3613	20889
9705	17521
5174	24895
6853	21750
5802	18880
4216	17162
1616	20626
6028	24726
2936	24159
6939	16788
7533	16583
9813	23652
10361	18093
8356	24286
386	25248
10220	19968
5416	22203
8610	24602
5594	23764
5885	25465
6945	25453
2719	17151
5990	15894
5135	18847
7540	18968
651	22055
3846	19876
311	17649
5921	24015
4307	25123
6085	18454
1118	25383
7639	17153
7052	22768
3599	18307
3525	18807
612	19721
8122	23406
6971	17583
1254	20601
4215	25226
3147	22072
3500	22749
4119	19448
9546	25021
5499	25266
5448	16285
7476	15689
8330	23758
10071	16897
5652	22284
8491	19201
6431	19296
5153	22317
9973	24057
9610	23879
6562	21909
3174	22184
2946	15116
10455	24825
1420	21070
6312	19526
1416	22305
3793	18177
2599	22626
1852	21415
9058	18433
6164	15950
3823	23764
6220	15405
5751	16260
3902	16830
9087	24009
7170	16739
997	20874
9926	15497
1276	23855
5559	19611
7090	19680
4263	19562
2499	24925
990	25341
557	15928
8050	22602
7648	21585
3473	23695
9644	19916
3568	17762
3740	22717
5519	18264
2829	20212
5505	19510
1267	17445
10074	22072
2065	16589
8982	17370
8268	23816
4745	18527
3342	17211
6408	18114
434	15932
1633	15951
1820	17790
4719	15712
8625	22268
955	22928
1239	16051
5174	24895
6104	15588
7111	19898
9176	22561
9635	22432
2674	22000
8863	15843
4701	22551
1268	20618
992	16526
5743	15877
9467	23597
2892	21834
5929	21252
9964	15000
4361	22624
403	20336
5270	16702
2469	16538
3997	24220
7549	23163
9558	15071
4633	18994
1006	17603
2172	22549
747	21380
6675	20864
5105	25290
10097	17861
142	16194
4749	20104
1025	16988
5117	24408
1815	17087
7041	18679
3396	18641
4247	21570
7776	22332
8944	16752
3678	18374
5985	19974
6195	23825
7160	20335
8908	20802
3330	23249
5019	16898
6437	17790
3821	15524
7165	16271
7176	23071
10040	21201
8928	16151
2975	23597
3224	24010
9993	21774
828	24027
10167	15588
663	25239
332	22637
6010	24507
2340	18685
8557	24547
442	15361
1600	18296
3980	25168
4823	16377
5920	19285
2992	21158
6997	20075
6553	19095
4860	25387
9343	18357
9955	22524
4918	19810
5584	16512
9416	23312
4840	20237
6852	23152
4986	24701
1243	15124
2826	17239
9080	23788
2756	18254
3032	23988
5086	18115
8591	18096
408	16260
5189	24787
4339	23523
2355	19700
8504	17513
7099	25230
9603	15279
1616	20626
4885	15526
8489	23983
7843	25463
162	17551
2930	19338
2808	21954
4828	17863
1266	22796
129	17583
4321	22421
7857	19278
3324	18797
6294	20880
4424	18362
7402	20460
5524	15409
1701	16022
1981	19595
8170	20595
1376	15730
2313	15327
4622	24428
5854	17513
7120	15322
4838	16321
8263	15644
4999	17783
6244	20315
1008	15843
5252	17211
9930	15732
9243	15597
9901	19028
9740	19362
8931	17780
9589	17002
4205	21187
8594	20738
1570	17649
3561	18508
491	24009
5147	16902
261	18121
6974	24246
1697	17153
3822	22857
7394	17147
7764	25080
1895	18581
8049	16630
4412	19718
746	16961
5165	20090
10104	23375
2681	16053
1004	24019
2830	18042
9040	20224
7379	23723
259	21452
9217	17323
3953	18924
8013	24885
4094	17780
8725	22687
7179	19644
1227	22155
5395	15396
4145	19105
9587	15814
4740	22208
5655	16734
2488	15861
1468	23178
5122	21206
9007	23311
1786	21348
8920	16260
4479	20835
7209	24034
10103	22624
1739	23352
5560	24268
4106	20002
4627	21701
6826	23417
8068	19812
2630	16335
580	19345
5278	25343
3434	21161
6034	20013
7533	16583
8829	19320
6442	23001
5264	23304
6587	23787
5130	23821
8642	21919
7532	19813
6890	20029
9712	19443
2221	15850
9400	22480
6385	19343
443	25327
9544	24049
3803	18320
9138	23576
2971	23412
8796	19443
3609	18926
6907	22060
5631	23560
5168	21331
1445	17366
123	20194
1302	20042
4710	18976
9769	17648
1323	24786
7381	24020
5401	16671
8155	23216
13	17782
5625	18873
9262	21373
2273	24889
762	20750
9312	22499
2360	22735
7558	21674
6499	23446
5088	18382
5961	18497
8736	20312
7085	22732