need:	[6818, 401, 6426]	[7756, 660, 6818]	[6818, 177, 4864]	[26479, 1113, 24780]	[26479, 1398, 26087],delete:
need:	[11308, 129, 5717]	[30969, 929, 25378]	[5717, 201, 3550],delete:
need:	[8038, 571, 12806],delete:
need:	[27510, 2012, 33024]	[7849, 402, 16711],delete:
need:	[23657, 925, 23533],delete:
need:	[22901, 944, 29403],delete:
need:	[1871, 800, 12975]	[21532, 2067, 22126],delete:
need:	[10403, 594, 12572]	[30064, 1934, 28611],delete:
need:,delete:
need:	[25634, 1045, 24892]	[25634, 907, 24892],delete:
need:	[5517, 844, 13904]	[30170, 1525, 25178],delete:
need:,delete:
need:	[19889, 1725, 21400]	[9364, 833, 1739],delete:
need:	[1004, 799, 7585]	[31414, 1835, 20665],delete:
need:	[12193, 708, 586]	[20247, 1280, 26464]	[31854, 1055, 20247],delete:
need:	[2232, 21, 1202],delete:
need:	[5462, 577, 7027]	[25123, 1938, 23269],delete:
need:,delete:
need:	[21910, 907, 31952]	[21910, 1398, 35167],delete:
need:	[13, 844, 939],delete:
need:	[6113, 420, 2753]	[25774, 1369, 29420],delete:
need:	[5767, 737, 414]	[919, 389, 414]	[20075, 1324, 20580],delete:
need:	[13014, 767, 2274]	[32675, 1602, 21935],delete:
need:,delete:
need:	[6668, 130, 524]	[20185, 1844, 26329],delete:
need:	[387, 389, 7862]	[20245, 2037, 20048],delete:
need:	[22659, 925, 27726],delete:
need:	[20546, 1034, 29709]	[29709, 1124, 20546],delete:
need:	[5928, 232, 6529]	[6529, 21, 6979]	[11757, 232, 6529]	[26190, 925, 23484]	[31418, 1435, 26190],delete:
need:	[25762, 1830, 24533]	[8791, 651, 6101],delete:
need:	[26416, 1819, 25602]	[34172, 1465, 26416],delete:
need:	[13628, 660, 4057]	[33315, 1211, 23718],delete:
need:	[24573, 1095, 25745]	[6084, 401, 11812],delete:
need:	[8275, 490, 2118],delete:
need:	[1051, 344, 7384]	[27045, 1423, 37469],delete:
need:	[997, 84, 5133]	[20180, 1460, 24794],delete:
need:	[10323, 18, 11551],delete:
need:	[1348, 4, 17585],delete:
need:	[2126, 705, 1601]	[21787, 961, 22955]	[21787, 961, 33413],delete:
need:	[4145, 577, 15899]	[23806, 1525, 32031],delete:
need:	[31126, 1420, 27544]	[7883, 186, 11465],delete:
need:	[3605, 844, 12134]	[23266, 1095, 31795],delete:
need:	[24897, 1017, 26475],delete:
need:	[4942, 21, 12143],delete:
need:	[28904, 1980, 28694],delete:
need:	[24103, 925, 29806]	[24103, 925, 20939],delete:
need:	[92, 833, 9632],delete:
need:	[10404, 844, 5930]	[31703, 1734, 25591],delete:
need:	[7160, 737, 5541]	[31107, 1465, 26821],delete:
need:	[2711, 733, 2040],delete:
need:	[8210, 401, 1864]	[8210, 18, 9776]	[8210, 844, 9650]	[29311, 1384, 27871],delete:
need:	[25720, 1602, 33603]	[25720, 1602, 35997],delete:
need:	[5650, 162, 7493],delete:
need:	[5366, 59, 410]	[410, 841, 1682]	[32330, 1200, 20071]	[25027, 962, 20071]	[25027, 929, 20071]	[32330, 962, 20071],delete:
need:	[1119, 727, 3133]	[19672, 977, 20780],delete:
need:	[8775, 790, 2659]	[2659, 247, 18810]	[22320, 1734, 28436]	[28436, 1525, 22320]	[22320, 1243, 34731],delete:
need:	[7500, 591, 11533]	[27161, 2048, 31194],delete:
need:,delete:
need:	[1520, 651, 3198]	[21181, 1384, 21451],delete:
need:	[29095, 1525, 32272]	[29095, 1569, 32741]	[32272, 1734, 29095],delete:
need:,delete:
need:	[7897, 22, 10623],delete:
need:	[1565, 651, 2838],delete:
need:	[1049, 844, 14259],delete:
need:	[20199, 1017, 32041]	[538, 577, 11334],delete:
need:	[7580, 457, 15808]	[25833, 1816, 27241],delete:
need:	[24970, 1032, 33844]	[5309, 884, 14183],delete:
need:,delete:
need:	[28996, 925, 27710]	[28996, 925, 23484]	[28996, 925, 30606],delete:
need:,delete:
need:	[3536, 362, 5191]	[23197, 1337, 30898],delete:
need:	[21977, 1734, 35144]	[9545, 790, 2316],delete:
need:	[23047, 2098, 33214]	[3386, 658, 6910],delete:
need:,delete:
need:	[7155, 30, 3976],delete:
need:	[2710, 868, 1968]	[22371, 1681, 38920],delete:
need:	[20123, 2014, 32948]	[32948, 1958, 20123],delete:
need:,delete:
need:	[32798, 1055, 21581]	[1894, 708, 1920],delete:
need:	[20984, 1681, 34658]	[1323, 868, 14997],delete:
need:	[27723, 2067, 25100],delete:
need:	[5441, 490, 3395]	[881, 490, 3395],delete:
need:,delete:
need:	[7977, 651, 8650],delete:
need:	[3766, 677, 2354]	[3766, 651, 12570],delete:
need:	[23025, 1384, 34917],delete:
need:	[29149, 925, 27710],delete:
need:	[10935, 80, 3737]	[23398, 1337, 31185],delete:
need:	[6248, 844, 1201],delete:
need:	[22581, 924, 35799],delete:
need:	[26913, 2063, 23187]	[23187, 2063, 22508]	[3526, 360, 9172],delete:
need:	[29599, 1034, 33823]	[9938, 573, 416],delete:
need:	[3295, 18, 13091],delete:
need:,delete:
need:,delete:
need:	[24572, 1749, 26627]	[24572, 1921, 27649],delete:
need:	[14430, 844, 4503]	[24164, 1384, 24233],delete:
need:	[5460, 651, 6184],delete:
need:	[971, 22, 12088],delete:
need:	[30887, 962, 27777]	[8116, 22, 4486]	[11226, 224, 8116],delete:
need:,delete:
need:	[9396, 150, 12776]	[29057, 1860, 32437],delete:
need:	[10289, 401, 4694],delete:
need:	[14355, 37, 6732]	[34016, 940, 26393],delete:
need:	[25320, 925, 23533],delete:
need:	[21223, 1233, 28945],delete:
need:	[34619, 1384, 22515]	[2854, 390, 6425],delete:
need:,delete:
need:,delete:
need:	[20790, 1289, 34189],delete:
need:	[7745, 162, 10761]	[30422, 1921, 27406],delete:
need:	[2598, 573, 7791],delete:
need:	[6642, 130, 1740]	[26303, 1844, 21401],delete:
need:	[14268, 144, 7840]	[27163, 1017, 27501],delete:
need:	[24416, 1844, 26171]	[26171, 1844, 21748],delete:
need:	[10029, 737, 7577]	[27238, 2037, 33576],delete:
need:	[3035, 651, 12297]	[29826, 1034, 22696],delete:
need:,delete:
need:	[21414, 1337, 25075],delete:
need:,delete:
need:,delete:
need:	[10238, 237, 646],delete:
need:	[27342, 1603, 27342]	[27342, 1337, 21588],delete:
need:	[14668, 800, 4986]	[34329, 2058, 24647],delete:
need:	[26087, 1384, 27417]	[11737, 844, 7756],delete:
need:	[13559, 38, 9451],delete:
need:	[4874, 2, 10611]	[24535, 953, 27106],delete:
need:	[21944, 1114, 21795],delete:
need:	[23761, 1034, 25034],delete:
need:	[4483, 79, 14735]	[4483, 110, 390],delete:
need:	[28746, 1261, 39227],delete:
need:	[1397, 760, 15891],delete:
need:	[22968, 925, 31749],delete:
need:	[22052, 1034, 34627]	[2391, 18, 9708],delete:
need:	[2310, 508, 10850]	[21971, 907, 30230]	[21971, 1200, 30511]	[10569, 74, 2310],delete:
need:,delete:
need:	[12100, 651, 7719]	[27380, 1095, 31761],delete:
need:	[8465, 677, 3531]	[28126, 1034, 23192],delete:
need:	[28320, 1244, 27914]	[27914, 1830, 28403],delete:
need:	[26295, 1282, 23473]	[6634, 80, 3812],delete:
need:	[23157, 929, 32886]	[3496, 129, 13225]	[3496, 22, 8039]	[23157, 924, 33507],delete:
need:	[1123, 734, 3120],delete:
need:	[8179, 4, 15232]	[27840, 964, 32812]	[8179, 4, 12040]	[27840, 907, 34326]	[27840, 907, 33866]	[27840, 907, 33655],delete:
need:,delete:
need:	[22575, 1398, 23072]	[23072, 1398, 32663],delete:
need:	[11588, 653, 8754]	[33291, 1723, 28415],delete:
need:	[8536, 844, 1155],delete:
need:	[163, 650, 701]	[28896, 1938, 20362],delete:
need:	[7154, 79, 7227],delete:
need:	[23088, 1404, 30166]	[23088, 1384, 33335],delete:
need:	[14381, 844, 1428]	[21089, 2102, 29977],delete:
need:	[6046, 844, 11643]	[31304, 1384, 25707],delete:
need:	[2768, 224, 13276]	[22429, 1200, 32937]	[22429, 925, 27710],delete:
need:	[20815, 1844, 35307],delete:
need:	[3789, 822, 4595],delete:
need:	[419, 228, 10547]	[20080, 2037, 30208],delete:
need:	[8952, 844, 13340]	[33001, 1384, 28613],delete:
need:,delete:
need:	[26022, 1265, 28282]	[9061, 344, 8621],delete:
need:	[21188, 1816, 20952],delete:
need:	[9607, 344, 905],delete:
need:	[5095, 490, 13880]	[24756, 1734, 33541],delete:
need:	[27556, 1756, 20402]	[6184, 18, 7895],delete:
need:	[2559, 573, 11822],delete:
need:	[27227, 1337, 31869]	[23443, 1603, 27227],delete:
need:	[8292, 21, 1202],delete:
need:	[8378, 660, 4307]	[8264, 660, 4307]	[4307, 153, 14111]	[22778, 1211, 23968]	[23968, 1585, 29376]	[27925, 1211, 23968],delete:
need:,delete:
need:	[25662, 1124, 36531],delete:
need:	[4156, 110, 1290],delete:
need:	[23140, 1210, 33378]	[19765, 1997, 23140]	[23140, 1784, 20639],delete:
need:	[21586, 1261, 21547],delete:
need:,delete:
need:	[10636, 672, 5821]	[2347, 224, 5821]	[30297, 962, 25482],delete:
need:,delete:
need:	[27434, 972, 27916],delete:
need:	[23123, 1095, 32618]	[12957, 651, 3462],delete:
need:	[3494, 790, 7893]	[27554, 1017, 31604],delete:
need:	[21929, 1525, 21529]	[2268, 651, 5035],delete:
need:	[23208, 995, 25387],delete:
need:	[13241, 844, 7488]	[11389, 844, 7488]	[32902, 1095, 27149]	[27149, 1288, 29987],delete:
need:	[4678, 79, 15334],delete:
need:	[12136, 129, 6162]	[14616, 129, 6162],delete:
need:	[4309, 22, 3872],delete:
need:	[20879, 936, 27306],delete:
need:	[8673, 493, 500],delete:
need:,delete:
need:,delete:
need:	[28753, 994, 24859],delete:
need:	[27158, 1028, 34679],delete:
need:	[31959, 1261, 25574]	[12298, 110, 5913],delete:
need:	[26358, 1734, 28079]	[28079, 1631, 33304],delete:
need:	[34657, 1289, 25960]	[6299, 420, 12947],delete:
need:	[3011, 497, 9957],delete:
need:,delete:
need:	[24914, 1017, 31552]	[5253, 84, 11891],delete:
need:	[4295, 22, 3872],delete:
need:	[26915, 1725, 25798]	[26915, 1819, 37422],delete:
need:,delete:
need:	[21494, 1980, 28084]	[1833, 900, 2708],delete:
need:	[8636, 844, 5570]	[25231, 1384, 28297],delete:
need:	[1808, 18, 6538]	[34244, 1816, 26199],delete:
need:	[11713, 606, 10158]	[10158, 307, 18572],delete:
need:	[34617, 1211, 29169]	[2236, 660, 9508],delete:
need:	[32316, 1384, 27470]	[7784, 812, 7809],delete:
need:	[11639, 110, 8848],delete:
need:	[11941, 74, 7180]	[31602, 1089, 26841],delete:
need:	[28200, 1089, 33097]	[8539, 74, 13436]	[33097, 907, 28200],delete:
need:	[8113, 833, 6137]	[34156, 1205, 25798],delete:
need:	[6924, 356, 2582],delete:
need:	[1891, 22, 12208],delete:
need:	[6080, 104, 2312],delete:
need:	[22534, 1844, 36784]	[2873, 130, 4884],delete:
need:	[24887, 1178, 19689],delete:
need:	[32426, 1844, 27983]	[8322, 130, 15550],delete:
need:	[28555, 1830, 26544]	[8894, 84, 6883],delete:
need:,delete:
need:,delete:
need:	[31808, 1465, 25624],delete:
need:	[30068, 1819, 35752]	[30068, 1465, 36600],delete:
need:	[1069, 660, 874]	[1069, 577, 10053]	[1069, 490, 3539],delete:
need:	[7115, 490, 11151]	[10611, 797, 7115],delete:
need:,delete:
need:	[23195, 1844, 35307],delete:
need:	[28228, 1725, 19772]	[5660, 737, 8567],delete:
need:	[33415, 2058, 29211]	[13754, 400, 9550],delete:
need:	[5654, 531, 5505]	[25166, 1819, 39271],delete:
need:	[21084, 1435, 20561]	[10689, 201, 900]	[30350, 1435, 20561],delete:
need:	[3759, 21, 4171],delete:
need:	[9553, 844, 14320]	[21831, 2018, 29214],delete:
need:	[11076, 57, 4011]	[33229, 1211, 23672]	[30737, 1211, 23672],delete:
need:	[2271, 724, 14377]	[21932, 1830, 34038],delete:
need:	[7379, 651, 6018]	[27040, 972, 25679],delete:
need:	[31605, 1324, 26016],delete:
need:	[2608, 844, 2911],delete:
need:	[12268, 228, 2936],delete:
need:	[20621, 1525, 28538]	[960, 799, 7392],delete:
need:	[3326, 531, 6957],delete:
need:	[29374, 1028, 34679],delete:
need:	[23714, 1210, 25668],delete:
need:	[26176, 1725, 29384]	[26176, 1324, 25215],delete:
need:	[3267, 129, 8898]	[32690, 962, 28559]	[12348, 129, 8898]	[4510, 129, 8898]	[32357, 929, 28559]	[13029, 224, 8898]	[24171, 929, 28559],delete:
need:	[23462, 2084, 29359]	[23462, 2084, 30309],delete:
need:	[27483, 1816, 30747],delete:
need:,delete:
need:	[11091, 660, 7146]	[7146, 13, 10852]	[26807, 1886, 30513],delete:
need:	[25341, 1844, 38219]	[5680, 130, 17031],delete:
need:	[8166, 651, 18230]	[27827, 1369, 38246],delete:
need:	[21587, 972, 31472]	[1926, 490, 11811],delete:
need:	[33414, 929, 22874]	[13753, 129, 3213]	[3213, 22, 8077]	[22874, 924, 22413],delete:
need:	[13295, 490, 5344]	[25005, 1525, 32956]	[32956, 1734, 25005],delete:
need:,delete:
need:	[9456, 651, 6438]	[8652, 573, 6438],delete:
need:	[24593, 1979, 20142],delete:
need:,delete:
need:	[6430, 844, 4146]	[26091, 1525, 23807],delete:
need:	[27685, 938, 33385],delete:
need:	[6870, 727, 13822]	[33483, 1089, 26531],delete:
need:,delete:
need:,delete:
need:	[33007, 1480, 28094],delete:
need:	[3706, 849, 6141],delete:
need:	[21180, 1819, 38880],delete:
need:	[20329, 2088, 29897],delete:
need:	[13392, 735, 2078],delete:
need:	[2148, 401, 8561],delete:
need:	[27236, 1384, 22244],delete:
need:	[10762, 767, 9224]	[13412, 767, 9224]	[33073, 1602, 28885],delete:
need:	[9769, 53, 16406],delete:
need:	[29598, 1503, 27015]	[9937, 868, 3248],delete:
need:	[19719, 1746, 22919]	[29397, 1034, 19719],delete:
need:	[3861, 162, 5922]	[25583, 1734, 34431],delete:
need:	[3018, 651, 4521]	[33007, 1384, 22679],delete:
need:	[13211, 651, 1294]	[20955, 1095, 34900],delete:
need:	[25979, 1525, 27457]	[25979, 1734, 20853],delete:
need:	[23263, 2067, 23723],delete:
need:	[23393, 925, 20439]	[23393, 925, 31185],delete:
need:	[32312, 2072, 28575]	[12651, 508, 8914],delete:
need:	[8551, 477, 14642]	[8551, 727, 5372]	[28212, 907, 28118]	[28212, 925, 19751]	[28212, 925, 27738],delete:
need:	[4199, 420, 14583]	[34244, 1095, 23860],delete:
need:	[20490, 1938, 26625]	[26625, 972, 20490],delete:
need:	[28397, 1002, 21915],delete:
need:	[31878, 1465, 22510],delete:
need:	[25827, 907, 24418],delete:
need:	[27448, 925, 31185]	[27448, 925, 20439],delete:
need:	[24032, 1324, 22029],delete:
need:	[22365, 972, 32640]	[6637, 651, 2704],delete:
need:,delete:
need:	[2949, 847, 13179]	[32840, 1835, 22610],delete:
need:	[33320, 1426, 24931]	[10412, 844, 5270],delete:
need:	[9335, 129, 6413],delete:
need:	[3294, 150, 709]	[7838, 705, 709],delete:
need:	[26736, 2077, 22066]	[1865, 606, 7075],delete:
need:	[12932, 153, 8320],delete:
need:	[10053, 162, 13883]	[33544, 1890, 29714],delete:
need:	[21084, 1435, 31977]	[1423, 201, 12316],delete:
need:	[3135, 506, 10924]	[30585, 2058, 22796],delete:
need:	[27206, 925, 31869],delete:
need:	[23455, 907, 29838]	[10177, 730, 3794]	[10177, 508, 472],delete:
need:	[5795, 401, 12837]	[25456, 1095, 32498],delete:
need:	[13191, 129, 40]	[32852, 1200, 19701],delete:
need:	[6412, 143, 7009],delete:
need:	[20492, 1371, 22484],delete:
need:	[2947, 129, 6328]	[2947, 21, 11476],delete:
need:	[25063, 1861, 36072],delete:
need:,delete:
need:,delete:
need:,delete:
need:	[10998, 84, 7668]	[30659, 1399, 27329],delete:
need:	[27167, 2003, 25112],delete:
need:	[9577, 450, 11768]	[31429, 1723, 29238]	[29238, 2014, 31429],delete:
need:	[5752, 234, 9473]	[24191, 995, 25413],delete:
need:	[8436, 490, 12202]	[31863, 1525, 28097],delete:
need:	[738, 356, 10618]	[20399, 1725, 26323],delete:
need:	[22522, 1398, 19849],delete:
need:	[9907, 401, 13157],delete:
need:,delete:
need:,delete:
need:	[3561, 844, 6171]	[27757, 1480, 23222],delete:
need:,delete:
need:	[9623, 49, 6723],delete:
need:	[30226, 1991, 29866]	[4566, 846, 10205]	[29791, 1483, 29866]	[7143, 846, 10205]	[20934, 1991, 29866],delete:
need:	[30592, 1504, 26553]	[26553, 1157, 30592]	[26553, 1935, 39574],delete:
need:	[5933, 389, 1833],delete:
need:	[13636, 413, 8611]	[28272, 962, 24061]	[28272, 907, 30029]	[24681, 907, 28272]	[33297, 907, 28272],delete:
need:	[2468, 74, 14728]	[34389, 907, 22129]	[22129, 977, 34389],delete:
need:	[11405, 799, 9446]	[11542, 651, 9446],delete:
need:	[14230, 196, 692]	[20353, 1280, 33891]	[20353, 907, 33891],delete:
need:	[23987, 925, 27710]	[12144, 4, 4326]	[4326, 74, 12144],delete:
need:	[5118, 528, 1801],delete:
need:,delete:
need:	[1665, 497, 10237]	[1665, 790, 5601],delete:
need:	[22314, 907, 32456]	[22314, 907, 23633]	[22314, 907, 23844],delete:
need:	[32410, 2101, 20503]	[842, 730, 8976],delete:
need:	[21049, 925, 21450],delete:
need:	[27934, 1261, 20449],delete:
need:	[21339, 907, 33713]	[1678, 577, 14052],delete:
need:	[13305, 50, 2697],delete:
need:	[27330, 1835, 24929]	[28095, 1631, 27330],delete:
need:	[7568, 651, 14655],delete:
need:	[21897, 993, 25920]	[2236, 677, 13398],delete:
need:	[6861, 844, 14304]	[6861, 344, 7038],delete:
need:	[29681, 1662, 38278]	[4886, 859, 10020]	[3762, 859, 10020]	[6386, 859, 10020],delete:
need:	[30794, 1176, 21080]	[14851, 762, 1419],delete:
need:	[7998, 677, 8540],delete:
need:	[23989, 1602, 20920],delete:
need:	[23709, 1211, 33064]	[4048, 660, 13403],delete:
need:	[20475, 1384, 26851],delete:
need:	[10431, 827, 13661],delete:
need:	[1972, 476, 4725]	[21633, 1243, 24386]	[24386, 1121, 21633],delete:
need:	[34021, 1081, 24749]	[14360, 526, 5088],delete:
need:	[11306, 651, 9391]	[29052, 1095, 30967],delete:
need:	[5811, 493, 15044]	[25472, 1261, 35873],delete:
need:	[333, 24, 15405],delete:
need:	[20899, 1912, 34150]	[1238, 847, 9561],delete:
need:	[3466, 476, 13272]	[23127, 1243, 32933],delete:
need:	[34347, 1507, 19663],delete:
need:	[13005, 497, 10224]	[32334, 907, 29885]	[10224, 539, 12673],delete:
need:	[24595, 1095, 26940],delete:
need:	[9373, 608, 16530]	[9373, 344, 702],delete:
need:	[28004, 1384, 22899],delete:
need:	[30227, 1017, 20773]	[7156, 84, 1112]	[1112, 356, 18006],delete:
need:	[25331, 2037, 34346]	[19883, 1819, 25331],delete:
need:	[29897, 1324, 28344]	[29467, 1399, 28344],delete:
need:	[27774, 2037, 25915]	[11077, 389, 6254],delete:
need:	[3946, 651, 13896]	[23607, 1095, 20667],delete:
need:	[26125, 944, 28804],delete:
need:	[6580, 389, 3486],delete:
need:	[28709, 1205, 22479]	[9048, 110, 2818],delete:
need:	[10771, 129, 7757]	[7757, 22, 10799]	[30432, 929, 27418],delete:
need:	[4259, 651, 3285],delete:
need:	[20200, 2088, 20081]	[20200, 1261, 27352],delete:
need:	[22562, 925, 30118]	[2901, 730, 624],delete:
need:	[26325, 1688, 36825],delete:
need:	[5216, 651, 9671]	[14575, 677, 9671],delete:
need:	[20352, 924, 26235],delete:
need:	[8979, 844, 1516],delete:
need:	[12488, 727, 3845]	[32149, 907, 23506]	[23506, 929, 29928]	[23506, 977, 32149],delete:
need:	[5293, 677, 3898],delete:
need:	[20820, 1261, 20696],delete:
need:	[29462, 1734, 27196]	[7535, 490, 8963],delete:
need:,delete:
need:	[22771, 1398, 31127]	[3110, 401, 11466],delete:
need:	[27588, 1905, 23107],delete:
need:	[9051, 420, 14837],delete:
need:	[5423, 272, 4134],delete:
need:	[24444, 924, 30786]	[4783, 22, 12208],delete:
need:	[33441, 1095, 28959]	[13780, 844, 9298],delete:
need:	[5953, 79, 9903],delete:
need:	[21153, 1835, 24635]	[1492, 420, 13545],delete:
need:	[31551, 977, 24400]	[11890, 74, 4739]	[24400, 1200, 29428]	[24400, 907, 31551],delete:
need:	[11357, 526, 3095]	[31018, 1081, 22756],delete:
need:	[22508, 1410, 25562]	[22508, 2089, 24426],delete:
need:	[23241, 1540, 23304]	[23304, 1539, 31127],delete:
need:	[28223, 936, 27271],delete:
need:	[26130, 972, 24007]	[20744, 1835, 26130],delete:
need:	[9538, 401, 9837],delete:
need:	[20449, 1324, 25243],delete:
need:,delete:
need:	[24005, 924, 30617]	[4344, 224, 11135]	[24005, 1200, 30796],delete:
need:	[307, 844, 5548]	[25209, 907, 39170],delete:
need:	[22677, 1232, 31173]	[22677, 1232, 34130],delete:
need:	[8792, 18, 2880],delete:
need:,delete:
need:	[33, 232, 14902]	[33, 232, 10967]	[33, 22, 7424]	[19694, 1075, 34563]	[19694, 1075, 30628],delete:
need:	[31132, 1095, 22343]	[2682, 651, 4841],delete:
need:	[980, 177, 9723],delete:
need:	[22448, 962, 34417]	[22448, 964, 32626]	[2787, 61, 14756],delete:
need:	[13821, 844, 10303],delete:
need:	[10728, 84, 9805]	[29466, 953, 33687]	[22920, 1017, 29466],delete:
need:	[27920, 1725, 27018],delete:
need:	[11, 22, 6617],delete:
need:	[26434, 975, 37154]	[6773, 24, 15405],delete:
need:,delete:
need:	[10271, 660, 13025]	[29932, 1211, 32686],delete:
need:	[10204, 651, 11873]	[31534, 1888, 29865],delete:
need:	[1966, 399, 167],delete:
need:	[30439, 1095, 19796]	[5804, 18, 135],delete:
need:,delete:
need:	[27550, 1324, 30532]	[10643, 531, 7889],delete:
need:	[14451, 660, 29]	[34112, 1211, 19690],delete:
need:	[28900, 1816, 31310]	[7830, 577, 9239],delete:
need:,delete:
need:	[3468, 833, 9001],delete:
need:	[21182, 1819, 31318]	[1521, 833, 1231],delete:
need:	[2257, 22, 12208]	[2257, 22, 12088]	[11886, 21, 2257]	[21918, 1856, 21047]	[21918, 1781, 31547]	[21918, 1113, 27317]	[21918, 925, 31749],delete:
need:	[6922, 21, 9297]	[28958, 925, 32295],delete:
need:	[7804, 859, 10521]	[30182, 1064, 27465],delete:
need:	[1637, 767, 13942]	[20160, 1781, 21298]	[2581, 791, 1637],delete:
need:	[4693, 531, 11260],delete:
need:	[27442, 1525, 32224]	[20451, 1095, 27442],delete:
need:	[22019, 2088, 28740],delete:
need:	[7693, 800, 14895]	[7693, 356, 14895],delete:
need:	[29032, 1465, 23276]	[28032, 1725, 29032],delete:
need:	[24863, 1725, 32681]	[24863, 1324, 37277],delete:
need:,delete:
need:	[26090, 938, 36083],delete:
need:	[4112, 110, 1290],delete:
need:	[7174, 844, 11883]	[7174, 277, 3471],delete:
need:	[20825, 1980, 27774],delete:
need:	[23620, 1384, 26998],delete:
need:	[4394, 344, 9874]	[10635, 344, 9874]	[249, 344, 9874]	[13991, 344, 9874]	[32808, 995, 29535]	[19910, 1017, 29535]	[30296, 1017, 29535]	[33652, 1017, 29535],delete:
need:	[8187, 868, 14652],delete:
need:	[13988, 110, 4261],delete:
need:	[19746, 1631, 20157]	[496, 420, 85],delete:
need:,delete:
need:,delete:
need:	[26882, 925, 26295]	[32410, 925, 26295],delete:
need:	[25493, 1022, 38495],delete:
need:	[7964, 356, 7100],delete:
need:,delete:
need:	[8435, 683, 3666]	[31381, 962, 23327],delete:
need:	[401, 660, 11775]	[20062, 1211, 31436]	[25937, 1525, 20062],delete:
need:	[9790, 799, 1418],delete:
need:	[7672, 401, 2312],delete:
need:	[24084, 1034, 26748]	[24084, 1034, 24463],delete:
need:	[34054, 972, 27760]	[8099, 753, 14393],delete:
need:	[33658, 925, 19703],delete:
need:	[14767, 477, 8126],delete:
need:	[1333, 22, 3237],delete:
need:	[11185, 833, 6632],delete:
need:	[7343, 799, 15120],delete:
need:	[20814, 1270, 32135]	[1153, 41, 12474],delete:
need:	[29395, 907, 33707]	[29395, 1830, 31780],delete:
need:	[21443, 1384, 35355]	[21443, 1300, 35355],delete:
need:	[27074, 1384, 22051],delete:
need:	[1702, 677, 657]	[20318, 907, 23855],delete:
need:	[5720, 677, 9461]	[29122, 1095, 33354],delete:
need:	[22804, 1095, 29678]	[10017, 844, 16230],delete:
need:	[5738, 555, 14477],delete:
need:	[23311, 1980, 32565]	[12031, 493, 3650],delete:
need:,delete:
need:	[23943, 2021, 27946]	[8285, 773, 11641]	[31302, 1095, 27946],delete:
need:	[29754, 927, 37154]	[10093, 24, 15405],delete:
need:	[21708, 925, 27738]	[21708, 925, 22898]	[2047, 4, 18903],delete:
need:	[13134, 799, 3306]	[22967, 972, 32795],delete:
need:	[28955, 1095, 32066]	[32066, 1384, 28955]	[12405, 651, 9294],delete:
need:,delete:
need:	[8927, 727, 11085]	[28588, 907, 20202]	[28588, 907, 30746],delete:
need:	[21479, 2098, 32175],delete:
need:	[9109, 22, 3237],delete:
need:	[5227, 847, 8381]	[24888, 1835, 28042],delete:
need:	[12623, 139, 5101]	[5101, 797, 2265],delete:
need:,delete:
need:	[9958, 797, 15245]	[32325, 1806, 29619],delete:
need:	[1171, 669, 4900],delete:
need:,delete:
need:,delete:
need:	[23874, 2088, 30148]	[4213, 79, 4871],delete:
need:	[33871, 2072, 21996]	[14210, 281, 2335],delete:
need:	[27673, 1022, 38495],delete:
need:	[2633, 22, 3237]	[2633, 22, 11040]	[2633, 74, 14868]	[34529, 907, 22294],delete:
need:	[22147, 1034, 31556],delete:
need:	[21781, 925, 20939]	[21781, 925, 23604],delete:
need:,delete:
need:	[12718, 310, 5053]	[14887, 577, 5053],delete:
need:	[6583, 22, 14518],delete:
need:	[4409, 497, 1982]	[23011, 1734, 24070],delete:
need:	[25764, 1337, 30811]	[6103, 126, 10457],delete:
need:	[4157, 74, 11922]	[31583, 907, 23818],delete:
need:	[20568, 923, 33720],delete:
need:	[4665, 844, 469]	[24326, 1095, 20130],delete:
need:,delete:
need:	[4814, 677, 2611],delete:
need:	[28467, 1835, 22341]	[8806, 420, 2540],delete:
need:	[20845, 1525, 32941]	[1184, 790, 5121],delete:
need:	[22622, 961, 27398]	[7737, 237, 7975]	[27398, 2108, 36558],delete:
need:	[28780, 907, 20947]	[1286, 318, 16667],delete:
need:	[1187, 900, 10280],delete:
need:,delete:
need:	[3442, 126, 11180]	[23103, 1603, 25488],delete:
need:,delete:
need:	[34216, 1244, 26645]	[27504, 972, 26645],delete:
need:	[6768, 493, 562],delete:
need:	[26748, 1384, 25365],delete:
need:	[2385, 650, 9458]	[22046, 1244, 29119],delete:
need:	[41, 651, 13340]	[19702, 1384, 33001]	[13340, 844, 41],delete:
need:	[9964, 884, 3688]	[29625, 1032, 23349]	[24643, 1032, 29625],delete:
need:	[1700, 651, 1981],delete:
need:	[13112, 400, 4922]	[32773, 2058, 24583]	[14927, 708, 4922]	[13168, 84, 4922],delete:
need:	[6506, 859, 11616]	[26167, 1243, 31277],delete:
need:	[20770, 907, 30677]	[1109, 21, 15826]	[30677, 977, 20770]	[1109, 22, 8077],delete:
need:,delete:
need:	[4004, 844, 3584]	[3584, 401, 12498],delete:
need:	[26057, 1602, 32272],delete:
need:	[31951, 1734, 26482]	[6821, 420, 10328],delete:
need:	[14765, 356, 1300]	[13478, 400, 1300]	[1300, 110, 12027]	[29451, 1830, 20961]	[33139, 2058, 20961],delete:
need:,delete:
need:	[20716, 1328, 29863],delete:
need:	[33213, 1398, 26138],delete:
need:	[5778, 74, 14090]	[5778, 22, 8077]	[34006, 907, 25439]	[25439, 1089, 33751]	[33751, 907, 25439],delete:
need:	[23931, 925, 20439],delete:
need:	[22280, 1995, 21427]	[21427, 1337, 25572],delete:
need:	[13640, 18, 7176]	[19972, 1816, 26837],delete:
need:	[1144, 677, 2410],delete:
need:	[23915, 907, 23480]	[3819, 129, 11135]	[3819, 30, 3976]	[23480, 1200, 25607],delete:
need:	[28917, 1384, 27724],delete:
need:	[13700, 260, 5558]	[25219, 944, 33361],delete:
need:	[25878, 1371, 31884]	[11242, 544, 6217],delete:
need:	[34456, 929, 21732]	[32252, 929, 21732]	[27773, 929, 21732],delete:
need:	[20695, 1034, 26473],delete:
need:	[20501, 1384, 33914]	[840, 651, 14253],delete:
need:,delete:
need:	[30227, 1211, 24612],delete:
need:	[22877, 925, 31869],delete:
need:	[32003, 1211, 28208]	[12342, 781, 8547],delete:
need:,delete:
need:	[33637, 1816, 25144]	[20679, 1816, 25144]	[5483, 192, 167]	[13976, 577, 5483],delete:
need:	[10412, 312, 8302]	[30073, 1480, 32498],delete:
need:	[7637, 900, 1589]	[20336, 2037, 27298]	[27298, 1261, 33196],delete:
need:	[20196, 1465, 25817],delete:
need:	[3532, 21, 6334]	[23193, 925, 31869],delete:
need:	[3205, 577, 8960]	[6378, 497, 8960],delete:
need:	[34655, 1319, 21281],delete:
need:	[29780, 1211, 24153]	[10119, 43, 4492],delete:
need:	[23347, 1324, 25070],delete:
need:	[8389, 21, 6032],delete:
need:	[12009, 49, 528]	[528, 811, 11612]	[9614, 49, 528]	[1501, 49, 528]	[21162, 1192, 20189],delete:
need:	[20903, 1297, 32593]	[12932, 652, 1242],delete:
need:	[5446, 12, 13954],delete:
need:	[32325, 1835, 28329]	[8668, 752, 12664]	[12664, 752, 8668],delete:
need:	[9605, 79, 12958]	[9605, 228, 18015],delete:
need:	[20620, 1371, 26128],delete:
need:	[23246, 1185, 30465]	[3585, 584, 10804],delete:
need:	[27810, 1034, 25576],delete:
need:	[6834, 591, 14497]	[32176, 1095, 26495],delete:
need:,delete:
need:	[9426, 401, 1516],delete:
need:	[9691, 677, 4197]	[21798, 2102, 29352],delete:
need:	[1633, 22, 11524],delete:
need:	[26939, 962, 21610],delete:
need:	[9986, 670, 5612]	[9986, 305, 10680]	[29647, 2021, 30341]	[29647, 1113, 33418],delete:
need:	[6044, 734, 16634],delete:
need:	[22876, 951, 33038]	[3215, 440, 13377],delete:
need:	[33148, 1243, 24430],delete:
need:	[12816, 493, 9188]	[24838, 1324, 28849],delete:
need:	[20119, 925, 19751],delete:
need:	[6530, 677, 6375],delete:
need:	[2276, 884, 697],delete:
need:	[28686, 1539, 33745]	[9602, 497, 9025],delete:
need:	[12970, 843, 4624],delete:
need:	[13289, 799, 3989]	[32950, 1631, 23650],delete:
need:	[14733, 18, 2824]	[22485, 1781, 34394],delete:
need:	[10383, 84, 12772]	[30044, 1017, 32433],delete:
need:,delete:
need:,delete:
need:	[19740, 1095, 21026],delete:
need:	[553, 55, 15796],delete:
need:	[23303, 1444, 25406]	[3642, 847, 15164],delete:
need:	[34300, 1045, 24961]	[14639, 18, 5300],delete:
need:	[26618, 2106, 31613],delete:
need:	[13755, 3, 6823]	[33416, 962, 26484],delete:
need:,delete:
need:	[11611, 651, 890]	[20551, 1384, 34431],delete:
need:	[26728, 2037, 26608]	[6947, 493, 7067],delete:
need:,delete:
need:	[7012, 649, 6589]	[6589, 884, 7012]	[26673, 1688, 21329],delete:
need:	[9528, 844, 6802]	[29189, 1384, 21103],delete:
need:,delete:
need:,delete:
need:	[10366, 493, 10531]	[30027, 1205, 31545],delete:
need:	[34616, 929, 23717]	[31881, 929, 23717]	[29276, 929, 23717],delete:
need:	[11738, 104, 10445]	[10445, 84, 14800]	[30106, 1244, 31399],delete:
need:	[30588, 1895, 23161],delete:
need:	[22396, 925, 20439],delete:
need:,delete:
need:	[3515, 18, 13037]	[24602, 1734, 23176],delete:
need:,delete:
need:	[29025, 1819, 24032]	[4371, 110, 9364],delete:
need:	[21350, 1095, 28991],delete:
need:	[26559, 1734, 27951]	[13002, 677, 6898],delete:
need:	[11975, 900, 5132],delete:
need:,delete:
need:	[1118, 129, 16769]	[20779, 925, 22898],delete:
need:	[27572, 1734, 31928]	[12267, 790, 7911]	[7911, 490, 12267],delete:
need:	[13216, 844, 3778],delete:
need:	[27356, 1688, 25627],delete:
need:	[7960, 651, 9159],delete:
need:	[963, 767, 11858]	[20624, 2072, 31519],delete:
need:,delete:
need:	[13587, 549, 8194]	[32289, 1725, 27855],delete:
need:	[7432, 651, 4283]	[23944, 1289, 34590],delete:
need:	[249, 651, 17003],delete:
need:	[32704, 1503, 25946]	[13043, 657, 6285],delete:
need:	[33568, 961, 20170]	[509, 814, 10558]	[7571, 705, 509]	[20170, 1017, 30219],delete:
need:	[27974, 1398, 33083]	[8313, 401, 13422],delete:
need:,delete:
need:	[4276, 232, 4369]	[24030, 1861, 23937],delete:
need:	[4259, 577, 4064]	[23920, 1920, 23725],delete:
need:	[31250, 1133, 23301]	[11589, 777, 3640],delete:
need:	[32447, 1261, 24666]	[5005, 389, 14073],delete:
need:	[23130, 1964, 26281]	[26281, 1964, 36146],delete:
need:	[32266, 1034, 19804],delete:
need:	[9220, 767, 13982]	[28881, 1484, 33643],delete:
need:	[655, 4, 15895]	[655, 22, 12088]	[655, 4, 2230]	[655, 508, 4376]	[20316, 962, 24037]	[20316, 907, 21891]	[20316, 907, 35200]	[20316, 907, 27046],delete:
need:	[25, 859, 8790]	[28451, 970, 19686],delete:
need:,delete:
need:	[9342, 844, 12203]	[29003, 1095, 31864],delete:
need:	[25890, 1718, 34950],delete:
need:	[22736, 1831, 32638],delete:
need:	[24791, 1095, 30857]	[11139, 490, 5130],delete:
need:	[7367, 420, 8453]	[30724, 1938, 28114],delete:
need:	[13485, 257, 5224]	[24885, 1095, 36267],delete:
need:	[7627, 546, 711]	[22041, 1417, 20372],delete:
need:	[29895, 1734, 27090]	[7429, 651, 5066],delete:
need:	[14213, 457, 742]	[20403, 1816, 33874],delete:
need:	[30857, 1734, 26388]	[6727, 401, 6142],delete:
need:	[7775, 844, 14566]	[34227, 1384, 27436],delete:
need:	[33143, 972, 28896]	[28896, 972, 26778],delete:
need:	[10578, 479, 8146],delete:
need:	[22404, 944, 24671],delete:
need:	[14108, 497, 2348]	[33769, 1045, 22009],delete:
need:	[6120, 110, 19219]	[30561, 1261, 25781],delete:
need:,delete:
need:,delete:
need:	[5784, 724, 16820]	[25445, 972, 34095],delete:
need:	[29812, 944, 31296]	[11635, 260, 10151],delete:
need:	[30727, 1844, 24918]	[5257, 130, 16121],delete:
need:	[4565, 177, 6590]	[24226, 1261, 22908],delete:
need:	[11799, 401, 4382]	[24043, 1587, 31460],delete:
need:	[26397, 1734, 30128]	[6736, 790, 7901],delete:
need:	[21831, 1202, 21988],delete:
need:	[26498, 1017, 26058]	[1050, 137, 6397],delete:
need:	[20744, 972, 24007]	[6469, 420, 4346]	[24007, 1631, 26130]	[4346, 799, 6469],delete:
need:	[20140, 1022, 38495],delete:
need:	[14582, 131, 10463]	[34243, 1725, 30124],delete:
need:	[23154, 1525, 30021]	[23154, 1525, 26847],delete:
need:	[1847, 401, 348],delete:
need:	[4340, 724, 11235]	[24001, 1830, 30896],delete:
need:,delete:
need:	[32063, 1734, 23769]	[12402, 651, 4108],delete:
need:,delete:
need:	[26297, 2080, 24238],delete:
need:	[13884, 130, 112]	[112, 756, 1998],delete:
need:	[20728, 1465, 24272],delete:
need:	[3036, 844, 11046]	[11046, 490, 3036],delete:
need:	[7188, 21, 12284],delete:
need:	[20718, 1095, 33852]	[1057, 497, 6577],delete:
need:	[31756, 1734, 29363]	[29363, 1938, 25656],delete:
need:	[26533, 1886, 30513],delete:
need:	[25321, 1725, 21040]	[5660, 531, 17841],delete:
need:,delete:
need:	[6131, 110, 3162],delete:
need:,delete:
need:	[5939, 508, 12135]	[8637, 74, 5939]	[25600, 929, 35649]	[25600, 907, 37487]	[25600, 962, 35649]	[25600, 907, 31447]	[25600, 962, 30364],delete:
need:	[185, 651, 2668]	[19846, 1816, 32440],delete:
need:	[31847, 1938, 24382]	[2462, 790, 4721],delete:
need:	[29474, 1332, 33263]	[2539, 18, 9813],delete:
need:	[2610, 651, 14978],delete:
need:	[8213, 22, 3699]	[8213, 22, 1033],delete:
need:,delete:
need:	[27525, 1017, 27971]	[7864, 844, 7663],delete:
need:,delete:
need:	[25610, 1830, 25791]	[6130, 882, 19519],delete:
need:	[9069, 844, 10788]	[28730, 907, 37053],delete:
need:	[1762, 651, 1663]	[21423, 1703, 28244],delete:
need:	[12670, 651, 6770]	[30161, 1095, 26431],delete:
need:	[24080, 1164, 32058]	[4419, 531, 11764],delete:
need:	[30506, 1525, 29319],delete:
need:	[6116, 41, 12323]	[25777, 1503, 31984]	[6116, 41, 14230],delete:
need:	[34170, 1830, 29759]	[1978, 591, 10098],delete:
need:,delete:
need:	[25023, 906, 20017]	[32768, 962, 20017]	[13107, 3, 356]	[20017, 925, 30811],delete:
need:,delete:
need:	[10294, 18, 3069]	[10294, 677, 708],delete:
need:	[28235, 929, 23316],delete:
need:,delete:
need:	[23884, 1603, 31657]	[9438, 126, 4223],delete:
need:	[11575, 420, 6463],delete:
need:	[29734, 1603, 23891]	[31621, 1337, 29734],delete:
need:	[1309, 651, 10601]	[30262, 1095, 20970],delete:
need:	[4583, 771, 14398]	[24244, 1641, 27717],delete:
need:	[2921, 247, 11449]	[22582, 1243, 31110],delete:
need:	[6756, 544, 15109]	[30509, 1371, 26417],delete:
need:,delete:
need:	[32978, 1781, 21245]	[13317, 275, 1584],delete:
need:	[24488, 936, 33340]	[4827, 33, 14436]	[4827, 33, 13679],delete:
need:	[30733, 1089, 28241]	[11072, 74, 8580]	[28241, 962, 23162],delete:
need:	[11452, 167, 10015],delete:
need:,delete:
need:	[201, 508, 6622]	[201, 508, 9108]	[19862, 1484, 26283],delete:
need:	[14462, 110, 6168],delete:
need:,delete:
need:	[29814, 1095, 25087]	[5426, 577, 11217],delete:
need:,delete:
need:	[28339, 1585, 24678]	[3080, 868, 8678],delete:
need:	[22443, 1399, 33974]	[2782, 84, 14313],delete:
need:	[7292, 30, 3976],delete:
need:	[14653, 884, 7230]	[34314, 1032, 26891],delete:
need:	[24539, 2067, 34483]	[33970, 2088, 24539],delete:
need:	[8290, 651, 8476]	[8290, 660, 1490],delete:
need:	[2995, 493, 4463],delete:
need:	[2991, 41, 5390]	[2991, 41, 3892],delete:
need:	[1754, 413, 4253],delete:
need:	[24362, 1095, 28758]	[4701, 651, 9097],delete:
need:	[23147, 1261, 19697],delete:
need:	[4392, 21, 1832]	[24053, 1089, 30584]	[4392, 74, 10923],delete:
need:	[8298, 677, 5219],delete:
need:	[26284, 1577, 34487]	[6623, 693, 14826],delete:
need:	[27348, 1261, 28850]	[7687, 110, 9189],delete:
need:	[8001, 652, 9457]	[33704, 1297, 27662]	[8001, 153, 5638],delete:
need:	[2344, 696, 5198],delete:
need:	[13783, 228, 75]	[33444, 1090, 19736],delete:
need:	[22963, 925, 30596],delete:
need:	[8628, 22, 3237],delete:
need:	[4233, 790, 11755]	[23894, 1525, 31416],delete:
need:	[3706, 376, 3309],delete:
need:	[2201, 734, 2050],delete:
need:	[12041, 657, 9099]	[9099, 49, 7668]	[9099, 247, 3207]	[28760, 1585, 27329]	[28760, 1243, 22868]	[31702, 1503, 28760]	[33682, 2084, 28760],delete:
need:	[28479, 1211, 34424],delete:
need:	[14329, 18, 6201]	[6201, 457, 1860]	[25862, 1342, 27245]	[29562, 1816, 25862]	[11772, 18, 6201],delete:
need:,delete:
need:	[9341, 844, 3556],delete:
need:	[21230, 1261, 21881],delete:
need:	[28055, 1465, 26728],delete:
need:	[6934, 705, 6296],delete:
need:	[30470, 2088, 22637]	[2976, 389, 10809],delete:
need:	[8888, 30, 3976],delete:
need:	[26357, 1095, 25423]	[6696, 844, 5762],delete:
need:	[30530, 1095, 25697]	[6036, 651, 10869],delete:
need:,delete:
need:	[31635, 1384, 20963]	[8005, 844, 1302],delete:
need:	[1303, 24, 15405],delete:
need:	[21153, 1835, 24635],delete:
need:	[1669, 201, 15407]	[21330, 1789, 21087]	[21330, 925, 22898],delete:
need:	[9449, 33, 5880],delete:
need:	[11211, 420, 10222],delete:
need:	[7876, 490, 9702]	[12095, 490, 7876]	[27537, 1483, 33960]	[27537, 1095, 31756]	[26298, 972, 27537]	[31756, 972, 27537],delete:
need:	[2249, 677, 6700],delete:
need:	[11743, 844, 1257]	[20918, 1197, 27317]	[20918, 1202, 32175]	[20918, 1734, 31404]	[29879, 1734, 20918],delete:
need:	[6530, 677, 708],delete:
need:	[8704, 737, 4102]	[28511, 1324, 23763],delete:
need:,delete:
need:,delete:
need:	[28134, 1407, 22867],delete:
need:,delete:
need:	[3339, 401, 1780]	[14247, 401, 1780]	[29555, 1384, 21441],delete:
need:	[29825, 1026, 25909]	[29825, 1525, 32792],delete:
need:	[11084, 397, 2974],delete:
need:	[8903, 737, 19273]	[31724, 1585, 28564]	[20619, 1962, 28564],delete:
need:	[226, 253, 9606],delete:
need:,delete:
need:	[21725, 929, 33582]	[2064, 22, 10145]	[2064, 129, 13921]	[2064, 692, 13921],delete:
need:	[6365, 677, 4691]	[26026, 1034, 24352],delete:
need:	[21760, 1261, 29705]	[10044, 228, 2099],delete:
need:	[26369, 1465, 23382]	[3721, 177, 3610],delete:
need:	[20976, 1261, 27680]	[4085, 228, 1315],delete:
need:	[1607, 577, 18242]	[32173, 1095, 21268],delete:
need:	[10309, 18, 11499]	[29970, 1623, 22131],delete:
need:,delete:
need:	[9789, 552, 7804],delete:
need:	[13238, 844, 8183]	[32899, 1912, 27844],delete:
need:	[6192, 98, 13801]	[33942, 1055, 25853],delete:
need:	[10190, 384, 3761],delete:
need:	[28416, 925, 26248],delete:
need:	[29586, 1725, 32607]	[14099, 84, 9925],delete:
need:	[32729, 1503, 22179]	[21417, 1270, 22179]	[13068, 41, 2518],delete:
need:	[22187, 1384, 34301],delete:
need:	[12212, 49, 5727]	[31873, 1192, 25388],delete:
need:	[28905, 1017, 30267]	[8791, 844, 9244],delete:
need:	[7986, 177, 10955],delete:
need:	[12743, 701, 9307]	[306, 13, 9307]	[9307, 653, 5979]	[28968, 1617, 32404]	[25160, 1564, 28968]	[29540, 1564, 28968]	[22999, 1564, 28968],delete:
need:,delete:
need:	[13454, 844, 8671]	[33115, 1525, 28332],delete:
need:	[10789, 591, 8991]	[30450, 1703, 28652],delete:
need:	[25715, 1095, 20188]	[6054, 522, 527],delete:
need:,delete:
need:	[10300, 562, 3025]	[22686, 924, 21277]	[22686, 925, 32308]	[22686, 925, 20439],delete:
need:	[24578, 1205, 32412],delete:
need:	[23741, 1465, 28608]	[4080, 389, 2377],delete:
need:	[25629, 1856, 36609],delete:
need:	[27385, 925, 23533],delete:
need:	[1374, 651, 6128]	[6128, 651, 17618],delete:
need:	[19809, 1095, 24254]	[19809, 1211, 36623]	[148, 577, 17606],delete:
need:,delete:
need:	[31991, 1200, 28806]	[14066, 683, 9145]	[33727, 962, 28806],delete:
need:	[8046, 379, 14103]	[6584, 74, 8046]	[8457, 74, 8046]	[21979, 977, 27707],delete:
need:	[7524, 729, 4648],delete:
need:,delete:
need:	[3660, 400, 14258]	[14392, 64, 3660]	[13852, 710, 3660]	[23321, 2058, 33919]	[28813, 1219, 23321],delete:
need:	[23228, 1261, 21631]	[4461, 493, 1970],delete:
need:	[5879, 833, 9302]	[28963, 1324, 23276],delete:
need:	[29358, 1749, 33901],delete:
need:,delete:
need:	[28060, 1920, 32634]	[12973, 192, 8399],delete:
need:	[29458, 1017, 28773]	[29458, 1045, 35084],delete:
need:	[25922, 1157, 32823]	[25922, 1504, 22988],delete:
need:,delete:
need:	[6442, 753, 1995],delete:
need:	[29623, 1688, 23363],delete:
need:	[33176, 1398, 22022],delete:
need:	[26112, 1830, 27636],delete:
need:,delete:
need:	[4963, 22, 1789],delete:
need:	[23159, 1014, 31003]	[3498, 186, 16461],delete:
need:	[3714, 657, 13651]	[23375, 1665, 27699],delete:
need:,delete:
need:	[20535, 1886, 30513],delete:
need:	[10431, 33, 6371],delete:
need:,delete:
need:	[29030, 925, 31657]	[12880, 413, 9369]	[9369, 129, 1812],delete:
need:	[23431, 1631, 28894]	[7236, 847, 3770],delete:
need:	[6601, 677, 2904]	[26262, 1034, 33059],delete:
need:	[26352, 925, 23925]	[26352, 925, 21421],delete:
need:	[13345, 812, 5594]	[33006, 1831, 25255],delete:
need:	[31270, 1681, 19834],delete:
need:	[3236, 74, 13190]	[10438, 730, 3236]	[3236, 21, 17010]	[22897, 1089, 32851]	[22897, 924, 35799],delete:
need:	[26369, 2088, 21691]	[6708, 493, 2030],delete:
need:	[8461, 19, 11585]	[28122, 1113, 30745]	[11585, 13, 8461]	[25084, 1886, 28122],delete:
need:,delete:
need:	[6769, 22, 12208],delete:
need:	[31060, 962, 24346]	[34375, 962, 24346]	[30173, 962, 24346],delete:
need:	[1269, 30, 3976],delete:
need:	[9035, 146, 12926]	[28696, 1958, 32587],delete:
need:	[4103, 110, 13645]	[33306, 2037, 23764],delete:
need:	[1804, 324, 5974],delete:
need:	[12966, 177, 9612]	[29273, 953, 32627]	[9612, 356, 12966],delete:
need:,delete:
need:	[22346, 1028, 34679],delete:
need:	[24869, 1028, 34679],delete:
need:	[14098, 790, 6999]	[26660, 1734, 33759],delete:
need:	[9246, 224, 9676]	[31980, 907, 28907]	[28907, 962, 31971]	[30458, 907, 28907]	[28907, 929, 22352],delete:
need:	[10548, 232, 247]	[19908, 1861, 30209]	[19908, 924, 22413],delete:
need:	[23512, 1095, 32730]	[3851, 790, 383],delete:
need:	[20445, 1964, 21462],delete:
need:	[1915, 651, 4673],delete:
need:	[8488, 651, 8590]	[28149, 1384, 28251],delete:
need:,delete:
need:	[11872, 686, 1704]	[20504, 2050, 21365]	[21365, 2058, 31533],delete:
need:	[7006, 37, 17099]	[26667, 1090, 35279],delete:
need:	[32258, 1964, 25405]	[5744, 528, 15767],delete:
need:	[29459, 1243, 30182]	[29459, 2001, 34181]	[9798, 296, 10521],delete:
need:	[29705, 1725, 37544],delete:
need:	[22467, 925, 20439],delete:
need:,delete:
need:	[22353, 2102, 34106]	[2692, 651, 6379],delete:
need:,delete:
need:	[23918, 1934, 22318],delete:
need:	[6785, 708, 1136]	[12379, 400, 1136]	[11553, 777, 1136],delete:
need:	[24458, 938, 24861],delete:
need:	[7325, 49, 13562]	[24098, 955, 26986]	[26986, 1585, 33223]	[26986, 955, 24098],delete:
need:	[825, 104, 7085],delete:
need:	[4001, 844, 16396]	[4001, 650, 11977],delete:
need:	[10357, 177, 12247]	[20713, 1725, 30018],delete:
need:	[3037, 844, 12468]	[3037, 753, 12468],delete:
need:	[6839, 13, 10156]	[26500, 2052, 37082],delete:
need:	[33932, 1725, 20120]	[14271, 833, 459],delete:
need:	[21817, 1844, 29864]	[10203, 130, 14562],delete:
need:	[25913, 2004, 39492],delete:
need:	[13984, 22, 2370],delete:
need:	[8094, 158, 9708],delete:
need:,delete:
need:	[25888, 1324, 27514]	[27514, 1465, 34294],delete:
need:	[25856, 1844, 37531],delete:
need:	[22313, 1938, 34607]	[4914, 844, 2652],delete:
need:	[31610, 977, 20968]	[4804, 477, 1307],delete:
need:	[7183, 651, 7247]	[27684, 1525, 26908],delete:
need:	[6056, 649, 13838]	[33499, 1032, 25717],delete:
need:	[22242, 1150, 25214]	[30328, 1150, 25214]	[10667, 791, 5553],delete:
need:	[20142, 1017, 26805],delete:
need:,delete:
need:	[20965, 907, 31936]	[31906, 977, 20965]	[1304, 727, 11468],delete:
need:,delete:
need:	[4406, 322, 9750]	[12355, 18, 9750]	[14774, 18, 9750]	[34370, 1427, 29411]	[25365, 1045, 29411]	[29984, 1427, 29411],delete:
need:	[7998, 677, 8540],delete:
need:,delete:
need:	[21460, 1371, 33217]	[13556, 628, 1799],delete:
need:	[29829, 961, 38992],delete:
need:	[9869, 21, 6032],delete:
need:	[13318, 388, 10334],delete:
need:	[7977, 322, 6258],delete:
need:	[26863, 2088, 28135]	[8474, 18, 11087],delete:
need:	[20971, 1844, 26859]	[1310, 130, 103],delete:
need:,delete:
need:	[9058, 833, 2601]	[9029, 833, 2601],delete:
need:	[28709, 1465, 25646],delete:
need:	[26340, 1398, 27770]	[8109, 651, 18486],delete:
need:,delete:
need:	[27705, 1964, 28750],delete:
need:	[23988, 1297, 25470]	[4327, 118, 11482],delete:
need:	[29948, 925, 27700],delete:
need:	[29808, 1082, 20378],delete:
need:	[577, 79, 10178],delete:
need:,delete:
need:	[525, 844, 5079]	[5163, 651, 5079],delete:
need:	[24722, 1749, 31419]	[5061, 724, 9222]	[24722, 1749, 26627]	[5061, 699, 11758],delete:
need:	[26581, 1816, 33172]	[6920, 18, 13511],delete:
need:	[8012, 452, 2614]	[22275, 1032, 24215],delete:
need:	[8361, 129, 18165],delete:
need:	[13535, 900, 8233],delete:
need:	[12238, 651, 7411],delete:
need:,delete:
need:	[6550, 33, 18761],delete:
need:	[13654, 844, 1656],delete:
need:	[5331, 816, 14459]	[24992, 2061, 20669]	[33571, 1055, 24992],delete:
need:,delete:
need:	[27493, 1890, 25345]	[5684, 665, 4707],delete:
need:	[9176, 22, 778],delete:
need:	[432, 401, 5066]	[20093, 1095, 24727],delete:
need:,delete:
need:	[34171, 1771, 24558]	[20724, 1688, 24558]	[4897, 734, 17327]	[24558, 993, 27317],delete:
need:,delete:
need:,delete:
need:	[1688, 21, 8722],delete:
need:,delete:
need:	[11322, 21, 4227]	[7747, 21, 4227]	[33066, 924, 23888]	[23888, 925, 31869]	[30983, 924, 23888]	[23888, 1856, 22704]	[23888, 1577, 20863],delete:
need:	[6132, 685, 8929],delete:
need:	[8211, 868, 10648],delete:
need:	[6106, 74, 10679]	[25767, 977, 30340],delete:
need:,delete:
need:	[1702, 577, 10783],delete:
need:	[14449, 485, 7784]	[27445, 1792, 34110],delete:
need:	[3920, 677, 5297]	[23581, 1816, 23725]	[5297, 844, 3920],delete:
need:	[4075, 660, 393],delete:
need:	[23368, 1749, 36529]	[3707, 699, 15313]	[3707, 84, 14952],delete:
need:	[14260, 17, 886]	[20547, 1725, 35143],delete:
need:	[20542, 907, 25093],delete:
need:,delete:
need:	[20305, 1725, 35198]	[20305, 1465, 31870],delete:
need:,delete:
need:	[7058, 844, 18381],delete:
need:	[725, 882, 6376],delete:
need:	[14373, 356, 5295]	[34034, 1992, 24956],delete:
need:	[21038, 924, 21047],delete:
need:,delete:
need:	[13130, 457, 4245]	[23906, 1045, 32791],delete:
need:	[28227, 1017, 31405]	[8566, 84, 11744]	[29849, 1176, 28227],delete:
need:	[21358, 925, 31749],delete:
need:	[29319, 1095, 22013],delete:
need:	[25849, 1642, 28925],delete:
need:	[9376, 22, 778],delete:
need:	[9651, 177, 15973]	[6172, 724, 9651],delete:
need:	[1505, 651, 10477]	[10477, 651, 16057],delete:
need:,delete:
need:	[26248, 1930, 21343]	[6587, 167, 1426]	[6587, 167, 7656],delete:
need:	[22114, 925, 27738],delete:
need:	[2036, 13, 10859]	[21697, 1564, 30520],delete:
need:	[3064, 74, 3647]	[22725, 977, 23308]	[12767, 74, 3647],delete:
need:	[21059, 1095, 34502]	[1398, 844, 14841],delete:
need:	[26257, 1261, 29181]	[6596, 833, 6137],delete:
need:	[9712, 577, 9924]	[26037, 1034, 29373],delete:
need:	[2427, 651, 10835]	[22088, 1384, 30496],delete:
need:	[24325, 958, 36312],delete:
need:	[26331, 1816, 22915]	[8086, 18, 3254],delete:
need:	[11618, 232, 4569]	[31279, 1435, 24230]	[24230, 925, 27738],delete:
need:	[9353, 30, 3976],delete:
need:	[1915, 651, 5840]	[5840, 651, 4793],delete:
need:	[23200, 1192, 30725],delete:
need:	[28649, 1489, 38495],delete:
need:	[29918, 1784, 28035],delete:
need:	[25106, 1398, 29826]	[10165, 104, 5445],delete:
need:,delete:
need:	[28433, 907, 38263],delete:
need:	[33841, 962, 22907]	[11245, 224, 3246]	[10447, 224, 3246],delete:
need:	[28560, 1017, 25920],delete:
need:	[26298, 907, 26688]	[1098, 577, 7027],delete:
need:	[4644, 110, 3303]	[33325, 2088, 24305],delete:
need:,delete:
need:	[27397, 1861, 25145]	[5484, 22, 88],delete:
need:	[26131, 1525, 22644],delete:
