6515	26176
1244	20905
8204	27865
4913	24574
3561	23222
2588	22249
1688	21349
2126	21787
4878	24539
10197	29858
379	20040
9884	29545
10132	29793
4227	23888
4076	23737
994	20655
5966	25627
10202	29863
8488	28149
10144	29805
5829	25490
6462	26123
2575	22236
1904	21565
8915	28576
8109	27770
9798	29459
2873	22534
5362	25023
651	20312
3408	23069
4005	23666
1790	21451
7783	27444
4216	23877
8187	27848
5608	25269
7204	26865
8418	28079
5997	25658
2385	22046
7804	27465
201	19862
5727	25388
7478	27139
2002	21663
7682	27343
4705	24366
9681	29342
7914	27575
9473	29134
6629	26290
2377	22038
4492	24153
6603	26264
6885	26546
7908	27569
10064	29725
668	20329
7052	26713
6700	26361
2858	22519
3544	23205
7638	27299
4257	23918
2145	21806
7055	26716
5307	24968
1459	21120
7519	27180
1017	20678
9299	28960
6306	25967
3965	23626
10280	29941
8647	28308
8194	27855
5928	25589
8901	28562
6376	26037
3368	23029
7165	26826
554	20215
5761	25422
1719	21380
4551	24212
7517	27178
4542	24203
316	19977
2249	21910
10314	29975
9017	28678
7954	27615
9396	29057
3128	22789
10067	29728
4828	24489
4721	24382
3221	22882
2485	22146
2989	22650
5392	25053
9735	29396
1707	21368
6416	26077
575	20236
785	20446
1935	21596
6170	25831
7647	27308
8360	28021
3090	22751
8692	28353
8755	28416
958	20619
8668	28329
7953	27614
4545	24206
6920	26581
8695	28356
6179	25840
3127	22788
4067	23728
1356	21017
6480	26141
3787	23448
9360	29021
8728	28389
6139	25800
4936	24597
10080	29741
391	20052
5649	25310
2461	22122
9837	29498
6330	25991
1732	21393
4539	24200
5208	24869
9365	29026
8663	28324
6257	25918
7966	27627
9771	29432
2039	21700
10222	29883
5627	25288
6466	26127
6812	26473
1620	21281
4164	23825
4811	24472
5355	25016
7546	27207
4077	23738
623	20284
2548	22209
6384	26045
8785	28446
6717	26378
10102	29763
6971	26632
6154	25815
5648	25309
1457	21118
2877	22538
7491	27152
4954	24615
6723	26384
1441	21102
10234	29895
10442	30103
3715	23376
3323	22984
5703	25364
7729	27390
7335	26996
5817	25478
5762	25423
9120	28781
1242	20903
9640	29301
5076	24737
4174	23835
2762	22423
6162	25823
6263	25924
8967	28628
5921	25582
7216	26877
1349	21010
3378	23039
9282	28943
7222	26883
4950	24611
1171	20832
9606	29267
7515	27176
9950	29611
549	20210
4889	24550
5886	25547
9274	28935
9270	28931
1960	21621
10088	29749
7757	27418
9650	29311
9706	29367
9636	29297
591	20252
1325	20986
4768	24429
10355	30016
4203	23864
393	20054
9246	28907
10421	30082
6622	26283
2327	21988
7725	27386
6493	26154
6923	26584
572	20233
7188	26849
5998	25659
9948	29609
2991	22652
3466	23127
1941	21602
1287	20948
5324	24985
3173	22834
3440	23101
2328	21989
8506	28167
7410	27071
5441	25102
5816	25477
3539	23200
7322	26983
6681	26342
8484	28145
2920	22581
8005	27666
384	20045
7029	26690
646	20307
5187	24848
10385	30046
7909	27570
7452	27113
8628	28289
10328	29989
48	19709
1714	21375
9465	29126
2224	21885
6397	26058
8062	27723
1004	20665
374	20035
459	20120
5768	25429
8654	28315
6498	26159
3249	22910
3025	22686
8156	27817
4020	23681
5082	24743
8167	27828
961	20622
7793	27454
8814	28475
3118	22779
338	19999
253	19914
4892	24553
3330	22991
2453	22114
6631	26292
9218	28879
1925	21586
8046	27707
2268	21929
2868	22529
10366	30027
10351	30012
2653	22314
6023	25684
8158	27819
9116	28777
3218	22879
1826	21487
2104	21765
8263	27924
4156	23817
7860	27521
3384	23045
9941	29602
6046	25707
7	19668
9977	29638
484	20145
10089	29750
5738	25399
9929	29590
499	20160
5181	24842
4365	24026
5151	24812
10225	29886
6691	26352
3420	23081
9592	29253
8489	28150
8890	28551
4769	24430
3671	23332
5078	24739
2523	22184
5081	24742
9041	28702
3964	23625
7418	27079
7497	27158
7129	26790
3113	22774
5897	25558
1430	21091
6586	26247
8141	27802
3688	23349
8509	28170
8308	27969
4113	23774
9345	29006
6845	26506
2885	22546
5629	25290
7760	27421
695	20356
5095	24756
8283	27944
10313	29974
1542	21203
9572	29233
10428	30089
5192	24853
7190	26851
6601	26262
383	20044
4307	23968
3772	23433
2685	22346
8751	28412
2358	22019
229	19890
9108	28769
1240	20901
5010	24671
6839	26500
4964	24625
6904	26565
4317	23978
1712	21373
6509	26170
2185	21846
5999	25660
1033	20694
3654	23315
10073	29734
3951	23612
2782	22443
1367	21028
3660	23321
8183	27844
7720	27381
8147	27808
2263	21924
6246	25907
7247	26908
6833	26494
4160	23821
1671	21332
7835	27496
9881	29542
6242	25903
3705	23366
1136	20797
7483	27144
4343	24004
9322	28983
9450	29111
2155	21816
4605	24266
8453	28114
8927	28588
4148	23809
7183	26844
2792	22453
2621	22282
2570	22231
2931	22592
6510	26171
615	20276
4974	24635
9375	29036
7113	26774
9897	29558
10318	29979
5828	25489
5744	25405
4597	24258
7895	27556
470	20131
6204	25865
1921	21582
9951	29612
3489	23150
8608	28269
7075	26736
10240	29901
7053	26714
8385	28046
2448	22109
4596	24257
3436	23097
5983	25644
10214	29875
9287	28948
9321	28982
711	20372
2137	21798
7762	27423
3086	22747
8630	28291
4753	24414
9687	29348
8912	28573
6233	25894
1069	20730
7755	27416
9369	29030
8617	28278
2340	22001
7696	27357
10041	29702
1794	21455
1392	21053
634	20295
5072	24733
2793	22454
10357	30018
8569	28230
4645	24306
4040	23701
6217	25878
5074	24735
6229	25890
538	20199
8059	27720
6529	26190
7911	27572
8649	28310
6113	25774
9488	29149
1608	21269
8661	28322
10277	29938
40	19701
9034	28695
2130	21791
464	20125
6719	26380
837	20498
3341	23002
4309	23970
2376	22037
6400	26061
8378	28039
3034	22695
800	20461
3303	22964
9916	29577
3011	22672
8780	28441
9761	29422
5466	25127
1860	21521
6447	26108
6109	25770
6336	25997
5201	24862
9294	28955
4591	24252
58	19719
3946	23607
1417	21078
3790	23451
608	20269
9314	28975
2017	21678
1646	21307
4395	24056
3519	23180
1661	21322
8712	28373
8371	28032
4396	24057
3207	22868
607	20268
3739	23400
2361	22022
6413	26074
6187	25848
3063	22724
3503	23164
10414	30075
4195	23856
2005	21666
5510	25171
9446	29107
10411	30072
3135	22796
3345	23006
2752	22413
10109	29770
9962	29623
6224	25885
5785	25446
1140	20801
3708	23369
1389	21050
4419	24080
2962	22623
842	20503
2775	22436
2325	21986
4932	24593
4766	24427
2983	22644
9990	29651
8887	28548
1374	21035
4486	24147
1191	20852
8938	28599
1412	21073
7924	27585
2928	22589
3293	22954
7873	27534
5953	25614
7230	26891
7617	27278
9723	29384
3664	23325
8855	28516
3462	23123
190	19851
3271	22932
9433	29094
2846	22507
6610	26271
188	19849
4469	24130
5434	25095
3943	23604
9638	29299
2370	22031
10054	29715
6160	25821
10477	30138
2536	22197
7219	26880
392	20053
8110	27771
2657	22318
6964	26625
2973	22634
7575	27236
9051	28712
4061	23722
7428	27089
8179	27840
8573	28234
7902	27563
788	20449
2047	21708
8524	28185
1772	21433
4839	24500
7774	27435
3707	23368
885	20546
9494	29155
2323	21984
280	19941
5542	25203
8850	28511
290	19951
4190	23851
4258	23919
3533	23194
5333	24994
4552	24213
208	19869
8126	27787
4517	24178
6365	26026
1616	21277
1225	20886
9352	29013
5341	25002
6368	26029
9402	29063
4920	24581
7071	26732
5505	25166
1243	20904
2285	21946
1468	21129
2622	22283
6348	26009
2766	22427
728	20389
1942	21603
3080	22741
5101	24762
4570	24231
7470	27131
3991	23652
5796	25457
7603	27264
1338	20999
6267	25928
2158	21819
803	20464
6277	25938
2537	22198
3854	23515
149	19810
3838	23499
7217	26878
5016	24677
3774	23435
707	20368
7870	27531
7893	27554
3065	22726
9801	29462
1926	21587
974	20635
3226	22887
6609	26270
4513	24174
9327	28988
342	20003
5257	24918
8044	27705
10159	29820
3684	23345
886	20547
6377	26038
7730	27391
262	19923
6382	26043
4625	24286
68	19729
10022	29683
4409	24070
3269	22930
6090	25751
6965	26626
1982	21643
8738	28399
5540	25201
3735	23396
3395	23056
487	20148
9169	28830
7703	27364
7288	26949
7386	27047
5659	25320
4497	24158
9167	28828
3554	23215
1231	20892
5394	25055
6888	26549
9705	29366
1309	20970
5423	25084
10017	29678
673	20334
6553	26214
3502	23163
1756	21417
8344	28005
4942	24603
9207	28868
3339	23000
9133	28794
8619	28280
9309	28970
3296	22957
6722	26383
808	20469
3938	23599
667	20328
7535	27196
492	20153
3610	23271
9749	29410
7150	26811
927	20588
4186	23847
4015	23676
4503	24164
7925	27586
9384	29045
9014	28675
8539	28200
8822	28483
311	19972
92	19753
5491	25152
783	20444
4724	24385
3932	23593
10179	29840
3255	22916
4641	24302
4313	23974
2934	22595
3485	23146
3806	23467
4045	23706
7354	27015
6121	25782
143	19804
2552	22213
5546	25207
1878	21539
944	20605
7338	26999
8917	28578
8065	27726
1909	21570
9442	29103
9506	29167
9700	29361
4659	24320
8452	28113
2101	21762
3985	23646
1558	21219
7548	27209
4480	24141
3062	22723
1460	21121
3823	23484
7565	27226
5176	24837
5110	24771
2109	21770
714	20375
1164	20825
1294	20955
9257	28918
3364	23025
1404	21065
8296	27957
6148	25809
4541	24202
4931	24592
5548	25209
1771	21432
6638	26299
6593	26254
3088	22749
7604	27265
10412	30073
6742	26403
2527	22188
5758	25419
4103	23764
7750	27411
4364	24025
5318	24979
2468	22129
3037	22698
7633	27294
2455	22116
10158	29819
7876	27537
5446	25107
7131	26792
5668	25329
5448	25109
1563	21224
416	20077
4941	24602
3353	23014
5496	25157
6571	26232
1700	21361
8499	28160
577	20238
10247	29908
1846	21507
3845	23506
4765	24426
10335	29996
2526	22187
9356	29017
422	20083
5926	25587
1950	21611
9349	29010
6596	26257
3425	23086
8476	28137
42	19703
3139	22800
5109	24770
5661	25322
2223	21884
8689	28350
9430	29091
5291	24952
1625	21286
1850	21511
8940	28601
8362	28023
8834	28495
1307	20968
7027	26688
8721	28382
8105	27766
507	20168
3523	23184
9329	28990
3093	22754
6173	25834
3479	23140
9566	29227
6749	26410
8746	28407
3747	23408
1481	21142
4168	23829
4983	24644
6704	26365
8566	28227
8389	28050
2765	22426
5148	24809
5001	24662
4939	24600
3351	23012
9538	29199
3129	22790
5930	25591
6372	26033
3411	23072
10299	29960
8790	28451
8911	28572
9827	29488
4463	24124
1710	21371
8411	28072
5439	25100
3035	22696
7658	27319
6801	26462
2996	22657
2232	21893
5261	24922
2538	22199
602	20263
9805	29466
1159	20820
5253	24914
7430	27091
6984	26645
7262	26923
5524	25185
10151	29812
6426	26087
2036	21697
4529	24190
144	19805
6641	26302
10434	30095
8398	28059
2422	22083
4170	23831
7182	26843
5678	25339
1690	21351
8163	27824
9461	29122
8949	28610
6084	25745
6500	26161
1798	21459
8771	28432
297	19958
424	20085
4322	23983
8465	28126
4083	23744
8207	27868
2387	22048
4157	23818
4080	23741
9986	29647
5418	25079
1522	21183
6231	25892
2427	22088
10145	29806
4584	24245
16	19677
6834	26495
8596	28257
928	20589
552	20213
8986	28647
10419	30080
9956	29617
4606	24267
8977	28638
2895	22556
2407	22068
9307	28968
7434	27095
6302	25963
2823	22484
5578	25239
5323	24984
4882	24543
735	20396
7862	27523
6156	25817
6337	25998
1305	20966
6887	26548
5840	25501
1739	21400
4110	23771
5389	25050
10417	30078
8478	28139
9769	29430
7098	26759
5247	24908
1762	21423
440	20101
8197	27858
3851	23512
10053	29714
4326	23987
1284	20945
343	20004
3614	23275
4585	24246
9947	29608
7693	27354
4781	24442
8401	28062
2670	22331
6124	25785
7923	27584
6633	26294
566	20227
2506	22167
3237	22898
5776	25437
8519	28180
6311	25972
535	20196
7038	26699
2114	21775
9817	29478
9516	29177
8254	27915
5478	25139
8455	28116
1241	20902
10379	30040
6823	26484
1090	20751
9449	29110
7747	27408
