12472	34	10449
13985	34	10449
28985	186	25449
27472	186	25449
28985	190	25449
27472	190	25449
18547	168	25765
3618	40	3547
8268	40	3547
18547	173	18618
18547	173	23268
10765	53	3547
28444	171	22002
7002	19	807
7002	81	13444
17277	171	22002
23150	171	22002
7002	81	8150
20509	173	29117
20509	173	20169
5169	40	5509
5169	53	5509
14117	40	5509
14117	53	5509
7565	34	12459
22565	186	27459
22565	190	27459
9786	129	4348
12734	152	4348
27734	191	19348
19348	191	27734
9342	53	4348
19348	168	24786
14549	81	1015
16015	171	28169
9764	81	1015
16015	171	29549
13169	81	1015
16015	171	26075
27345	168	24643
21572	168	24643
9643	57	12345
9643	11	12345
9643	53	6572
9643	99	14932
27298	168	18118
3118	40	12298
27298	173	18118
3118	53	12298
3118	144	12298
19508	171	18118
3118	81	4937
19937	171	18118
19937	171	24277
9277	81	4937
12639	81	9771
24771	171	27639
12257	81	9771
24771	171	27257
24771	171	29457
7072	81	9771
5052	81	12700
26105	171	20052
5052	144	7999
27700	171	20052
18254	171	20052
22411	171	20052
9562	34	2160
9562	112	3532
24562	184	18532
24562	190	17160
24562	186	17160
24961	168	21249
24961	171	21249
24961	168	18878
24961	187	25707
6249	144	9961
10707	40	9961
8370	26	4990
19990	172	23370
8370	81	8892
26300	171	23370
23892	171	23370
8370	81	11300
4705	40	3988
18988	168	19705
18988	173	19705
4705	129	3988
18311	168	17369
2369	53	3311
16737	187	17369
2369	19	1737
27508	168	21061
28938	168	21061
6061	57	13938
6061	11	13938
6061	144	12508
6061	48	2570
5382	34	11317
5382	34	2433
20382	190	26317
20382	186	17433
20382	190	17433
20382	186	26317
13155	53	5811
20811	168	17666
9744	53	5811
2440	53	5811
20811	168	28155
3882	53	5811
23968	171	27937
23968	171	26252
12937	81	8968
11232	81	8968
11252	81	8968
23968	171	23528
7967	53	7296
28640	171	22967
22296	168	22967
19903	171	22967
7967	81	13640
7967	81	4903
2734	34	13010
2734	34	13630
17734	186	28630
17734	190	28630
17734	190	28010
17734	186	28010
571	53	12072
27072	168	15571
142	152	3879
18879	171	29659
18879	171	28643
3879	152	142
15142	191	18879
14659	81	3879
21576	171	18151
29420	173	18151
3151	81	6576
3151	40	14420
3151	144	3369
4292	43	13046
4292	43	7885
19292	190	28046
19292	190	22885
19292	186	22885
19292	186	28046
18535	173	23676
29829	171	23676
8676	81	14829
8676	40	3535
17191	187	23676
8676	144	3535
4409	81	14001
29001	171	19409
26883	171	19409
17784	172	19409
21593	168	19409
4409	81	11883
10308	34	12779
10308	34	7377
10308	34	12847
25308	186	27779
25308	186	27847
25308	186	15617
15201	165	20995
10766	87	201
14052	87	201
7652	87	201
29052	165	15201
25766	165	15201
13959	34	7934
28959	190	22934
24821	190	22934
7934	72	7934
21328	190	22934
7934	72	7934
12353	34	3039
2128	34	3039
27353	186	18039
17128	186	18039
27353	190	18039
17128	190	18039
20295	168	29312
13093	53	5295
1361	53	5295
20295	168	19962
20295	168	27004
4962	53	5295
27087	171	18243
3243	81	12087
3243	81	892
15892	171	18243
27409	171	20535
5535	19	3683
22239	171	20535
19487	171	20535
5535	81	4487
5535	81	12409
16675	186	15604
1675	34	8938
1675	34	604
16675	186	27867
1675	162	12867
16675	186	29314
18403	172	17931
2931	26	3403
4450	26	3403
7127	34	2459
7127	34	5545
22127	184	15616
22127	186	17459
22127	186	16576
7127	34	1576
18187	168	29706
6754	53	3187
3187	151	13943
159	53	3187
14706	53	3187
18187	168	21754
4850	81	12726
27726	171	19850
4850	81	7981
22981	171	19850
1594	34	12115
16594	184	20184
1594	112	5184
16594	190	27115
16594	186	27115
359	34	6707
359	34	6062
15359	184	15198
15359	186	21062
359	112	198
15359	190	21707
25294	168	22978
7978	40	10294
25294	173	22978
7978	144	10294
7978	53	10294
19184	171	27257
3207	81	4184
14860	81	4184
6163	81	4184
19184	171	18207
14498	81	4184
22670	171	27519
22670	171	21461
3987	81	7670
6461	81	7670
12519	81	7670
5855	81	7670
27467	192	22065
25075	192	22065
12467	146	7065
8754	146	7065
23754	192	22065
10075	146	7065
17075	168	24792
17075	173	19638
4638	40	2075
4215	40	2075
17075	171	21817
9792	53	2075
12988	40	6689
21689	173	27988
8268	40	3547
28384	168	23268
8268	53	13384
18547	173	23268
20066	171	23268
8268	81	5066
26550	171	25145
10145	81	11550
10145	81	5846
20846	171	25145
1633	34	1305
1633	34	10632
1633	34	2187
16633	190	25632
16633	186	25632
16633	190	16305
1034	81	13610
28610	171	16034
27296	171	18438
3438	53	1323
28851	168	18438
16795	187	18438
3438	81	12296
3438	53	13851
12970	34	4956
27970	190	19956
992	34	4956
27970	186	19956
15992	186	19956
15992	190	19956
24304	171	28286
13286	81	9304
6566	81	9304
24304	171	21566
24304	171	18441
3441	81	9304
6472	40	2750
17750	168	21472
6472	53	2750
17750	173	21472
18258	172	17952
2952	81	9120
24120	171	17952
2952	26	3258
15667	180	27500
667	14	12500
667	117	11597
3637	57	12771
27771	168	18637
3637	11	12771
21646	168	18637
25610	168	18637
13222	87	2202
1344	87	2202
585	87	2202
15585	165	17202
3734	87	2202
17202	165	16344
6106	81	12113
27113	171	21106
20284	173	21106
6106	40	5284
18135	168	25407
10407	40	2995
10407	53	3135
17995	173	25407
16235	171	15182
182	81	4252
182	81	1235
21196	171	15182
182	81	6196
16984	171	15182
17899	168	25389
10389	40	851
10389	81	8400
15851	173	25389
10389	53	2899
23400	171	25389
25336	174	15261
26154	174	15261
261	70	10336
261	70	11154
10336	59	261
10316	34	12646
25316	184	21272
25316	186	27646
10316	112	6272
25316	190	27646
14676	81	215
15215	171	29676
15215	171	28018
15215	171	25821
10821	81	215
13018	81	215
4533	81	9476
4533	81	6233
21233	171	19533
17381	171	19533
25044	172	19533
4533	26	10044
1871	34	2433
5382	34	2433
16871	190	17433
16871	186	17433
20382	190	17433
20382	186	17433
3228	34	15
3228	34	2498
18228	186	15015
18228	186	17498
18228	190	17498
18228	190	15015
10289	81	1127
16127	171	25289
7840	81	1127
730	81	1127
16127	171	15730
16127	171	22840
27265	168	17911
28646	168	17911
2911	57	12265
2911	53	13646
2911	11	12265
2911	99	14618
28639	168	16367
1367	123	13639
1367	144	13639
22884	168	16022
1022	11	7884
1022	57	7884
5171	26	4730
656	26	4730
1828	26	4730
19730	172	29187
13377	26	4730
19730	172	15656
27920	180	16121
12920	14	1121
11646	14	1121
16574	180	16121
28082	184	16121
15118	184	16121
3324	120	13054
28618	171	18324
3324	81	783
3324	81	3538
15783	171	18324
15736	171	18324
4701	40	12335
27335	173	19701
29705	168	19701
4701	81	13610
4701	53	14705
23814	171	19701
3296	81	12700
23359	171	18296
3296	81	8359
18888	187	18296
27700	171	18296
3296	19	3888
10095	81	6877
12595	81	6877
21877	171	25095
21877	171	27595
13846	26	3040
18040	172	28846
686	26	3040
18040	172	29090
18040	172	15686
18040	172	15561
900	34	12706
900	34	13010
15900	186	28010
15900	186	27706
15900	190	27706
15900	190	28010
10222	40	6841
17927	168	25222
17380	187	25222
10222	81	2635
10222	53	2927
10222	19	2380
21743	168	27954
12954	57	6743
12954	144	6743
12954	11	6743
6743	151	12695
6743	56	12695
21386	171	18571
16083	172	18571
3571	81	6386
3571	26	1083
8868	53	12484
27484	168	23868
22595	168	23868
27827	168	23890
8890	53	12827
8890	66	283
10700	53	149
15149	168	25700
15149	168	26283
11283	53	149
28210	184	22528
13210	112	7528
8240	35	7528
3293	81	12791
27791	171	18293
3293	26	13653
28653	172	18293
3293	81	10295
25295	171	18293
4467	161	13927
19467	169	28927
19467	165	28927
11262	117	4467
2167	40	12588
18142	168	17167
15104	187	17167
26528	172	17167
27588	173	17167
2167	19	104
24077	173	16467
21406	171	16467
24077	172	16467
1467	26	9077
1467	40	9077
1467	53	9077
1207	87	9955
16207	165	24955
21029	171	15932
29541	168	15932
932	53	14541
932	81	6029
4044	40	4561
4044	81	1514
25852	172	19044
16514	171	19044
19561	173	19044
4044	26	10852
22889	168	22899
22889	171	25218
10218	81	7889
7899	53	7889
955	81	7889
22889	171	24806
14505	96	2623
1688	96	2623
11804	96	2623
17623	189	29505
17623	189	16688
17623	189	26804
29908	168	20069
26893	168	20069
5069	144	14908
5069	53	14908
14270	48	5069
5069	99	14270
22127	184	15616
2459	35	616
7127	112	616
1810	53	9242
24242	168	16810
24242	173	16810
1810	40	9242
1810	26	12688
25243	171	16810
29426	168	21770
6770	40	14426
29426	173	21770
25621	171	21770
6770	53	14426
6770	81	10621
207	81	7375
22375	171	15207
207	81	7192
207	81	7022
22022	171	15207
22192	171	15207
4769	81	6508
21508	171	23377
21508	171	19769
8377	81	6508
25515	168	22828
7828	81	11303
7828	81	3149
17427	171	22828
7828	81	2427
7828	53	10515
29517	168	20666
5666	89	14517
14517	33	5666
15514	171	18758
3758	81	4093
3758	81	514
19093	171	18758
2562	81	13792
28792	171	17562
2562	19	134
2562	81	7771
29042	171	17562
15980	171	17562
16203	192	16280
1203	146	7933
1203	146	1280
1203	117	11597
16203	192	22933
11676	81	8928
23928	171	25033
23928	171	26676
10033	81	8928
3282	81	9994
24994	171	18282
26197	171	18282
3282	81	11197
16645	171	28949
16645	171	27904
13949	81	1645
16645	171	24852
9730	81	1645
12904	81	1645
19353	168	15410
410	40	4353
19353	173	15410
410	53	4353
410	38	4353
410	19	4353
19242	168	22345
7345	144	4242
7345	53	4242
25429	191	28816
10429	152	13816
13816	152	10429
28816	191	25429
18815	187	28643
10928	19	3815
18815	187	17343
2410	19	3815
2204	19	3815
13643	19	3815
15209	168	20003
15209	168	28874
15209	168	24295
11653	129	209
11653	0	209
15209	168	22919
25018	173	17071
2071	40	10018
17094	171	17071
16706	172	17071
2071	26	1706
2071	81	2094
12769	53	7559
22559	168	27769
7870	53	7559
2115	53	7559
10950	53	7559
22559	168	22870
20397	171	16698
1698	81	5397
1698	81	423
15423	171	16698
22325	171	29483
14483	81	7325
7325	14	1241
22325	171	15673
673	81	7325
3129	81	7325
22128	171	29624
10754	81	7128
22128	171	28314
14624	81	7128
13314	81	7128
811	81	7128
21252	173	18357
21252	173	21137
11028	144	6252
6137	144	6252
21252	173	27282
3627	144	6252
1673	53	12960
22016	168	16673
1673	53	7016
27960	168	16673
20370	171	23920
8920	81	5370
8920	144	9360
21449	168	28791
21449	168	29192
14192	53	6449
13791	53	6449
12183	118	6449
24020	171	26552
11552	81	9020
8722	81	9020
24020	171	23722
15732	168	25675
15732	168	28125
15732	168	22606
13125	57	732
13125	11	732
10675	11	732
1373	34	7836
16373	184	24238
1373	112	9238
16373	190	22836
16373	186	22836
4615	81	4696
4615	53	5824
20566	172	19615
20824	168	19615
19696	171	19615
4615	26	5566
19568	172	27863
5466	26	4568
12863	26	4568
19568	172	20466
21562	172	23977
8977	81	13330
27917	171	23977
28330	171	23977
8977	81	3537
23542	172	23977
7998	87	4003
22998	165	15949
22998	165	19003
7998	87	949
2204	81	4062
2204	81	13247
2204	81	3563
28247	171	17204
18815	187	17204
16135	171	17204
4168	81	7944
29500	172	19168
22944	171	19168
4168	81	9306
4168	26	14500
24306	171	19168
9122	34	5378
24122	184	17763
24122	190	20378
24122	186	20378
9122	112	2763
27837	168	24572
20592	168	24572
9572	53	12837
9572	11	5592
9572	57	5592
9572	53	5592
20281	168	22427
20281	168	17921
20281	168	27871
7427	57	5281
12871	4	5281
7427	11	5281
20846	171	28286
10145	81	5846
20846	171	25145
2836	81	5846
13286	81	5846
11940	81	5846
4712	40	10803
16882	168	19712
25803	173	19712
22058	168	19712
21318	171	19712
22058	172	19712
29681	168	22011
7011	11	14681
7011	57	14681
17814	168	21653
17814	168	16700
17814	168	15449
17814	168	19444
17814	168	16210
2814	151	7491
9883	112	5432
13560	81	9883
1616	81	9883
24883	171	16616
24883	184	20432
24883	171	22585
19429	184	29802
19429	173	21459
19429	173	15909
909	53	4429
19429	173	15981
4429	112	14802
8593	81	3132
18132	171	23593
18132	171	15278
8587	81	3132
18132	171	24283
278	81	3132
4790	34	4934
19790	186	19934
19790	190	19934
5673	40	3517
18517	168	22497
18517	173	20673
7497	53	3517
8891	53	3517
12751	86	9064
14466	87	9064
29466	165	24064
18553	165	24064
3553	86	9064
27751	165	24064
3999	40	9454
9454	14	4157
24454	171	17060
24454	180	19157
24454	173	18999
2060	81	9454
29717	168	25450
10450	123	14717
10450	144	14717
25039	171	27510
11552	81	10039
12510	81	10039
644	81	10039
25039	171	25214
25039	171	19788
15431	171	29542
14542	81	431
15431	171	24657
15431	171	19992
9657	81	431
15431	171	19899
25080	168	18859
3859	53	10080
3859	144	10080
16974	168	28128
13128	11	1974
13128	57	1974
1974	56	2573
1974	151	2573
8241	34	422
23241	190	15422
28814	175	21915
13814	44	6915
5014	112	6915
20014	184	21915
6323	81	8150
7002	81	8150
23150	171	22002
23150	171	22475
7475	81	8150
23150	171	21323
1209	40	13098
1209	81	13727
28098	173	16209
27350	171	16209
29048	171	16209
1209	81	14048
16177	168	24472
25143	168	24472
15978	168	24472
15606	168	24472
9472	11	978
14636	99	9472
19643	168	16989
4643	96	6375
21375	189	19643
2964	53	4643
1989	53	4643
8547	53	4643
15973	171	17165
2165	81	973
2165	81	7246
2165	81	7523
2165	81	11967
26967	171	17165
682	34	6764
15682	186	21764
15682	190	21764
10265	34	10990
10265	34	1112
25265	186	25990
25265	190	25990
25265	186	16112
25265	190	16112
2411	81	12793
22151	171	17411
2411	81	7151
27793	171	17411
1490	40	13146
28146	173	16490
29661	168	16580
1580	11	14661
18812	168	16580
1580	57	14661
1580	53	3812
26557	171	23121
8121	81	7192
8121	81	11557
22192	171	23121
9664	81	13440
25240	172	24664
9664	81	4997
9664	81	4826
28440	171	24664
21233	171	24664
9189	81	9916
9189	81	5367
17214	173	24189
20367	171	24189
15299	187	24189
19591	171	24189
28663	168	20313
27693	171	20313
5313	81	12693
5313	81	4747
5313	97	13663
19747	171	20313
23181	168	27104
12104	53	8181
10019	151	8181
10019	56	8181
8857	81	14918
25943	171	23857
29918	171	23857
8857	81	10943
1861	34	5175
11792	34	5175
26792	190	20175
3665	34	5175
1418	34	5175
16861	190	20175
13462	34	10391
3916	34	10391
7378	34	10391
1136	34	10391
18916	190	25391
16136	190	25391
1126	34	1929
457	34	1929
16126	190	16929
28941	190	16929
5254	34	1929
24460	190	16929
2784	112	10984
7155	26	2784
17784	172	26538
11538	26	2784
9725	26	2784
17784	172	22155
9120	152	14663
24120	171	17952
2952	81	9120
29663	191	24120
24120	191	29663
13443	81	2091
6507	13	2091
17091	171	28443
2091	96	6507
21507	189	17091
17091	171	15068
14104	34	7836
1373	34	7836
1868	34	7836
6925	162	7836
29104	186	22836
29104	190	22836
20975	168	22398
7398	57	5975
7398	11	5975
21261	168	27240
21261	168	24707
21261	168	28274
21261	168	20270
12240	11	6261
21261	168	16383
1656	65	4927
19927	165	18284
19927	188	16656
4927	86	3284
9893	81	14996
29996	171	24893
609	81	14095
29095	171	15609
609	19	4217
19217	187	15609
19149	168	21024
6024	53	4149
29436	172	21024
6024	26	14436
7303	34	14806
7303	34	13152
22303	190	28152
22303	186	29806
22303	186	28152
22303	190	29806
15308	187	22777
7777	40	10497
7777	81	4136
19136	171	22777
7777	19	308
25497	173	22777
1046	34	14486
1046	34	5802
1046	34	7817
16046	186	29486
16046	190	20802
16046	186	20802
16189	187	27116
12116	19	1189
10203	19	1189
16189	187	25203
3455	53	5862
18000	168	18455
3455	53	3000
20862	168	18455
22298	168	20879
22298	168	29584
22298	168	18500
14584	53	7298
14085	53	7298
5879	11	7298
28465	171	18675
16151	171	18675
3675	81	1151
3675	19	4141
3675	26	6837
3675	81	13465
5071	34	6790
13738	34	6790
11573	34	6790
5783	34	6790
166	34	6790
5068	34	6790
6687	144	9383
24383	191	18789
14950	81	9383
24383	168	25944
24383	168	21687
6687	53	9383
6425	34	7125
21425	186	22125
21425	186	22032
21425	190	22032
21425	190	22125
7880	34	11257
7880	34	7897
22880	186	26257
22880	186	22897
22880	190	22897
22880	190	26257
15210	168	29136
15210	172	26663
15210	172	26171
14136	123	210
11663	26	210
14136	144	210
15911	168	16593
22016	168	16593
1593	11	911
1593	57	911
1593	53	7016
1593	53	911
21576	171	29819
14819	144	6576
21576	171	29905
21576	171	27736
5206	96	6576
6576	13	5206
17383	171	27777
12777	81	2383
5775	81	2383
9265	81	2383
17383	171	24265
8475	81	2383
18087	172	19232
21785	173	19232
4232	40	6785
4232	81	13306
28306	171	19232
4232	81	7313
13763	34	10212
9616	34	10212
12173	34	10212
24616	186	25212
28763	190	25212
24616	190	25212
8298	87	12121
23298	165	27432
23298	165	27121
8298	87	12432
6974	34	2614
8992	34	2614
303	34	2614
6664	34	2614
8843	34	2614
8059	34	2614
10225	34	9075
10225	34	4600
25225	190	19600
25225	190	24075
25225	186	24075
25225	186	19600
16342	168	18196
25745	168	18196
3196	57	1342
3196	11	1342
3196	53	10745
19165	171	29358
14358	81	4165
8418	81	4165
4165	112	8010
19165	171	23418
6446	81	9542
21111	171	21446
6446	81	6111
24542	171	21446
24782	168	18096
3096	81	12986
3096	81	13410
27986	171	18096
28410	171	18096
3096	120	4
14109	34	1669
402	34	1669
493	34	1669
29109	186	16669
15493	190	16669
29109	190	16669
3281	40	5864
20864	173	28311
20864	173	24875
20864	173	18281
20864	173	29132
14132	40	5864
27914	171	20860
5860	19	219
25440	171	20860
5860	81	12914
20991	171	20860
5860	81	5991
10012	26	12680
27680	172	25012
10012	81	12384
10012	81	4136
19136	171	25012
27384	171	25012
26143	171	21447
23974	173	21447
6447	53	8974
6447	40	8974
22354	171	21447
6447	81	11143
13210	34	8240
8240	35	7528
8325	34	8240
28210	186	23240
11131	34	8240
23325	186	23240
128	34	9836
128	34	3531
15128	186	24836
15128	186	18531
15128	190	24836
15128	190	18531
12187	81	3029
18029	171	23787
18029	171	27187
8787	81	3029
17976	168	22024
7024	40	14740
19686	171	22024
29740	173	22024
7024	120	4
7024	26	1706
3451	71	14479
26871	184	18451
11871	112	3451
18451	165	29479
14913	81	5305
20305	171	16989
1989	81	5305
10284	81	5305
20305	171	21051
13006	81	5305
16362	191	22775
22775	191	16362
22775	168	27785
12785	11	7775
12785	57	7775
7775	151	1362
5319	34	9939
20319	190	24939
20319	186	24939
10436	40	2995
17995	173	20338
17995	173	25407
10407	40	2995
17995	173	23680
3279	53	2995
28708	168	18133
3133	123	13708
1968	34	5679
1968	34	13221
1968	34	11850
16968	186	20679
16968	186	28221
16968	186	26850
27493	171	23147
8147	81	12493
8147	81	9074
24074	171	23147
16564	172	20701
5701	26	1564
3640	26	1564
16564	172	18640
14459	97	1718
16718	168	29459
16718	172	29390
16718	172	25202
14390	26	1718
10202	26	1718
16958	168	20821
16958	168	28166
16958	171	28843
16958	168	16108
13166	57	1958
1108	57	1958
21150	173	20312
22625	172	20312
29318	171	20312
5312	40	6150
5312	26	7625
5312	81	14318
23438	171	15815
815	81	8783
23783	171	15815
815	81	8438
815	120	4
19672	171	25013
26923	171	25013
10013	81	11923
10013	81	4672
10013	120	6737
10062	81	6945
21945	171	25062
20468	168	21995
23118	168	21995
6995	57	8118
6995	11	8118
6995	53	8118
6995	53	5468
19084	168	29282
19084	168	24417
19084	171	29282
14282	81	4084
12183	81	4084
9417	53	4084
28863	171	16859
1859	81	1187
1859	81	13863
16187	171	16859
19599	171	16859
1859	81	4599
28051	172	17231
2231	26	13051
2231	81	7437
2231	19	12454
27454	187	17231
22437	171	17231
29720	171	19210
16912	172	19210
4210	26	1912
4210	81	14720
15412	173	19210
4210	40	412
15411	168	21715
6715	40	411
15411	168	20701
15411	191	18216
5701	40	411
14749	40	411
24205	168	22619
11226	53	9205
24205	168	26226
7619	53	9205
3002	53	9205
24205	168	18002
5318	34	5806
5318	34	5506
20318	186	20806
20318	186	20506
20318	190	20506
20318	190	20806
27953	168	19843
4843	40	11949
18538	171	19843
18085	171	19843
4843	81	3538
4843	53	12953
9514	34	10378
9514	34	7960
24514	186	25378
24514	190	25378
24514	190	22960
24514	186	22960
4810	26	12908
27908	172	19810
4810	81	11034
29042	171	19810
18091	171	19810
4810	81	14042
19724	168	16734
1734	116	3745
18745	168	16734
1734	116	4724
9456	34	7570
9456	34	12579
9456	34	997
9456	34	9754
24456	186	27579
24456	186	22570
12741	34	9371
2977	34	9371
9974	34	9371
27741	186	24371
17977	190	24371
27741	190	24371
6086	53	14215
29215	168	21086
6086	53	10579
25579	168	21086
6086	4	3099
29853	171	23600
24335	168	23600
8600	53	9335
8600	81	14853
8600	81	1458
25712	173	19756
4756	40	10712
6310	34	9696
6287	34	9696
6602	34	9696
21287	186	24696
21602	186	24696
21310	186	24696
8442	34	10574
8442	34	9817
23442	186	24817
23442	190	25574
23442	190	24817
23442	186	25574
22519	171	19637
27691	172	19637
27073	171	19637
4637	26	12691
4637	81	12073
4637	81	7519
4298	81	587
29496	171	19298
4298	81	8523
23466	171	19298
15587	171	19298
4298	81	14496
14316	81	9031
24031	171	29316
1547	81	9031
24031	171	16547
5660	40	12277
18406	168	20660
27277	168	20660
27277	173	20660
5660	53	3406
5660	53	12277
5687	81	14437
5687	26	4800
5687	81	10563
19800	168	20687
29437	171	20687
5687	81	10501
23364	173	21869
29666	172	21869
6869	144	8364
6869	40	8364
6869	26	14666
12752	53	2120
17120	168	27364
17120	168	27752
12364	53	2120
4183	53	2120
17120	168	19183
6328	34	11836
21328	190	26836
21328	190	19313
21328	190	22934
6328	106	7934
6328	106	4313
1390	81	8811
23811	171	16390
27650	173	16390
1390	40	12650
1390	53	10184
9619	81	8540
22149	172	24619
23540	171	24619
9619	26	7149
9920	81	706
9920	53	7731
19901	172	24920
22731	168	24920
9920	26	4901
15706	171	24920
27976	173	19375
4375	81	7123
22123	171	19375
4375	53	12976
4375	40	12976
4375	81	10721
20688	168	19158
4158	40	2292
4158	40	11696
4158	40	148
17292	173	19158
4158	81	7069
474	81	5367
17143	171	15474
20367	171	15474
474	81	2143
21828	173	27622
21828	187	27622
12622	144	6828
21828	171	27622
12622	40	6828
12622	19	6828
15144	171	27471
15144	171	29350
15144	171	15302
7961	81	144
12471	81	144
10486	81	144
5048	81	1198
16198	171	18712
16198	171	20048
3712	81	1198
12423	81	4281
19281	171	27423
19281	171	25061
19281	171	25090
19281	171	16324
19281	171	24465
2786	81	3322
3317	81	3322
2488	81	3322
18322	171	16250
14786	81	3322
18322	171	29786
14931	152	3616
18616	191	29931
29931	191	18616
18616	171	28091
13091	81	3616
18616	171	17107
29416	184	24602
14416	112	9602
8274	112	3557
23274	184	18557
16782	184	18557
1782	112	3557
1063	81	5370
17553	171	16063
1063	19	7841
22841	187	16063
20370	171	16063
1063	81	2553
5720	81	13463
18676	171	20720
28463	171	20720
5720	81	3676
5720	81	2444
17444	171	20720
6759	81	11652
6759	81	10444
25444	171	21759
27797	171	21759
6759	81	12797
26652	171	21759
3266	26	7625
3266	53	6228
21228	168	18266
22625	172	18266
22976	168	29508
22976	168	17245
14508	123	7976
2245	123	7976
7976	56	8832
8832	56	7976
18278	171	17790
21590	172	17790
2790	81	3278
27359	187	17790
2790	26	6590
2790	19	12359
13951	26	7815
22815	172	28951
6812	132	7815
22815	172	21812
7713	34	4647
22713	186	19647
22713	190	19647
12781	34	8947
12466	34	8947
27466	190	23947
27781	190	23947
27781	186	23947
27466	186	23947
12622	81	256
15256	171	27622
2855	81	256
15256	171	17855
15256	171	19708
4708	81	256
9597	34	8450
11103	34	8450
8450	35	14163
2847	34	8450
13539	34	8450
8484	34	8450
14121	34	6147
14461	34	6147
29461	190	21147
29461	186	21147
29121	190	21147
29121	186	21147
18641	165	27036
2503	87	3641
11863	87	3641
12913	87	3641
4267	87	3641
19267	165	18641
22409	171	27842
14023	81	7409
12842	81	7409
22409	171	25837
22409	171	21144
6144	81	7409
7922	53	9444
24444	168	22922
26564	171	22751
7751	81	11564
18135	168	23285
8285	53	3135
17214	168	23285
8285	53	2214
8285	81	10042
25042	171	23285
29596	168	19175
4175	53	14596
16487	172	19175
4175	26	1487
4175	81	3694
18802	171	19175
17547	173	16869
19672	171	16869
1869	40	2547
1869	81	4672
1869	81	4222
1869	120	6737
21222	171	29845
14503	81	6222
6336	81	6222
14845	81	6222
21222	171	18624
21222	171	16426
18322	171	17786
2786	81	12355
2786	81	3322
22375	171	17786
2786	81	7375
27355	171	17786
16723	173	28585
7902	40	1723
13585	40	1723
16723	173	22902
6934	40	1723
16723	173	21934
9355	81	10093
9355	81	9508
25093	171	24355
24508	171	24355
1091	81	13095
23149	173	16091
28095	171	16091
1091	40	8149
8693	81	220
12502	81	220
15220	171	27502
15220	171	23693
15220	171	28977
10239	81	220
23761	165	28486
8761	15	13486
8761	32	12141
8761	32	13486
5349	34	7986
5349	34	7553
20349	186	22986
20349	190	22986
20349	186	22553
20349	190	22553
2177	144	11208
20370	171	17177
26208	171	17177
19161	171	17177
2177	81	4161
2177	81	5370
13552	26	2193
14336	26	2193
17193	172	29336
13877	26	2193
6551	26	2193
17193	172	28877
2633	34	13487
17633	184	23226
2633	112	8226
17633	190	28487
17633	186	28487
29181	171	22730
7730	81	14181
7730	81	2934
17934	171	22730
18327	187	20381
18327	187	16810
8738	19	3327
3481	19	3327
5381	19	3327
1810	19	3327
644	81	8671
644	81	10039
25039	171	15644
23671	171	15644
24800	171	29493
14634	81	9800
24800	171	22760
14493	81	9800
7760	81	9800
24800	171	29634
19863	168	23003
8003	40	4863
19863	173	23003
8003	102	4863
8003	81	3241
8003	81	1605
6173	34	9503
6173	34	1112
21173	190	16112
21173	186	16112
21173	190	22044
21173	186	22044
13861	81	3109
18109	171	28527
18109	171	28861
18109	171	27721
12396	81	3109
12992	81	3109
15681	168	19957
15681	168	17150
15681	168	23192
8192	53	681
4957	53	681
2150	53	681
15734	168	25784
15734	168	28229
15734	168	19475
4475	57	734
13229	53	734
10784	57	734
1541	81	13901
1541	81	13545
28545	171	16541
1541	81	7928
28901	171	16541
22928	171	16541
9607	26	5376
20376	172	20388
20376	172	17263
5982	26	5376
2263	26	5376
5388	26	5376
13835	34	800
11273	34	800
8082	34	800
28835	186	15800
28835	190	15800
26273	186	15800
14060	152	3644
3644	152	14060
18644	191	29060
29060	191	18644
18644	171	22007
18644	171	20149
26874	171	21779
20686	171	21779
6779	81	11874
6779	81	5686
6779	81	6779
6779	81	6779
29600	171	19221
4221	81	14600
15727	172	19221
4221	26	727
10122	34	9084
10122	112	14708
25122	186	24084
25122	184	29708
25122	190	24084
12510	19	2537
17537	187	27510
17537	187	26687
11687	19	2537
3114	34	499
3114	34	6790
18114	184	19827
18114	190	15499
18114	186	21790
3114	112	4827
3693	34	151
8197	34	151
10434	34	151
23197	190	15151
23197	186	15151
25434	190	15151
1298	34	8675
16298	186	23675
16298	190	23675
1721	86	14331
16721	165	29331
16721	165	21457
1721	86	6457
29500	172	15065
15766	171	15065
65	81	766
65	26	14500
65	120	6737
9095	53	6752
13577	53	6752
21752	168	28577
21752	168	24854
3423	53	6752
21752	168	18423
17745	168	29039
17745	168	18874
17745	168	26796
17745	168	24501
17745	168	19354
17745	168	18717
4150	34	11850
19150	184	27562
4150	112	12562
19150	190	26850
19150	186	26850
24055	168	29569
14569	53	9055
2129	144	9055
9977	144	9055
14198	81	2962
8184	81	2962
17962	171	19469
2475	81	2962
286	81	2962
4763	81	2962
17725	165	28236
2725	86	13236
2725	85	13236
6526	34	9412
1657	34	9412
16657	186	24412
9037	34	9412
24037	186	24412
21526	186	24412
14282	40	4319
19319	173	28791
19319	173	27183
13791	40	4319
19319	173	29282
12183	40	4319
15619	171	29845
15619	171	28361
14845	81	619
13361	81	619
14690	144	8776
23776	173	29690
8422	81	8776
23776	171	23422
23776	173	18336
14690	40	8776
2697	34	14431
2697	34	2131
2697	34	10105
17697	184	21422
17697	190	17131
17697	190	25105
13215	81	7981
1991	81	7981
14986	81	7981
22981	171	19536
22981	171	23261
4850	81	7981
27052	168	16646
1646	53	12052
1646	81	614
19420	171	16646
15614	171	16646
1646	81	4062
12990	34	2470
7445	34	2470
27990	186	17470
27990	190	17470
22445	186	17470
22445	190	17470
24319	171	20077
24319	171	27896
4639	81	9319
24319	171	22079
12896	81	9319
5077	81	9319
18473	171	29988
14988	81	3473
18473	171	29804
18473	171	25064
3881	81	3473
14804	81	3473
579	81	8047
23047	171	15579
11030	26	7451
7995	26	7451
22451	172	22995
22451	172	26030
22451	172	17089
2089	26	7451
24660	171	24068
9068	81	9660
6415	34	12338
6415	34	5499
6415	34	10644
21415	186	27338
21415	186	25644
21415	186	20499
406	34	10117
10117	35	8474
6977	34	10117
15406	186	25117
15406	190	25117
21977	186	25117
9778	40	14759
29759	168	24778
29759	173	24778
29759	172	24778
9778	53	14759
9778	26	14759
26092	168	23625
29460	168	23625
8625	11	14460
8625	57	14460
8625	53	11092
8625	144	11092
20562	171	21237
20167	171	21237
6237	81	5562
6237	81	5167
6237	53	9413
6237	40	9413
12519	40	3818
18818	168	27519
12519	53	3818
18818	173	27519
18818	191	29396
29396	191	18818
13121	87	5483
28121	165	20483
7945	40	8776
20654	187	22945
7945	19	5654
25418	173	22945
7945	40	10418
23776	173	22945
14915	19	4587
19587	187	29915
8714	19	4587
71	19	4587
19587	187	23714
19587	187	26201
21964	173	29087
21964	173	17034
2034	40	6964
14087	40	6964
21964	171	20425
21964	171	29898
14703	81	4886
19886	171	29703
5553	81	4886
19886	171	20553
19886	171	26668
5049	81	4886
23942	173	24812
23942	173	28439
23942	173	22404
23942	173	29266
14266	40	8942
14266	144	8942
1790	152	13075
16790	191	28075
28075	191	16790
16790	171	25133
10888	81	1790
10133	81	1790
24660	171	24068
12603	81	9660
9068	81	9660
24660	171	27603
24660	171	15094
24660	171	15744
943	81	12644
19693	171	15943
27644	171	15943
943	81	4693
8746	81	7635
22635	171	23746
23297	168	23746
8746	53	8297
15145	180	15498
145	14	498
5825	70	12503
27503	174	20825
6802	152	5825
5825	152	6802
21802	191	20825
20825	191	21802
1980	40	10018
2071	40	10018
6781	40	10018
25018	168	25538
25018	168	26415
25018	168	20816
21672	187	16828
21672	187	17134
21672	184	15782
21672	187	25056
2134	19	6672
10056	19	6672
22823	171	16118
1118	81	2923
17923	171	16118
16131	171	16118
1118	81	7823
21578	168	16118
27763	171	19059
4059	81	9125
23908	173	19059
4059	40	8908
4059	81	12763
24125	171	19059
1518	34	10092
1518	34	11911
16518	186	25092
16518	186	26911
16518	190	25092
16518	190	26911
19423	171	28034
13034	81	4423
19423	171	18748
19423	171	15797
3748	81	4423
5855	81	4423
18694	171	27269
7443	81	3694
7232	81	3694
12269	81	3694
10206	81	3694
676	81	3694
17854	171	22474
17854	173	28374
7474	81	2854
13374	40	2854
13374	53	2854
2854	56	7740
17658	171	28678
17658	171	28604
13604	81	2658
17658	171	18724
13678	81	2658
3724	81	2658
29216	173	17140
2140	40	14216
17966	172	17140
2140	26	2966
2140	53	715
2140	120	4
26052	173	23647
8647	81	14704
8647	81	5970
26670	171	23647
8647	81	6395
21395	171	23647
19876	184	16876
4876	112	1876
19742	184	16876
4742	112	1876
23227	165	16876
25297	172	20375
22003	171	20375
5375	26	10297
5375	81	7003
6974	34	6939
6974	34	2614
21974	186	21939
21974	190	17614
21974	186	17614
21974	190	21939
3284	87	9141
18284	165	24141
4927	86	3284
19927	165	18284
16043	184	20198
1043	112	5198
15283	171	22156
7156	81	283
7156	120	6737
8619	53	14705
29705	168	23619
8619	81	6741
21741	171	23619
24049	171	23619
8619	81	9049
7877	34	7586
22877	186	22586
22877	190	22586
2090	26	12908
24940	171	17090
2090	81	9940
27908	172	17090
2090	120	4
80	53	1664
16664	168	15853
853	129	1664
16664	168	15080
17991	184	15731
19262	184	15731
11325	112	731
26325	184	15731
4262	112	731
2991	112	731
16906	168	22744
16906	168	29966
16906	168	16539
14966	53	1906
14966	57	1906
7744	11	1906
24669	173	23636
8636	144	9669
8636	81	9669
8636	40	9669
16145	168	18363
3363	40	1145
3363	53	1145
16145	173	18363
3363	81	1145
24492	184	29479
24492	179	29479
24492	175	29479
9492	112	14479
9492	140	14479
9492	44	14479
16226	173	29643
14643	40	1226
16226	173	27207
5182	40	1226
12207	40	1226
16226	173	20182
13835	34	9012
10551	34	9012
14696	34	9012
29696	186	24012
29696	190	24012
25551	186	24012
26547	184	16702
18619	184	16702
2181	35	1702
3619	112	1702
11547	112	1702
6941	26	12908
6941	19	10622
27454	187	21941
27908	172	21941
25622	187	21941
6941	19	12454
2544	34	9836
14481	34	9836
394	34	9836
7265	34	9836
10329	34	9836
128	34	9836
29188	168	15238
25579	168	15238
29975	168	15238
238	57	14188
238	53	10579
238	53	14975
1515	34	4795
275	34	4795
9936	34	4795
14118	34	4795
11419	34	4795
24936	190	19795
7366	40	13728
24021	168	22366
28728	173	22366
20426	168	22366
7366	81	12763
24938	172	22366
2862	34	13409
2862	34	2021
17862	186	28409
17862	186	17021
17862	190	28409
17862	190	17021
12887	81	3542
18542	171	27887
18542	171	16260
18542	171	18549
18542	171	26308
11308	81	3542
24262	171	28753
4416	81	9262
24262	171	19416
13753	81	9262
20744	171	15515
27237	168	15515
515	53	12237
515	81	5744
8000	34	11990
23000	184	27702
23000	190	26990
8000	112	12702
29554	173	24102
19995	171	24102
9102	81	4995
9102	40	14554
9102	144	14554
25744	172	24102
14594	87	5065
29594	165	20065
7357	87	5065
28324	165	20065
6077	87	5065
13324	87	5065
27738	171	20992
5992	81	12738
21672	187	20992
5992	19	6672
5992	120	6737
5274	34	687
20274	186	15687
20274	190	15687
29662	171	15513
513	81	14662
18690	168	15513
28726	187	15513
513	19	13726
513	53	3690
12698	81	4408
19408	171	27127
19408	171	27698
14157	81	4408
19408	171	29157
12127	81	4408
19293	168	27494
11721	40	4293
12494	40	4293
12494	53	4293
19293	173	27494
19293	173	26721
7056	26	5191
20191	172	22056
5815	81	1783
18044	172	20815
17001	187	20815
5815	26	3044
16783	171	20815
5815	19	2001
23427	171	16353
1353	81	8427
19452	171	16353
1353	81	4452
16737	187	16353
1353	19	1737
6315	34	6296
21315	190	21296
21315	186	21296
15911	168	22231
27484	168	22231
7231	53	12484
7231	11	911
7231	57	911
29977	173	25176
10176	40	14977
21363	171	25176
10176	81	6363
22539	171	19576
4576	81	7539
22539	171	22040
7040	81	7539
9892	81	7539
22539	171	24892
13370	34	3798
9398	34	3798
28370	186	18798
24398	186	18798
28370	190	18798
24398	190	18798
11946	40	4604
19604	168	28368
19604	168	20469
19604	191	26743
19604	168	22583
11946	53	4604
11715	81	8075
23075	171	26715
23075	171	15421
14587	81	8075
23075	171	26940
421	81	8075
17208	171	20222
5222	81	8805
23805	171	20222
5222	81	2208
22821	171	20222
5222	81	7821
7061	34	12235
22061	186	27235
22061	190	27235
7041	40	14204
7041	81	12697
27697	171	22041
29204	173	22041
7041	19	581
15581	187	22041
28648	165	21020
25443	165	21020
19372	165	21020
13648	87	6020
6020	51	8548
10443	87	6020
20479	173	17070
26286	171	17070
2070	40	5479
2070	81	11286
2070	120	13054
2070	144	9891
12955	40	4225
4358	40	4225
19225	173	23661
19225	173	19358
19225	173	27955
8661	40	4225
19609	171	26953
11953	81	4609
10426	81	4609
19609	171	25426
5699	81	4609
19609	171	20699
18990	171	29477
14477	81	3990
13843	81	3990
2343	81	3990
18990	171	28843
18990	171	17343
13599	152	1452
1452	112	13927
16452	179	28927
28599	191	16452
16452	191	28599
1452	152	13599
23519	171	25478
10478	81	8519
7548	81	8519
23519	171	22548
23519	171	20587
5587	81	8519
20697	173	27670
12670	40	5697
20697	168	16081
12670	144	5697
12670	53	5697
1081	53	5697
5921	34	9016
20921	186	24016
20921	184	21422
20921	190	24016
5921	112	6422
16236	173	18490
3490	81	1984
3490	40	1236
16984	171	18490
7566	34	10307
7566	34	6790
22566	190	21790
22566	186	25307
22566	186	21790
22566	190	25307
27081	191	21154
21154	191	27081
12081	49	6154
12081	152	6154
21154	167	20505
21154	190	26366
24674	168	20104
3390	40	9674
14964	81	9674
5482	81	9674
24674	168	28798
24674	168	18925
358	34	6720
442	162	6720
4523	34	6720
13895	34	6720
442	34	6720
28895	186	21720
25243	171	16810
25243	171	28523
13523	81	10243
25243	171	21969
2405	152	10243
25243	191	18126
15144	171	25486
19886	171	25486
10486	81	10795
10486	81	4886
10486	81	144
25795	171	25486
22070	171	23991
22070	171	22820
1482	81	7070
8991	81	7070
7820	81	7070
22070	171	17321
2482	81	645
15645	171	17482
10726	81	645
15645	171	25726
15645	171	26364
15645	171	26504
13201	112	4683
28201	184	19683
20224	168	21254
6254	53	5224
12270	99	6254
6254	48	12270
6254	11	5224
6254	57	5224
16544	165	29072
6349	87	1544
4374	87	1544
1544	87	14072
21349	165	16544
19374	165	16544
1125	34	14524
1125	112	5977
16125	184	20977
16125	190	29524
16125	186	29524
13974	40	9467
24467	173	28737
13737	40	9467
631	40	9467
24467	173	18906
3906	40	9467
18535	168	27727
8676	144	3535
12727	40	3535
8676	40	3535
12426	40	3535
18535	173	27426
24957	168	22543
24957	168	22623
24957	168	17571
24957	168	23589
2571	11	9957
8589	53	9957
275	34	9535
275	34	4795
15275	190	24535
15275	186	19795
15275	186	24535
15275	190	19795
24751	173	29309
8647	144	9751
24751	173	17832
14309	40	9751
2832	40	9751
13387	34	6193
1158	34	6193
28387	186	21193
16158	190	21193
16158	186	21193
28387	190	21193
27965	173	17552
25240	172	17552
2552	40	12965
2552	26	10240
2552	53	12965
2552	144	12965
20531	173	21527
6527	40	5531
6527	81	5531
20531	171	20012
20531	189	19867
10806	81	5531
1261	128	13315
16261	185	28315
1261	128	4064
16261	185	19064
28410	171	20642
5642	81	13410
23504	171	20642
5642	81	8291
23291	171	20642
5642	120	4
6772	81	7720
26522	171	21772
25374	171	21772
6772	81	11522
22720	171	21772
26701	171	21772
8605	53	5295
20295	168	23605
18335	172	23605
8605	26	3335
21701	171	23254
8254	81	5370
8254	26	6367
8254	81	6701
21367	172	23254
20370	171	23254
3432	81	14437
3432	81	7355
22355	171	18432
29437	171	18432
3432	144	14705
2960	26	13051
28051	172	17960
24872	171	17960
2960	81	4606
23558	171	17960
2960	81	8558
15633	168	24363
9363	40	1661
16661	173	24363
9363	53	633
9363	26	2784
17784	172	24363
297	34	10309
297	34	10604
15297	186	25309
297	34	3763
15297	186	25604
15297	190	25604
18793	171	23219
8219	81	3793
18793	171	17675
18793	171	16519
13067	81	3793
7983	81	3793
15769	173	15520
12429	81	769
520	40	769
2081	81	769
15769	171	15170
12940	144	769
4041	81	6139
21139	171	28117
21139	171	19041
13117	81	6139
21139	171	19012
4012	81	6139
20994	168	29782
20994	168	18164
20994	168	19032
3164	144	5994
5994	56	3164
14782	144	5994
8266	40	12406
27406	168	23266
25673	168	23266
27406	173	23266
8266	53	12406
8266	53	10673
26825	168	15563
563	53	13306
28306	168	15563
563	53	11825
5363	40	9884
24884	173	20363
5363	53	9884
24884	168	20363
5363	19	14863
5363	144	9884
1347	40	6667
21667	168	16347
21667	173	16347
14203	81	7153
22153	171	28930
2826	81	7153
3716	81	7153
5999	81	7153
22153	171	29203
24508	171	24355
9508	152	9115
9115	152	9508
9355	81	9508
24115	191	24508
24508	191	24115
2944	81	12726
23660	171	17944
27726	171	17944
2944	81	8660
18449	171	25334
10334	81	3449
26398	187	25334
10334	19	11398
14767	87	7662
22662	165	19100
29767	165	22662
7662	87	4100
14375	34	7455
29375	186	22455
29375	190	22455
28132	168	20879
22298	168	20879
5879	11	13132
5879	57	13132
5879	57	7298
5879	11	7298
20396	168	28513
20396	168	21880
13513	144	5396
13513	123	5396
6880	53	5396
5396	151	2434
6963	53	12529
27529	168	21963
6963	81	4211
19211	171	21963
27174	168	24272
9272	40	892
9272	53	12174
15892	173	24272
22346	172	24272
15892	171	24272
29095	171	16451
28760	171	16451
1451	81	14095
1451	81	13760
1451	120	6737
20805	191	24891
2002	53	5805
24891	191	20805
5805	152	9891
9891	152	5805
14893	81	5805
19686	171	27140
13213	81	4686
19686	171	16519
13526	81	4686
3272	81	4686
19686	171	29739
24740	168	15125
24740	168	20242
125	123	9740
8320	53	9740
24740	168	23320
125	53	9740
25372	173	20094
25372	173	15841
5094	144	10372
841	144	10372
25372	173	20418
5418	144	10372
12459	35	5259
18978	184	20259
23921	184	20259
17178	184	20259
24515	184	20259
8921	112	5259
24025	168	27572
24025	168	19364
12572	53	9025
4364	53	9025
4364	144	9025
12572	144	9025
897	34	7897
897	34	9754
15897	186	24754
15897	186	22897
15897	190	22897
15897	190	24754
27482	187	15227
19727	172	15227
227	26	4727
227	19	12482
7263	81	9924
24924	171	22263
24924	171	24537
9537	81	9924
10461	34	1075
12674	34	1075
7426	34	1075
10522	162	1075
25461	186	16075
27674	186	16075
4075	81	5686
4075	81	10446
25446	171	19075
20686	171	19075
25827	171	19075
4075	81	10827
1010	81	8148
1010	40	6117
23148	171	16010
21117	173	16010
15150	168	20057
5057	129	150
14036	40	1763
730	40	1763
16763	168	17188
16763	168	20421
9792	40	1763
16763	168	24976
19800	172	29520
5687	26	4800
14520	26	4800
7864	26	4800
19800	168	20687
19800	172	17826
25764	168	17673
2673	40	2416
29790	171	17673
17416	173	17673
2673	81	14790
2673	144	2416
28784	165	17227
29595	165	17227
2258	71	2227
17258	165	17227
14595	71	2227
24034	165	17227
14608	81	8431
23431	171	29608
23431	171	25331
10331	81	8431
4220	81	8431
23431	185	26595
14539	81	2940
2940	152	11246
17940	171	29539
26246	191	17940
17940	191	26246
496	34	3459
15496	186	18459
15496	190	18459
23016	187	25488
15769	171	25488
10488	144	769
10488	81	7354
26541	171	25488
10488	81	769
8344	81	2212
8344	81	8814
17212	171	23344
23814	171	23344
8344	53	9577
20509	173	20169
5169	40	5509
5169	53	5509
19353	168	29880
19353	173	15797
19353	168	15797
19353	168	15410
4948	40	4353
14880	40	4353
26920	172	24980
22162	171	24980
9980	26	11920
9980	81	2301
17301	171	24980
9980	81	7162
10351	81	1187
16187	171	25351
10351	26	762
15762	172	25351
17195	168	17220
17195	173	29953
14953	40	2195
2220	144	2195
2220	40	2195
17195	173	17220
3900	34	10001
3900	34	1311
3900	34	13152
18900	186	25001
18900	186	16311
18900	190	28152
7244	34	10346
22244	190	25346
5298	34	10346
8586	34	10346
22244	186	25346
20298	190	25346
28870	171	20466
5466	81	13870
19568	172	20466
5466	26	4568
5466	81	2239
5466	81	3939
25301	172	19959
3442	26	10301
4959	26	10301
25301	172	25919
25301	172	18795
25301	172	18442
4664	57	11731
25385	168	19664
18626	168	19664
26731	168	19664
4664	11	11731
16565	168	19664
14403	34	9259
5440	34	9259
20440	186	24259
29403	190	24259
29403	186	24259
20440	190	24259
24389	171	19277
4277	81	1540
16540	171	19277
4277	81	9389
23776	171	23422
17249	171	23422
8422	81	8776
8422	81	2249
17804	171	23422
8422	81	2804
17815	171	15970
970	81	2815
25126	171	15970
970	81	10126
17425	171	27479
12336	81	2425
7864	81	2425
12479	81	2425
3831	81	2425
6378	81	2425
23564	168	22028
7028	40	12898
27898	173	22028
7028	53	8564
14285	87	7588
20463	169	22588
5463	161	7588
10986	87	7588
29285	165	22588
25986	165	22588
16089	171	29552
14552	81	1089
16089	171	19774
4774	81	1089
19752	171	19626
4626	81	7928
4626	81	4752
22928	171	19626
20481	168	19626
4626	53	5481
23434	171	15812
812	81	12711
812	19	1818
16818	187	15812
25231	172	15812
812	81	8434
21111	171	25945
6446	81	6111
1913	81	6111
21111	171	16913
10945	81	6111
21111	171	21446
1632	81	9204
24204	171	16632
1632	81	4856
19856	171	16632
4569	81	13039
27527	171	19569
23732	171	19569
4569	81	12527
28039	171	19569
4569	81	8732
25744	172	24111
9111	81	1953
24940	171	24111
9111	81	9940
9111	26	10744
16953	171	24111
4859	14	615
19859	180	15615
3540	81	4995
15219	187	18540
15497	171	18540
22569	171	18540
3540	81	497
3540	19	219
852	81	13812
28812	171	15852
17350	171	15852
11719	34	1113
5211	34	1113
5416	34	1113
2477	34	1113
26719	186	16113
17477	186	16113
5422	34	8720
20422	184	16121
5422	34	2536
20422	186	23720
20422	190	23720
20422	190	17536
2835	34	1550
7457	34	1550
22457	186	16550
17835	186	16550
2261	34	1550
17835	190	16550
29379	173	16370
16296	171	16370
1370	40	14379
1370	81	1296
1370	81	6607
21607	171	16370
10904	53	10363
25363	168	25904
11364	53	10363
25363	168	26364
2225	53	10363
9158	81	2121
3107	81	2121
17121	171	18107
17121	171	18820
3820	81	2121
17121	171	26280
19700	171	28642
19700	171	29134
19700	171	21151
14134	81	4700
7458	81	4700
13642	81	4700
21139	171	19041
4041	81	12040
4041	40	8045
4041	81	6139
27040	171	19041
23045	173	19041
14185	81	6460
21460	171	29185
28969	168	20428
23820	168	20428
5428	11	13969
5428	57	13969
5428	11	8820
5428	144	3688
21389	173	17897
15995	171	17897
2897	40	6389
2897	81	14600
2897	144	6389
28714	171	17897
7878	26	1641
16744	173	22878
16641	172	22878
7878	81	7478
22478	171	22878
7878	40	1744
24925	173	24623
5987	144	9925
24925	171	17871
24925	173	23683
24925	173	29992
14992	40	9925
17276	168	21979
17276	168	16166
17276	168	27042
6979	11	2276
12042	53	2276
12042	11	2276
3378	34	11041
3378	34	2158
18378	186	26041
18378	190	26041
18378	186	17158
18378	190	17158
2634	34	14227
2634	34	3870
17634	190	18870
17634	186	29227
17634	186	18870
17634	190	29227
21036	168	27732
21036	168	23038
21036	168	21492
21036	168	26914
21036	168	19687
21036	168	22654
17045	173	29111
14111	40	2045
17045	173	26451
7856	53	2045
17045	173	22856
11451	53	2045
12514	86	3585
15185	179	18585
27514	165	18585
21512	179	18585
29978	179	18585
27663	179	18585
5817	34	13531
5817	34	14486
20817	186	29486
20817	190	29486
20817	186	28531
20817	190	28531
16572	168	28390
16572	168	18418
16572	168	20635
1572	112	5297
16572	171	21528
16572	184	20297
12307	40	93
15093	173	26095
15093	173	27307
15093	173	19681
4681	40	93
9440	40	93
6595	81	10557
19056	173	21595
23743	171	21595
6595	81	8743
6595	40	4056
25557	171	21595
2421	40	5564
27068	171	17421
28640	171	17421
2421	81	12068
2421	81	13640
20564	173	17421
20582	171	15062
20582	171	26931
11931	81	5582
62	81	5582
5582	112	4593
13133	81	10058
3292	81	10058
25058	171	28211
13211	81	10058
5747	81	10058
25058	171	19768
22003	171	19343
29876	187	19343
4343	19	14876
4343	81	7003
4343	81	10003
6326	34	12773
21326	186	27773
21326	190	27773
19398	171	19935
8052	81	4398
19398	171	23052
4935	81	4398
27738	171	23752
8752	81	12738
23118	168	15929
20468	168	15929
929	11	8118
929	57	8118
929	53	8118
929	53	5468
8976	81	8970
29415	173	23976
23970	171	23976
8976	40	14415
16971	172	23976
8976	120	13054
26362	168	19449
19038	173	19449
4449	40	4038
4449	144	4038
4449	53	11362
4449	53	4038
4518	81	14401
29401	171	19518
25393	187	19518
4518	19	10393
4518	81	7438
22438	171	19518
27078	168	22163
27986	171	22163
7163	38	10614
27329	168	22163
7163	19	5675
20675	187	22163
8310	81	3416
26923	171	23310
8310	53	11511
26511	168	23310
18416	171	23310
8310	81	11923
21388	171	29735
21388	171	17309
2309	81	6388
14735	81	6388
10185	34	7574
13537	34	7574
28537	186	22574
25185	186	22574
28537	190	22574
25185	190	22574
6433	34	3790
6433	112	8932
21433	184	23932
21433	186	18790
21433	190	18790
5949	81	2184
17159	172	20949
17184	171	20949
5949	26	2159
9668	112	4728
24668	180	28236
9668	14	13236
24668	184	19728
16336	180	19835
1336	14	4835
3285	112	4835
18285	184	19835
17557	165	16647
2557	87	8232
2557	87	1647
17557	165	23232
27150	168	15057
29943	168	15057
57	53	12150
57	144	12150
57	53	14943
19865	184	22679
10860	112	7679
25860	184	22679
4865	112	7679
267	34	8634
267	34	1682
15267	190	23634
267	34	5933
267	162	8634
15267	186	20933
164	40	13115
28115	173	15164
15423	171	15164
164	81	423
164	120	4
7684	34	13999
7684	34	9618
22684	186	28999
22684	190	24618
22684	190	28999
22684	184	16047
3500	53	7298
22298	168	18500
24222	168	18500
3500	53	9222
6912	81	3473
18473	171	21912
22135	171	21912
6912	81	7135
7131	34	10783
22131	186	25447
7131	34	10447
22131	190	25783
22131	190	25447
23974	168	18205
23974	168	28645
6447	40	8974
12317	40	8974
2832	144	8974
23974	173	19851
12856	53	9502
24502	168	27856
28376	168	24895
25718	168	24895
9895	144	10718
9895	40	3406
9895	40	12665
9895	40	13376
10310	34	12075
10310	34	2160
10310	34	9392
25310	186	24392
25310	186	17160
25310	190	17160
1602	40	14931
29931	173	16602
17173	168	16602
1602	81	7206
1602	53	2173
15408	171	16602
3716	81	11326
22153	171	18716
26326	171	18716
3716	26	7048
22048	172	18716
3716	81	7153
735	81	13023
28023	171	15735
735	40	14935
29935	173	15735
24596	171	15735
735	81	9596
21656	171	28361
746	81	6656
21656	171	15746
13361	81	6656
23092	171	15567
23092	171	27980
23092	171	29026
12980	81	8092
4825	81	8092
567	81	8092
9878	34	10269
24878	186	25269
24878	190	25269
798	34	14516
15798	186	29516
15798	190	29516
25467	191	29721
29721	191	25467
14721	152	10467
10467	152	14721
25467	171	26468
5119	144	10467
7514	34	12091
7514	34	7561
7514	34	1417
7514	34	1903
22514	190	27091
22514	186	27091
18364	165	15467
3364	87	467
5647	130	3364
20647	165	18364
8200	34	2831
11072	34	2831
23200	190	17831
26072	186	17831
23200	186	17831
26072	190	17831
12531	118	633
15633	168	27795
15633	168	24363
15633	168	19875
15633	168	22261
15633	168	27531
23878	173	15194
7051	40	8878
23878	173	24213
194	40	8878
23878	173	22051
9213	40	8878
9257	34	7365
8918	34	7365
12041	34	7365
16853	190	22365
1853	34	7365
27041	186	22365
8696	53	14686
29686	168	23696
18802	171	23696
8696	81	3802
23024	171	23696
8696	81	8024
20809	171	29907
20809	171	21604
1411	81	5809
6604	81	5809
14907	81	5809
20809	171	16411
22469	172	22549
7549	26	7469
5724	26	7469
22469	172	20724
24736	165	23786
9736	87	8786
10266	81	10961
25961	171	25266
916	81	4062
27032	172	15916
916	26	12032
916	81	7715
22715	171	15916
19062	171	15916
4019	81	14877
29877	171	19019
23481	168	19019
4019	53	8481
293	40	2694
19303	168	15293
293	81	13306
28306	171	15293
293	53	4303
17694	173	15293
16167	173	22971
21562	172	22971
7971	81	11063
7971	40	1167
23732	171	22971
7971	81	8732
1838	85	8226
24449	184	23226
2633	112	8226
13026	112	8226
28026	184	23226
9449	112	8226
2533	40	5213
29120	168	17533
2533	53	14120
20213	173	17533
2533	26	14436
29436	172	17533
28019	168	19033
4033	11	13019
4033	57	13019
28055	174	17595
13055	59	2595
2595	73	8699
8699	49	2595
18311	168	27034
18311	168	17369
18311	168	19919
12034	53	3311
4919	53	3311
1586	53	3311
8823	24	2738
13294	24	2738
23823	190	17738
28294	190	17738
22882	168	20722
22882	168	18984
22882	168	18816
22882	168	18450
22882	168	25698
10698	11	7882
25988	173	23851
8851	81	3741
18741	171	23851
8851	40	10988
8851	120	4
26528	172	23851
12743	81	4114
19114	171	23601
19114	171	29621
19114	171	18714
14621	81	4114
3714	81	4114
14026	26	3436
18436	172	29026
9152	81	14756
29756	171	24152
22235	173	24152
9152	40	7235
29775	171	24152
9152	81	14775
16106	171	24561
9561	26	12580
9561	81	1262
27580	172	24561
9561	81	1106
16262	171	24561
29704	171	21935
6935	81	14704
6935	120	13054
24590	184	25319
9590	112	10319
10064	26	9590
24590	172	25064
7924	81	13896
28896	171	22924
15345	172	22924
7924	26	345
13808	19	2191
17191	187	26602
17191	187	23676
8676	19	2191
11602	19	2191
17191	187	28808
27797	171	15101
101	81	12797
101	26	8872
23872	172	15101
21124	172	29489
14489	26	6124
2973	97	6124
6124	4	10408
21124	168	17973
6124	151	2745
9597	34	8450
9597	34	5806
24597	190	23450
24597	186	23450
24597	190	20806
24597	186	20806
28896	171	22966
23707	172	22966
7966	81	13896
29061	168	22966
7966	144	8652
7966	53	14061
15163	172	29526
15163	172	28650
13650	26	163
14526	26	163
8261	26	163
15163	172	23261
5754	34	2160
20754	186	17160
20754	190	17160
13662	81	9563
24563	171	28662
11243	81	9563
24563	171	26243
13657	40	10343
25343	168	28657
25343	173	28657
13657	53	10343
8992	34	12418
8992	34	2614
23992	190	17614
23992	186	17614
23992	186	27418
23992	190	27418
1381	72	13927
1381	68	10528
22031	185	16381
16381	165	28927
16781	185	16381
16381	165	25528
20212	171	25137
10137	81	5212
20212	171	15578
578	81	5212
12203	161	3472
27203	169	18472
27203	165	18472
22410	171	25926
10926	81	7410
7410	13	9749
22410	192	23014
22410	189	24749
7410	146	8014
14564	34	10115
8971	34	10115
580	34	10115
15580	190	25115
14040	34	10115
14416	34	10115
3980	19	4958
23434	171	18980
3980	81	13794
28794	171	18980
3980	81	8434
19958	187	18980
23632	173	16687
24273	172	16687
1687	26	9273
1687	118	1687
1687	40	8632
1687	53	8632
856	96	1187
16187	189	15856
4028	81	856
15856	171	19028
15856	185	26595
15400	168	20356
28246	168	20356
5356	53	13246
5356	53	400
5356	120	6737
1001	81	13465
1001	81	14042
28465	171	16001
29042	171	16001
26690	171	16001
1001	81	11690
7556	34	14976
22556	186	29976
22556	190	29976
20165	173	28267
13267	40	5165
20165	173	17219
20165	173	19239
3475	40	5165
2219	40	5165
14203	81	8274
8274	112	3557
23274	184	18557
23274	171	29203
23274	171	22527
23274	171	26551
17135	168	27053
17135	168	26310
17135	172	17848
17135	168	17800
12053	144	2135
12053	123	2135
1881	40	3105
1881	81	4128
18105	173	16881
23670	168	16881
29718	171	16881
1881	81	14718
28265	168	23709
25077	168	23709
8709	57	13265
8709	11	13265
8709	53	10077
8709	144	13265
9053	34	13337
9053	34	1305
24053	186	16305
24053	190	16305
24053	186	28337
24053	190	28337
20805	171	17914
22519	171	17914
2914	81	7519
2914	81	5805
2914	144	9891
24260	173	17914
24421	168	23455
24494	168	23455
8455	53	9421
8455	53	9494
6824	34	6219
6824	34	3102
21824	190	18979
6824	34	3979
21824	186	18979
21824	190	21219
24997	171	23977
8977	81	9997
1947	81	9997
24997	171	21544
24997	171	18681
8146	81	9997
4759	81	4062
28992	173	19759
4759	40	13992
29414	187	19759
25297	172	19759
4759	26	10297
18647	168	29167
18647	168	25811
18647	173	23792
8792	40	3647
18647	173	26123
18647	173	26395
4003	51	949
8235	87	4003
22998	165	19003
11885	87	4003
23235	165	19003
7167	87	4003
23494	187	23018
8018	81	10042
8018	19	8494
25042	171	23018
16958	168	20821
5821	11	1958
5821	53	1958
5821	57	1958
20089	180	29155
5089	14	14155
5089	14	1570
5089	105	8937
20089	168	20721
5089	151	8937
9928	81	3741
18741	171	21156
18741	171	23851
8851	81	3741
18741	171	25699
18741	171	15229
12122	128	8034
27122	185	23034
25067	173	27998
12998	40	10067
8884	40	10067
25067	173	23884
12061	152	2890
17890	191	27061
27061	191	17890
3735	53	2890
7869	53	2890
17890	168	17963
2032	40	10438
2032	81	1967
25438	168	17032
16967	171	17032
25438	173	17032
25438	171	17032
13007	81	4909
19909	171	20798
19909	171	28007
5798	81	4909
12046	144	1488
16488	171	21051
13045	81	1488
16488	171	27046
16488	171	22109
16488	171	15502
27417	168	17639
29943	168	17639
25060	168	17639
2639	57	12417
2639	11	12417
2639	144	12417
23194	191	24280
24280	191	23194
9280	152	8194
23194	187	27581
3536	19	8194
23194	187	26161
4644	40	2387
17494	168	19644
17387	173	19644
4644	81	14822
29822	171	19644
25673	168	19644
15379	168	27683
15379	168	19490
12683	53	379
12683	57	379
12683	11	379
4490	11	379
2460	128	14574
2460	14	13675
17460	180	28675
17460	185	29574
501	40	12073
501	53	12073
27073	168	15501
27073	173	15501
28339	171	15501
501	81	13339
15939	171	21156
2306	81	939
14507	81	939
15939	171	23457
8457	81	939
11969	81	939
22353	173	29515
5858	40	7353
14515	40	7353
22353	173	20858
22353	173	27035
12035	40	7353
17923	171	21504
6504	81	2923
22823	171	21504
17462	171	21504
6504	81	7823
6504	81	2462
26879	168	22741
7741	81	4474
7741	81	1355
21362	187	22741
7741	19	6362
16355	171	22741
779	34	12569
779	34	14302
15779	190	29302
15779	186	29302
15779	186	27569
15779	179	28927
7756	34	262
7756	34	8634
22756	186	15262
22756	190	15262
22756	186	23634
22756	190	23634
23819	177	21834
27435	177	21834
13779	128	6834
2710	128	6834
12281	128	6834
3786	128	6834
16706	172	24730
16645	171	24730
9730	81	7206
9730	81	1645
9730	26	1706
22206	171	24730
21114	171	22315
7315	81	13742
24210	168	22315
7315	129	9210
28742	171	22315
7315	0	9210
14621	81	4801
19801	171	27718
9282	81	4801
6161	81	4801
19801	171	29621
19801	171	29487
9650	81	14496
29496	171	24650
4214	81	12135
27135	171	19214
17348	171	19214
4214	81	2348
22686	171	25908
13372	81	7686
5990	81	7686
22686	171	28372
22686	171	16161
22686	171	15478
8719	152	12722
23719	191	27722
27722	191	23719
12722	152	8719
29024	168	19187
22780	168	19187
4187	11	7780
4187	57	7780
4187	11	14024
4187	57	14024
19606	171	28000
5709	81	4606
14984	81	4606
12246	81	4606
4602	81	4606
19606	171	17960
4581	34	9659
833	34	9659
15833	186	24659
15833	190	24659
19581	186	24659
19581	190	24659
27012	185	23576
17246	185	23576
2246	128	8576
12012	128	8576
9314	19	12796
27796	187	24314
24833	171	24314
9314	81	9833
21398	171	24314
9314	81	6398
1758	81	6878
27478	171	16758
1758	81	12478
21878	171	16758
27976	173	21334
20247	172	21334
6334	40	12976
6334	26	5247
6334	144	8698
19394	168	27544
12544	40	4394
19394	173	27544
12544	129	4394
9647	81	1844
24485	171	24647
9647	81	9485
16844	171	24647
18975	173	24647
9647	40	3975
16009	171	29959
14904	81	1009
16009	171	29904
11760	126	1009
16009	171	19679
16009	171	24193
19863	173	15913
913	81	14694
29694	171	15913
913	40	4863
17668	173	23807
8807	81	5805
8807	40	2668
20805	171	23807
9512	40	4750
19750	168	19658
19750	168	24512
4658	144	4750
19750	173	24512
4658	53	4750
8393	112	6875
23300	180	21875
28446	184	21875
8300	14	6875
13446	112	6875
23393	184	21875
22333	168	24852
9852	81	11967
9852	40	10175
25175	173	24852
9852	81	1645
9852	53	7333
9607	81	14207
29207	171	24607
9607	81	4136
9607	26	5376
20376	172	24607
19136	171	24607
1588	34	2181
16588	186	17181
16588	190	17181
13501	34	5424
7344	34	5424
22344	190	20424
28501	186	20424
28501	190	20424
22344	186	20424
19428	173	20490
23193	171	20490
5490	81	8193
5490	53	4428
5490	40	4428
5490	26	8955
8704	34	10036
8704	34	8267
23704	186	25036
23704	190	25036
23704	186	23267
23704	179	24952
16266	171	27396
16266	171	21257
12396	81	1266
6257	81	1266
20229	168	19774
4774	40	5229
15479	171	19774
4774	81	1433
16089	171	19774
20229	173	19774
12440	112	615
4859	14	615
19859	180	15615
27440	184	15615
615	87	8657
15615	165	23657
15218	165	28356
218	154	13356
17242	165	15218
2242	85	218
20606	184	15218
5606	112	218
23102	171	29958
23102	171	22822
6211	81	8102
23102	171	16062
14958	81	8102
1062	81	8102
1109	34	12338
16109	186	27338
16109	190	27338
8975	34	5806
11103	34	5806
8484	34	5806
9597	34	5806
5318	34	5806
13539	34	5806
14038	81	4822
19822	171	29038
23436	168	15391
23436	168	24234
391	97	8436
9234	97	8436
28076	173	22467
22594	187	22467
7467	40	13076
7467	144	13076
7467	19	7594
7467	53	13076
3540	81	497
501	81	497
15497	171	19567
15497	171	26456
11456	81	497
4567	81	497
8114	53	13477
28477	168	23114
12630	81	3028
14735	81	3028
18028	171	29735
18028	171	20291
18028	171	27630
9830	126	3028
13736	81	3305
18305	171	28736
11908	81	3305
18305	171	26908
18305	171	21614
16701	168	15730
16701	168	26460
16701	168	17373
6989	53	1701
16701	168	21989
11155	53	1701
29694	171	21513
6513	81	6845
6513	81	14694
21845	171	21513
28124	171	15309
309	81	13124
25120	173	15309
309	40	10120
309	120	13054
16807	171	22190
7190	81	1807
7190	81	10003
25003	171	22190
7000	81	7206
24319	171	22000
22206	171	22000
7000	26	12927
7000	81	9319
26042	171	22000
17534	184	29077
2534	34	7833
2534	112	14077
17534	190	22833
17534	186	22833
7463	19	1843
22913	171	22463
7463	81	7913
7463	81	14996
16843	187	22463
29996	171	22463
24029	173	19456
4456	81	11042
26042	171	19456
4456	40	9029
17040	187	19456
4456	19	2040
5303	81	5459
20459	171	29585
20459	171	20303
14585	81	5459
10339	40	1419
16419	168	25339
16419	173	25339
10339	81	11179
10339	81	11671
26671	171	25339
28285	171	17349
2349	81	13285
2349	19	11270
2349	81	13841
24478	172	17349
28841	171	17349
18634	173	21787
6787	81	5601
6787	81	4498
6787	81	12146
27146	171	21787
6787	40	3634
7804	34	9084
22804	190	24084
22804	186	24084
27138	168	22521
7521	53	12138
26853	171	22521
7521	19	5914
20914	187	22521
7521	81	11853
2304	34	1523
2315	34	1523
17304	190	16523
17304	186	16523
17315	190	16523
17315	186	16523
16967	171	23922
15534	171	23922
8922	26	14380
8922	81	1967
29380	172	23922
8922	120	7725
7060	40	1526
16526	173	27364
16526	173	22060
12364	40	1526
16526	173	26206
11206	40	1526
22504	168	17114
22504	168	29652
22504	168	15922
22504	168	20294
22504	168	29478
2114	53	7504
16609	173	20121
5121	81	14897
24049	171	20121
29897	171	20121
5121	40	1609
5121	81	9049
29141	168	22647
7647	40	6690
7647	53	14141
21690	173	22647
25297	172	24480
9480	26	10297
19995	171	24480
9480	81	4995
23595	188	27292
23595	165	28236
12292	65	8595
12292	94	8595
8595	153	12292
8595	147	12292
13092	40	6662
14958	40	6662
21662	173	28092
21662	168	15255
21662	168	28092
21662	168	29958
21354	185	28353
6354	128	13353
21354	185	22362
6354	128	7362
15980	171	18389
3389	81	980
3389	81	7003
22003	171	18389
3389	26	8541
3389	144	8541
25032	187	15698
25032	187	22923
476	19	10032
7923	19	10032
25032	187	23395
698	19	10032
9342	81	14186
29186	171	24342
9342	81	8708
23708	171	24342
19348	168	24342
9342	53	4348
25684	168	22194
7194	11	10684
7194	57	10684
7194	144	5669
20669	168	22194
118	34	3301
15118	184	16121
15118	190	18301
15118	186	18301
118	112	1121
29420	173	21544
24997	171	21544
25121	171	21544
6544	40	14420
6544	81	8286
6544	81	10121
25742	172	17386
26479	171	17386
26884	171	17386
23053	187	17386
28785	171	17386
2386	81	706
21738	165	29728
22159	165	21738
6738	68	14728
6738	61	14728
7159	87	6738
6942	81	8400
23400	171	21942
2857	81	12797
27797	171	17857
21507	171	17857
2857	81	6507
20099	173	20696
14520	40	5099
12599	40	5099
5696	40	5099
20099	173	29520
20099	173	27599
4404	34	14524
4404	34	1682
19404	186	29524
19404	190	29524
19404	190	16682
19404	186	16682
22999	168	23742
8742	40	9805
28112	187	23742
8742	19	13112
24805	173	23742
8742	53	7999
16177	168	16923
16177	168	27309
16177	168	22045
7045	53	1177
1923	53	1177
9472	53	1177
10251	34	9801
10251	112	12059
10251	34	2876
25251	184	27059
25251	190	24801
25251	186	24801
5733	81	10871
29056	168	20733
5733	81	9706
25871	171	20733
24706	171	20733
24803	188	18985
3985	65	9803
3985	36	3287
7267	53	4924
2554	53	4924
19924	168	17554
19924	168	22267
2948	40	14680
29680	168	17948
29680	173	17948
2948	81	9522
22797	171	17948
24522	171	17948
19384	171	28944
19384	171	16950
13944	81	4384
1950	81	4384
20795	180	27612
5795	14	12612
5795	146	3973
7921	152	12953
22921	171	20764
7921	112	12717
5764	81	7921
22921	184	27717
27953	191	22921
21752	168	24854
9854	40	12588
9854	53	6752
27588	173	24854
6218	34	7553
14040	34	7553
14353	34	7553
5349	34	7553
6003	34	7553
29040	186	22553
13297	19	10393
25393	187	28297
25393	187	26071
4518	19	10393
25393	187	19518
11071	19	10393
20328	168	19618
20328	168	20952
4007	40	5328
5952	40	5328
5952	53	5328
5952	144	5328
7348	81	392
15392	171	22348
15392	171	24178
9178	81	392
9422	134	392
4019	53	8481
23481	168	19019
3750	81	8481
23481	171	18750
23481	168	19138
23481	168	21774
10273	81	892
15892	171	25273
16719	171	25273
10273	81	1719
8592	40	10906
25906	173	23592
8592	81	7276
20372	171	23592
18563	171	23592
22276	171	23592
4981	81	7276
26034	171	19981
4981	120	4
4981	81	11034
22276	171	19981
15790	171	19981
3271	87	9215
18271	165	22950
3271	87	7950
18271	165	24215
9880	34	6603
12635	34	6603
1215	34	6603
2979	34	6603
27635	186	21603
27635	190	21603
22963	168	20194
5194	81	8811
23811	171	20194
5194	53	7963
5194	144	7963
17630	171	20194
17891	171	29847
17891	171	16644
14847	81	2891
5990	81	2891
11913	81	2891
1644	81	2891
9649	81	12843
27843	171	24649
23986	171	24649
9649	81	8986
18120	171	17050
2050	81	9402
2050	81	3120
24402	171	17050
23841	171	17050
2050	81	8841
5503	40	14379
29379	173	20503
28039	171	20503
5503	81	13039
5503	81	11287
26287	171	20503
14742	34	7322
29742	186	22322
29742	190	22322
7483	152	8369
841	26	8369
8369	152	7483
22483	191	23369
23369	172	15841
23369	171	26873
3107	53	3081
17432	171	18107
18081	168	18107
3107	81	2432
3107	81	2121
17121	171	18107
23783	171	23374
10922	81	8783
815	81	8783
23783	171	29016
8269	81	8783
8374	81	8783
5276	34	14709
5276	34	11784
20276	186	29709
20276	186	26784
20276	190	29709
20276	190	26784
25491	168	26539
25491	168	18089
25491	173	27787
5407	40	10491
25491	173	20407
25491	173	20575
1746	34	12300
16746	184	28236
16746	186	27300
16746	190	27300
1746	112	13236
16746	186	19737
2363	34	12601
2363	34	3092
17363	186	27601
17363	186	18092
17363	190	27601
17363	190	18092
28915	171	20388
5388	81	13915
5388	26	5376
20376	172	20388
6928	34	3545
6928	34	7137
21928	186	22137
21928	190	18545
21928	186	18545
21928	190	22137
6495	34	1417
6495	34	12091
21495	186	27091
21495	190	16417
21495	190	27091
21495	186	16417
45	162	9535
13725	34	9535
8113	34	9535
275	34	9535
45	34	9535
10809	34	9535
2509	87	7260
17509	165	15858
17509	165	22260
2509	87	858
17915	187	29149
11192	19	2915
14149	19	2915
17915	187	20028
5028	19	2915
17915	187	17833
13473	34	72
6930	34	72
21930	190	15072
21930	186	15072
28473	186	15072
28473	190	15072
22834	173	23138
19360	168	23138
8138	40	7834
19217	187	23138
8138	53	4360
8138	53	7834
17494	168	21817
10459	53	2494
17494	168	16122
6376	53	2494
7840	53	2494
17494	168	21376
14104	112	9238
29104	184	24238
1373	112	9238
16373	184	24238
13189	112	9238
28189	184	24238
15526	168	23894
15526	173	23894
8894	40	526
8894	38	526
8894	81	12445
8894	53	526
17164	165	29924
17164	165	28724
2164	87	14924
2164	87	13724
2798	26	10107
25107	172	17798
17569	171	17798
2798	81	2569
1158	34	6193
1158	34	3977
16158	186	21193
16158	190	21193
16158	186	18977
16158	190	18977
14472	34	10433
3288	34	10433
6526	34	10433
29472	186	25433
21526	186	25433
29472	190	25433
20744	171	19133
4133	81	12986
27986	171	19133
4133	81	5744
4133	120	4
26398	187	22590
7590	19	11398
6140	53	11973
26973	168	21140
6140	19	14876
25409	171	21140
6140	81	10409
29876	187	21140
18736	168	29512
14512	40	3736
14512	53	3736
18736	173	29512
1897	34	6062
16897	190	21062
16897	186	21062
847	53	13860
847	53	1031
22055	171	15847
27113	171	15847
28860	168	15847
16031	168	15847
3689	81	3772
18772	171	24414
7116	81	3772
18772	171	18689
5581	81	3772
18772	171	20581
27434	184	18350
12434	112	3350
3948	112	3350
18948	184	18350
683	34	4307
15683	186	19307
15683	190	19307
9865	34	1447
9865	112	10533
24865	184	25533
24865	190	16447
24865	186	16447
13583	34	8846
28583	190	23846
4526	34	8846
4386	34	8846
28583	186	23846
11645	34	8846
6730	81	14785
6730	81	13269
28269	171	21730
29785	171	21730
18879	171	21280
6280	81	3518
18518	171	21280
6280	81	3879
25637	173	21280
6280	40	10637
6783	34	6473
6783	34	11371
21783	190	21473
21783	186	26371
21783	190	26371
21783	186	21473
18206	171	29778
3206	112	5112
14778	81	3206
18206	184	20112
3206	95	6773
4748	81	7235
22235	171	19748
25836	173	19748
4748	40	10836
4748	120	6737
3703	81	1176
16176	171	15869
869	81	1176
16176	171	18703
16176	171	24793
9793	81	1176
20634	171	15824
824	81	1355
824	81	5205
22416	168	15824
824	81	5634
16355	171	15824
21531	173	17754
21531	187	17754
2754	53	6531
18566	171	17754
2754	81	3566
2754	40	6531
3751	112	14970
18751	175	28614
18751	184	29970
3751	44	13614
636	34	7555
2031	34	7555
12431	34	7555
9173	34	7555
5694	34	7555
27431	186	22555
19316	165	27372
6283	87	4316
4316	87	12372
21283	165	19316
21130	168	24943
27890	168	24943
9943	57	6130
9943	11	6130
16956	168	24943
9943	144	6130
15625	171	27955
12955	81	625
2901	81	625
15625	171	19183
4183	81	625
946	81	625
16487	172	28215
16487	172	19175
3090	26	1487
16487	172	22535
13215	26	1487
16487	172	16049
22748	171	27928
22748	171	27876
12876	81	7748
12928	81	7748
22748	171	25705
9670	144	7748
25298	173	24908
27335	187	24908
9908	81	10298
9908	40	10298
9908	26	10476
25476	172	24908
29379	173	17928
2928	40	14379
2928	144	8497
22448	171	17928
2928	81	7448
18471	171	17928
29896	171	21536
19908	171	21536
6536	38	6064
6536	81	14896
6536	81	4908
6323	81	12614
27614	171	21323
23150	171	21323
6323	81	8150
25360	172	21323
6323	26	10360
4012	81	6139
21139	171	19012
25093	171	19012
4012	81	10093
26557	171	18640
16564	172	18640
3640	81	11557
3640	81	12355
27355	171	18640
3640	26	1564
22279	171	15353
29086	168	15353
353	53	14086
353	81	7279
28316	168	22905
23471	187	22905
7905	53	13316
7905	19	8471
7905	38	10614
26482	173	24717
23686	172	24717
9717	144	11482
9717	26	8686
24326	171	24717
9717	81	9326
5596	34	13452
5596	34	5390
20596	186	28452
20596	190	28452
20596	186	20390
20596	190	20390
8677	53	13906
27644	171	23677
8677	81	382
28906	168	23677
8677	81	12644
15382	171	23677
20704	171	21636
6636	81	5537
6636	81	5704
20537	171	21636
9387	34	13991
9387	34	8058
24387	186	28991
24387	186	23058
24387	190	28991
24387	190	23058
9859	81	11
9859	40	14415
29415	173	24859
15011	171	24859
10446	152	7668
7668	152	10446
22668	191	25446
25446	191	22668
22668	171	28419
8940	81	7668
28933	171	18910
26758	173	18910
20770	172	18910
3910	40	11758
9294	118	3910
3910	53	11758
1071	81	14896
24481	172	16071
1071	26	6064
1071	81	12493
27493	171	16071
22389	171	16071
9748	34	10435
10609	34	10435
25609	190	25435
24748	190	25435
24748	186	25435
14003	34	4181
9849	34	4181
29003	186	19181
26852	186	19181
29003	190	19181
24849	190	19181
22381	165	22950
7381	87	3355
7381	87	7950
22381	165	18355
18917	171	29266
14266	81	3917
18917	191	20066
5066	152	3917
3917	152	5066
20066	191	18917
16278	171	15250
8287	81	1278
14992	81	1278
6732	81	1278
16278	171	21732
1501	81	1278
24531	180	18157
28957	184	18157
13957	112	3157
580	112	3157
8402	112	3157
23402	184	18157
16852	168	22648
16852	168	26549
16852	168	28790
16852	168	25422
7648	11	1852
7648	57	1852
29721	173	16954
1954	26	1427
16427	172	16954
1954	53	14721
1954	40	14721
1954	26	11738
12024	81	4596
13993	81	4596
19596	171	27024
19596	171	28993
7709	162	8651
1328	34	8651
7709	34	8651
12280	34	8651
8975	34	8651
22709	190	23651
17582	171	19422
17582	171	28541
13541	81	2582
17582	171	24528
9750	81	2582
17582	171	25530
5789	34	3723
13961	34	3723
20789	186	18723
20789	190	18723
28961	190	18723
28961	186	18723
19978	171	21206
958	81	4978
3944	81	4978
19978	171	15958
19978	171	22938
19978	171	27774
8350	40	12614
27614	168	23350
8350	53	12614
27614	173	23350
21981	171	23350
28144	171	23350
761	34	10641
761	34	7541
15761	186	25641
15761	186	22541
15761	190	25641
15761	190	22541
28051	168	23511
19389	168	23511
8511	97	13051
8511	81	6016
8511	97	4389
8511	81	1750
9425	40	10596
25596	173	24425
3775	81	11218
3775	81	12113
23053	187	18775
16641	172	18775
26218	171	18775
27113	171	18775
15308	187	24934
9934	40	10497
9934	19	308
25497	173	24934
29413	168	18828
3828	40	6117
17619	168	18828
3828	53	14413
21117	173	18828
3828	81	10871
16691	171	19584
4584	81	100
15100	171	19584
4584	81	1691
4584	120	4
2447	34	7193
2447	34	12416
2447	34	8403
17447	186	23403
17447	186	27416
17447	179	24952
27656	171	15651
29937	171	15651
651	147	11198
11198	147	651
651	81	14937
29713	172	15651
893	34	6084
893	34	3594
15893	186	18594
15893	190	18594
15893	186	21084
15893	190	21084
19145	168	22126
7126	144	4145
7126	99	2768
13243	40	5032
20032	168	28243
13243	129	5032
20032	173	28243
20032	168	18555
417	81	9009
417	26	11064
24009	171	15417
25187	171	15417
417	81	10187
19750	168	15417
17416	173	15624
624	40	2416
18469	187	15624
18393	171	15624
29790	171	15624
624	144	2416
16479	191	23748
1479	152	8748
16479	184	27612
6931	152	1479
8748	152	1479
21931	191	16479
19442	173	17961
2961	40	4442
23471	187	16519
16996	171	16519
22177	171	16519
18793	171	16519
1519	81	7177
1519	81	3793
12312	87	4519
19519	165	24955
4519	87	9955
27312	165	19519
21856	171	17912
2912	81	11588
2912	81	6856
26588	171	17912
18278	171	22119
25297	172	22119
15995	171	22119
7119	26	10297
7119	81	3278
26434	171	22119
25296	171	23948
8948	81	10296
25296	168	23948
8948	53	10296
15253	171	23948
8948	81	2613
88	81	3149
18149	171	15088
24067	187	15088
88	81	3883
88	19	9067
18883	171	15088
24307	168	18512
24307	168	24401
272	40	9307
12034	40	9307
24307	173	27034
24307	168	26608
13698	34	37
6025	34	37
5676	34	37
6906	34	37
1470	34	37
8488	34	37
16072	171	28091
16072	171	17107
16072	171	25204
3581	53	1072
2107	81	1072
10204	81	1072
17491	171	28171
17491	171	29786
5882	81	2491
14786	81	2491
3317	81	2491
17491	171	20630
8954	81	4614
19614	171	20133
5133	81	4614
19614	171	23954
5586	81	9828
5586	81	14244
24828	171	20586
29244	171	20586
22622	168	27201
22622	168	17199
12201	57	7622
2199	11	7622
12201	99	7622
2199	57	7622
6659	81	12094
19128	171	21659
27094	171	21659
6659	81	4128
23788	171	21659
6659	81	8788
22160	168	25973
22160	168	21119
22160	168	15125
22160	168	28352
13352	57	7160
6119	123	7160
26236	168	17887
2887	11	11236
2887	53	11236
2887	57	11236
18959	168	17887
2887	53	3959
27633	171	19977
24738	171	19977
4977	81	12633
4977	81	9738
15063	173	19977
4977	40	63
16706	172	21732
26063	171	21732
6732	81	1278
6732	81	11063
16278	171	21732
25836	173	21732
20948	172	18846
21277	172	18846
3846	81	12813
3846	81	9507
3846	81	9799
24507	171	18846
29418	185	19830
3463	128	4830
14418	128	4830
18463	185	19830
29954	185	19830
4287	128	4830
3583	81	5155
20155	172	18583
3583	26	5155
20155	171	18583
2225	81	8667
2225	40	8667
23667	173	17225
6969	81	8667
12124	81	8667
23667	171	19373
12109	81	9049
24049	171	29851
24049	171	20121
9049	14	1570
24049	171	27109
24049	171	27528
20895	171	22254
5895	112	1766
12640	81	5895
20895	171	27640
20895	171	18357
7254	81	5895
19166	171	17622
19166	173	17622
2622	81	7831
2622	81	4166
2622	40	4166
22831	171	17622
9523	81	14683
24116	173	24523
29683	171	24523
9523	40	9116
21608	168	21736
6736	40	6608
6736	53	6608
21608	173	21736
8646	34	8009
14082	34	8009
29082	186	23009
29082	190	23009
23646	190	23009
23646	186	23009
4858	162	6263
1019	34	6263
4858	34	6263
19858	186	21263
13474	34	6263
21632	186	21263
16842	172	17679
16842	172	18197
2679	26	1842
3197	81	1842
3197	26	1842
992	34	4956
15992	186	19956
15992	190	19956
992	34	378
15992	190	15378
14229	81	8317
23317	171	29229
11462	81	8317
23317	171	16363
23317	171	26462
5415	81	8317
22800	168	27382
22800	171	27382
2618	144	7800
12382	81	7800
13457	81	7800
2618	81	7800
6218	34	7553
21218	186	22553
21218	190	22553
20948	172	18055
21277	172	18055
3055	26	5948
21581	187	18055
3055	26	6277
3055	19	6581
4427	34	1492
4427	34	13507
4427	162	1492
19427	186	28507
19427	186	16492
19427	190	28507
29337	190	16587
28759	190	16587
14337	106	1587
13759	106	1587
7302	106	1587
11178	34	3102
14294	34	3102
6520	34	3102
21520	190	18102
26178	190	18102
29294	190	18102
25421	168	17430
25379	168	17430
23343	168	17430
2430	57	10421
2430	53	8343
2430	11	10421
21951	171	29382
6951	112	10984
21951	171	23755
21951	171	16307
21951	171	28864
13864	81	6951
15674	171	18892
674	152	3566
14498	81	674
18566	191	15674
3566	152	674
12937	81	674
10302	112	1766
25302	171	27544
12544	81	10302
25302	184	16766
276	40	14426
29426	168	15276
29426	173	15276
276	53	14426
276	81	43
15043	171	15276
9732	34	12692
9732	34	10324
9732	34	7125
24732	186	27692
24732	190	22125
24732	186	25324
783	152	3538
3538	152	783
783	152	11603
11603	152	783
15783	191	18538
12197	81	783
691	87	11152
15691	165	23316
691	87	8316
15691	165	26152
22176	186	22838
7176	34	7838
22176	190	22838
7176	162	7838
5508	40	9229
17435	168	20508
20862	168	20508
5508	81	10100
25100	171	20508
24229	173	20508
13981	26	5820
9187	26	5820
20820	172	28981
20820	172	24187
1414	81	8695
23695	171	16414
23695	171	15546
546	81	8695
23695	171	18852
15559	172	29620
15559	168	27252
12252	123	559
14620	26	559
559	151	2573
2573	151	559
2039	53	1323
2039	53	13851
22279	171	17039
28020	171	17039
2039	81	7279
16323	168	17039
29660	172	20587
5587	81	8519
5587	81	13347
23519	171	20587
28347	171	20587
5587	26	14660
9930	81	525
15525	171	27346
12346	81	525
15525	171	22105
2475	81	525
7105	81	525
8973	112	5447
23973	171	20381
23973	171	17328
10915	81	8973
14542	81	8973
2328	81	8973
6519	24	13084
21519	190	28084
28087	172	20983
27006	171	20983
5983	26	13087
5983	26	5770
5983	81	12006
22779	171	20983
23534	165	27679
8534	130	12679
8534	18	5131
19654	173	26935
11935	40	4654
2803	19	4654
19654	187	17803
29952	180	22477
16204	184	22477
1204	112	7477
14952	14	7477
1610	35	7477
9442	112	13512
9442	44	13512
24442	175	28512
24442	184	28512
6012	34	14395
21012	186	29395
21012	190	29395
5607	34	1492
4806	34	1492
4427	162	1492
9207	34	1492
4427	34	1492
13625	34	1492
20399	171	24998
13669	81	5399
20399	171	26171
11171	81	5399
20399	171	23377
10066	81	5399
340	81	2852
17852	171	29099
14099	81	2852
17852	171	27625
13043	81	2852
17852	171	16913
29838	173	17942
2942	26	4800
2942	40	14838
19949	171	17942
2942	81	4949
19800	172	17942
22709	190	23651
7709	34	8651
7709	162	8651
16296	171	29832
1370	81	1296
3078	81	1296
14958	81	1296
8472	81	1296
14832	81	1296
1612	34	12156
16612	190	27156
16612	186	27156
1612	112	10736
16612	184	25736
2044	81	13610
2044	81	2999
28610	171	17044
17999	171	17044
14734	81	4608
19608	171	29734
9465	81	4608
19608	171	24465
19608	171	21740
6740	81	4608
3808	40	11412
23093	168	18808
26412	173	18808
3808	81	5601
3808	81	8288
15377	187	18808
29254	165	23410
8410	30	14254
14254	142	8410
14254	51	8410
1185	34	10168
1185	34	12418
16185	186	25168
16185	186	27418
16185	190	25168
16185	190	27418
17668	168	27054
2668	128	7681
14898	40	2668
14898	53	2668
17668	173	27054
12054	53	2668
29671	168	21133
6133	40	14671
6133	81	1302
6133	53	14671
29671	173	21133
16302	171	21133
20348	172	18865
724	26	5348
8513	26	5348
3865	26	5348
20348	172	23513
20348	172	20145
10147	34	13837
10147	34	10963
10147	34	1029
25147	186	25963
25147	190	28837
25147	186	28837
15540	171	27901
14840	81	540
11115	81	540
8869	81	540
15540	171	15566
15540	171	20536
21493	191	28908
28908	191	21493
13908	152	6493
6493	152	13908
465	87	11643
15465	165	26643
13279	53	2254
2254	112	12179
17254	168	28279
17254	171	28279
13279	81	2254
17254	171	15135
20827	173	22750
29368	171	22750
25440	171	22750
7750	144	5827
7750	53	5827
7750	81	10440
16605	171	15270
270	81	1605
8003	81	1605
16605	171	23003
16605	171	16920
7767	81	1605
6683	81	13298
25044	172	21683
28298	171	21683
6683	26	10044
21785	173	21209
6209	40	6785
18768	171	21209
26825	168	21209
28306	171	21209
6209	81	13306
24393	189	29471
9393	13	14471
14471	96	9393
24393	185	23521
3502	56	9393
9393	128	8521
15851	173	18884
16706	172	18884
29421	171	18884
3884	81	14421
3884	40	851
3884	144	7999
4648	34	14894
4648	112	13927
19648	179	28927
19648	186	29894
19648	190	29894
3283	81	9757
5268	81	9757
24757	171	23390
24757	171	18283
24757	171	20268
8390	81	9757
25418	173	29300
14300	144	10418
25418	173	25079
10079	53	10418
25418	173	24341
14300	40	10418
24519	168	22853
7853	40	9519
24519	173	22853
7853	53	9519
7853	144	9519
1649	34	2900
3855	34	2900
18855	190	17900
18855	186	17900
16649	186	17900
16649	190	17900
4285	34	8938
19285	186	23938
1675	34	8938
1675	162	8938
13768	34	8938
14589	34	8938
24287	168	20633
5633	40	9287
5633	81	12893
24287	173	20633
5633	53	9287
5633	26	6180
12977	81	3903
18903	171	27977
7004	34	5923
22004	190	20923
22004	186	20923
909	81	2596
17596	171	15909
3713	81	2596
11750	81	2596
17596	171	26750
17596	171	18713
29281	171	25413
21396	173	25413
10413	40	6396
10413	81	14281
10413	144	6396
10413	81	3011
12380	81	9596
24596	171	27989
12989	81	9596
24596	171	27380
24596	171	17898
24596	171	15735
8811	112	3585
23811	171	27724
13469	81	8811
23811	171	20194
23811	171	16390
12724	81	8811
27222	168	20351
22915	168	20351
5351	11	12222
5351	57	12222
5351	53	12222
5351	48	12222
22738	172	28300
22738	172	25699
13250	26	7738
22738	172	24858
9858	26	7738
10699	26	7738
12166	34	5662
5228	34	5662
20228	190	20662
27166	190	20662
27166	186	20662
20228	186	20662
21221	171	18477
20686	171	18477
3477	81	6221
3477	81	5686
22395	168	28398
13398	40	7395
22395	187	28398
22395	173	28398
13398	38	7395
13398	53	7395
10371	81	13465
10371	81	10732
10371	81	13915
28465	171	25371
10371	40	6389
21389	173	25371
15222	171	28929
13995	81	222
11925	81	222
15222	171	28043
13043	81	222
13929	81	222
14739	19	8494
23494	187	26763
11763	19	8494
23494	187	29739
8018	19	8494
10436	19	8494
10416	34	1305
13866	34	1305
6017	34	1305
9053	34	1305
1633	34	1305
16633	186	16305
1989	144	4667
20305	171	16989
1989	19	807
1989	53	4643
1989	26	8790
1989	19	12454
27393	168	22743
7743	40	3922
7743	81	2301
7743	53	12393
26920	172	22743
7743	26	11920
25303	171	24529
9529	81	469
15469	171	24529
9529	81	10303
9529	120	4
21643	168	29093
21643	168	23287
21643	168	16555
8287	53	6643
14093	53	6643
933	53	6643
8402	34	7014
12737	34	7014
5838	34	7014
13783	34	7014
28783	186	22014
23402	190	22014
8443	81	7981
8443	81	372
15372	171	23443
22981	171	23443
17172	171	23443
8443	81	2172
16368	168	22552
7552	40	1368
7552	53	1368
16368	173	22552
12273	53	8588
23588	168	25094
10094	53	8588
2538	53	8588
23588	168	27273
23588	168	17538
21581	187	28879
21581	187	18055
13879	19	6581
3055	19	6581
11469	19	6581
12331	19	6581
2902	34	7847
17902	186	22847
2902	34	4802
17902	190	22847
17902	186	21129
2902	34	6129
904	34	14806
904	34	10947
15904	186	29806
15904	190	25947
15904	190	29806
15904	186	25947
