12472	34	10449
13985	34	10449
27472	186	25449
28985	186	25449
8268	40	3547
3618	40	3547
18547	173	23268
18547	173	23268
7002	19	807
7002	81	13444
7002	81	2277
7002	81	8150
15807	187	22002
28444	171	22002
17277	171	22002
23150	171	22002
14117	40	5509
5169	40	5509
20509	173	29117
20509	173	20169
7565	34	12459
22565	186	27459
9342	53	4348
8684	53	4348
12734	152	4348
9786	129	4348
19348	168	24342
19348	168	23684
27734	191	19348
19348	168	24786
9764	81	1015
13169	81	1015
14549	81	1015
16015	171	24764
16015	171	28169
16015	171	29549
9643	53	6572
9643	11	12345
21572	168	24643
27345	168	24643
3118	81	4508
3118	81	4937
3118	40	12298
3118	144	12298
19508	171	18118
19937	171	18118
27298	168	18118
27298	173	18118
9277	81	4937
3118	81	4937
19937	171	24277
19937	171	18118
12639	81	9771
12257	81	9771
7072	81	9771
14457	81	9771
24771	171	27639
24771	171	27257
24771	171	22072
24771	171	29457
5052	81	12700
5052	81	7411
5052	81	3254
27700	171	20052
22411	171	20052
18254	171	20052
9562	34	2160
9562	112	3532
24562	186	17160
24562	184	18532
3878	40	9961
6076	81	9961
6249	129	9961
9050	81	9961
24961	168	21249
24961	171	21249
24961	171	21249
24961	171	24050
8370	81	8892
8370	26	4990
23892	171	23370
19990	172	23370
4705	40	3988
18988	168	19705
2369	53	3311
2369	19	1737
18311	168	17369
16737	187	17369
6061	53	12508
6061	11	13938
27508	168	21061
28938	168	21061
5382	34	2433
20382	186	17433
3882	53	5811
14305	53	5811
9744	53	5811
2440	53	5811
13155	53	5811
2666	53	5811
20811	168	24744
20811	168	29305
20811	168	24744
20811	168	17440
20811	168	28155
20811	168	17666
8528	81	8968
12937	81	8968
23968	171	23528
23968	171	27937
7967	53	7296
7967	81	4903
7967	81	13640
22296	168	22967
19903	171	22967
28640	171	22967
2734	34	13630
2734	34	13010
17734	186	28630
17734	186	28010
571	53	12072
27072	168	15571
14659	81	3879
14489	81	3879
6280	81	3879
13643	81	3879
78	81	3879
3879	152	142
14598	81	3879
1919	81	3879
4959	81	3879
9779	81	3879
18879	171	29659
18879	171	29489
18879	171	21280
18879	171	28643
18879	171	15078
18879	191	15142
18879	171	29598
18879	171	16919
18879	171	19959
18879	171	24779
3151	81	6576
3151	40	14420
21576	171	18151
29420	173	18151
4292	43	7885
4292	43	13046
19292	186	22885
19292	186	28046
8676	81	14829
8676	19	2191
8676	144	3535
29829	171	23676
17191	187	23676
18535	173	23676
4409	26	2784
4409	81	14001
17784	172	19409
29001	171	19409
10308	34	12847
10308	34	12779
10308	34	617
25308	186	27847
25308	186	27779
25308	186	15617
14052	87	201
7652	87	201
9168	87	201
29052	165	15201
22652	165	15201
22652	165	15201
914	106	7934
6328	106	7934
13959	34	7934
24821	190	22934
21328	190	22934
28959	190	22934
2128	34	3039
12353	34	3039
17128	186	18039
27353	186	18039
12004	53	5295
1361	53	5295
14312	53	5295
8605	53	5295
13093	53	5295
4962	53	5295
20295	168	27004
20295	168	16361
20295	168	29312
20295	168	23605
20295	168	28093
20295	168	19962
3243	81	892
3243	81	12087
15892	171	18243
27087	171	18243
5535	81	12409
5535	81	7239
5535	19	3683
5535	81	4487
27409	171	20535
22239	171	20535
18683	187	20535
19487	171	20535
1675	34	604
1675	34	12867
1675	34	14314
1675	34	8938
16675	186	15604
16675	186	27867
16675	186	29314
16675	186	23938
2931	26	3403
18403	172	17931
7127	34	1576
7127	112	616
7127	34	5545
7127	34	2459
22127	186	17459
22127	184	15616
22127	186	20545
22127	186	17459
8033	53	3187
6754	53	3187
4444	53	3187
159	53	3187
14706	53	3187
18187	168	21754
18187	168	15159
18187	168	19444
18187	168	15159
18187	168	29706
4850	81	7981
4850	81	12726
22981	171	19850
27726	171	19850
1594	112	5184
1594	34	12115
16594	184	20184
16594	186	27115
359	112	198
359	34	6707
359	34	6062
15359	184	15198
15359	186	21707
15359	186	21062
7978	40	10294
7978	144	10294
25294	168	22978
25294	173	22978
12257	81	4184
4088	81	4184
14860	81	4184
3207	81	4184
6163	81	4184
14498	81	4184
19184	171	27257
19184	171	19088
19184	171	29860
19184	171	21163
19184	171	21163
19184	171	29498
5855	81	7670
3987	81	7670
12519	81	7670
6461	81	7670
22670	171	20855
22670	171	18987
22670	171	27519
22670	171	21461
12467	146	7065
27467	192	22065
9792	81	2075
14193	81	2075
6817	81	2075
12125	81	2075
4638	81	2075
4215	40	2075
17075	173	19638
17075	171	29193
17075	171	21817
17075	171	27125
17075	173	19638
17075	173	19215
12988	40	6689
21689	173	27988
8268	53	13384
8268	40	3547
28384	168	23268
18547	173	23268
10145	81	5846
20846	171	25145
1633	34	2187
1633	34	1305
16633	186	17187
16633	186	16305
1034	81	13610
28610	171	16034
3438	144	7090
3438	81	12296
3438	53	1323
3438	26	2155
3438	53	13851
3438	19	1795
16323	168	18438
27296	171	18438
16323	168	18438
17155	172	18438
28851	168	18438
16795	187	18438
992	34	4956
12970	34	4956
15992	186	19956
27970	186	19956
13286	81	9304
6566	81	9304
24304	171	28286
24304	171	21566
6472	40	2750
17750	168	21472
2952	81	9120
2952	26	3258
24120	171	17952
18258	172	17952
667	14	12500
15667	180	27500
3637	11	12771
27771	168	18637
1344	87	2202
585	87	2202
13222	87	2202
3734	87	2202
18734	165	17202
18734	165	17202
28222	165	17202
18734	165	17202
6106	40	5284
6106	81	12113
20284	173	21106
27113	171	21106
10407	40	2995
10407	53	3135
17995	173	25407
18135	168	25407
182	81	1984
182	81	1235
182	81	4252
16984	171	15182
16235	171	15182
16235	171	15182
10389	53	2899
10389	81	8400
10389	40	851
17899	168	25389
23400	171	25389
15851	173	25389
261	70	10336
25336	174	15261
10316	112	6272
10316	34	12646
25316	184	21272
25316	186	27646
14676	81	215
13018	81	215
15215	171	29676
15215	171	28018
4533	81	9476
4533	26	10044
4533	81	6233
24476	171	19533
25044	172	19533
21233	171	19533
1871	34	2433
5382	34	2433
16871	186	17433
20382	186	17433
3228	34	15
3228	34	2498
18228	186	15015
18228	186	17498
7840	81	1127
5831	81	1127
10289	81	1127
730	81	1127
16127	171	22840
16127	171	20831
16127	171	25289
16127	171	15730
2911	11	12265
2911	53	13646
27265	168	17911
28646	168	17911
1367	123	13639
28639	168	16367
5171	26	4730
9333	26	4730
1828	26	4730
6660	26	4730
545	26	4730
13377	26	4730
656	26	4730
3448	26	4730
4701	26	4730
14187	26	4730
3414	26	4730
6629	26	4730
19730	172	15656
19730	172	24333
19730	172	16828
19730	172	21660
19730	172	15545
19730	172	28377
19730	172	15656
19730	172	18448
19730	172	19701
19730	172	29187
19730	172	18414
19730	172	21629
8649	112	1121
12920	14	1121
5422	112	1121
1574	14	1121
118	112	1121
2671	112	1121
7868	112	1121
925	112	1121
10383	112	1121
13082	112	1121
15118	184	16121
27920	180	16121
20422	184	16121
16574	180	16121
15118	184	16121
17671	184	16121
15118	184	16121
15118	184	16121
15118	184	16121
28082	184	16121
3324	81	13618
3324	81	736
3324	81	783
3324	81	3538
28618	171	18324
15736	171	18324
15783	171	18324
18538	171	18324
4701	53	14705
4701	81	8814
4701	81	4166
4701	81	8076
4701	40	12335
4701	81	13610
4701	26	4730
29705	168	19701
23814	171	19701
19166	171	19701
23076	171	19701
27335	173	19701
28610	171	19701
19730	172	19701
3296	81	12700
3296	19	3888
3296	81	8359
27700	171	18296
18888	187	18296
23359	171	18296
12595	81	6877
10095	81	6877
21877	171	27595
21877	171	25095
561	26	3040
13846	26	3040
686	26	3040
18040	172	15561
18040	172	28846
18040	172	15686
900	34	13010
900	34	12706
15900	186	28010
15900	186	27706
10222	81	2635
10222	19	2380
10222	40	6841
10222	53	2927
17635	171	25222
17380	187	25222
21841	173	25222
17927	168	25222
12954	11	6743
21743	168	27954
3571	26	1083
3571	81	6386
16083	172	18571
21386	171	18571
8868	53	12484
27484	168	23868
8890	53	12827
27827	168	23890
13210	112	7528
28210	184	22528
3293	81	10295
3293	81	12791
3293	26	13653
25295	171	18293
27791	171	18293
28653	172	18293
4467	161	13927
19467	169	28927
2167	40	12588
2167	19	104
27588	173	17167
15104	187	17167
1467	26	9077
1467	81	6406
24077	173	16467
21406	171	16467
1207	87	9955
16207	165	24955
932	81	6029
932	53	14541
21029	171	15932
29541	168	15932
4044	40	4561
4044	81	1514
4044	81	490
19561	173	19044
16514	171	19044
16514	171	19044
7899	53	7889
10218	81	7889
22889	168	22899
22889	171	25218
1688	96	2623
14505	96	2623
17623	189	16688
17623	189	29505
5069	53	14908
29908	168	20069
7127	112	616
22127	184	15616
1810	81	10440
1810	81	6344
1810	26	12688
1810	19	3327
1810	81	10243
1810	40	9242
25440	171	16810
21344	171	16810
27688	172	16810
18327	187	16810
25243	171	16810
24242	168	16810
6770	40	14426
29426	168	21770
207	81	7192
207	81	7375
207	81	7022
22192	171	15207
22375	171	15207
22022	171	15207
4769	81	6508
21508	171	19769
7828	81	2427
7828	81	3149
17427	171	22828
18149	171	22828
5666	89	14517
29517	168	20666
3758	81	4093
3758	81	514
19093	171	18758
15514	171	18758
2562	81	980
2562	81	13792
2562	81	7771
2562	19	134
2562	81	14042
15980	171	17562
28792	171	17562
22771	171	17562
15134	187	17562
29042	171	17562
1203	146	1280
1203	146	7933
16203	192	16280
16203	192	16280
10033	81	8928
23928	171	25033
3282	81	9994
24994	171	18282
12904	81	1645
13949	81	1645
9852	81	1645
9692	81	1645
3575	81	1645
9730	81	1645
16645	171	27904
16645	171	28949
16645	171	24852
16645	171	24692
16645	171	18575
16645	171	24730
410	19	4353
410	40	4353
19353	173	15410
19353	168	15410
7345	53	4242
19242	168	22345
13816	152	10429
25429	191	28816
9544	19	3815
14752	19	3815
13643	19	3815
2204	19	3815
6527	19	3815
2343	19	3815
2410	19	3815
18815	187	21527
18815	187	29752
18815	187	28643
18815	187	17204
18815	187	21527
18815	187	17343
18815	187	17410
13874	116	209
7919	116	209
5003	53	209
9295	53	209
15209	168	28874
15209	168	24295
15209	168	20003
15209	168	24295
2071	81	2094
2071	40	10018
2071	26	1706
17094	171	17071
25018	173	17071
16706	172	17071
12769	53	7559
2115	53	7559
7870	53	7559
22559	168	27769
22559	168	22870
22559	168	22870
1698	81	423
1698	81	5397
15423	171	16698
20397	171	16698
14483	81	7325
673	81	7325
22325	171	29483
22325	171	15673
14624	81	7128
13314	81	7128
2029	81	7128
811	81	7128
22128	171	29624
22128	171	28314
22128	171	17029
22128	171	17029
6137	144	6252
14344	40	6252
3627	144	6252
3357	40	6252
324	144	6252
12282	40	6252
21252	173	21137
21252	173	29344
21252	173	18627
21252	173	18357
21252	173	18357
21252	173	27282
1673	53	7016
1673	53	12960
22016	168	16673
27960	168	16673
8920	81	5370
20370	171	23920
14192	53	6449
13791	53	6449
21449	168	29192
21449	168	28791
8722	81	9020
24020	171	23722
13125	11	732
7606	11	732
15732	168	28125
15732	168	22606
1373	34	7836
1373	112	9238
16373	186	22836
16373	184	24238
4615	81	4696
4615	53	5824
4615	26	5566
19696	171	19615
20824	168	19615
20566	172	19615
12863	26	4568
5466	26	4568
19568	172	27863
19568	172	20466
8977	81	3537
8977	81	9997
8977	26	8542
8977	26	6562
8977	81	12917
8977	81	13330
18537	171	23977
24997	171	23977
23542	172	23977
21562	172	23977
27917	171	23977
28330	171	23977
7998	87	4003
7998	87	949
22998	165	19003
22998	165	19003
2204	81	13247
2204	81	3563
2204	19	3815
2204	81	4062
28247	171	17204
18563	171	17204
18815	187	17204
19062	171	17204
4168	26	14500
4168	81	7944
4168	81	9306
29500	172	19168
22944	171	19168
24306	171	19168
9122	112	2763
9122	34	5378
24122	184	17763
24122	186	20378
9572	53	12837
27837	168	24572
12871	4	5281
2921	53	5281
20281	168	27871
20281	168	17921
2836	81	5846
13286	81	5846
10145	81	5846
9418	81	5846
20846	171	17836
20846	171	28286
20846	171	25145
20846	171	24418
4712	53	1882
4712	26	7058
4712	81	6318
16882	168	19712
22058	172	19712
21318	171	19712
7011	11	14681
29681	168	22011
449	53	2814
1700	53	2814
6273	53	2814
5286	53	2814
6653	53	2814
4444	53	2814
17814	168	21653
17814	168	16700
17814	168	21273
17814	168	16700
17814	168	21653
17814	168	19444
1616	81	9883
7585	81	9883
13560	81	9883
7822	81	9883
24883	171	16616
24883	171	22585
24883	171	28560
24883	171	22822
4429	112	14802
6459	40	4429
909	40	4429
981	40	4429
19429	184	29802
19429	173	21459
19429	173	15909
19429	173	15981
8593	81	3132
8587	81	3132
9283	81	3132
278	81	3132
18132	171	23593
18132	171	23587
18132	171	24283
18132	171	15278
4790	34	4934
19790	186	19934
5673	40	3517
7497	53	3517
18517	173	20673
18517	173	20673
12751	86	9064
3553	86	9064
14466	87	9064
27751	165	24064
18553	165	24064
29466	165	24064
9454	14	4157
3999	40	9454
24454	180	19157
24454	173	18999
10450	123	14717
29717	168	25450
12510	81	10039
644	81	10039
5150	81	10039
10214	81	10039
25039	171	27510
25039	171	15644
25039	171	20150
25039	171	25214
9657	81	431
4992	81	431
4899	81	431
14542	81	431
15431	171	24657
15431	171	19992
15431	171	19899
15431	171	29542
3859	53	10080
25080	168	18859
13128	11	1974
16974	168	28128
8241	34	422
23241	190	15422
13814	44	6915
5014	112	6915
28814	175	21915
20014	184	21915
6323	81	8150
7475	81	8150
7002	81	8150
23150	171	21323
23150	171	22475
23150	171	22002
1209	81	5537
1209	81	1488
1209	81	14048
1209	81	12350
1209	81	13727
1209	40	13098
20537	171	16209
16488	171	16209
29048	171	16209
27350	171	16209
28727	171	16209
28098	173	16209
9472	11	978
9472	53	606
9472	53	1177
9472	53	10143
25143	168	24472
25143	168	24472
16177	168	24472
25143	168	24472
1989	53	4643
19643	168	16989
2165	81	7523
2165	81	973
2165	81	7246
22523	171	17165
15973	171	17165
22246	171	17165
682	34	6764
15682	186	21764
2411	81	12793
2411	81	7151
27793	171	17411
22151	171	17411
1490	40	13146
28146	173	16490
1580	11	14661
29661	168	16580
8121	81	7192
22192	171	23121
9664	81	13440
9664	26	10240
9664	81	6233
9664	81	4997
28440	171	24664
25240	172	24664
21233	171	24664
19997	171	24664
9189	19	299
9189	144	2214
9189	81	9916
9189	81	4591
9189	81	5367
15299	187	24189
17214	173	24189
24916	171	24189
19591	171	24189
20367	171	24189
5313	97	13663
5313	81	4747
5313	81	12693
28663	168	20313
19747	171	20313
27693	171	20313
12104	53	8181
23181	168	27104
8857	81	14918
29918	171	23857
3916	34	10391
7378	34	10391
13462	34	10391
1136	34	10391
18916	186	25391
22378	186	25391
28462	186	25391
18916	186	25391
457	34	1929
1126	34	1929
24460	186	16929
16126	186	16929
4409	26	2784
9363	26	2784
12952	26	2784
1947	26	2784
9725	26	2784
3712	26	2784
703	26	2784
7155	26	2784
5668	26	2784
8098	26	2784
17784	172	19409
17784	172	24363
17784	172	27952
17784	172	16947
17784	172	22155
17784	172	22155
17784	172	15703
17784	172	22155
17784	172	22155
17784	172	23098
2952	81	9120
9120	152	14663
24120	171	17952
24120	191	29663
68	81	2091
2409	81	2091
6000	81	2091
7390	81	2091
1454	81	2091
13443	81	2091
17091	171	15068
17091	171	17409
17091	171	21000
17091	171	22390
17091	171	16454
17091	171	28443
1868	34	7836
14104	34	7836
1373	34	7836
6925	162	7836
16373	186	22836
29104	186	22836
16373	186	22836
16373	186	22836
7398	11	5975
20975	168	22398
1383	11	6261
12240	11	6261
9707	11	6261
5270	11	6261
13274	11	6261
21261	168	24707
21261	168	27240
21261	168	24707
21261	168	20270
21261	168	28274
1656	65	4927
4927	86	3284
19927	188	16656
19927	165	18284
9893	81	14996
29996	171	24893
609	19	4217
609	81	14095
19217	187	15609
29095	171	15609
6024	26	14436
6024	53	4149
29436	172	21024
19149	168	21024
7303	34	13152
7303	34	14806
22303	186	28152
22303	186	29806
7777	81	4136
7777	19	308
7777	40	10497
19136	171	22777
15308	187	22777
25497	173	22777
1046	34	7817
1046	34	14486
1046	34	5802
16046	186	20802
16046	186	29486
16046	186	20802
12116	19	1189
10203	19	1189
16189	187	27116
16189	187	25203
3455	53	3000
3455	53	5862
18000	168	18455
20862	168	18455
3500	53	7298
5879	11	7298
14584	53	7298
14085	53	7298
22298	168	18500
22298	168	20879
22298	168	29584
22298	168	29085
3675	81	13465
3675	81	1151
3675	26	6837
3675	19	4141
28465	171	18675
16151	171	18675
21837	172	18675
19141	187	18675
3565	34	6790
13964	34	6790
166	34	6790
4882	34	6790
13826	34	6790
413	34	6790
7566	34	6790
9902	34	6790
14021	34	6790
5071	34	6790
6745	34	6790
5638	34	6790
3934	34	6790
5783	34	6790
1900	34	6790
6186	34	6790
3114	34	6790
13738	34	6790
2336	34	6790
894	34	6790
16	34	6790
21745	186	21790
28964	186	21790
21745	186	21790
20638	186	21790
28826	186	21790
15413	186	21790
22566	186	21790
24902	186	21790
29021	186	21790
21745	186	21790
21745	186	21790
20638	186	21790
21745	186	21790
20783	186	21790
20638	186	21790
21186	186	21790
18114	186	21790
28738	186	21790
17336	186	21790
15894	186	21790
17336	186	21790
6687	53	9383
14950	81	9383
8333	81	9383
14114	53	9383
24383	168	21687
24383	171	29950
24383	171	23333
24383	168	29114
6425	34	7125
21425	186	22125
14136	123	210
15210	168	29136
1593	53	7016
1593	11	911
22016	168	16593
15911	168	16593
6660	81	6576
1828	81	6576
258	81	6576
3716	81	6576
14905	81	6576
6120	81	6576
656	81	6576
12736	81	6576
14819	81	6576
7718	81	6576
5206	96	6576
3151	81	6576
6453	81	6576
21576	171	21660
21576	171	16828
21576	171	21660
21576	171	18716
21576	171	29905
21576	171	21120
21576	171	15656
21576	171	27736
21576	171	29819
21576	171	22718
21576	189	20206
21576	171	18151
21576	171	21453
12777	81	2383
8475	81	2383
5775	81	2383
17383	171	27777
17383	171	23475
17383	171	20775
4232	81	7313
4232	40	6785
4232	81	9723
4232	81	4487
4232	26	3087
4232	81	13306
22313	171	19232
21785	173	19232
24723	171	19232
19487	171	19232
18087	172	19232
28306	171	19232
9616	34	10212
13763	34	10212
12173	34	10212
24616	186	25212
28763	186	25212
27173	186	25212
8298	87	12432
8298	87	12121
23298	165	27432
23298	165	27121
6664	34	2614
8653	162	2614
8992	34	2614
8843	34	2614
8059	34	2614
6382	34	2614
2518	34	2614
6974	34	2614
303	34	2614
5781	34	2614
23843	186	17614
23843	186	17614
23992	186	17614
23843	186	17614
23059	186	17614
21382	186	17614
17518	186	17614
21974	186	17614
15303	186	17614
20781	186	17614
10225	34	4600
10225	34	9075
25225	186	19600
25225	186	24075
3196	11	1342
16342	168	18196
14358	81	4165
8418	81	4165
19165	171	29358
19165	171	23418
6446	81	6111
6446	81	9542
21111	171	21446
24542	171	21446
3096	81	12986
3096	81	13410
3096	53	9782
27986	171	18096
28410	171	18096
24782	168	18096
493	34	1669
14109	34	1669
402	34	1669
15493	186	16669
29109	186	16669
15402	186	16669
13311	40	5864
9875	40	5864
14132	40	5864
3281	40	5864
20864	173	28311
20864	173	24875
20864	173	29132
20864	173	18281
5860	81	10440
5860	19	219
5860	81	5991
5860	81	12914
25440	171	20860
15219	187	20860
20991	171	20860
27914	171	20860
10012	26	12680
10012	81	4136
10012	81	12384
27680	172	25012
19136	171	25012
27384	171	25012
6447	40	8974
6447	81	7354
23974	173	21447
22354	171	21447
8325	34	8240
13210	34	8240
23325	186	23240
28210	186	23240
128	34	9836
128	34	3531
15128	186	24836
15128	186	18531
12187	81	3029
18029	171	27187
7024	40	14740
7024	81	4686
7024	81	565
7024	26	1706
29740	173	22024
19686	171	22024
15565	171	22024
16706	172	22024
3451	71	14479
18451	165	29479
14913	81	5305
1129	81	5305
1989	81	5305
13006	81	5305
10284	81	5305
6051	81	5305
20305	171	29913
20305	171	16129
20305	171	16989
20305	171	28006
20305	171	25284
20305	171	21051
12785	11	7775
7775	151	1362
22775	168	27785
16362	191	22775
5319	34	9939
20319	186	24939
10436	40	2995
10407	40	2995
17995	173	25436
17995	173	25407
3133	123	13708
28708	168	18133
1968	34	5679
1968	34	13221
16968	186	20679
16968	186	28221
8147	81	12493
8147	81	9074
27493	171	23147
24074	171	23147
3640	26	1564
16564	172	18640
14390	26	1718
14459	97	1718
10202	26	1718
16718	172	29390
16718	168	29459
16718	172	25202
1108	11	1958
5821	11	1958
13166	11	1958
300	81	1958
316	81	1958
13843	81	1958
16958	168	20821
16958	168	20821
16958	168	28166
16958	171	15300
16958	171	15316
16958	171	28843
5312	81	14318
5312	26	7625
5312	144	6150
29318	171	20312
22625	172	20312
21150	173	20312
815	81	8783
815	81	8438
23783	171	15815
23438	171	15815
10013	81	4672
19672	171	25013
10062	81	6945
21945	171	25062
6995	11	8118
6995	53	5468
20468	168	21995
20468	168	21995
9417	53	4084
9417	81	4084
14192	81	4084
13791	81	4084
12183	81	4084
14282	81	4084
14282	53	4084
19084	168	24417
19084	171	24417
19084	171	29192
19084	171	28791
19084	171	27183
19084	171	29282
19084	168	29282
1859	81	13863
1859	81	1187
28863	171	16859
16187	171	16859
2231	19	12454
2231	81	7437
2231	26	13051
27454	187	17231
22437	171	17231
28051	172	17231
4210	81	14720
4210	40	412
29720	171	19210
15412	173	19210
3216	152	411
6715	40	411
14749	40	411
5701	40	411
6661	40	411
14814	40	411
14023	40	411
15411	191	18216
15411	168	21715
15411	173	29749
15411	168	21715
15411	168	21715
15411	173	29814
15411	173	29023
5318	34	5806
5318	34	5506
20318	186	20806
20318	186	20506
4843	26	1971
4843	53	12953
4843	81	3085
4843	120	6141
4843	81	3538
16971	172	19843
27953	168	19843
18085	171	19843
18085	171	19843
18538	171	19843
9514	34	10378
24514	186	25378
4810	26	12908
4810	81	3091
4810	81	2277
4810	81	14042
27908	172	19810
18091	171	19810
17277	171	19810
29042	171	19810
1734	116	4724
1734	116	3745
19724	168	16734
19724	168	16734
9456	34	12579
9456	34	997
9456	34	7570
9456	34	9754
24456	186	27579
24456	186	15997
24456	186	22570
24456	186	24754
12741	34	9371
2977	34	9371
9974	34	9371
27741	186	24371
17977	186	24371
24974	186	24371
6086	53	14215
29215	168	21086
8600	53	9335
8600	81	14853
24335	168	23600
29853	171	23600
8442	34	9817
23442	186	24817
4637	81	12073
4637	26	12691
4637	81	7519
27073	171	19637
27691	172	19637
22519	171	19637
4298	81	587
4298	81	14496
4298	81	8523
15587	171	19298
29496	171	19298
23523	171	19298
14316	81	9031
1547	81	9031
24031	171	29316
24031	171	16547
5660	40	12277
5660	53	3406
27277	168	20660
18406	168	20660
5687	26	4800
5687	81	14437
19800	172	20687
29437	171	20687
6869	144	8364
6869	26	14666
23364	173	21869
29666	172	21869
12752	53	2120
12364	53	2120
4183	53	2120
17120	168	27752
17120	168	27364
17120	168	19183
6328	106	4313
6328	106	7934
21328	190	19313
21328	190	22934
1390	81	8811
1390	40	12650
23811	171	16390
27650	173	16390
9619	81	8540
9619	26	7149
23540	171	24619
22149	172	24619
9920	53	7731
9920	26	4901
9920	81	706
22731	168	24920
19901	172	24920
15706	171	24920
4375	40	12976
4375	81	7123
27976	173	19375
22123	171	19375
4158	40	2292
4158	97	5688
17292	173	19158
20688	168	19158
474	81	2143
474	81	5367
17143	171	15474
20367	171	15474
12622	144	6828
12622	40	6828
1966	81	6828
8444	81	6828
10268	81	6828
1714	81	6828
21828	173	27622
21828	187	27622
21828	171	16966
21828	171	23444
21828	171	25268
21828	171	23444
7961	81	144
621	81	144
10486	81	144
14350	81	144
302	81	144
12471	81	144
15144	171	22961
15144	171	15621
15144	171	25486
15144	171	29350
15144	171	15302
15144	171	27471
5048	81	1198
16198	171	20048
9465	81	4281
10061	81	4281
1324	81	4281
12423	81	4281
4989	81	4281
9154	81	4281
10090	81	4281
19281	171	24465
19281	171	25061
19281	171	16324
19281	171	27423
19281	171	16324
19281	171	16324
19281	171	25090
1250	81	3322
2488	81	3322
2786	81	3322
3317	81	3322
14786	81	3322
18322	171	16250
18322	171	17488
18322	171	17786
18322	171	18317
18322	171	29786
14931	152	3616
6760	81	3616
2744	81	3616
2107	81	3616
13091	81	3616
29931	191	18616
18616	171	21760
18616	171	17744
18616	171	17107
18616	171	28091
14416	112	9602
29416	184	24602
1782	112	3557
8274	112	3557
16782	184	18557
23274	184	18557
1063	19	7841
1063	81	2553
1063	81	5370
22841	187	16063
17553	171	16063
20370	171	16063
5720	81	3676
5720	81	2444
5720	81	13463
18676	171	20720
17444	171	20720
28463	171	20720
6759	81	10444
6759	81	12797
25444	171	21759
27797	171	21759
3266	53	6228
3266	26	7625
21228	168	18266
22625	172	18266
14508	123	7976
2245	123	7976
22976	168	29508
22976	168	17245
2790	19	12359
2790	81	3278
2790	26	6590
27359	187	17790
18278	171	17790
21590	172	17790
13951	26	7815
22815	172	28951
7713	34	4647
22713	186	19647
12781	34	8947
12466	34	8947
27781	186	23947
27466	186	23947
4708	81	256
2855	81	256
12622	81	256
15256	171	19708
15256	171	17855
15256	171	27622
8450	35	14163
9597	34	8450
3887	34	8450
8975	34	8450
8484	34	8450
2847	34	8450
13539	34	8450
2838	34	8450
23450	165	29163
24597	186	23450
18887	186	23450
23975	186	23450
24597	186	23450
24597	186	23450
28539	186	23450
24597	186	23450
14461	34	6147
14121	34	6147
29461	186	21147
29121	186	21147
4267	87	3641
3641	87	12036
12913	87	3641
2503	87	3641
17503	165	18641
18641	165	27036
27913	165	18641
17503	165	18641
6144	81	7409
3213	81	7409
5150	81	7409
14023	81	7409
7554	81	7409
3347	81	7409
12842	81	7409
22409	171	21144
22409	171	18213
22409	171	20150
22409	171	29023
22409	171	18213
22409	171	18347
22409	171	27842
7922	53	9444
24444	168	22922
8285	53	2214
8285	53	3135
8285	81	10042
17214	168	23285
18135	168	23285
25042	171	23285
4175	26	1487
4175	53	14596
4175	81	3694
4175	81	3802
16487	172	19175
29596	168	19175
18694	171	19175
18802	171	19175
1869	81	4672
1869	40	2547
1869	81	4222
19672	171	16869
17547	173	16869
19222	171	16869
4952	81	6222
6336	81	6222
3624	81	6222
14845	81	6222
5119	81	6222
14503	81	6222
1426	81	6222
21222	171	19952
21222	171	21336
21222	171	18624
21222	171	29845
21222	171	20119
21222	171	29503
21222	171	16426
2786	81	12355
2786	81	7375
2786	81	3322
27355	171	17786
22375	171	17786
18322	171	17786
13585	40	1723
7902	40	1723
16723	173	28585
16723	173	22902
9355	81	9508
9355	81	10093
24508	171	24355
25093	171	24355
1091	81	13095
1091	40	8149
28095	171	16091
23149	173	16091
13977	81	220
12502	81	220
8940	81	220
10239	81	220
8693	81	220
15220	171	28977
15220	171	27502
15220	171	23940
15220	171	25239
15220	171	23693
8761	32	13486
23761	165	28486
5349	34	7553
5349	34	7986
20349	186	22553
20349	186	22986
2177	81	4161
2177	81	5370
19161	171	17177
20370	171	17177
13877	26	2193
14336	26	2193
13552	26	2193
6551	26	2193
17193	172	28877
17193	172	29336
17193	172	28552
17193	172	21551
2633	34	13487
2633	112	8226
17633	186	28487
17633	184	23226
7730	81	14181
7730	81	2934
29181	171	22730
17934	171	22730
8031	19	3327
3481	19	3327
8738	19	3327
5381	19	3327
1810	19	3327
18327	187	20381
18327	187	18481
18327	187	23738
18327	187	20381
18327	187	16810
644	81	8671
644	81	10039
23671	171	15644
25039	171	15644
14493	81	9800
7760	81	9800
7337	81	9800
14634	81	9800
24800	171	29493
24800	171	22760
24800	171	22337
24800	171	29634
8003	102	4863
8003	40	4863
8003	81	3241
8003	81	1605
19863	173	23003
19863	168	23003
18241	171	23003
16605	171	23003
6173	34	9503
21173	186	24503
12721	81	3109
6206	81	3109
12992	81	3109
12584	81	3109
1462	81	3109
8654	81	3109
12238	81	3109
12396	81	3109
13527	81	3109
13861	81	3109
7938	81	3109
18109	171	27721
18109	171	16462
18109	171	27992
18109	171	27584
18109	171	16462
18109	171	23654
18109	171	27238
18109	171	27396
18109	171	28527
18109	171	28861
18109	171	22938
8192	53	681
4957	53	681
2150	53	681
15681	168	19957
15681	168	19957
15681	168	19957
13229	53	734
15734	168	28229
1541	81	7928
1541	81	13545
1541	81	13901
22928	171	16541
28545	171	16541
28901	171	16541
5388	26	5376
2263	26	5376
9607	26	5376
5982	26	5376
20376	172	20388
20376	172	17263
20376	172	24607
20376	172	20982
13835	34	800
8082	34	800
28835	186	15800
23082	186	15800
14060	152	3644
18644	191	29060
6779	81	5686
20686	171	21779
4221	81	14600
4221	26	727
29600	171	19221
15727	172	19221
10122	34	9084
10122	112	14708
25122	186	24084
25122	184	29708
12510	19	2537
17537	187	27510
3114	34	499
3114	112	4827
3114	34	6790
18114	186	15499
18114	184	19827
18114	186	21790
8197	34	151
23197	186	15151
1298	34	8675
16298	186	23675
1721	86	6457
1721	86	14331
16721	165	21457
16721	165	29331
65	26	14500
65	81	766
29500	172	15065
15766	171	15065
13577	53	6752
9854	53	6752
3423	53	6752
9095	53	6752
8421	53	6752
21752	168	28577
21752	168	24854
21752	168	18423
21752	168	24095
21752	168	23421
5238	11	2745
3874	11	2745
3717	11	2745
14039	11	2745
9501	11	2745
4354	11	2745
17745	168	19354
17745	168	19354
17745	168	19354
17745	168	29039
17745	168	19354
17745	168	19354
4150	112	12562
19150	184	27562
14569	53	9055
24055	168	29569
8184	81	2962
2475	81	2962
286	81	2962
4469	81	2962
14198	81	2962
4709	81	2962
17962	171	23184
17962	171	17475
17962	171	15286
17962	171	17475
17962	171	29198
17962	171	19709
2725	86	13236
17725	165	28236
9037	34	9412
7783	34	9412
21526	186	24412
22783	186	24412
12183	40	4319
13791	40	4319
14282	40	4319
19319	173	27183
19319	173	28791
19319	173	29282
14845	81	619
13361	81	619
15619	171	29845
15619	171	28361
14690	144	8776
3336	40	8776
7945	40	8776
8422	81	8776
23776	173	29690
23776	173	18336
23776	173	22945
23776	171	23422
2697	34	14431
2697	34	10105
2697	34	2131
2697	112	6422
17697	186	29431
17697	186	25105
17697	186	17131
17697	184	21422
3140	81	7981
4536	81	7981
13650	81	7981
14986	81	7981
8443	81	7981
6558	81	7981
4763	81	7981
1991	81	7981
13215	81	7981
8261	81	7981
4850	81	7981
22981	171	18140
22981	171	23261
22981	171	28650
22981	171	29986
22981	171	23443
22981	171	21558
22981	171	19850
22981	171	19536
22981	171	28215
22981	171	23261
22981	171	19850
1646	53	12052
1646	81	4420
1646	81	4062
1646	81	12350
1646	81	614
27052	168	16646
19420	171	16646
19062	171	16646
27350	171	16646
15614	171	16646
7445	34	2470
12990	34	2470
22445	186	17470
27990	186	17470
640	81	9319
10112	81	9319
6120	81	9319
7000	81	9319
7544	81	9319
12896	81	9319
7079	81	9319
7583	81	9319
4639	81	9319
5077	81	9319
24319	171	15640
24319	171	25112
24319	171	21120
24319	171	22000
24319	171	22544
24319	171	27896
24319	171	22079
24319	171	22583
24319	171	19639
24319	171	20077
14804	81	3473
3881	81	3473
10064	81	3473
6912	81	3473
14988	81	3473
9903	81	3473
670	81	3473
18473	171	29804
18473	171	18881
18473	171	25064
18473	171	21912
18473	171	29988
18473	171	24903
18473	171	21912
579	81	8047
23047	171	15579
7995	26	7451
2089	26	7451
22451	172	22995
22451	172	17089
9068	81	9660
24660	171	24068
6415	34	5499
6415	34	12338
21415	186	20499
21415	186	27338
6977	34	10117
406	34	10117
15406	186	25117
15406	186	25117
9778	40	14759
9778	26	14759
9778	81	13926
9778	81	6878
9778	81	2542
29759	168	24778
29759	173	24778
28926	171	24778
21878	171	24778
17542	171	24778
8625	11	14460
29460	168	23625
6237	40	9413
6237	81	5167
6237	81	5562
20562	171	21237
20167	171	21237
20562	171	21237
14396	152	3818
3818	59	7019
12519	40	3818
8074	53	3818
29396	191	18818
18818	174	22019
18818	168	27519
18818	168	23074
13121	87	5483
28121	165	20483
7945	40	8776
7945	19	5654
7945	40	10418
23776	173	22945
20654	187	22945
25418	173	22945
14915	19	4587
71	19	4587
8714	19	4587
19587	187	29915
19587	187	23714
19587	187	23714
946	81	6964
3540	81	6964
5425	81	6964
7181	81	6964
14898	81	6964
4295	81	6964
5967	81	6964
14087	81	6964
5381	81	6964
2034	81	6964
21964	171	15946
21964	171	18540
21964	171	20425
21964	171	22181
21964	171	29898
21964	171	19295
21964	171	20967
21964	173	29087
21964	171	20381
21964	173	17034
5049	81	4886
14703	81	4886
5553	81	4886
10486	81	4886
19886	171	20049
19886	171	29703
19886	171	20553
19886	171	25486
7404	144	8942
13439	144	8942
9812	40	8942
14266	144	8942
23942	173	24812
23942	173	28439
23942	173	24812
23942	173	29266
1790	152	13075
10133	81	1790
16790	191	28075
16790	171	25133
2449	81	9660
744	81	9660
12603	81	9660
94	81	9660
9068	81	9660
127	81	9660
24660	171	17449
24660	171	15094
24660	171	27603
24660	171	15094
24660	171	24068
24660	171	15127
943	81	12644
943	81	4693
27644	171	15943
19693	171	15943
8746	81	7635
22635	171	23746
145	14	498
15145	180	15498
5825	70	12503
27503	174	20825
12609	53	10018
5816	53	10018
6781	40	10018
6006	53	10018
1980	40	10018
2071	40	10018
25018	168	27609
25018	168	20816
25018	173	21781
25018	168	21006
25018	173	16980
25018	173	17071
1828	19	6672
10056	19	6672
5992	19	6672
2134	19	6672
21672	187	16828
21672	187	25056
21672	187	20992
21672	187	17134
1118	81	7823
1118	53	6578
22823	171	16118
21578	168	16118
4059	81	9125
4059	81	12763
24125	171	19059
27763	171	19059
1518	34	10092
16518	186	25092
5855	81	4423
3748	81	4423
797	81	4423
13034	81	4423
19423	171	20855
19423	171	18748
19423	171	15797
19423	171	28034
3492	81	3694
676	81	3694
7443	81	3694
889	81	3694
2137	81	3694
4635	81	3694
12269	81	3694
4175	81	3694
7232	81	3694
18694	171	18492
18694	171	15676
18694	171	18492
18694	171	15889
18694	171	19635
18694	171	19635
18694	171	27269
18694	171	19175
18694	171	18492
13374	40	2854
7474	81	2854
17854	173	28374
17854	171	22474
13604	81	2658
3724	81	2658
13678	81	2658
17658	171	28604
17658	171	18724
17658	171	28678
2140	40	14216
2140	26	2966
29216	173	17140
17966	172	17140
8647	81	14704
8647	81	6395
8647	81	5970
29704	171	23647
21395	171	23647
20970	171	23647
4876	112	1876
19876	184	16876
5375	26	10297
5375	81	7003
25297	172	20375
22003	171	20375
6974	34	6939
6974	34	2614
21974	186	21939
21974	186	17614
4927	86	3284
3284	87	9141
19927	165	18284
18284	165	24141
1043	112	5198
16043	184	20198
7156	81	283
15283	171	22156
8619	53	14705
8619	81	9049
8619	81	6741
29705	168	23619
24049	171	23619
21741	171	23619
7877	34	7586
22877	186	22586
2090	26	12908
2090	81	9940
27908	172	17090
24940	171	17090
80	53	1664
853	129	1664
16664	168	15080
16664	168	15853
4262	112	731
19262	184	15731
1539	11	1906
7744	11	1906
14966	11	1906
16906	168	22744
16906	168	22744
16906	168	29966
8636	144	9669
24669	173	23636
3363	40	1145
3363	81	1145
16145	168	18363
16145	173	18363
9492	44	14479
9492	112	14479
24492	179	29479
24492	184	29479
12207	40	1226
14643	40	1226
5182	40	1226
16226	173	27207
16226	173	29643
16226	173	20182
14696	34	9012
13835	34	9012
29696	186	24012
28835	186	24012
6941	26	12908
6941	19	12454
6941	81	1050
6941	81	1378
27908	172	21941
27454	187	21941
16050	171	21941
16378	171	21941
7265	34	9836
5001	34	9836
1110	34	9836
2873	34	9836
14481	34	9836
10329	34	9836
128	34	9836
6571	34	9836
5965	34	9836
7598	34	9836
6274	34	9836
394	34	9836
15128	186	24836
20001	186	24836
15128	186	24836
17873	186	24836
29481	186	24836
20965	186	24836
15128	186	24836
21571	186	24836
20965	186	24836
15128	186	24836
15128	186	24836
15394	186	24836
238	11	14188
238	53	14975
29188	168	15238
29975	168	15238
275	34	4795
9936	34	4795
1515	34	4795
14118	34	4795
15275	186	19795
24936	186	19795
16515	186	19795
29118	186	19795
7366	40	13728
7366	81	12763
7366	53	9021
7366	26	9938
7366	53	5426
28728	173	22366
27763	171	22366
24021	168	22366
24938	172	22366
20426	168	22366
2862	34	13409
2862	34	2021
17862	186	28409
17862	186	17021
1260	81	3542
12887	81	3542
3549	81	3542
18542	171	16260
18542	171	27887
18542	171	18549
4416	81	9262
13753	81	9262
24262	171	19416
24262	171	28753
515	81	5744
515	53	12237
20744	171	15515
27237	168	15515
8000	112	12702
23000	184	27702
9102	144	14554
9102	81	4995
9102	19	7462
29554	173	24102
19995	171	24102
22462	187	24102
13324	87	5065
14594	87	5065
6077	87	5065
7357	87	5065
28324	165	20065
29594	165	20065
21077	165	20065
21077	165	20065
5992	19	6672
5992	81	12738
21672	187	20992
27738	171	20992
5274	34	687
20274	186	15687
513	81	14662
513	19	13726
513	53	3690
29662	171	15513
28726	187	15513
18690	168	15513
12127	81	4408
14157	81	4408
12698	81	4408
19408	171	27127
19408	171	29157
19408	171	27698
12494	40	4293
19293	168	27494
7056	26	5191
20191	172	22056
5815	26	3044
5815	19	2001
5815	81	1783
18044	172	20815
17001	187	20815
16783	171	20815
1353	81	4452
1353	81	8427
1353	19	1737
19452	171	16353
23427	171	16353
16737	187	16353
6315	34	6296
21315	186	21296
7231	53	12484
7231	11	911
27484	168	22231
15911	168	22231
10176	81	6363
10176	40	14977
21363	171	25176
29977	173	25176
7040	81	7539
4576	81	7539
22539	171	22040
22539	171	19576
13370	34	3798
28370	186	18798
5469	53	4604
7583	53	4604
13368	53	4604
19604	168	20469
19604	168	22583
19604	168	28368
421	81	8075
14587	81	8075
23075	171	15421
23075	171	29587
5222	81	2208
5222	81	8805
5222	81	7821
17208	171	20222
23805	171	20222
17208	171	20222
7061	34	12235
22061	186	27235
7041	40	14204
7041	81	12697
29204	173	22041
27697	171	22041
13648	87	6020
10443	87	6020
4372	87	6020
28648	165	21020
25443	165	21020
25443	165	21020
2070	40	5479
20479	173	17070
12955	40	4225
8661	40	4225
4358	40	4225
19225	173	27955
19225	173	23661
19225	173	19358
5699	81	4609
10426	81	4609
19609	171	20699
19609	171	25426
14477	81	3990
2343	81	3990
3919	81	3990
13843	81	3990
1385	81	3990
18990	171	29477
18990	171	17343
18990	171	18919
18990	171	28843
18990	171	18919
13599	152	1452
1452	112	13927
16452	191	28599
16452	179	28927
5587	81	8519
23519	171	20587
1081	53	5697
12670	144	5697
20697	168	16081
20697	173	27670
5921	34	9016
5921	112	6422
20921	186	24016
20921	184	21422
3490	81	1984
3490	40	1236
16984	171	18490
16236	173	18490
7566	34	10307
7566	34	6790
22566	186	25307
22566	186	21790
6154	44	6457
6154	44	5505
12081	49	6154
21154	175	21457
21154	175	21457
27081	191	21154
14964	81	9674
6809	40	9674
5104	53	9674
3390	144	9674
13798	53	9674
3925	53	9674
5482	81	9674
24674	171	29964
24674	173	21809
24674	168	20104
24674	173	18390
24674	168	28798
24674	168	18925
24674	171	20482
442	34	6720
13895	34	6720
4523	34	6720
358	34	6720
15358	186	21720
28895	186	21720
15358	186	21720
15358	186	21720
6969	81	10243
3336	81	10243
3126	152	10243
13523	81	10243
1810	81	10243
25243	171	21969
25243	171	18336
18126	191	25243
25243	171	28523
25243	171	16810
10486	81	144
10486	81	4886
15144	171	25486
19886	171	25486
7820	81	7070
8991	81	7070
2321	81	7070
1482	81	7070
22070	171	22820
22070	171	23991
22070	171	22820
22070	171	16482
2482	81	645
15645	171	17482
13201	112	4683
28201	184	19683
6254	11	5224
20224	168	21254
1544	87	14072
6349	87	1544
4374	87	1544
16544	165	29072
21349	165	16544
21349	165	16544
1125	34	14524
1125	112	5977
16125	186	29524
16125	184	20977
13737	40	9467
3889	40	9467
13974	40	9467
631	40	9467
3906	40	9467
24467	173	28737
24467	173	18889
24467	173	28974
24467	173	15631
24467	173	18906
8676	144	3535
7171	40	3535
9270	40	3535
12727	40	3535
7891	40	3535
12426	40	3535
18535	173	23676
18535	173	22171
18535	173	24270
18535	168	27727
18535	173	22891
18535	173	27426
7623	11	9957
8589	53	9957
7543	11	9957
24957	168	22543
24957	168	23589
24957	168	22543
275	34	9535
275	34	4795
15275	186	24535
15275	186	19795
14309	40	9751
24751	173	29309
13387	34	6193
1158	34	6193
28387	186	21193
16158	186	21193
2552	26	10240
2552	144	12965
25240	172	17552
27965	173	17552
5012	81	5531
6527	81	5531
9544	81	5531
20531	171	20012
20531	173	21527
20531	173	21527
1261	128	4064
1261	128	13315
16261	185	19064
16261	185	28315
5642	81	8504
5642	81	8291
5642	81	13410
23504	171	20642
23291	171	20642
28410	171	20642
6772	81	7720
6772	81	10374
22720	171	21772
25374	171	21772
8605	53	5295
20295	168	23605
8254	81	6701
8254	81	5370
21701	171	23254
20370	171	23254
3432	81	14437
3432	81	7355
29437	171	18432
22355	171	18432
2960	81	4606
2960	26	13051
2960	81	8558
19606	171	17960
28051	172	17960
23558	171	17960
9363	26	2784
9363	53	633
9363	40	1661
17784	172	24363
15633	168	24363
16661	173	24363
297	34	10309
15297	186	25309
8219	81	3793
13067	81	3793
1519	81	3793
7983	81	3793
2675	81	3793
18793	171	23219
18793	171	28067
18793	171	16519
18793	171	22983
18793	171	17675
7124	81	769
520	144	769
4144	81	769
10488	81	769
12429	81	769
3854	81	769
12594	81	769
12940	81	769
2081	81	769
170	81	769
15769	171	22124
15769	173	15520
15769	171	19144
15769	171	25488
15769	171	27429
15769	171	18854
15769	171	27594
15769	171	27940
15769	173	15520
15769	171	15170
4012	81	6139
4041	81	6139
13117	81	6139
21139	171	19012
21139	171	19041
21139	171	28117
5994	151	3164
14782	123	5994
4032	123	5994
20994	168	19032
20994	168	29782
20994	168	18164
8266	40	12406
27406	168	23266
563	53	13306
28306	168	15563
5363	81	7313
5363	81	2249
5363	40	9884
5363	144	9884
5363	81	7831
5363	19	14863
5363	81	1235
22313	171	20363
17249	171	20363
24884	168	20363
24884	173	20363
22831	171	20363
29863	187	20363
16235	171	20363
1347	40	6667
21667	168	16347
8596	81	7153
3716	81	7153
6137	81	7153
14203	81	7153
13930	81	7153
22153	171	23596
22153	171	18716
22153	171	21137
22153	171	29203
22153	171	28930
9355	81	9508
9508	152	9115
24508	171	24355
24508	191	24115
2944	81	8660
2944	81	12726
23660	171	17944
27726	171	17944
10334	81	3449
18449	171	25334
14767	87	7662
29767	165	22662
14375	34	7455
29375	186	22455
5879	11	13132
5879	11	7298
28132	168	20879
22298	168	20879
13513	123	5396
20396	168	28513
6963	53	12529
6963	81	4211
27529	168	21963
19211	171	21963
9272	26	10297
9272	81	6251
9272	53	12174
9272	81	892
9272	26	7346
25297	172	24272
21251	171	24272
27174	168	24272
15892	173	24272
22346	172	24272
1451	81	13760
1451	81	14095
28760	171	16451
29095	171	16451
2914	81	5805
3540	81	5805
14893	81	5805
4134	81	5805
8807	81	5805
14229	81	5805
10090	81	5805
2002	53	5805
2002	81	5805
20805	171	17914
20805	171	18540
20805	171	29893
20805	171	19134
20805	171	23807
20805	171	29229
20805	171	25090
20805	168	17002
20805	171	17002
7482	81	4686
7633	81	4686
7024	81	4686
3272	81	4686
4749	81	4686
13213	81	4686
13526	81	4686
12140	81	4686
1519	81	4686
14739	81	4686
3049	81	4686
19686	171	22482
19686	171	22633
19686	171	22024
19686	171	18272
19686	171	19749
19686	171	28213
19686	171	28526
19686	171	27140
19686	171	16519
19686	171	29739
19686	171	16519
125	53	9740
24740	168	15125
841	144	10372
5094	144	10372
25372	173	20094
25372	173	20094
9515	112	5259
8921	112	5259
12459	35	5259
2178	112	5259
3978	112	5259
23921	184	20259
23921	184	20259
27459	165	20259
23921	184	20259
18978	184	20259
12572	53	9025
4364	53	9025
24025	168	27572
24025	168	19364
897	34	7897
897	34	9754
15897	186	24754
15897	186	24754
227	26	4727
227	19	12482
19727	172	15227
27482	187	15227
12674	34	1075
10461	34	1075
7426	34	1075
27674	186	16075
25461	186	16075
22426	186	16075
4075	81	10446
4075	81	5686
25446	171	19075
20686	171	19075
1010	81	8148
1010	40	6117
23148	171	16010
21117	173	16010
5057	129	150
15150	168	20057
14036	40	1763
9976	53	1763
5421	53	1763
2188	53	1763
730	40	1763
16763	173	29036
16763	168	24976
16763	168	20421
16763	168	17188
16763	173	15730
7864	26	4800
5687	26	4800
14520	26	4800
2942	26	4800
19800	172	22864
19800	172	20687
19800	172	29520
19800	172	17942
2673	144	2416
2673	81	5749
2673	81	14790
17416	173	17673
20749	171	17673
29790	171	17673
13784	87	2227
14595	71	2227
2258	71	2227
28784	165	17227
29595	165	17227
17258	165	17227
14608	81	8431
4220	81	8431
10331	81	8431
23431	171	29608
23431	171	19220
23431	171	25331
14539	81	2940
17940	171	29539
496	34	3459
15496	186	18459
10488	19	8016
10488	81	769
10488	81	7354
23016	187	25488
15769	171	25488
22354	171	25488
8344	81	2212
8344	81	8814
17212	171	23344
23814	171	23344
5169	40	5509
20509	173	20169
3748	26	4353
3748	40	4353
14880	40	4353
14880	144	4353
797	40	4353
797	144	4353
9837	19	4353
9837	40	4353
8712	26	4353
8712	40	4353
135	40	4353
135	19	4353
4948	26	4353
4948	40	4353
410	19	4353
410	40	4353
19353	173	18748
19353	168	18748
19353	168	29880
19353	173	29880
19353	168	15797
19353	173	15797
19353	173	15410
19353	168	15410
19353	173	15410
19353	168	15410
19353	168	15135
19353	173	15135
19353	173	15410
19353	168	15410
19353	173	15410
19353	168	15410
9980	81	2301
9980	81	7162
17301	171	24980
22162	171	24980
10351	81	1187
10351	26	762
16187	171	25351
15762	172	25351
2220	144	2195
2220	40	2195
14953	40	2195
17195	173	17220
17195	168	17220
17195	173	29953
3900	34	13152
3900	34	10001
3900	34	1311
18900	186	28152
18900	186	25001
18900	186	16311
7244	34	10346
8586	34	10346
22244	186	25346
22244	186	25346
5466	26	4568
5466	81	3939
5466	81	2239
5466	81	13870
19568	172	20466
18939	171	20466
17239	171	20466
28870	171	20466
4959	26	10301
4143	26	10301
2168	26	10301
3442	26	10301
25301	172	19959
25301	172	19959
25301	172	19959
25301	172	18442
4664	53	1565
4664	53	10385
4664	53	3626
16565	168	19664
25385	168	19664
18626	168	19664
5440	34	9259
14403	34	9259
20440	186	24259
29403	186	24259
4277	81	1540
4277	81	9389
16540	171	19277
24389	171	19277
8422	81	8776
8422	81	2804
8422	81	2249
23776	171	23422
17804	171	23422
17249	171	23422
970	81	2815
970	81	10126
17815	171	15970
25126	171	15970
7864	81	2425
12479	81	2425
12336	81	2425
6378	81	2425
17425	171	22864
17425	171	27479
17425	171	27336
17425	171	21378
7028	53	8564
7028	40	12898
23564	168	22028
27898	173	22028
14285	87	7588
29285	165	22588
14552	81	1089
4774	81	1089
16089	171	29552
16089	171	19774
4626	81	4752
4626	81	7928
19752	171	19626
22928	171	19626
812	81	8434
812	81	12711
812	26	10231
812	19	1818
23434	171	15812
27711	171	15812
25231	172	15812
16818	187	15812
1913	81	6111
6446	81	6111
21111	171	16913
21111	171	21446
1632	81	4856
1632	81	9204
19856	171	16632
24204	171	16632
4569	81	12527
4569	81	8732
4569	81	13039
27527	171	19569
23732	171	19569
28039	171	19569
9111	81	9940
9111	81	14425
9111	81	1953
9111	81	14554
24940	171	24111
29425	171	24111
16953	171	24111
29554	171	24111
4859	14	615
19859	180	15615
3540	81	6964
3540	81	7569
3540	81	497
3540	81	5805
3540	19	219
3540	81	4995
21964	171	18540
22569	171	18540
15497	171	18540
20805	171	18540
15219	187	18540
19995	171	18540
852	81	13812
28812	171	15852
5416	34	1113
2477	34	1113
5211	34	1113
20416	186	16113
17477	186	16113
17477	186	16113
5422	34	8720
5422	34	2536
5422	112	1121
20422	186	23720
20422	190	17536
20422	184	16121
7457	34	1550
22457	186	16550
1370	40	14379
1370	81	1296
1370	81	6607
29379	173	16370
16296	171	16370
21607	171	16370
3820	81	2121
3107	81	2121
9158	81	2121
17121	171	18820
17121	171	18107
17121	171	24158
7458	81	4700
14134	81	4700
6151	81	4700
7587	81	4700
13642	81	4700
19700	171	22458
19700	171	29134
19700	171	21151
19700	171	22458
19700	171	28642
4041	81	12040
4041	81	6139
27040	171	19041
21139	171	19041
14185	81	6460
21460	171	29185
5428	11	8820
5428	11	13969
23820	168	20428
28969	168	20428
2897	81	14600
2897	81	995
2897	81	7276
2897	81	3743
2897	144	6389
2897	81	13714
29600	171	17897
15995	171	17897
22276	171	17897
18743	171	17897
21389	173	17897
28714	171	17897
7878	40	1744
7878	26	1641
7878	81	7478
16744	173	22878
16641	172	22878
22478	171	22878
5049	40	9925
5024	40	9925
14992	40	9925
8683	40	9925
10142	40	9925
2871	81	9925
9623	40	9925
13007	40	9925
5987	144	9925
24925	173	20049
24925	173	20024
24925	173	29992
24925	173	23683
24925	173	25142
24925	171	17871
24925	173	24623
24925	173	28007
24925	173	20987
12042	11	2276
6979	11	2276
1166	11	2276
17276	168	27042
17276	168	16166
17276	168	16166
2634	34	14227
2634	34	3870
17634	186	29227
17634	186	18870
1505	11	6036
6430	123	6036
14746	11	6036
4687	11	6036
8038	11	6036
4338	11	6036
7858	11	6036
2868	11	6036
6492	11	6036
7654	11	6036
12732	11	6036
9582	11	6036
9802	11	6036
21036	168	24802
21036	168	17868
21036	168	29746
21036	168	24802
21036	168	24582
21036	168	24802
21036	168	24802
21036	168	24802
21036	168	24802
21036	168	24802
21036	168	27732
21036	168	24802
21036	168	24802
14111	40	2045
17045	173	29111
7665	112	3585
4523	112	3585
14105	112	3585
14241	112	3585
12514	86	3585
3264	112	3585
14296	112	3585
8811	112	3585
7658	112	3585
9203	112	3585
8122	72	3585
4178	112	3585
2933	112	3585
3666	112	3585
14978	112	3585
1445	112	3585
1346	9	3585
22665	179	18585
15358	179	18585
29105	179	18585
29241	179	18585
27514	165	18585
18264	179	18585
29296	179	18585
23811	179	18585
22658	179	18585
24203	179	18585
23122	165	18585
16445	179	18585
17933	179	18585
18666	179	18585
29978	179	18585
16445	179	18585
16346	179	18585
5817	34	13531
5817	34	14486
20817	186	28531
20817	186	29486
5635	11	1572
3418	11	1572
1572	112	5297
3970	81	1572
16572	168	18418
16572	168	18418
16572	184	20297
16572	171	18970
12307	40	93
9440	40	93
4681	40	93
15093	173	27307
15093	173	24440
15093	173	19681
6595	40	4056
6595	81	8743
19056	173	21595
23743	171	21595
2421	81	12068
2421	81	13640
2421	19	157
2421	40	5564
2421	19	7594
27068	171	17421
28640	171	17421
15157	187	17421
20564	173	17421
22594	187	17421
62	81	5582
20582	171	15062
14309	81	10058
10356	81	10058
6825	81	10058
4769	81	10058
4768	81	10058
13133	81	10058
13211	81	10058
3292	81	10058
5747	81	10058
7053	81	10058
25058	171	29309
25058	171	25356
25058	171	21825
25058	171	19769
25058	171	19768
25058	171	28133
25058	171	28211
25058	171	18292
25058	171	20747
25058	171	20747
4343	19	14876
4343	81	7003
29876	187	19343
22003	171	19343
6326	34	12773
21326	186	27773
8052	81	4398
4935	81	4398
19398	171	23052
19398	171	19935
8752	81	12738
27738	171	23752
929	11	8118
929	53	5468
20468	168	15929
20468	168	15929
8976	40	14415
8976	26	1971
8976	81	8970
29415	173	23976
16971	172	23976
23970	171	23976
4449	144	4038
19038	173	19449
4518	81	2277
4518	19	10393
4518	81	14401
17277	171	19518
25393	187	19518
29401	171	19518
7163	53	12329
7163	19	5675
7163	53	12078
7163	81	7411
7163	81	12986
27329	168	22163
20675	187	22163
27078	168	22163
22411	171	22163
27986	171	22163
8310	81	3416
18416	171	23310
2309	81	6388
14735	81	6388
21388	171	17309
21388	171	29735
13537	34	7574
10185	34	7574
28537	186	22574
25185	186	22574
6433	112	8932
6433	34	3790
21433	184	23932
21433	186	18790
5949	81	2184
5949	26	2159
17184	171	20949
17159	172	20949
9668	112	4728
9668	14	13236
24668	184	19728
24668	180	28236
1336	14	4835
3285	112	4835
16336	180	19835
16336	180	19835
2557	87	8232
2557	87	1647
17557	165	23232
17557	165	16647
57	53	14943
57	53	12150
29943	168	15057
27150	168	15057
4865	112	7679
19865	184	22679
267	34	5933
267	34	1682
15267	186	20933
15267	186	16682
164	40	13115
164	81	423
28115	173	15164
15423	171	15164
7684	34	13999
7684	112	1047
7684	34	9618
22684	186	28999
22684	184	16047
22684	186	24618
3500	53	9222
3500	53	7298
22298	168	18500
22298	168	18500
6912	81	3473
18473	171	21912
7131	34	10447
22131	186	25447
4851	40	8974
1175	40	8974
13645	40	8974
12317	40	8974
6447	40	8974
10424	40	8974
3205	40	8974
2832	144	8974
7113	40	8974
23974	168	18205
23974	173	21447
23974	168	28645
23974	173	27317
23974	173	21447
23974	173	19851
23974	168	18205
23974	173	21447
23974	173	21447
12856	53	9502
24502	168	27856
9895	40	12665
9895	40	1000
9895	26	7048
9895	40	13376
9895	40	3406
27665	173	24895
16000	173	24895
22048	172	24895
28376	168	24895
18406	173	24895
10310	34	2160
10310	34	12075
10310	34	9392
25310	186	17160
25310	186	27075
25310	186	24392
1602	81	408
1602	53	2173
1602	40	14931
1602	81	7206
15408	171	16602
17173	168	16602
29931	173	16602
22206	171	16602
3716	26	7048
3716	81	7153
3716	81	6576
22048	172	18716
22153	171	18716
21576	171	18716
735	81	13023
735	81	9596
735	40	14935
28023	171	15735
24596	171	15735
29935	173	15735
13361	81	6656
21656	171	28361
567	81	8092
12980	81	8092
4825	81	8092
14026	81	8092
23092	171	15567
23092	171	27980
23092	171	19825
23092	171	29026
9878	34	10269
24878	186	25269
798	34	14516
15798	186	29516
14721	152	10467
29721	191	25467
7514	34	1903
7514	34	7561
7514	34	12091
7514	34	1417
22514	186	16903
22514	186	16417
22514	186	27091
22514	186	16417
3364	87	467
18364	165	15467
8200	34	2831
23200	186	17831
232	53	633
10161	53	633
4875	53	633
9363	53	633
54	53	633
7261	53	633
7613	53	633
14864	53	633
6729	53	633
12531	118	633
6279	53	633
12795	53	633
3681	53	633
6563	53	633
15633	168	15232
15633	168	24363
15633	168	19875
15633	168	24363
15633	168	15054
15633	168	22261
15633	168	22261
15633	168	29864
15633	168	24363
15633	168	27531
15633	168	21279
15633	168	27795
15633	168	24363
15633	168	21563
9213	144	8878
7051	40	8878
194	144	8878
23878	173	24213
23878	173	22051
23878	173	15194
9257	34	7365
12041	34	7365
1853	34	7365
8918	34	7365
24257	186	22365
27041	186	22365
16853	186	22365
23918	186	22365
8696	81	8024
8696	53	14686
8696	81	3802
23024	171	23696
29686	168	23696
18802	171	23696
6604	81	5809
14907	81	5809
20809	171	21604
20809	171	29907
5724	26	7469
7549	26	7469
22469	172	20724
22469	172	22549
9736	87	8786
24736	165	23786
916	26	12032
916	81	7715
916	81	4062
27032	172	15916
22715	171	15916
19062	171	15916
4019	53	8481
4019	81	14877
23481	168	19019
29877	171	19019
293	81	13306
293	53	4303
293	40	2694
28306	171	15293
19303	168	15293
17694	173	15293
7971	81	8732
7971	40	1167
7971	26	6562
23732	171	22971
16167	173	22971
21562	172	22971
9449	112	8226
2633	112	8226
13026	112	8226
1838	85	8226
17633	184	23226
17633	184	23226
28026	184	23226
16838	165	23226
2533	26	14436
2533	53	14120
2533	40	5213
29436	172	17533
29120	168	17533
20213	173	17533
4033	11	13019
28019	168	19033
13055	59	2595
28055	174	17595
2369	53	3311
12034	53	3311
18311	168	17369
18311	168	27034
8823	24	2738
13294	24	2738
23823	190	17738
28294	190	17738
5722	123	7882
3984	11	7882
3816	11	7882
3450	11	7882
22882	168	18816
22882	168	18816
22882	168	18816
22882	168	18816
8851	81	3741
18741	171	23851
8601	81	4114
14507	81	4114
14621	81	4114
12743	81	4114
3714	81	4114
9946	81	4114
19114	171	23601
19114	171	29507
19114	171	29621
19114	171	27743
19114	171	18714
19114	171	24946
14026	26	3436
18436	172	29026
9152	81	14775
9152	81	14756
9152	40	7235
29775	171	24152
29756	171	24152
22235	173	24152
9561	81	1262
9561	26	12580
9561	81	1106
9561	81	9634
16262	171	24561
27580	172	24561
16106	171	24561
24634	171	24561
6935	81	14704
29704	171	21935
10064	26	9590
24590	172	25064
7924	81	13896
7924	26	345
28896	171	22924
15345	172	22924
8676	19	2191
13808	19	2191
17191	187	23676
17191	187	28808
101	81	12797
27797	171	15101
14489	26	6124
21124	172	29489
9597	34	5806
9597	34	8450
24597	186	20806
24597	186	23450
7966	53	14061
7966	81	13896
7966	26	8707
29061	168	22966
28896	171	22966
23707	172	22966
9604	26	163
14526	26	163
8261	26	163
8579	26	163
13650	26	163
15163	172	24604
15163	172	29526
15163	172	23261
15163	172	23579
15163	172	28650
5754	34	2160
20754	186	17160
13662	81	9563
24563	171	28662
13657	40	10343
25343	168	28657
8992	34	12418
8992	34	2614
23992	186	27418
23992	186	17614
1381	72	13927
16381	165	28927
10137	81	5212
578	81	5212
20212	171	25137
20212	171	15578
12203	161	3472
27203	169	18472
14564	34	10115
14040	34	10115
14416	34	10115
8971	34	10115
580	34	10115
29564	186	25115
29040	186	25115
29416	186	25115
23971	186	25115
23971	186	25115
3980	19	4958
3980	81	13794
3980	81	8434
19958	187	18980
28794	171	18980
23434	171	18980
1687	144	2619
1687	144	8632
1687	26	9273
23632	173	16687
23632	173	16687
24273	172	16687
4028	81	856
856	96	1187
15856	171	19028
16187	189	15856
5356	53	400
5356	53	13246
15400	168	20356
28246	168	20356
1001	81	13465
1001	81	14042
28465	171	16001
29042	171	16001
7556	34	14976
22556	186	29976
2219	144	5165
4239	144	5165
13267	144	5165
3475	144	5165
20165	173	17219
20165	173	17219
20165	173	28267
20165	173	18475
14203	81	8274
5612	81	8274
7116	81	8274
10135	81	8274
8274	112	3557
23274	171	29203
23274	171	20612
23274	171	22116
23274	171	25135
23274	184	18557
2848	26	2135
12053	123	2135
2800	123	2135
17135	168	17800
17135	168	27053
17135	168	17800
1881	81	4128
1881	40	3105
1881	81	14718
19128	171	16881
18105	173	16881
29718	171	16881
8709	11	13265
8709	53	10077
28265	168	23709
25077	168	23709
9053	34	13337
9053	34	1305
24053	186	28337
24053	186	16305
2914	81	7519
2914	81	5805
22519	171	17914
20805	171	17914
8455	53	9421
8455	53	9494
24421	168	23455
24494	168	23455
6824	34	3979
6824	34	6219
6824	34	3102
21824	186	18979
21824	186	21219
21824	186	18102
6804	81	9997
8756	81	9997
8977	81	9997
6544	81	9997
1947	81	9997
927	81	9997
8146	81	9997
24997	171	21804
24997	171	23756
24997	171	23977
24997	171	21544
24997	171	16947
24997	171	15927
24997	171	23146
4759	19	14414
4759	40	13992
4759	26	10297
4759	81	4062
29414	187	19759
28992	173	19759
25297	172	19759
19062	171	19759
8792	40	3647
5017	144	3647
8072	40	3647
14167	53	3647
7432	40	3647
18647	173	23792
18647	173	22432
18647	173	23792
18647	168	29167
18647	173	23792
626	87	4003
8981	87	4003
12283	87	4003
8235	87	4003
7998	87	4003
7167	87	4003
4231	87	4003
22998	165	19003
22998	165	19003
27283	165	19003
22998	165	19003
22998	165	19003
22998	165	19003
22998	165	19003
8018	19	8494
8018	81	10042
23494	187	23018
25042	171	23018
5821	11	1958
16958	168	20821
5089	14	14155
20089	180	29155
8624	81	3741
9928	81	3741
6056	81	3741
8851	81	3741
6156	81	3741
229	81	3741
18741	171	23624
18741	171	24928
18741	171	21056
18741	171	23851
18741	171	21156
18741	171	15229
12122	128	8034
27122	185	23034
8884	40	10067
12998	40	10067
25067	173	23884
25067	173	27998
7869	53	2890
12061	152	2890
3735	53	2890
2963	53	2890
2003	53	2890
17890	168	22869
17890	191	27061
17890	168	18735
17890	168	17963
17890	168	17003
2032	81	1967
2032	40	10438
16967	171	17032
25438	168	17032
13007	81	4909
5798	81	4909
19909	171	28007
19909	171	20798
1209	81	1488
7109	81	1488
10331	81	1488
502	81	1488
12046	81	1488
13045	81	1488
6051	81	1488
2322	81	1488
16488	171	16209
16488	171	22109
16488	171	25331
16488	171	15502
16488	171	27046
16488	171	28045
16488	171	21051
16488	171	17322
2639	53	14943
2639	53	10060
2639	11	12417
29943	168	17639
25060	168	17639
27417	168	17639
14905	19	8194
9280	152	8194
4299	19	8194
1003	19	8194
12795	19	8194
3356	19	8194
13292	19	8194
3536	19	8194
12581	19	8194
23194	187	29905
23194	191	24280
23194	187	19299
23194	187	16003
23194	187	27795
23194	187	18356
23194	187	28292
23194	187	18356
23194	187	27581
4644	81	14822
4644	53	2494
4644	81	4487
4644	81	5011
4644	40	2387
29822	171	19644
17494	168	19644
19487	171	19644
20011	171	19644
17387	173	19644
12683	11	379
15379	168	27683
2460	14	13675
2460	128	14574
17460	180	28675
17460	185	29574
501	40	12073
501	81	13339
501	81	497
27073	168	15501
28339	171	15501
15497	171	15501
14507	81	939
6156	81	939
8457	81	939
2306	81	939
15939	171	29507
15939	171	21156
15939	171	23457
15939	171	17306
14515	40	7353
12035	40	7353
5858	40	7353
22353	173	29515
22353	173	27035
22353	173	20858
6504	81	7823
6504	81	2923
6504	81	2462
22823	171	21504
17462	171	21504
17462	171	21504
7741	19	6362
7741	81	1355
7741	81	4474
21362	187	22741
16355	171	22741
19474	171	22741
779	34	12569
779	34	14302
15779	186	27569
15779	186	29302
7756	34	8634
7756	34	262
22756	186	15262
22756	186	15262
6313	128	6834
12281	128	6834
1429	128	6834
8819	128	6834
14668	128	6834
13779	128	6834
12435	128	6834
3786	128	6834
21313	185	21834
27281	185	21834
18786	185	21834
18786	185	21834
29668	185	21834
28779	185	21834
27435	177	21834
18786	185	21834
9730	81	7206
9730	81	1645
9730	26	1706
22206	171	24730
16645	171	24730
16706	172	24730
7315	81	13742
7315	0	9210
7315	81	3645
7315	81	6114
28742	171	22315
24210	168	22315
18645	171	22315
21114	171	22315
6161	81	4801
9419	81	4801
14621	81	4801
12718	81	4801
14487	81	4801
7557	81	4801
9282	81	4801
19801	171	21161
19801	171	24419
19801	171	29621
19801	171	27718
19801	171	29487
19801	171	22557
19801	171	24282
9650	81	14496
29496	171	24650
4214	81	2348
4214	81	12135
17348	171	19214
27135	171	19214
478	81	7686
8714	81	7686
9379	81	7686
5990	81	7686
5678	81	7686
13372	81	7686
1161	81	7686
71	81	7686
578	81	7686
22686	171	16161
22686	171	23714
22686	171	16161
22686	171	20990
22686	171	20678
22686	171	28372
22686	171	20990
22686	171	23714
22686	171	15578
12722	152	8719
27722	191	23719
4187	11	7780
4187	11	14024
22780	168	19187
29024	168	19187
3893	81	4606
2056	81	4606
192	81	4606
1099	81	4606
5709	81	4606
2960	81	4606
2320	81	4606
13000	81	4606
14984	81	4606
12246	81	4606
3431	81	4606
4602	81	4606
19606	171	17056
19606	171	17056
19606	171	15192
19606	171	16099
19606	171	20709
19606	171	17960
19606	171	17320
19606	171	28000
19606	171	29984
19606	171	27246
19606	171	18431
19606	171	19602
12012	128	8576
2246	128	8576
27012	185	23576
17246	185	23576
9314	19	12796
27796	187	24314
1758	81	12478
1758	81	6878
27478	171	16758
21878	171	16758
6334	40	12976
6334	26	5247
27976	173	21334
20247	172	21334
12544	40	4394
19394	168	27544
9647	81	1844
9647	40	3975
9647	81	9485
24485	171	24647
24485	171	24647
24485	171	24647
14959	81	1009
4679	81	1009
14904	81	1009
1414	81	1009
16009	171	29959
16009	171	19679
16009	171	29904
16009	171	16414
913	40	4863
913	81	14694
19863	173	15913
29694	171	15913
8807	40	2668
8807	81	5805
17668	173	23807
20805	171	23807
9512	40	4750
417	53	4750
4658	53	4750
19750	168	24512
19750	168	15417
19750	168	19658
8300	14	6875
8393	112	6875
13446	112	6875
23300	180	21875
23393	184	21875
28446	184	21875
9852	81	1645
9852	53	7333
9852	40	10175
16645	171	24852
22333	168	24852
25175	173	24852
9607	26	5376
9607	81	4136
9607	81	14207
20376	172	24607
19136	171	24607
29207	171	24607
1588	34	2181
16588	186	17181
7344	34	5424
13501	34	5424
22344	186	20424
28501	186	20424
5490	40	4428
5490	81	8193
19428	173	20490
23193	171	20490
8704	34	10036
8704	34	8267
23704	186	25036
23704	186	25036
12396	81	1266
6257	81	1266
16266	171	27396
16266	171	21257
4774	81	1433
4774	81	479
4774	81	1089
16433	171	19774
15479	171	19774
16089	171	19774
12440	112	615
615	87	8657
4859	14	615
27440	184	15615
15615	165	23657
19859	180	15615
218	154	13356
5606	112	218
15218	165	28356
20606	184	15218
7822	81	8102
1062	81	8102
14958	81	8102
1276	81	8102
4649	81	8102
6211	81	8102
23102	171	22822
23102	171	16062
23102	171	29958
23102	171	16276
23102	171	22822
23102	171	21211
1109	34	12338
16109	186	27338
9597	34	5806
5318	34	5806
8975	34	5806
8484	34	5806
13539	34	5806
2838	34	5806
24597	186	20806
20318	186	20806
23975	186	20806
24597	186	20806
28539	186	20806
24597	186	20806
14038	81	4822
19822	171	29038
391	97	8436
23436	168	15391
7467	144	13076
7467	19	7594
28076	173	22467
22594	187	22467
3540	81	497
4567	81	497
501	81	497
15497	171	18540
15497	171	19567
15497	171	15501
8114	53	13477
28477	168	23114
14735	81	3028
5291	81	3028
12630	81	3028
18028	171	29735
18028	171	20291
18028	171	27630
13736	81	3305
18305	171	28736
53	53	1701
3289	53	1701
6376	53	1701
5079	53	1701
2373	53	1701
6989	53	1701
730	53	1701
16701	168	15053
16701	168	18289
16701	168	21376
16701	168	21376
16701	168	17373
16701	168	21376
16701	168	15730
6513	81	14694
29694	171	21513
309	40	10120
309	81	13124
25120	173	15309
28124	171	15309
7190	81	1807
16807	171	22190
7000	26	12927
7000	81	9319
7000	81	7206
27927	172	22000
24319	171	22000
22206	171	22000
2534	112	14077
2534	34	7833
17534	184	29077
17534	186	22833
7463	19	1843
7463	81	14996
7463	81	7913
16843	187	22463
29996	171	22463
22913	171	22463
4456	19	2040
4456	40	9029
17040	187	19456
24029	173	19456
14585	81	5459
5303	81	5459
20459	171	29585
20459	171	20303
10339	40	1419
16419	168	25339
2349	81	13841
2349	81	13285
2349	26	9478
28841	171	17349
28285	171	17349
24478	172	17349
6787	81	5601
6787	81	12146
6787	40	3634
6787	19	8949
6787	81	4498
20601	171	21787
27146	171	21787
18634	173	21787
23949	187	21787
19498	171	21787
7804	34	9084
22804	186	24084
7521	53	12138
7521	19	5914
27138	168	22521
20914	187	22521
2304	34	1523
2315	34	1523
17304	186	16523
17315	186	16523
8922	26	14380
8922	81	1967
8922	81	534
29380	172	23922
16967	171	23922
15534	171	23922
7060	40	1526
12364	40	1526
16526	173	22060
16526	173	27364
2114	11	7504
5294	11	7504
14478	123	7504
14652	11	7504
9219	123	7504
922	11	7504
22504	168	17114
22504	168	20294
22504	168	29478
22504	168	29652
22504	168	17114
22504	168	15922
5121	81	14897
5121	81	9049
5121	40	1609
29897	171	20121
24049	171	20121
16609	173	20121
7647	53	14141
29141	168	22647
9480	81	4995
9480	26	10297
19995	171	24480
25297	172	24480
12292	147	8595
8595	2	13236
23595	188	27292
23595	165	28236
13092	40	6662
14958	40	6662
8098	53	6662
3575	53	6662
255	53	6662
9850	53	6662
21662	168	28092
21662	168	29958
21662	168	23098
21662	168	18575
21662	168	15255
21662	168	24850
6354	128	13353
6354	128	7362
21354	185	28353
21354	185	22362
3389	81	980
3389	81	7003
15980	171	18389
22003	171	18389
1913	19	10032
8395	19	10032
476	19	10032
7923	19	10032
698	19	10032
25032	187	16913
25032	187	23395
25032	187	15476
25032	187	22923
25032	187	15698
9342	81	1599
9342	81	8708
9342	19	2514
9342	53	4348
9342	81	14186
23708	171	24342
23708	171	24342
17514	187	24342
19348	168	24342
29186	171	24342
7194	144	5669
20669	168	22194
118	34	3301
118	112	1121
15118	186	18301
15118	184	16121
6544	40	14420
6544	81	10121
6544	81	9997
6544	81	8286
29420	173	21544
25121	171	21544
24997	171	21544
23286	171	21544
2386	81	4792
2386	81	13785
2386	19	8053
2386	81	706
19792	171	17386
28785	171	17386
23053	187	17386
15706	171	17386
6738	68	14728
21738	165	29728
6942	81	8400
23400	171	21942
2857	81	12797
27797	171	17857
5696	40	5099
12599	40	5099
14520	40	5099
20099	173	20696
20099	173	27599
20099	173	29520
4404	34	14524
4404	34	1682
19404	186	29524
19404	186	16682
8742	19	13112
8742	40	9805
28112	187	23742
24805	173	23742
339	53	1177
9472	53	1177
7045	53	1177
1923	53	1177
12309	53	1177
16177	168	15339
16177	168	24472
16177	168	16923
16177	168	16923
16177	168	27309
10251	112	12059
10251	34	9801
25251	184	27059
25251	186	24801
5733	81	9706
24706	171	20733
3985	65	9803
24803	188	18985
7267	53	4924
2554	53	4924
19924	168	22267
19924	168	17554
2948	40	14680
2948	81	9522
29680	168	17948
24522	171	17948
13944	81	4384
19384	171	28944
5795	14	12612
20795	180	27612
5764	81	7921
7921	112	12717
7921	152	12953
22921	171	20764
22921	184	27717
27953	191	22921
9854	40	12588
9854	53	6752
27588	173	24854
21752	168	24854
14353	34	7553
14040	34	7553
5349	34	7553
6003	34	7553
6218	34	7553
29353	186	22553
29040	186	22553
20349	186	22553
21003	186	22553
21218	186	22553
13297	19	10393
4518	19	10393
25393	187	28297
25393	187	19518
7348	81	392
15392	171	22348
4019	53	8481
3750	81	8481
23481	168	19019
23481	171	18750
10273	81	892
10273	81	1719
15892	171	25273
16719	171	25273
8592	81	7276
8592	81	3563
22276	171	23592
18563	171	23592
4981	81	7276
4981	81	790
22276	171	19981
15790	171	19981
3271	87	9215
3271	87	7950
18271	165	22950
18271	165	22950
2979	34	6603
1215	34	6603
9880	34	6603
12635	34	6603
16215	186	21603
16215	186	21603
16215	186	21603
27635	186	21603
5194	53	7963
5194	81	8811
22963	168	20194
23811	171	20194
1644	81	2891
14847	81	2891
5990	81	2891
17891	171	16644
17891	171	29847
17891	171	20990
9649	81	12843
9649	81	8986
27843	171	24649
23986	171	24649
2050	81	3120
2050	81	9402
18120	171	17050
24402	171	17050
5503	81	13039
5503	40	14379
28039	171	20503
29379	173	20503
14742	34	7322
29742	186	22322
12887	81	8369
7483	152	8369
6686	81	8369
23369	171	27887
23369	191	22483
23369	171	21686
3107	81	2432
3107	81	2121
3107	53	3081
17432	171	18107
17121	171	18107
18081	168	18107
14016	81	8783
8269	81	8783
8374	81	8783
815	81	8783
4079	81	8783
23783	171	29016
23783	171	23269
23783	171	23374
23783	171	15815
23783	171	19079
5276	34	14709
20276	186	29709
3089	53	10491
2946	40	10491
5575	40	10491
5407	40	10491
12787	40	10491
25491	168	18089
25491	173	20575
25491	173	20575
25491	173	20407
25491	173	27787
1746	34	12300
1746	112	13236
16746	186	27300
16746	184	28236
2363	34	3092
2363	34	12601
17363	186	18092
17363	186	27601
5388	26	5376
5388	81	13915
20376	172	20388
28915	171	20388
6928	34	3545
6928	34	7137
21928	186	18545
21928	186	22137
6495	34	12091
6495	34	1417
21495	186	27091
21495	186	16417
8113	34	9535
275	34	9535
45	34	9535
13725	34	9535
23113	186	24535
15275	186	24535
15045	186	24535
28725	186	24535
2509	87	7260
2509	87	858
17509	165	22260
17509	165	22260
5028	19	2915
371	19	2915
14149	19	2915
17915	187	20028
17915	187	15371
17915	187	29149
13473	34	72
6930	34	72
28473	186	15072
21930	186	15072
8138	53	4360
8138	19	4217
8138	40	7834
19360	168	23138
19217	187	23138
22834	173	23138
4644	53	2494
10084	53	2494
6817	53	2494
1361	53	2494
6376	53	2494
7840	53	2494
9195	53	2494
10459	53	2494
5079	53	2494
855	53	2494
17494	168	19644
17494	168	25084
17494	168	21817
17494	168	16361
17494	168	21376
17494	168	22840
17494	168	24195
17494	168	25459
17494	168	21376
17494	168	15855
14104	112	9238
1373	112	9238
13189	112	9238
29104	184	24238
16373	184	24238
28189	184	24238
8894	40	526
8894	144	526
15526	168	23894
15526	173	23894
2164	87	13724
2164	87	14924
17164	165	28724
17164	165	29924
2798	26	10107
25107	172	17798
1158	34	6193
16158	186	21193
14472	34	10433
3288	34	10433
29472	186	25433
18288	190	25433
4133	81	5744
4133	81	12986
20744	171	19133
27986	171	19133
6140	19	14876
6140	81	10409
6140	81	706
29876	187	21140
25409	171	21140
15706	171	21140
14512	40	3736
18736	168	29512
1897	34	6062
16897	186	21062
847	53	13860
847	81	12113
847	53	1031
847	81	7055
28860	168	15847
27113	171	15847
16031	168	15847
22055	171	15847
7116	81	3772
5581	81	3772
18772	171	22116
18772	171	20581
3948	112	3350
12434	112	3350
18948	184	18350
27434	184	18350
683	34	4307
15683	186	19307
9865	34	1447
24865	186	16447
4526	34	8846
13583	34	8846
4386	34	8846
19526	186	23846
28583	186	23846
19386	190	23846
6730	81	14785
6730	81	13269
29785	171	21730
28269	171	21730
6280	81	3879
6280	81	3518
18879	171	21280
18518	171	21280
6783	34	6473
21783	186	21473
14778	81	3206
18206	171	29778
4748	81	7235
22235	171	19748
869	81	1176
9793	81	1176
3703	81	1176
16176	171	15869
16176	171	24793
16176	171	18703
824	81	5961
824	53	7416
824	81	1355
824	81	5205
824	81	5634
20961	171	15824
22416	168	15824
16355	171	15824
20205	171	15824
20634	171	15824
2754	19	6531
2754	40	6531
2754	81	3566
21531	173	17754
21531	187	17754
18566	171	17754
3751	44	13614
3751	112	14970
18751	175	28614
18751	184	29970
5694	34	7555
636	34	7555
12431	34	7555
2031	34	7555
9173	34	7555
20694	186	22555
15636	186	22555
27431	186	22555
17031	186	22555
24173	186	22555
4316	87	12372
19316	165	27372
9943	53	1956
9943	11	6130
9943	53	12890
16956	168	24943
16956	168	24943
27890	168	24943
12955	81	625
4183	81	625
2901	81	625
946	81	625
15625	171	27955
15625	171	19183
15625	171	17901
15625	171	15946
1049	26	1487
7535	26	1487
4175	26	1487
7887	26	1487
13215	26	1487
3090	26	1487
9971	26	1487
16487	172	16049
16487	172	24971
16487	172	19175
16487	172	22887
16487	172	28215
16487	172	24971
16487	172	24971
12928	81	7748
12876	81	7748
22748	171	27928
22748	171	27876
9908	26	10476
9908	19	12335
9908	81	10298
25476	172	24908
27335	187	24908
25298	173	24908
2928	81	7448
2928	40	14379
22448	171	17928
29379	173	17928
6536	81	14896
29896	171	21536
6323	81	12614
6323	81	8150
27614	171	21323
23150	171	21323
4012	81	10093
4012	81	6139
25093	171	19012
21139	171	19012
3640	26	1564
3640	81	12355
16564	172	18640
27355	171	18640
353	81	7279
353	53	14086
22279	171	15353
29086	168	15353
7905	53	13316
7905	19	8471
28316	168	22905
23471	187	22905
9717	26	8686
23686	172	24717
5596	34	13452
5596	34	5390
20596	186	28452
20596	186	20390
8677	81	12644
8677	53	13906
8677	81	382
27644	171	23677
28906	168	23677
15382	171	23677
6636	81	5704
6636	81	5537
20704	171	21636
20537	171	21636
9387	34	13991
9387	34	8058
24387	186	28991
24387	186	23058
9859	81	11
9859	40	14415
15011	171	24859
29415	173	24859
13419	81	7668
7668	152	10446
1614	81	7668
8940	81	7668
1879	81	7668
13495	81	7668
7202	81	7668
22668	171	28419
25446	191	22668
22668	171	16614
22668	171	23940
22668	171	16879
22668	171	28495
22668	171	22202
3910	81	13933
3910	81	2649
3910	26	5770
28933	171	18910
17649	171	18910
20770	172	18910
1071	26	9481
1071	81	14896
1071	26	6064
1071	81	7389
1071	81	12493
24481	172	16071
29896	171	16071
21064	172	16071
22389	171	16071
27493	171	16071
9748	34	10435
24748	186	25435
14003	34	4181
9849	34	4181
29003	186	19181
24849	186	19181
7381	87	3355
7381	87	7950
22381	165	22950
22381	165	22950
7404	81	3917
9812	81	3917
14266	81	3917
18917	171	24812
18917	171	24812
18917	171	29266
2337	81	1278
14992	81	1278
1501	81	1278
3414	81	1278
6732	81	1278
8287	81	1278
250	81	1278
16278	171	17337
16278	171	29992
16278	171	16501
16278	171	18414
16278	171	21732
16278	171	23287
16278	171	15250
13957	112	3157
8402	112	3157
28957	184	18157
23402	184	18157
7648	11	1852
10422	11	1852
13790	11	1852
16852	168	22648
16852	168	22648
16852	168	28790
1954	26	1427
1954	40	14721
16427	172	16954
29721	173	16954
12024	81	4596
13993	81	4596
19596	171	27024
19596	171	28993
6516	34	8651
1328	34	8651
12280	34	8651
7709	34	8651
8975	34	8651
13237	34	8651
2739	34	8651
21516	186	23651
16328	186	23651
27280	186	23651
22709	190	23651
23975	186	23651
28237	186	23651
17739	186	23651
9528	81	2582
9783	81	2582
4148	81	2582
10081	81	2582
9750	81	2582
13541	81	2582
4422	81	2582
17582	171	19422
17582	171	19422
17582	171	19148
17582	171	24528
17582	171	24750
17582	171	28541
17582	171	24528
5789	34	3723
13961	34	3723
20789	186	18723
28961	186	18723
3944	81	4978
4493	81	4978
958	81	4978
5406	81	4978
12774	81	4978
9343	81	4978
7938	81	4978
19978	171	18944
19978	171	19493
19978	171	15958
19978	171	15958
19978	171	27774
19978	171	24343
19978	171	22938
8350	26	12908
8350	81	13144
8350	81	6981
8350	40	12614
27908	172	23350
28144	171	23350
21981	171	23350
27614	168	23350
761	34	7541
15761	186	22541
8511	97	13051
28051	168	23511
3775	19	8053
3775	81	12113
3775	26	1641
23053	187	18775
27113	171	18775
16641	172	18775
9934	19	308
9934	40	10497
15308	187	24934
25497	173	24934
3828	53	14413
3828	40	6117
3828	81	9706
3828	81	4266
29413	168	18828
21117	173	18828
24706	171	18828
19266	171	18828
4584	81	100
4584	81	1691
15100	171	19584
16691	171	19584
2447	34	12416
2447	34	8403
17447	186	27416
17447	186	23403
651	81	12656
651	26	14713
651	81	5985
651	81	14937
27656	171	15651
29713	172	15651
20985	171	15651
29937	171	15651
893	34	6084
893	34	3594
15893	186	21084
15893	186	18594
7126	144	4145
19145	168	22126
13243	40	5032
20032	168	28243
417	81	9009
417	81	10187
417	53	4750
24009	171	15417
25187	171	15417
19750	168	15417
624	144	2416
624	81	3393
624	19	3469
624	81	14790
17416	173	15624
18393	171	15624
18469	187	15624
29790	171	15624
1479	152	8748
1479	112	12612
16479	191	23748
16479	184	27612
2961	40	4442
19442	173	17961
1519	81	8468
1519	81	3793
1519	81	7177
1519	81	4686
1519	81	1996
1519	19	8471
1519	81	9634
23468	171	16519
18793	171	16519
22177	171	16519
19686	171	16519
16996	171	16519
23471	187	16519
24634	171	16519
12312	87	4519
4519	87	9955
27312	165	19519
19519	165	24955
2912	81	6856
21856	171	17912
7119	26	10297
7119	81	3563
7119	81	995
7119	81	3278
25297	172	22119
18563	171	22119
15995	171	22119
18278	171	22119
8948	53	2821
8948	53	10296
8948	81	10296
8948	81	253
8948	81	12734
8948	81	2613
25296	168	23948
25296	168	23948
25296	171	23948
15253	171	23948
27734	171	23948
17613	171	23948
88	81	3883
88	19	9067
88	81	3149
18883	171	15088
24067	187	15088
18149	171	15088
9401	53	9307
6865	144	9307
969	144	9307
272	40	9307
3512	40	9307
12034	144	9307
24307	168	24401
24307	173	21865
24307	173	15969
24307	173	15272
24307	168	18512
24307	173	27034
6025	34	37
8488	34	37
13698	34	37
1470	34	37
5676	34	37
6906	34	37
21025	186	15037
23488	186	15037
28698	186	15037
16470	186	15037
20676	186	15037
21906	186	15037
13091	81	1072
10204	81	1072
2107	81	1072
3581	53	1072
16072	171	28091
16072	171	25204
16072	171	17107
16072	168	18581
13171	81	2491
3485	81	2491
13003	81	2491
7294	81	2491
5630	81	2491
4828	81	2491
14786	81	2491
3317	81	2491
5882	81	2491
17491	171	28171
17491	171	18485
17491	171	28003
17491	171	22294
17491	171	20630
17491	171	19828
17491	171	29786
17491	171	18317
17491	171	20882
5133	81	4614
8954	81	4614
19614	171	20133
19614	171	23954
5586	81	14244
5586	81	9828
29244	171	20586
24828	171	20586
12201	11	7622
2199	11	7622
22622	168	27201
22622	168	17199
6659	81	4128
6659	81	8788
6659	81	12094
19128	171	21659
23788	171	21659
27094	171	21659
125	53	7160
6119	53	7160
13352	11	7160
22160	168	15125
22160	168	21119
22160	168	28352
4977	81	12633
4977	81	9738
27633	171	19977
24738	171	19977
6732	81	1278
6732	26	1706
16278	171	21732
16706	172	21732
3846	81	12813
3846	26	6277
3846	26	5948
3846	81	9799
3846	81	9507
27813	171	18846
21277	172	18846
20948	172	18846
24799	171	18846
24507	171	18846
14418	128	4830
14954	128	4830
29418	185	19830
29954	185	19830
6969	81	8667
2225	81	8667
5096	81	8667
1820	81	8667
12124	81	8667
6611	81	8667
23667	171	21969
23667	173	17225
23667	171	20096
23667	171	16820
23667	171	27124
23667	171	21611
2657	81	9049
5121	81	9049
14851	81	9049
10227	81	9049
8619	81	9049
9213	81	9049
12109	81	9049
12528	81	9049
9996	81	9049
7468	81	9049
4183	81	9049
5917	81	9049
4515	81	9049
24049	171	17657
24049	171	20121
24049	171	29851
24049	171	24996
24049	171	23619
24049	171	24213
24049	171	27109
24049	171	27528
24049	171	24996
24049	171	22468
24049	171	19183
24049	171	24996
24049	171	19515
7254	81	5895
12640	81	5895
3357	81	5895
5895	112	1766
20895	171	22254
20895	171	27640
20895	171	18357
20895	184	16766
2622	81	7831
2622	81	4166
22831	171	17622
19166	173	17622
9523	40	9116
9523	81	14683
24116	173	24523
29683	171	24523
6736	40	6608
21608	168	21736
14082	34	8009
8646	34	8009
29082	186	23009
23646	186	23009
1019	34	6263
4858	34	6263
4799	34	6263
6632	34	6263
13474	34	6263
16019	186	21263
19858	186	21263
19799	186	21263
19858	186	21263
28474	186	21263
3197	81	1842
2679	26	1842
16842	172	17679
16842	172	17679
992	34	4956
992	34	378
15992	186	19956
15992	186	19956
1363	81	8317
5415	81	8317
14229	81	8317
23317	171	16363
23317	171	20415
23317	171	29229
13457	81	7800
14051	81	7800
12382	81	7800
13916	81	7800
14499	81	7800
2618	81	7800
22800	171	28457
22800	171	29051
22800	171	27382
22800	171	28916
22800	171	29499
22800	171	17618
6218	34	7553
21218	186	22553
3055	26	5948
3055	19	6581
3055	26	6277
20948	172	18055
21581	187	18055
21277	172	18055
4427	34	1492
4427	34	13507
19427	186	16492
19427	186	28507
13759	106	1587
14337	106	1587
28759	190	16587
29337	190	16587
6824	34	3102
6520	34	3102
14294	34	3102
21824	186	18102
21520	186	18102
29294	186	18102
2430	53	8343
2430	53	10379
2430	11	10421
25379	168	17430
25379	168	17430
25379	168	17430
14382	81	6951
1307	81	6951
8755	81	6951
13864	81	6951
21951	171	29382
21951	171	16307
21951	171	23755
21951	171	28864
14498	81	674
3892	81	674
12937	81	674
674	152	3566
15674	171	29498
15674	171	18892
15674	171	27937
15674	191	18566
12544	81	10302
10302	112	1766
25302	171	27544
25302	184	16766
276	81	43
276	40	14426
15043	171	15276
29426	168	15276
9732	34	12692
9732	34	10324
9732	34	7125
24732	186	27692
24732	186	25324
24732	186	22125
8308	81	783
14115	81	783
14288	81	783
3538	152	783
1947	81	783
5518	81	783
12710	81	783
3682	81	783
10204	81	783
6556	81	783
9271	81	783
3324	81	783
12197	81	783
7285	81	783
7306	81	783
15783	171	23308
15783	171	29115
15783	171	29288
18538	191	15783
15783	171	16947
15783	171	20518
15783	171	27710
15783	171	18682
15783	171	25204
15783	171	21556
15783	171	24271
15783	171	18324
15783	171	27197
15783	171	22285
15783	171	22306
691	87	8316
15691	165	23316
7176	34	7838
22176	186	22838
5508	81	10100
5508	19	6728
5508	40	9229
5508	53	5862
5508	53	2435
25100	171	20508
21728	187	20508
24229	173	20508
20862	168	20508
17435	168	20508
13981	26	5820
20820	172	28981
1414	81	8695
546	81	8695
23695	171	16414
23695	171	15546
14620	26	559
12252	123	559
15559	172	29620
15559	168	27252
2039	53	13851
2039	53	1323
2039	81	1302
2039	81	13020
2039	81	7279
28851	168	17039
16323	168	17039
16302	171	17039
28020	171	17039
22279	171	17039
5587	81	13347
5587	26	14660
5587	81	8519
28347	171	20587
29660	172	20587
23519	171	20587
12346	81	525
2475	81	525
4469	81	525
4874	81	525
9930	81	525
15525	171	27346
15525	171	17475
15525	171	17475
15525	171	24930
15525	171	24930
5381	81	8973
4507	81	8973
4379	81	8973
14542	81	8973
6453	81	8973
23973	171	20381
23973	171	19507
23973	171	19379
23973	171	29542
23973	171	21453
6519	24	13084
21519	190	28084
5983	81	12006
5983	81	462
5983	26	13087
5983	81	7779
5983	26	5770
27006	171	20983
15462	171	20983
28087	172	20983
22779	171	20983
20770	172	20983
8534	130	12679
23534	165	27679
2803	19	4654
19654	187	17803
14952	14	7477
1204	112	7477
29952	180	22477
16204	184	22477
9442	44	13512
9442	112	13512
24442	175	28512
24442	184	28512
6012	34	14395
21012	186	29395
13625	34	1492
4427	34	1492
28625	186	16492
19427	186	16492
2449	81	5399
1440	81	5399
9998	81	5399
13669	81	5399
10066	81	5399
20399	171	17449
20399	171	16440
20399	171	24998
20399	171	28669
20399	171	25066
7364	81	2852
340	81	2852
1913	81	2852
12625	81	2852
4395	81	2852
13043	81	2852
7927	81	2852
14099	81	2852
531	81	2852
17852	171	22364
17852	171	15340
17852	171	16913
17852	171	27625
17852	171	19395
17852	171	28043
17852	171	22927
17852	171	29099
17852	171	15531
2942	26	4800
2942	81	4949
2942	40	14838
19800	172	17942
19949	171	17942
29838	173	17942
7709	34	8651
22709	190	23651
8472	81	1296
14832	81	1296
14958	81	1296
3078	81	1296
9491	81	1296
1370	81	1296
16296	171	23472
16296	171	29832
16296	171	29958
16296	171	18078
16296	171	24491
16296	171	16370
1612	34	12156
16612	186	27156
2044	81	2999
2044	81	13610
17999	171	17044
28610	171	17044
14734	81	4608
6740	81	4608
9465	81	4608
3919	81	4608
19608	171	29734
19608	171	21740
19608	171	24465
19608	171	18919
3808	81	8288
3808	19	377
3808	81	5601
23288	171	18808
15377	187	18808
20601	171	18808
14254	51	8410
29254	165	23410
1185	34	10168
1185	34	12418
16185	186	25168
16185	186	27418
12054	40	2668
2668	128	7681
8807	40	2668
14898	40	2668
17668	168	27054
17668	185	22681
17668	173	23807
17668	173	29898
6133	40	14671
6133	81	1302
29671	168	21133
16302	171	21133
724	26	5348
5145	26	5348
20348	172	15724
20348	172	18865
10147	34	1029
10147	34	13837
25147	186	16029
25147	186	28837
8457	81	540
12901	81	540
5536	81	540
14840	81	540
566	81	540
1836	81	540
8869	81	540
15540	171	23457
15540	171	27901
15540	171	20536
15540	171	29840
15540	171	15566
15540	171	16836
15540	171	23869
6493	152	13908
28908	191	21493
3748	81	2254
7584	81	2254
240	81	2254
12488	81	2254
12603	81	2254
13438	81	2254
135	81	2254
13279	53	2254
13279	81	2254
2254	112	12179
10330	81	2254
17254	171	18748
17254	171	22584
17254	171	15240
17254	171	27488
17254	171	27603
17254	171	28438
17254	171	15135
17254	168	28279
17254	171	28279
17254	184	27179
17254	171	25330
7750	81	10440
7750	144	5827
7750	81	14368
25440	171	22750
20827	173	22750
29368	171	22750
7767	81	1605
8003	81	1605
270	81	1605
16605	171	15270
16605	171	23003
16605	171	15270
6683	26	10044
6683	81	13298
25044	172	21683
28298	171	21683
6209	81	13306
6209	144	6785
6209	81	6982
28306	171	21209
21785	173	21209
21982	171	21209
14471	96	9393
24393	189	29471
3884	81	14421
3884	40	851
3884	26	1706
29421	171	18884
15851	173	18884
16706	172	18884
4648	112	13927
4648	34	14894
19648	179	28927
19648	186	29894
10079	40	10418
14300	144	10418
7945	40	10418
25418	173	25079
25418	173	29300
25418	173	22945
7853	144	9519
7853	40	9519
24519	173	22853
24519	168	22853
14589	34	8938
13768	34	8938
1675	34	8938
4285	34	8938
29589	186	23938
28768	186	23938
16675	186	23938
19285	186	23938
5633	81	12893
5633	26	6180
5633	40	9287
27893	171	20633
21180	172	20633
24287	168	20633
12977	81	3903
18903	171	27977
7004	34	5923
22004	186	20923
3713	81	2596
909	81	2596
17596	171	18713
17596	171	15909
10413	144	6396
10413	81	14281
21396	173	25413
29281	171	25413
12989	81	9596
12380	81	9596
1855	81	9596
735	81	9596
1331	81	9596
2898	81	9596
24596	171	27989
24596	171	27380
24596	171	16855
24596	171	15735
24596	171	16331
24596	171	17898
12724	81	8811
8811	112	3585
13469	81	8811
1390	81	8811
5194	81	8811
23811	171	27724
23811	179	18585
23811	171	28469
23811	171	16390
23811	171	20194
5351	11	12222
27222	168	20351
13300	26	7738
5497	26	7738
14560	26	7738
12605	26	7738
7468	26	7738
9858	26	7738
13250	26	7738
22738	172	28300
22738	172	20497
22738	172	29560
22738	172	27605
22738	172	22468
22738	172	24858
22738	172	28250
12166	34	5662
27166	186	20662
3477	81	6221
3477	81	5686
21221	171	18477
20686	171	18477
13398	40	7395
13398	19	7395
22395	168	28398
22395	173	28398
10371	81	13465
10371	40	6389
10371	81	13915
28465	171	25371
21389	173	25371
28915	171	25371
13995	81	222
13929	81	222
13043	81	222
15222	171	28995
15222	171	28929
15222	171	28043
10436	19	8494
14739	19	8494
8018	19	8494
23494	187	25436
23494	187	29739
23494	187	23018
6017	34	1305
1633	34	1305
10416	34	1305
9053	34	1305
13866	34	1305
24053	186	16305
16633	186	16305
25416	186	16305
24053	186	16305
28866	186	16305
1989	81	5305
1989	81	10440
1989	81	5467
1989	144	4667
1989	26	8790
1989	81	3739
1989	19	12454
1989	19	807
1989	53	4643
20305	171	16989
25440	171	16989
20467	171	16989
19667	168	16989
23790	172	16989
18739	171	16989
27454	187	16989
15807	187	16989
19643	168	16989
7743	53	12393
7743	81	2301
7743	40	3922
27393	168	22743
17301	171	22743
18922	173	22743
9529	81	10303
9529	81	469
25303	171	24529
15469	171	24529
8287	53	6643
1555	53	6643
14093	53	6643
21643	168	23287
21643	168	16555
21643	168	29093
12737	34	7014
13783	34	7014
5838	34	7014
8402	34	7014
27737	186	22014
28783	186	22014
20838	186	22014
23402	186	22014
8443	81	372
8443	81	7981
15372	171	23443
22981	171	23443
7552	40	1368
16368	168	22552
2538	53	8588
12273	53	8588
10094	53	8588
23588	168	25094
23588	168	27273
23588	168	25094
12331	19	6581
13879	19	6581
3055	19	6581
21581	187	27331
21581	187	28879
21581	187	18055
904	34	14806
15904	186	29806
