need:	[13985, 34, 10449],delete:
need:	[8268, 40, 3547]	[18547, 168, 25765],delete:
need:	[7002, 81, 8150]	[17277, 171, 22002]	[23150, 171, 22002],delete:
need:	[14117, 40, 5509]	[20509, 173, 29117],delete:
need:	[7565, 34, 12459]	[22565, 186, 27459],delete:
need:,delete:	[8684, 53, 4348]	[9342, 53, 4348]	[12734, 152, 4348]	[9786, 129, 4348]	[27734, 191, 19348]	[19348, 191, 27734]	[19348, 168, 25277]
need:	[11075, 81, 1015]	[16015, 171, 29549],delete:
need:	[21572, 168, 24643]	[27345, 168, 24643],delete:
need:	[3118, 144, 12298]	[27298, 168, 18118]	[27298, 173, 18118],delete:
need:,delete:	[9277, 81, 4937]
need:,delete:
need:	[5052, 81, 7411]	[26105, 171, 20052],delete:
need:	[9562, 34, 2160]	[9562, 112, 3532],delete:
need:,delete:	[24961, 171, 21076]	[24961, 172, 25707]	[24961, 173, 25707]
need:	[8370, 26, 4990]	[8370, 81, 8892]	[26300, 171, 23370],delete:
need:	[4705, 40, 3988]	[18988, 168, 19705],delete:
need:	[2369, 53, 3311]	[18311, 168, 17369],delete:
need:	[28938, 168, 21061]	[27508, 168, 21061],delete:
need:	[5382, 34, 2433]	[5382, 34, 11317]	[20382, 186, 17433],delete:
need:	[20811, 168, 29305]	[9744, 53, 5811]	[13155, 53, 5811],delete:
need:,delete:	[23968, 171, 27937]	[8528, 81, 8968]
need:	[7967, 53, 7296]	[28640, 171, 22967],delete:
need:	[2734, 34, 13010]	[17734, 186, 28630],delete:
need:	[571, 53, 12072]	[27072, 168, 15571],delete:
need:,delete:	[18879, 171, 15078]	[6280, 81, 3879]
need:	[3151, 81, 6576]	[3151, 40, 14420]	[29420, 173, 18151]	[21576, 171, 18151],delete:
need:	[4292, 43, 13046]	[19292, 190, 28046]	[19292, 186, 22885],delete:
need:	[8676, 81, 14829]	[18535, 173, 23676],delete:
need:	[4409, 81, 14001]	[26883, 171, 19409],delete:
need:	[10308, 34, 12847],delete:
need:	[14052, 87, 201]	[25766, 165, 15201],delete:
need:	[7934, 72, 7934]	[7934, 72, 7934]	[13959, 34, 7934]	[21328, 190, 22934]	[28959, 190, 22934]	[24821, 190, 22934],delete:
need:	[12353, 34, 3039],delete:
need:,delete:	[7955, 53, 5295]
need:	[3243, 81, 12087]	[3243, 81, 892]	[27087, 171, 18243],delete:
need:	[5535, 19, 3683]	[5535, 81, 7239]	[27409, 171, 20535]	[22239, 171, 20535],delete:
need:	[1675, 162, 604],delete:
need:	[2931, 26, 3403]	[18403, 172, 17931],delete:
need:,delete:	[22127, 186, 16576]	[7127, 34, 1576]	[22127, 190, 16576]
need:	[6754, 53, 3187]	[3187, 151, 13943]	[4444, 53, 3187],delete:
need:	[4850, 81, 7981]	[22981, 171, 19850],delete:
need:	[1594, 34, 12115]	[1594, 112, 5184]	[16594, 184, 20184],delete:
need:	[359, 34, 6707]	[359, 34, 6062]	[15359, 190, 21062],delete:
need:	[7978, 40, 10294]	[25294, 168, 22978],delete:
need:	[19184, 171, 27257]	[14860, 81, 4184]	[19184, 171, 29498],delete:
need:	[5855, 81, 7670]	[22670, 171, 27519]	[22670, 171, 18987],delete:
need:	[12467, 146, 7065]	[25075, 192, 22065],delete:
need:	[17075, 168, 24792]	[17075, 173, 19638],delete:
need:	[12988, 40, 6689]	[21689, 173, 27988],delete:
need:	[8268, 40, 3547]	[28384, 168, 23268],delete:
need:	[10145, 81, 5846]	[20846, 171, 25145],delete:
need:	[1633, 34, 2187],delete:
need:	[1034, 81, 13610]	[28610, 171, 16034],delete:
need:	[3438, 53, 13851]	[27296, 171, 18438],delete:
need:	[12970, 34, 4956]	[27970, 190, 19956],delete:
need:	[13286, 81, 9304]	[24304, 171, 28286],delete:
need:	[6472, 40, 2750]	[17750, 173, 21472],delete:
need:	[2952, 81, 9120]	[24120, 171, 17952],delete:
need:	[667, 14, 12500]	[15667, 180, 27500],delete:
need:	[3637, 57, 12771]	[21646, 168, 18637],delete:
need:	[585, 87, 2202]	[28222, 165, 17202],delete:
need:	[6106, 40, 5284]	[6106, 81, 12113]	[20284, 173, 21106]	[27113, 171, 21106],delete:
need:	[10407, 40, 2995]	[18135, 168, 25407],delete:
need:	[182, 81, 4252]	[16235, 171, 15182],delete:
need:	[10389, 40, 851]	[10389, 81, 8400]	[17899, 168, 25389],delete:
need:	[261, 70, 11154]	[26154, 174, 15261]	[25336, 174, 15261],delete:
need:	[10316, 34, 12646]	[25316, 186, 27646],delete:
need:	[14676, 81, 215]	[10821, 81, 215]	[15215, 171, 25821],delete:
need:	[4533, 81, 6233]	[17381, 171, 19533],delete:
need:	[1871, 34, 2433]	[16871, 190, 17433]	[16871, 186, 17433],delete:
need:	[3228, 34, 2498]	[3228, 34, 15]	[18228, 186, 17498],delete:
need:	[7840, 81, 1127]	[16127, 171, 15730]	[16127, 171, 25289],delete:
need:	[27265, 168, 17911],delete:
need:	[1367, 144, 13639]	[1367, 123, 13639]	[28639, 168, 16367],delete:
need:	[1022, 57, 7884]	[22884, 168, 16022],delete:
need:	[656, 26, 4730]	[1828, 26, 4730]	[19730, 172, 15656]	[19730, 172, 21660],delete:
need:	[12920, 14, 1121]	[9394, 93, 1121]	[13082, 112, 1121]	[27920, 180, 16121],delete:
need:	[3324, 81, 783]	[15736, 171, 18324],delete:
need:	[4701, 53, 14705]	[29705, 168, 19701]	[27335, 173, 19701]	[4701, 40, 12335],delete:
need:	[3296, 19, 3888]	[3296, 81, 12700]	[3296, 81, 8359]	[23359, 171, 18296]	[18888, 187, 18296],delete:
need:	[10095, 81, 6877]	[21877, 171, 27595],delete:
need:	[13846, 26, 3040]	[686, 26, 3040]	[18040, 172, 28846],delete:
need:	[900, 34, 12706]	[15900, 186, 28010],delete:
need:	[10222, 40, 6841]	[10222, 81, 2635]	[17927, 168, 25222],delete:
need:,delete:	[6743, 56, 12695]
need:	[3571, 26, 1083]	[16083, 172, 18571],delete:
need:	[8868, 53, 12484]	[27484, 168, 23868],delete:
need:	[8890, 53, 12827]	[27827, 168, 23890],delete:
need:	[11283, 53, 149]	[10700, 53, 149]	[15149, 168, 25700],delete:
need:	[8240, 35, 7528]	[13210, 112, 7528]	[28210, 184, 22528],delete:
need:	[3293, 81, 10295]	[27791, 171, 18293],delete:
need:,delete:	[11262, 117, 4467]
need:	[18142, 168, 17167]	[2167, 40, 12588]	[26528, 172, 17167],delete:
need:	[24077, 172, 16467]	[1467, 40, 9077]	[24077, 173, 16467],delete:
need:	[1207, 87, 9955]	[16207, 165, 24955],delete:
need:	[932, 81, 6029]	[932, 53, 14541]	[29541, 168, 15932]	[21029, 171, 15932],delete:
need:	[4044, 40, 4561]	[4044, 26, 10852]	[16514, 171, 19044]	[25852, 172, 19044],delete:
need:	[955, 81, 7889]	[22889, 168, 22899],delete:
need:	[11804, 96, 2623]	[1688, 96, 2623],delete:
need:	[29908, 168, 20069]	[26893, 168, 20069],delete:
need:	[2459, 35, 616]	[22127, 184, 15616],delete:
need:	[1810, 40, 9242]	[24242, 173, 16810]	[24242, 168, 16810],delete:
need:	[6770, 81, 10621]	[29426, 173, 21770]	[25621, 171, 21770],delete:
need:,delete:	[207, 81, 7192]
need:	[4769, 81, 6508]	[21508, 171, 19769],delete:
need:	[7828, 53, 10515]	[25515, 168, 22828]	[18149, 171, 22828]	[17427, 171, 22828],delete:
need:	[5666, 89, 14517]	[29517, 168, 20666],delete:
need:	[3758, 81, 4093]	[15514, 171, 18758],delete:
need:	[2562, 81, 7771]	[2562, 19, 134]	[29042, 171, 17562],delete:
need:	[16203, 192, 16280]	[16203, 192, 22933],delete:
need:	[11676, 81, 8928]	[23928, 171, 25033],delete:
need:	[3282, 81, 9994]	[3282, 81, 11197]	[24994, 171, 18282],delete:
need:	[16645, 171, 24692]	[16645, 171, 28949],delete:
need:	[410, 40, 4353]	[19353, 173, 15410],delete:
need:	[7345, 53, 4242]	[19242, 168, 22345],delete:
need:	[10429, 152, 13816]	[28816, 191, 25429],delete:
need:	[18815, 187, 17343]	[2204, 19, 3815]	[18815, 187, 21527]	[9544, 19, 3815],delete:
need:	[15209, 168, 28874]	[11653, 129, 209],delete:
need:	[2071, 81, 2094]	[25018, 173, 17071]	[17094, 171, 17071],delete:
need:,delete:
need:	[1698, 81, 423]	[1698, 81, 5397]	[15423, 171, 16698],delete:
need:	[7325, 14, 1241]	[14483, 81, 7325]	[22325, 171, 29483],delete:
need:	[22128, 171, 17029],delete:
need:,delete:	[3627, 40, 6252]	[21252, 173, 17026]	[21252, 173, 26028]
need:	[1673, 53, 12960]	[1673, 53, 7016]	[22016, 168, 16673],delete:
need:	[8920, 144, 9360]	[20370, 171, 23920],delete:
need:	[13791, 53, 6449]	[21449, 168, 28791],delete:
need:	[8722, 81, 9020]	[24020, 171, 26552],delete:
need:	[10675, 11, 732]	[7606, 57, 732]	[15732, 168, 25675],delete:
need:	[1373, 112, 9238]	[1373, 34, 7836],delete:
need:	[4615, 53, 5824]	[20824, 168, 19615],delete:
need:	[12863, 26, 4568]	[19568, 172, 20466],delete:
need:,delete:	[8977, 120, 6737]	[18537, 171, 23977]	[24997, 171, 23977]	[21562, 172, 23977]
need:	[7998, 87, 949]	[22998, 165, 19003],delete:
need:	[2204, 81, 4062]	[18815, 187, 17204],delete:
need:	[4168, 81, 7944]	[4168, 81, 9306]	[29500, 172, 19168],delete:
need:	[9122, 34, 5378]	[24122, 184, 17763],delete:
need:,delete:	[9572, 4, 5357]	[9572, 11, 5592]	[9572, 53, 5592]	[9572, 53, 12837]	[20592, 168, 24572]	[27837, 168, 24572]
need:	[12871, 4, 5281]	[20281, 168, 22427]	[7427, 11, 5281],delete:
need:	[20846, 171, 25145]	[20846, 171, 26940]	[2836, 81, 5846],delete:
need:	[4712, 102, 6318]	[4712, 40, 10803]	[25803, 173, 19712],delete:
need:	[7011, 11, 14681]	[29681, 168, 22011],delete:
need:	[2814, 151, 7491]	[2814, 151, 12817]	[1700, 53, 2814]	[6653, 53, 2814]	[2814, 151, 9394],delete:
need:	[9883, 112, 5432]	[24883, 171, 22585],delete:
need:	[19429, 173, 21459]	[19429, 184, 29802]	[6459, 53, 4429],delete:
need:	[18132, 171, 15278],delete:
need:	[4790, 34, 4934]	[19790, 190, 19934],delete:
need:	[5673, 40, 3517]	[18517, 173, 20673],delete:
need:	[12751, 86, 9064]	[3553, 86, 9064]	[14466, 87, 9064],delete:
need:	[3999, 40, 9454]	[9454, 14, 4157]	[24454, 171, 17060]	[24454, 173, 18999],delete:
need:	[10450, 144, 14717]	[10450, 123, 14717]	[29717, 168, 25450],delete:
need:	[25039, 171, 27510]	[25039, 171, 19788],delete:
need:	[4992, 81, 431]	[15431, 171, 19899],delete:
need:	[3859, 53, 10080]	[25080, 168, 18859],delete:
need:,delete:	[1974, 151, 2573]	[1974, 56, 2573]
need:	[8241, 34, 422]	[23241, 190, 15422],delete:
need:	[5014, 112, 6915]	[28814, 175, 21915],delete:
need:	[6323, 81, 8150]	[23150, 171, 22475],delete:
need:,delete:	[20537, 171, 16209]	[1209, 81, 1488]	[1209, 81, 12350]
need:	[15606, 168, 24472]	[16177, 168, 24472]	[9472, 11, 978],delete:
need:,delete:
need:	[15973, 171, 17165]	[26967, 171, 17165],delete:
need:	[682, 34, 6764]	[15682, 190, 21764],delete:
need:	[10265, 34, 10990]	[10265, 34, 1112]	[25265, 186, 25990]	[25265, 190, 16112],delete:
need:,delete:	[27793, 171, 17411]
need:	[1490, 40, 13146]	[28146, 173, 16490],delete:
need:	[1580, 11, 14661]	[29661, 168, 16580],delete:
need:,delete:	[22192, 171, 23121]
need:,delete:	[9664, 81, 6233]
need:	[9189, 81, 5367]	[9189, 81, 9916]	[17214, 173, 24189],delete:
need:	[5313, 81, 4747]	[28663, 168, 20313],delete:
need:	[10019, 151, 8181]	[23181, 168, 27104],delete:
need:	[8857, 81, 14918]	[29918, 171, 23857],delete:
need:	[1861, 34, 5175]	[26792, 190, 20175],delete:
need:	[16136, 190, 25391]	[18916, 190, 25391]	[13462, 34, 10391],delete:
need:	[1126, 34, 1929]	[15457, 190, 16929]	[28941, 190, 16929],delete:
need:	[2784, 112, 10984],delete:
need:	[9120, 152, 14663]	[24120, 171, 17952]	[29663, 191, 24120],delete:
need:	[13443, 81, 2091],delete:
need:	[1373, 34, 7836]	[16373, 186, 22836]	[1868, 34, 7836]	[29104, 190, 22836],delete:
need:	[7398, 57, 5975]	[7398, 11, 5975]	[20975, 168, 22398],delete:
need:	[9707, 11, 6261]	[21261, 168, 28274],delete:
need:	[4927, 86, 3284]	[1656, 65, 4927]	[19927, 165, 18284]	[19927, 188, 16656],delete:
need:	[9893, 81, 14996]	[29996, 171, 24893],delete:
need:,delete:	[19217, 187, 15609]
need:	[6024, 53, 4149]	[19149, 168, 21024]	[29436, 172, 21024],delete:
need:	[7303, 34, 14806]	[7303, 34, 13152]	[22303, 190, 28152],delete:
need:	[7777, 40, 10497]	[19136, 171, 22777],delete:
need:,delete:
need:	[10203, 19, 1189]	[16189, 187, 27116],delete:
need:	[3455, 53, 5862]	[18000, 168, 18455],delete:
need:,delete:	[7298, 151, 13132]	[7298, 56, 13132]	[13132, 151, 7298]	[13132, 56, 7298]
need:	[16151, 171, 18675],delete:
need:,delete:
need:	[10624, 53, 9383]	[24383, 191, 18789]	[14950, 81, 9383],delete:
need:	[6425, 34, 7125],delete:
need:	[7880, 34, 7897]	[22880, 186, 26257],delete:
need:	[14136, 123, 210]	[14136, 144, 210]	[11663, 26, 210]	[15210, 168, 29136]	[15210, 172, 26171],delete:
need:	[1593, 57, 911]	[15911, 168, 16593],delete:
need:	[5206, 96, 6576]	[14819, 144, 6576]	[21576, 171, 16828],delete:
need:	[5775, 81, 2383]	[9265, 81, 2383],delete:
need:	[18087, 172, 19232]	[4232, 40, 6785],delete:
need:	[13763, 34, 10212]	[12173, 34, 10212],delete:
need:	[8298, 87, 12432]	[23298, 165, 27432],delete:
need:	[8992, 34, 2614]	[15303, 186, 17614],delete:
need:	[10225, 34, 9075],delete:
need:	[3196, 11, 1342]	[3196, 53, 10745]	[25745, 168, 18196],delete:
need:,delete:	[19165, 171, 23418]
need:	[6446, 81, 6111]	[21111, 171, 21446],delete:
need:	[3096, 81, 12986]	[3096, 53, 9782]	[24782, 168, 18096],delete:
need:	[14109, 34, 1669],delete:
need:	[3281, 40, 5864]	[13311, 40, 5864]	[20864, 173, 28311]	[20864, 173, 29132],delete:
need:	[5860, 81, 12914]	[25440, 171, 20860]	[20991, 171, 20860],delete:
need:	[10012, 81, 12384]	[19136, 171, 25012],delete:
need:	[6447, 53, 8974]	[23974, 173, 21447],delete:
need:	[11131, 34, 8240]	[8325, 34, 8240],delete:
need:	[128, 34, 3531],delete:
need:	[8787, 81, 3029]	[12187, 81, 3029]	[18029, 171, 23787],delete:
need:	[7024, 40, 14740]	[19686, 171, 22024]	[29740, 173, 22024]	[17976, 168, 22024],delete:
need:	[3451, 71, 14479]	[18451, 165, 29479],delete:
need:	[1989, 81, 5305]	[20305, 171, 16989],delete:
need:	[16362, 191, 22775]	[22775, 191, 16362],delete:
need:	[5319, 34, 9939]	[20319, 186, 24939],delete:
need:	[10436, 40, 2995]	[3279, 40, 2995],delete:
need:	[3133, 123, 13708]	[28708, 168, 18133],delete:
need:	[1968, 34, 11850]	[1968, 34, 5679],delete:
need:	[8147, 81, 12493]	[27493, 171, 23147],delete:
need:	[3640, 26, 1564]	[5701, 26, 1564]	[16564, 172, 18640],delete:
need:	[14459, 97, 1718]	[10202, 26, 1718]	[16718, 168, 29459]	[16718, 172, 25202],delete:
need:	[16958, 168, 16108]	[16958, 168, 20821],delete:
need:	[5312, 81, 14318]	[21150, 173, 20312]	[22625, 172, 20312],delete:
need:	[815, 81, 8438]	[23438, 171, 15815],delete:
need:	[10013, 81, 11923]	[19672, 171, 25013],delete:
need:	[10062, 81, 6945]	[21945, 171, 25062],delete:
need:	[6995, 11, 8118]	[6995, 57, 8118]	[23118, 168, 21995],delete:
need:	[9417, 53, 4084],delete:
need:	[1859, 81, 4599]	[28863, 171, 16859],delete:
need:	[2231, 26, 13051]	[2231, 19, 12454]	[27454, 187, 17231]	[28051, 172, 17231],delete:
need:	[4210, 81, 14720]	[29720, 171, 19210],delete:
need:,delete:
need:	[11226, 53, 9205]	[24205, 168, 18002],delete:
need:	[5318, 34, 5806],delete:
need:	[18085, 171, 19843]	[4843, 120, 6141],delete:
need:	[9514, 34, 10378]	[24514, 186, 25378]	[24514, 190, 22960],delete:
need:	[4810, 26, 12908]	[4810, 81, 11034],delete:
need:	[1734, 116, 3745]	[19724, 168, 16734]	[18745, 168, 16734],delete:
need:	[9456, 34, 7570]	[9456, 34, 9754],delete:
need:	[12741, 34, 9371]	[17977, 190, 24371],delete:
need:	[6086, 53, 10579]	[25579, 168, 21086],delete:
need:	[8600, 53, 9335]	[8600, 81, 14853]	[24335, 168, 23600]	[29853, 171, 23600],delete:
need:	[4756, 40, 10712]	[25712, 173, 19756],delete:
need:	[6310, 34, 9696]	[21310, 186, 24696],delete:
need:	[8442, 34, 9817],delete:
need:	[4637, 81, 12073]	[4637, 26, 12691]	[27073, 171, 19637]	[27691, 172, 19637],delete:
need:	[4298, 81, 14496]	[4298, 81, 8523]	[23523, 171, 19298],delete:
need:	[14316, 81, 9031]	[24031, 171, 29316],delete:
need:	[5660, 53, 12277]	[18406, 168, 20660],delete:
need:	[5687, 81, 10563]	[19800, 168, 20687],delete:
need:	[6869, 26, 14666]	[23364, 173, 21869],delete:
need:	[4183, 53, 2120]	[17120, 168, 27752],delete:
need:	[6328, 34, 11836]	[21328, 190, 26836],delete:
need:	[1390, 81, 8811]	[1390, 40, 12650]	[27650, 173, 16390]	[23811, 171, 16390],delete:
need:	[9619, 81, 8540]	[23540, 171, 24619],delete:
need:	[9920, 53, 7731]	[9920, 81, 706]	[9920, 26, 4901]	[19901, 172, 24920]	[22731, 168, 24920],delete:
need:	[4375, 81, 7123]	[25721, 171, 19375]	[27976, 173, 19375],delete:
need:	[4158, 40, 2292]	[20688, 168, 19158],delete:
need:,delete:	[474, 81, 5367]
need:	[1966, 81, 6828]	[21828, 187, 27622]	[21828, 173, 27622],delete:
need:	[12471, 81, 144]	[15144, 171, 27471]	[15144, 171, 29350],delete:
need:	[3712, 81, 1198]	[16198, 171, 18712],delete:
need:	[10090, 81, 4281]	[19281, 171, 16324]	[12423, 81, 4281]	[19281, 171, 25061],delete:
need:	[2488, 81, 3322]	[3317, 81, 3322],delete:
need:	[14931, 152, 3616],delete:
need:	[14416, 112, 9602]	[29416, 184, 24602],delete:
need:	[8274, 112, 3557]	[16782, 184, 18557],delete:
need:	[1063, 81, 5370]	[20370, 171, 16063],delete:
need:	[5720, 81, 13463]	[28463, 171, 20720],delete:
need:	[6759, 81, 10444]	[25444, 171, 21759],delete:
need:	[3266, 26, 7625]	[3266, 53, 6228]	[21228, 168, 18266]	[22625, 172, 18266],delete:
need:,delete:
need:	[2790, 81, 3278]	[2790, 26, 6590]	[2790, 19, 12359]	[21590, 172, 17790]	[18278, 171, 17790],delete:
need:	[13951, 26, 7815]	[22815, 172, 21812],delete:
need:	[7713, 34, 4647]	[22713, 190, 19647]	[22713, 186, 19647],delete:
need:	[12781, 34, 8947]	[12466, 34, 8947],delete:
need:,delete:
need:,delete:
need:	[14121, 34, 6147]	[14461, 34, 6147]	[29461, 190, 21147],delete:
need:	[4267, 87, 3641]	[17503, 165, 18641],delete:
need:	[22409, 171, 27842]	[14023, 81, 7409],delete:
need:	[7922, 53, 9444]	[24444, 168, 22922],delete:
need:	[7751, 81, 11564]	[26564, 171, 22751],delete:
need:	[8285, 81, 10042]	[18135, 168, 23285],delete:
need:	[4175, 26, 1487]	[4175, 53, 14596]	[18694, 171, 19175]	[29596, 168, 19175],delete:
need:	[1869, 40, 2547]	[19672, 171, 16869]	[17547, 173, 16869],delete:
need:	[21222, 171, 29845]	[14845, 81, 6222],delete:
need:	[2786, 81, 12355]	[2786, 81, 7375],delete:
need:	[7902, 40, 1723]	[16723, 173, 22902],delete:
need:	[9355, 81, 10093]	[24508, 171, 24355],delete:
need:	[1091, 81, 13095]	[1091, 40, 8149]	[23149, 173, 16091],delete:
need:	[15220, 171, 25239]	[12502, 81, 220]	[10239, 81, 220],delete:
need:	[8761, 32, 13486]	[23761, 165, 28486],delete:
need:	[5349, 34, 7553]	[5349, 34, 7986],delete:
need:	[2177, 81, 4161]	[20370, 171, 17177],delete:
need:	[14336, 26, 2193]	[17193, 172, 29336],delete:
need:	[2633, 34, 13487]	[17633, 184, 23226],delete:
need:,delete:	[17934, 171, 22730]
need:	[18327, 187, 16810]	[8738, 19, 3327]	[18327, 187, 20381]	[5381, 19, 3327],delete:
need:	[644, 81, 8671]	[25039, 171, 15644],delete:
need:	[24800, 171, 29493]	[24800, 171, 22760],delete:
need:	[19863, 173, 23003]	[8003, 40, 4863]	[19863, 168, 23003],delete:
need:	[21173, 186, 22044]	[6173, 34, 9503]	[21173, 186, 16112],delete:
need:,delete:
need:	[8192, 53, 681]	[4957, 53, 681]	[15681, 168, 23192],delete:
need:	[15734, 168, 19475],delete:
need:	[1541, 81, 13901]	[28901, 171, 16541],delete:
need:	[20376, 172, 17263]	[20376, 172, 20388]	[9607, 26, 5376],delete:
need:	[13835, 34, 800]	[26273, 186, 15800],delete:
need:	[3644, 152, 14060]	[14060, 152, 3644]	[29060, 191, 18644],delete:
need:	[20686, 171, 21779]	[26874, 171, 21779],delete:
need:	[4221, 81, 14600]	[29600, 171, 19221],delete:
need:	[10122, 34, 9084],delete:
need:	[11687, 19, 2537]	[12510, 19, 2537]	[17537, 187, 26687],delete:
need:	[3114, 34, 6790]	[3114, 34, 499],delete:
need:	[3693, 34, 151]	[8197, 34, 151]	[23197, 190, 15151]	[23197, 186, 15151]	[25434, 186, 15151],delete:
need:	[1298, 34, 8675]	[16298, 190, 23675],delete:
need:	[1721, 86, 14331]	[16721, 165, 21457],delete:
need:	[65, 81, 766]	[29500, 172, 15065],delete:
need:,delete:	[21752, 168, 23421]
need:,delete:
need:	[4150, 34, 11850]	[19150, 184, 27562]	[19150, 190, 26850],delete:
need:,delete:	[9977, 144, 9055]
need:	[4709, 81, 2962]	[286, 81, 2962]	[8184, 81, 2962]	[17962, 171, 15286],delete:
need:	[2725, 86, 13236]	[17725, 165, 28236],delete:
need:	[6526, 34, 9412],delete:
need:	[14282, 40, 4319]	[19319, 173, 29282]	[19319, 173, 27183],delete:
need:	[14845, 81, 619]	[15619, 171, 28361],delete:
need:	[14690, 144, 8776]	[23776, 173, 29690]	[8422, 81, 8776]	[23776, 171, 23422],delete:
need:	[17697, 184, 21422]	[2697, 34, 2131]	[2697, 34, 14431],delete:
need:,delete:
need:,delete:	[1646, 81, 4420]	[19062, 171, 16646]
need:	[7445, 34, 2470]	[12990, 34, 2470]	[22445, 186, 17470],delete:
need:	[640, 81, 9319]	[4639, 81, 9319],delete:
need:	[18473, 171, 29988],delete:
need:	[579, 81, 8047]	[23047, 171, 15579],delete:
need:	[11030, 26, 7451]	[22451, 172, 22995],delete:
need:	[9068, 81, 9660]	[24660, 171, 24068],delete:
need:	[6415, 34, 12338]	[21415, 186, 25644],delete:
need:	[406, 34, 10117]	[15406, 186, 25117],delete:
need:	[9778, 53, 14759]	[29759, 172, 24778],delete:
need:	[8625, 57, 14460]	[26092, 168, 23625],delete:
need:	[20167, 171, 21237]	[20562, 171, 21237],delete:
need:	[12519, 40, 3818]	[29396, 191, 18818]	[18818, 168, 27519],delete:
need:	[13121, 87, 5483]	[28121, 165, 20483],delete:
need:	[7945, 19, 5654]	[7945, 40, 8776]	[20654, 187, 22945],delete:
need:	[14915, 19, 4587]	[19587, 187, 26201],delete:
need:,delete:	[21964, 171, 15946]	[21964, 171, 18982]
need:	[14703, 81, 4886]	[19886, 171, 26668],delete:
need:	[23942, 173, 22404]	[14266, 144, 8942],delete:
need:,delete:	[10133, 81, 1790]	[1790, 152, 13075]	[7118, 81, 1790]	[16790, 171, 25888]	[16790, 171, 22118]
need:	[24660, 171, 15094],delete:
need:	[943, 81, 12644]	[27644, 171, 15943],delete:
need:	[8746, 81, 7635]	[22635, 171, 23746],delete:
need:	[145, 14, 498]	[15145, 180, 15498],delete:
need:	[5825, 70, 12503]	[27503, 174, 20825]	[20825, 191, 21802],delete:
need:	[1980, 40, 10018]	[25018, 168, 26415],delete:
need:	[21672, 187, 16828]	[21672, 187, 25056]	[10056, 19, 6672]	[21672, 187, 17134],delete:
need:	[1118, 81, 2923]	[17923, 171, 16118]	[22823, 171, 16118],delete:
need:	[4059, 81, 12763]	[4059, 40, 8908]	[4059, 81, 9125]	[27763, 171, 19059],delete:
need:	[1518, 34, 10092]	[1518, 34, 11911]	[16518, 186, 26911],delete:
need:	[5855, 81, 4423]	[13034, 81, 4423],delete:
need:	[18694, 171, 25206],delete:
need:	[17854, 171, 22474]	[13374, 53, 2854],delete:
need:	[13604, 81, 2658]	[17658, 171, 28604],delete:
need:	[2140, 26, 2966]	[2140, 40, 14216]	[17966, 172, 17140]	[29216, 173, 17140],delete:
need:	[8647, 81, 14704]	[26052, 173, 23647],delete:
need:	[4876, 112, 1876]	[19876, 184, 16876],delete:
need:	[5375, 26, 10297]	[25297, 172, 20375]	[22003, 171, 20375],delete:
need:	[6974, 34, 6939]	[6974, 34, 2614],delete:
need:	[4927, 86, 3284]	[19927, 165, 18284],delete:
need:	[1043, 112, 5198]	[16043, 184, 20198],delete:
need:	[7156, 81, 283]	[15283, 171, 22156],delete:
need:,delete:	[8619, 81, 6741]	[8619, 81, 9049]	[8619, 53, 14705]	[29705, 168, 23619]	[21741, 171, 23619]
need:	[7877, 34, 7586]	[22877, 190, 22586],delete:
need:,delete:	[2090, 120, 4]
need:	[80, 53, 1664]	[16664, 168, 15853],delete:
need:	[4262, 112, 731]	[19262, 184, 15731],delete:
need:	[16906, 168, 16539]	[16906, 168, 22744],delete:
need:	[8636, 81, 9669]	[8636, 144, 9669]	[8636, 40, 9669]	[24669, 173, 23636],delete:
need:	[3363, 40, 1145]	[16145, 168, 18363],delete:
need:	[24492, 184, 29479]	[24492, 179, 29479],delete:
need:,delete:	[14643, 40, 1226]
need:	[10551, 34, 9012],delete:
need:	[2181, 35, 1702]	[18619, 184, 16702],delete:
need:	[6941, 19, 12454]	[27454, 187, 21941],delete:
need:,delete:
need:	[238, 57, 14188]	[238, 11, 14188]	[29188, 168, 15238],delete:
need:	[14118, 34, 4795]	[9936, 34, 4795]	[29118, 190, 19795],delete:
need:	[7366, 40, 13728]	[7366, 81, 12763]	[24938, 172, 22366],delete:
need:	[2862, 34, 2021]	[2862, 34, 13409],delete:
need:	[11308, 81, 3542]	[12887, 81, 3542]	[18542, 171, 16260],delete:
need:,delete:	[24262, 171, 19416]
need:	[515, 53, 12237]	[515, 81, 5744]	[20744, 171, 15515]	[27237, 168, 15515],delete:
need:	[8000, 34, 11990]	[23000, 184, 27702]	[23000, 190, 26990],delete:
need:	[22462, 187, 24102]	[19995, 171, 24102]	[29554, 173, 24102],delete:
need:	[13324, 87, 5065]	[29594, 165, 20065],delete:
need:,delete:	[21672, 187, 20992]
need:	[5274, 34, 687]	[20274, 190, 15687],delete:
need:	[513, 19, 13726]	[513, 81, 14662]	[513, 120, 13054]	[513, 53, 3690]	[29662, 171, 15513]	[28726, 187, 15513]	[18690, 168, 15513],delete:
need:	[14157, 81, 4408]	[19408, 171, 27127],delete:
need:	[12494, 53, 4293]	[19293, 168, 27494],delete:
need:	[7056, 26, 5191]	[20191, 172, 22056],delete:
need:,delete:	[5815, 19, 2001]
need:	[1353, 81, 4452]	[19452, 171, 16353],delete:
need:	[6315, 34, 6296]	[21315, 186, 21296],delete:
need:	[7231, 11, 911]	[7231, 53, 12484]	[15911, 168, 22231],delete:
need:	[10176, 81, 6363]	[29977, 173, 25176],delete:
need:	[9892, 81, 7539]	[22539, 171, 22040]	[22539, 171, 24892],delete:
need:	[9398, 34, 3798]	[13370, 34, 3798]	[28370, 186, 18798],delete:
need:	[19604, 191, 26743]	[11946, 53, 4604]	[19604, 168, 20469]	[19604, 168, 28368],delete:
need:	[14587, 81, 8075]	[23075, 171, 29587],delete:
need:,delete:	[22821, 171, 20222]
need:	[7061, 34, 12235]	[22061, 186, 27235],delete:
need:	[7041, 81, 12697]	[27697, 171, 22041],delete:
need:	[6020, 51, 8548]	[28648, 165, 21020],delete:
need:	[2070, 40, 5479]	[2070, 81, 11286]	[26286, 171, 17070],delete:
need:	[4358, 40, 4225]	[19225, 173, 27955],delete:
need:	[19609, 171, 26953]	[19609, 171, 20699],delete:
need:	[2343, 81, 3990]	[18990, 171, 18919],delete:
need:	[1452, 152, 13599]	[13599, 152, 1452]	[28599, 191, 16452]	[16452, 191, 28599],delete:
need:	[5587, 81, 8519]	[23519, 171, 20587],delete:
need:	[12670, 144, 5697]	[12670, 40, 5697]	[20697, 173, 27670],delete:
need:	[5921, 34, 9016]	[20921, 190, 24016]	[20921, 184, 21422],delete:
need:	[3490, 81, 1984]	[3490, 40, 1236]	[16236, 173, 18490],delete:
need:	[7566, 34, 6790]	[7566, 34, 10307]	[22566, 190, 21790]	[22566, 186, 21790],delete:
need:	[6154, 44, 5505]	[21154, 191, 27081]	[6154, 152, 12081],delete:
need:	[3390, 40, 9674]	[14964, 81, 9674]	[24674, 168, 25823],delete:
need:	[442, 34, 6720],delete:
need:	[13523, 81, 10243]	[25243, 191, 18126]	[25243, 171, 16810]	[25243, 171, 21969]	[25243, 171, 28523]	[25243, 171, 16525],delete:
need:	[10486, 81, 10795]	[25795, 171, 25486],delete:
need:	[1482, 81, 7070]	[22070, 171, 23991]	[22070, 171, 22820],delete:
need:	[2482, 81, 645]	[15645, 171, 17482],delete:
need:	[13201, 112, 4683]	[28201, 184, 19683],delete:
need:	[6254, 48, 12270]	[6254, 53, 5224]	[20224, 168, 21254],delete:
need:	[6349, 87, 1544]	[19374, 165, 16544],delete:
need:	[1125, 34, 14524]	[16125, 184, 20977]	[16125, 190, 29524]	[16125, 186, 29524],delete:
need:	[24467, 173, 18889]	[3906, 40, 9467]	[24467, 173, 28974],delete:
need:	[18535, 168, 27727]	[12426, 40, 3535]	[8676, 144, 3535],delete:
need:	[8589, 53, 9957]	[7623, 11, 9957]	[24957, 168, 22623],delete:
need:	[275, 34, 9535]	[275, 34, 4795],delete:
need:,delete:	[2832, 40, 9751]
need:	[13387, 34, 6193]	[16158, 190, 21193],delete:
need:	[2552, 40, 12965]	[27965, 173, 17552],delete:
need:	[20531, 173, 21527],delete:
need:	[1261, 128, 13315]	[16261, 185, 19064],delete:
need:	[5642, 81, 13410]	[23291, 171, 20642],delete:
need:	[6772, 81, 11522]	[6772, 81, 7720]	[25374, 171, 21772],delete:
need:,delete:	[8605, 26, 3335]
need:	[8254, 81, 5370]	[8254, 26, 6367]	[21701, 171, 23254],delete:
need:,delete:	[3432, 144, 14705]
need:	[2960, 26, 13051]	[2960, 81, 4606]	[24872, 171, 17960],delete:
need:	[9363, 40, 1661]	[15633, 168, 24363],delete:
need:	[297, 34, 10309]	[15297, 190, 18763],delete:
need:	[18793, 171, 17675],delete:
need:	[15769, 173, 15520],delete:
need:	[4012, 81, 6139]	[21139, 171, 19012],delete:
need:	[3164, 144, 5994]	[20994, 168, 19032],delete:
need:	[8266, 40, 12406]	[27406, 168, 23266],delete:
need:	[563, 53, 13306]	[26825, 168, 15563],delete:
need:	[5363, 53, 9884]	[5363, 144, 9884]	[24884, 173, 20363]	[24884, 168, 20363],delete:
need:	[1347, 40, 6667]	[21667, 168, 16347],delete:
need:	[2826, 81, 7153]	[3716, 81, 7153]	[22153, 171, 21137],delete:
need:	[9508, 152, 9115]	[24508, 171, 24355],delete:
need:	[2944, 81, 12726]	[23660, 171, 17944],delete:
need:	[10334, 19, 11398]	[18449, 171, 25334],delete:
need:	[14767, 87, 7662]	[22662, 165, 19100],delete:
need:	[14375, 34, 7455]	[29375, 190, 22455],delete:
need:	[28132, 168, 20879],delete:
need:	[20396, 168, 28513]	[13513, 123, 5396]	[20396, 168, 21880],delete:
need:	[6963, 53, 12529]	[27529, 168, 21963]	[19211, 171, 21963],delete:
need:	[27174, 168, 24272]	[25999, 171, 24272]	[9272, 40, 892],delete:
need:	[1451, 81, 14095]	[28760, 171, 16451],delete:
need:	[9891, 152, 5805]	[24891, 191, 20805],delete:
need:	[19686, 171, 27140]	[3272, 81, 4686]	[19686, 171, 16519]	[19686, 171, 15871],delete:
need:	[125, 53, 9740]	[24740, 168, 20242]	[24740, 168, 23320]	[24740, 168, 15125],delete:
need:	[841, 144, 10372]	[5094, 40, 10372]	[25372, 173, 15841],delete:
need:	[12459, 35, 5259],delete:
need:	[24025, 168, 19364],delete:
need:	[897, 34, 9754]	[15897, 186, 22897],delete:
need:	[227, 26, 4727]	[227, 19, 12482]	[27482, 187, 15227],delete:
need:	[7263, 81, 9924]	[24924, 171, 24537],delete:
need:	[10461, 34, 1075],delete:
need:	[4075, 81, 5686]	[25446, 171, 19075],delete:
need:	[1010, 40, 6117]	[1010, 81, 8148]	[21117, 173, 16010],delete:
need:	[5057, 129, 150]	[15150, 168, 20057],delete:
need:	[14036, 40, 1763]	[16763, 168, 24976],delete:
need:	[19800, 168, 20687]	[10925, 26, 4800]	[19800, 172, 29520],delete:
need:	[2673, 40, 2416]	[17416, 173, 17673]	[25764, 168, 17673],delete:
need:,delete:	[2227, 72, 2227]	[17303, 179, 17227]
need:,delete:	[23431, 171, 25331]
need:	[14539, 81, 2940]	[17940, 171, 29539]	[26246, 191, 17940],delete:
need:	[496, 34, 3459]	[15496, 190, 18459],delete:
need:,delete:	[22354, 171, 25488]
need:	[8344, 81, 8814]	[17212, 171, 23344],delete:
need:	[5169, 40, 5509]	[20509, 173, 20169],delete:
need:,delete:
need:	[9980, 81, 2301]	[17301, 171, 24980]	[26920, 172, 24980],delete:
need:	[10351, 81, 1187]	[10351, 26, 762]	[16187, 171, 25351],delete:
need:	[2220, 144, 2195]	[17195, 168, 17220],delete:
need:	[3900, 34, 10001]	[3900, 34, 13152],delete:
need:	[5298, 34, 10346]	[7244, 34, 10346],delete:
need:	[5466, 81, 13870]	[5466, 26, 4568]	[17239, 171, 20466],delete:
need:	[25301, 172, 25919]	[25301, 172, 18795],delete:
need:	[4664, 57, 11731]	[26731, 168, 19664]	[4664, 11, 11731],delete:
need:	[14403, 34, 9259]	[29403, 186, 24259],delete:
need:	[4277, 81, 1540]	[24389, 171, 19277],delete:
need:	[8422, 81, 2804]	[17249, 171, 23422],delete:
need:	[970, 81, 10126]	[25126, 171, 15970],delete:
need:,delete:	[7864, 81, 2425]
need:	[7028, 40, 12898]	[23564, 168, 22028],delete:
need:,delete:	[10986, 87, 7588]
need:	[4774, 81, 1089]	[16089, 171, 29552],delete:
need:	[4626, 81, 4752]	[19752, 171, 19626]	[22928, 171, 19626],delete:
need:	[812, 81, 12711]	[25231, 172, 15812]	[27711, 171, 15812],delete:
need:	[6446, 81, 6111]	[21111, 171, 25945],delete:
need:	[1632, 81, 4856]	[19856, 171, 16632],delete:
need:,delete:	[4569, 53, 11656]	[4569, 120, 6737]
need:,delete:
need:	[4859, 14, 615]	[19859, 180, 15615],delete:
need:	[15219, 187, 18540]	[3540, 19, 219],delete:
need:	[852, 81, 13812]	[28812, 171, 15852],delete:
need:	[11719, 34, 1113]	[20416, 186, 16113]	[26719, 186, 16113],delete:
need:,delete:	[5422, 112, 1121]
need:,delete:	[2261, 34, 1550]
need:,delete:	[1370, 120, 6737]	[29379, 173, 16370]	[21607, 171, 16370]
need:	[10904, 53, 10363]	[25363, 168, 25904],delete:
need:	[17121, 171, 26280]	[3820, 81, 2121]	[17121, 171, 18820],delete:
need:,delete:
need:	[4041, 40, 8045]	[4041, 81, 12040]	[21139, 171, 19041]	[27040, 171, 19041],delete:
need:	[21460, 171, 29185],delete:
need:,delete:	[28969, 168, 20428]	[5428, 144, 8820]	[5428, 144, 12043]
need:	[18743, 171, 17897]	[2897, 144, 6389]	[28714, 171, 17897],delete:
need:	[7878, 26, 1641]	[16641, 172, 22878]	[16744, 173, 22878]	[22478, 171, 22878],delete:
need:,delete:	[5024, 40, 9925]
need:	[17276, 168, 16166]	[17276, 168, 21979],delete:
need:	[3378, 34, 11041]	[18378, 186, 26041],delete:
need:	[2634, 34, 3870],delete:
need:,delete:
need:,delete:	[17045, 173, 26451]
need:,delete:
need:	[5817, 34, 13531]	[5817, 34, 14486],delete:
need:,delete:	[16572, 171, 18970]	[11928, 151, 1572]	[1572, 151, 11928]
need:	[4681, 40, 93]	[11095, 40, 93]	[15093, 173, 19681],delete:
need:	[6595, 81, 10557]	[19056, 173, 21595],delete:
need:	[27068, 171, 17421]	[28640, 171, 17421]	[2421, 40, 5564]	[20564, 173, 17421],delete:
need:	[11931, 81, 5582]	[62, 81, 5582]	[20582, 171, 15062],delete:
need:	[25058, 171, 21825]	[13133, 81, 10058],delete:
need:	[4343, 19, 14876]	[22003, 171, 19343],delete:
need:	[6326, 34, 12773]	[21326, 190, 27773],delete:
need:,delete:	[4935, 81, 4398]
need:	[8752, 81, 12738]	[27738, 171, 23752],delete:
need:	[929, 57, 8118]	[20468, 168, 15929],delete:
need:	[8976, 81, 8970]	[8976, 40, 14415]	[16971, 172, 23976]	[23970, 171, 23976]	[29415, 173, 23976],delete:
need:	[4449, 40, 4038]	[26362, 168, 19449],delete:
need:	[4518, 81, 14401]	[25393, 187, 19518],delete:
need:	[27078, 168, 22163]	[27329, 168, 22163]	[20675, 187, 22163]	[7163, 38, 10614],delete:
need:	[8310, 81, 3416]	[26923, 171, 23310],delete:
need:	[2309, 81, 6388]	[14735, 81, 6388]	[21388, 171, 29735]	[21388, 171, 17309],delete:
need:	[10185, 34, 7574],delete:
need:	[6433, 34, 3790],delete:
need:	[5949, 81, 2184]	[17184, 171, 20949]	[17159, 172, 20949],delete:
need:	[9668, 112, 4728]	[24668, 180, 28236],delete:
need:,delete:	[3285, 112, 4835]	[1336, 14, 4835]	[18285, 184, 19835]	[16336, 180, 19835]
need:	[2557, 87, 8232]	[17557, 165, 16647],delete:
need:	[57, 144, 12150]	[57, 53, 14943]	[27150, 168, 15057],delete:
need:	[4865, 112, 7679]	[10860, 112, 7679]	[19865, 184, 22679],delete:
need:	[267, 34, 5933]	[267, 34, 8634]	[267, 34, 1682]	[15267, 186, 23634],delete:
need:	[164, 40, 13115]	[164, 81, 423]	[28115, 173, 15164],delete:
need:	[7684, 34, 13999]	[22684, 190, 24618]	[22684, 184, 16047],delete:
need:	[3500, 53, 9222]	[24222, 168, 18500],delete:
need:	[6912, 81, 7135]	[18473, 171, 21912]	[22135, 171, 21912],delete:
need:	[7131, 34, 10783]	[22131, 186, 25447]	[22131, 190, 25447],delete:
need:,delete:
need:	[12856, 53, 9502]	[24502, 168, 27856],delete:
need:	[9895, 40, 12665]	[28376, 168, 24895],delete:
need:	[10310, 34, 2160]	[10310, 34, 12075],delete:
need:	[1602, 40, 14931]	[17173, 168, 16602]	[29931, 173, 16602],delete:
need:	[21576, 171, 18716]	[3716, 81, 6576]	[3716, 26, 7048],delete:
need:	[735, 81, 13023]	[735, 40, 14935]	[28023, 171, 15735]	[29935, 173, 15735],delete:
need:	[13361, 81, 6656]	[21656, 171, 15746],delete:
need:	[4825, 81, 8092]	[23092, 171, 27980],delete:
need:	[9878, 34, 10269]	[24878, 186, 25269],delete:
need:	[798, 34, 14516]	[15798, 190, 29516],delete:
need:	[25467, 191, 29721]	[10467, 152, 14721]	[29721, 191, 25467],delete:
need:	[7514, 34, 7561],delete:
need:	[5647, 130, 3364]	[20647, 165, 18364],delete:
need:	[8200, 34, 2831],delete:
need:,delete:
need:	[23878, 173, 24213]	[23878, 173, 15194],delete:
need:	[9257, 34, 7365]	[23918, 186, 22365]	[16853, 190, 22365],delete:
need:	[8696, 81, 3802]	[29686, 168, 23696],delete:
need:	[14907, 81, 5809]	[20809, 171, 29907]	[20809, 171, 21604],delete:
need:	[7549, 26, 7469]	[22469, 172, 20724],delete:
need:	[9736, 87, 8786]	[24736, 165, 23786],delete:
need:	[10266, 81, 10961]	[25961, 171, 25266],delete:
need:	[916, 26, 12032]	[916, 81, 4062]	[27032, 172, 15916],delete:
need:	[4019, 81, 14877]	[29877, 171, 19019]	[23481, 168, 19019],delete:
need:	[293, 40, 2694]	[19303, 168, 15293],delete:
need:	[16167, 173, 22971]	[7971, 40, 1167]	[7971, 81, 8732]	[21562, 172, 22971],delete:
need:	[1838, 85, 8226]	[2633, 112, 8226]	[17633, 184, 23226],delete:
need:	[2533, 40, 5213]	[2533, 53, 14120]	[20213, 173, 17533],delete:
need:	[4033, 11, 13019]	[28019, 168, 19033],delete:
need:	[28055, 174, 17595],delete:
need:	[18311, 168, 19919]	[18311, 168, 17369]	[18311, 168, 27034],delete:
need:	[8823, 24, 2738]	[28294, 190, 17738],delete:
need:	[3984, 57, 7882]	[3984, 11, 7882]	[3816, 57, 7882],delete:
need:	[8851, 81, 3741]	[25988, 173, 23851]	[18741, 171, 23851],delete:
need:	[19114, 171, 23601]	[12743, 81, 4114],delete:
need:	[14026, 26, 3436]	[18436, 172, 29026],delete:
need:	[9152, 40, 7235]	[22235, 173, 24152],delete:
need:	[9561, 81, 1262]	[16262, 171, 24561],delete:
need:	[6935, 81, 14704]	[29704, 171, 21935],delete:
need:	[9590, 112, 10319]	[24590, 184, 25319]	[24590, 172, 25064],delete:
need:	[7924, 81, 13896]	[28896, 171, 22924]	[15345, 172, 22924],delete:
need:	[8676, 19, 2191]	[17191, 187, 28808]	[17191, 187, 26602],delete:
need:	[101, 81, 12797]	[27797, 171, 15101],delete:
need:	[14489, 26, 6124]	[21124, 172, 29489],delete:
need:	[9597, 34, 5806],delete:
need:	[7966, 81, 13896]	[29061, 168, 22966],delete:
need:	[14526, 26, 163]	[15163, 172, 23261],delete:
need:	[5754, 34, 2160]	[20754, 186, 17160],delete:
need:	[11243, 81, 9563]	[24563, 171, 26243]	[24563, 171, 28662],delete:
need:	[13657, 40, 10343]	[25343, 173, 28657],delete:
need:	[8992, 34, 2614]	[8992, 34, 12418],delete:
need:	[1381, 68, 10528]	[1381, 72, 13927]	[22031, 185, 16381],delete:
need:	[578, 81, 5212]	[20212, 171, 25137],delete:
need:	[12203, 161, 3472]	[27203, 169, 18472],delete:
need:	[10926, 81, 7410]	[7410, 13, 9749]	[22410, 192, 23014],delete:
need:,delete:
need:	[3980, 81, 13794]	[3980, 19, 4958]	[3980, 81, 8434]	[28794, 171, 18980],delete:
need:	[23632, 173, 16687],delete:
need:	[4028, 81, 856]	[856, 96, 1187]	[16187, 189, 15856]	[15856, 171, 19028],delete:
need:,delete:	[5356, 120, 6737]
need:	[1001, 81, 14042]	[1001, 81, 13465]	[29042, 171, 16001],delete:
need:	[7556, 34, 14976]	[22556, 186, 29976],delete:
need:	[13267, 40, 5165]	[20165, 173, 28267]	[13267, 144, 5165]	[2219, 40, 5165],delete:
need:	[14203, 81, 8274]	[7527, 81, 8274]	[23274, 171, 22116]	[7116, 81, 8274],delete:
need:,delete:	[2135, 4, 3048]	[11310, 144, 2135]	[17135, 168, 27053]	[17135, 168, 17800]	[17135, 168, 26310]
need:	[1881, 40, 3105]	[23670, 168, 16881]	[18105, 173, 16881],delete:
need:	[8709, 11, 13265]	[28265, 168, 23709],delete:
need:	[9053, 34, 13337]	[24053, 186, 16305],delete:
need:	[2914, 81, 5805]	[2914, 81, 7519]	[20805, 171, 17914],delete:
need:	[8455, 53, 9421]	[24494, 168, 23455],delete:
need:	[6824, 34, 3102]	[6824, 34, 6219]	[21824, 190, 18979],delete:
need:	[24997, 171, 23977],delete:
need:	[4759, 26, 10297]	[4759, 81, 4062]	[4759, 40, 13992]	[4759, 19, 14414]	[25297, 172, 19759]	[28992, 173, 19759],delete:
need:	[5017, 144, 3647]	[18647, 168, 29167]	[18647, 168, 25811],delete:
need:,delete:
need:	[8018, 19, 8494]	[23494, 187, 23018],delete:
need:,delete:
need:	[5089, 14, 1570]	[20089, 180, 29155],delete:
need:	[18741, 171, 23624]	[18741, 171, 19563]	[4563, 81, 3741]	[8624, 81, 3741],delete:
need:	[12122, 128, 8034]	[27122, 185, 23034],delete:
need:	[12998, 40, 10067]	[25067, 173, 27998],delete:
need:,delete:	[12061, 152, 2890]	[2963, 53, 2890]	[3735, 53, 2890]	[17890, 168, 22869]	[17890, 168, 18735]	[17890, 168, 17003]
need:	[2032, 40, 10438]	[25438, 168, 17032],delete:
need:	[5798, 81, 4909]	[19909, 171, 28007],delete:
need:	[10331, 81, 1488]	[12046, 144, 1488]	[16488, 171, 27046],delete:
need:	[2639, 11, 12417]	[27417, 168, 17639],delete:
need:,delete:	[9280, 152, 8194]	[4299, 19, 8194]	[14905, 19, 8194]	[11161, 19, 8194]	[23194, 187, 28292]	[23194, 187, 27980]
need:	[25673, 168, 19644]	[4644, 40, 2387],delete:
need:,delete:	[8959, 151, 379]	[379, 56, 7915]	[379, 151, 7915]	[8959, 56, 379]	[15379, 168, 19490]	[15379, 168, 27683]
need:	[2460, 14, 13675]	[2460, 128, 14574]	[17460, 180, 28675]	[17460, 185, 29574],delete:
need:	[501, 53, 12073]	[501, 40, 12073],delete:
need:	[11969, 81, 939]	[15939, 171, 21156],delete:
need:,delete:	[12035, 40, 7353]	[22353, 173, 20858]
need:	[6504, 81, 7823]	[17923, 171, 21504],delete:
need:,delete:	[19474, 171, 22741]
need:	[779, 34, 14302]	[779, 34, 12569],delete:
need:	[7756, 34, 8634],delete:
need:	[27435, 177, 21834]	[16665, 185, 21834],delete:
need:	[9730, 81, 7206]	[16706, 172, 24730]	[16645, 171, 24730],delete:
need:	[21114, 171, 22315]	[7315, 129, 9210],delete:
need:,delete:
need:	[9650, 81, 14496]	[29496, 171, 24650],delete:
need:,delete:	[4214, 81, 2348]	[17348, 171, 19214]
need:	[13372, 81, 7686]	[22686, 171, 25908],delete:
need:	[12722, 152, 8719]	[27722, 191, 23719],delete:
need:	[29024, 168, 19187]	[22780, 168, 19187],delete:
need:,delete:
need:	[833, 34, 9659]	[15833, 186, 24659],delete:
need:	[12012, 128, 8576]	[17246, 185, 23576],delete:
need:	[9314, 19, 12796]	[24833, 171, 24314],delete:
need:,delete:	[21878, 171, 16758]	[27478, 171, 16758]
need:	[6334, 40, 12976]	[6334, 26, 5247]	[27976, 173, 21334],delete:
need:	[12544, 40, 4394]	[19394, 168, 27544],delete:
need:	[9647, 81, 9485]	[9647, 81, 1844]	[16844, 171, 24647],delete:
need:,delete:	[14959, 81, 1009]	[11760, 126, 1009]	[9193, 81, 1009]	[4679, 81, 1009]	[16009, 171, 24193]	[16009, 171, 16414]	[16009, 171, 29959]
need:	[913, 81, 14694]	[913, 40, 4863]	[29694, 171, 15913],delete:
need:	[8807, 40, 2668]	[17668, 173, 23807],delete:
need:,delete:	[417, 53, 4750]	[7084, 53, 4750]
need:	[8393, 112, 6875]	[23300, 180, 21875],delete:
need:	[9852, 40, 10175]	[25175, 173, 24852]	[22333, 168, 24852],delete:
need:,delete:
need:	[1588, 34, 2181]	[16588, 190, 17181],delete:
need:	[7344, 34, 5424]	[13501, 34, 5424],delete:
need:	[5490, 40, 4428]	[5490, 53, 4428]	[5490, 81, 8193]	[19428, 173, 20490]	[23193, 171, 20490],delete:
need:	[8704, 34, 10036]	[23704, 190, 25036]	[23704, 186, 25036],delete:
need:	[6257, 81, 1266]	[16266, 171, 21257],delete:
need:	[4774, 81, 1433]	[20229, 173, 19774]	[20229, 168, 19774],delete:
need:	[4859, 14, 615]	[12440, 112, 615]	[27440, 184, 15615],delete:
need:	[218, 154, 13356]	[15218, 165, 28356]	[20606, 184, 15218],delete:
need:	[6211, 81, 8102]	[23102, 171, 29958],delete:
need:	[1109, 34, 12338]	[16109, 186, 27338],delete:
need:,delete:
need:	[14038, 81, 4822]	[19822, 171, 29038],delete:
need:	[391, 97, 8436]	[23436, 168, 24234],delete:
need:	[7467, 40, 13076]	[28076, 173, 22467],delete:
need:	[15497, 171, 24043]	[501, 81, 497],delete:
need:	[8114, 53, 13477]	[28477, 168, 23114],delete:
need:	[14735, 81, 3028]	[12630, 81, 3028]	[18028, 171, 20291],delete:
need:	[11908, 81, 3305]	[13736, 81, 3305]	[18305, 171, 28736],delete:
need:	[6989, 53, 1701]	[16701, 168, 26460],delete:
need:,delete:	[6513, 81, 6845]
need:	[309, 40, 10120]	[309, 81, 13124]	[28124, 171, 15309]	[25120, 173, 15309],delete:
need:,delete:	[25003, 171, 22190]
need:	[7000, 81, 7206]	[22206, 171, 22000]	[24319, 171, 22000],delete:
need:	[2534, 112, 14077]	[2534, 34, 7833]	[17534, 184, 29077],delete:
need:	[7463, 19, 1843]	[22913, 171, 22463],delete:
need:,delete:	[4456, 53, 2435]
need:	[5303, 81, 5459]	[20459, 171, 29585],delete:
need:	[10339, 81, 11179]	[26179, 171, 25339],delete:
need:	[2349, 81, 13285]	[26270, 187, 17349]	[28285, 171, 17349],delete:
need:	[6787, 40, 3634]	[18634, 173, 21787],delete:
need:	[7804, 34, 9084]	[22804, 186, 24084],delete:
need:	[7521, 53, 12138]	[26853, 171, 22521]	[27138, 168, 22521]	[20914, 187, 22521],delete:
need:	[2304, 34, 1523]	[17304, 190, 16523]	[17304, 186, 16523],delete:
need:	[8922, 26, 14380]	[15534, 171, 23922]	[16967, 171, 23922],delete:
need:	[7060, 40, 1526]	[16526, 173, 27364],delete:
need:,delete:
need:	[5121, 81, 9049]	[5121, 40, 1609]	[16609, 173, 20121],delete:
need:	[7647, 40, 6690]	[29141, 168, 22647],delete:
need:	[9480, 81, 4995]	[19995, 171, 24480],delete:
need:	[23595, 188, 27292]	[23595, 165, 28236],delete:
need:	[14958, 40, 6662]	[13092, 40, 6662],delete:
need:	[6354, 128, 13353]	[21354, 185, 22362],delete:
need:	[3389, 81, 7003]	[22003, 171, 18389],delete:
need:,delete:	[2112, 19, 10032]	[25032, 187, 25535]	[25032, 187, 17112]	[25032, 187, 16913]
need:,delete:	[9342, 81, 8708]	[9342, 81, 1599]	[9342, 53, 4348]	[9342, 81, 14186]	[9342, 19, 2514]	[19348, 168, 24342]	[23708, 171, 24342]	[29186, 171, 24342]	[16599, 171, 24342]
need:,delete:	[20669, 168, 22194]
need:,delete:	[118, 112, 1121]	[118, 34, 3301]	[15118, 190, 18301]	[15118, 186, 18301]
need:	[29420, 173, 21544]	[6544, 40, 14420]	[24997, 171, 21544],delete:
need:	[28785, 171, 17386]	[2386, 81, 13785]	[23053, 187, 17386],delete:
need:	[6738, 68, 14728]	[7159, 87, 6738]	[21738, 165, 29728],delete:
need:	[6942, 81, 8400]	[23400, 171, 21942],delete:
need:	[2857, 81, 6507]	[2857, 81, 12797]	[27797, 171, 17857],delete:
need:,delete:	[5696, 40, 5099]
need:	[4404, 34, 14524],delete:
need:	[8742, 40, 9805]	[8742, 53, 7999]	[22999, 168, 23742],delete:
need:,delete:
need:	[10251, 34, 2876]	[10251, 34, 9801]	[25251, 184, 27059],delete:
need:	[5733, 81, 9706]	[5733, 81, 10871]	[29056, 168, 20733],delete:
need:	[3985, 36, 3287]	[24803, 188, 18985],delete:
need:	[7267, 53, 4924]	[19924, 168, 17554],delete:
need:	[2948, 40, 14680]	[29680, 168, 17948],delete:
need:,delete:	[1950, 81, 4384]
need:	[5795, 14, 12612]	[20795, 180, 27612],delete:
need:	[7921, 152, 12953]	[7921, 112, 12717],delete:
need:	[9854, 53, 6752]	[21752, 168, 24854],delete:
need:	[29353, 190, 22553]	[14353, 34, 7553],delete:
need:	[13297, 19, 10393]	[25393, 187, 26071]	[25393, 187, 28297],delete:
need:	[20328, 168, 19618]	[5952, 40, 5328],delete:
need:,delete:	[15392, 171, 24178]
need:	[4019, 53, 8481]	[3750, 81, 8481]	[23481, 168, 19138],delete:
need:	[10273, 81, 892]	[16719, 171, 25273],delete:
need:	[8592, 40, 10906]	[25906, 173, 23592]	[20372, 171, 23592],delete:
need:	[4981, 81, 7276]	[15790, 171, 19981],delete:
need:	[3271, 87, 7950]	[18271, 165, 22950],delete:
need:	[12635, 34, 6603]	[9880, 34, 6603],delete:
need:	[5194, 81, 8811]	[22963, 168, 20194],delete:
need:	[5990, 81, 2891]	[17891, 171, 29847]	[17891, 171, 16644],delete:
need:	[9649, 81, 8986]	[27843, 171, 24649],delete:
need:	[2050, 81, 8841]	[23841, 171, 17050],delete:
need:	[5503, 40, 14379]	[29379, 173, 20503]	[28039, 171, 20503],delete:
need:	[14742, 34, 7322]	[29742, 190, 22322],delete:
need:	[7483, 152, 8369]	[12887, 81, 8369]	[23369, 172, 15841]	[8369, 152, 7483],delete:
need:,delete:	[3107, 81, 2121]
need:	[815, 81, 8783]	[23783, 171, 19079],delete:
need:	[5276, 34, 14709],delete:
need:,delete:
need:	[1746, 34, 12300]	[16746, 184, 28236]	[16746, 190, 27300],delete:
need:	[2363, 34, 12601]	[17363, 186, 18092],delete:
need:	[5388, 26, 5376]	[28915, 171, 20388],delete:
need:	[6928, 34, 7137]	[6928, 34, 3545]	[21928, 190, 22137],delete:
need:	[6495, 34, 12091],delete:
need:,delete:
need:	[2509, 87, 7260]	[17509, 165, 15858],delete:
need:	[17915, 187, 29149]	[11192, 19, 2915]	[14149, 19, 2915],delete:
need:	[13473, 34, 72]	[6930, 34, 72],delete:
need:	[8138, 40, 7834]	[22834, 173, 23138]	[19217, 187, 23138],delete:
need:	[17494, 168, 16122]	[17494, 168, 21376],delete:
need:	[14104, 112, 9238]	[28189, 184, 24238],delete:
need:	[15526, 173, 23894]	[15526, 168, 23894],delete:
need:	[2164, 87, 14924]	[17164, 165, 29924],delete:
need:	[2798, 26, 10107]	[17569, 171, 17798],delete:
need:	[1158, 34, 6193]	[16158, 186, 18977],delete:
need:	[14472, 34, 10433]	[29472, 186, 25433],delete:
need:,delete:	[4133, 81, 5744]
need:	[7590, 19, 11398]	[26398, 187, 22590],delete:
need:,delete:	[6140, 81, 706]
need:	[14512, 40, 3736]	[18736, 168, 29512],delete:
need:	[1897, 34, 6062]	[16897, 190, 21062],delete:
need:,delete:	[26954, 171, 15847]	[847, 81, 11954]
need:	[5581, 81, 3772]	[18772, 171, 22116],delete:
need:	[12434, 112, 3350]	[27434, 184, 18350],delete:
need:	[683, 34, 4307],delete:
need:	[9865, 112, 10533]	[9865, 34, 1447]	[24865, 184, 25533],delete:
need:	[28583, 186, 23846]	[13583, 34, 8846]	[11645, 34, 8846],delete:
need:	[6730, 81, 13269]	[6730, 81, 14785]	[28269, 171, 21730]	[29785, 171, 21730],delete:
need:	[18879, 171, 21280]	[6280, 81, 3879]	[25637, 173, 21280],delete:
need:	[6783, 34, 11371]	[21783, 186, 26371],delete:
need:,delete:	[3206, 95, 6773]
need:	[4748, 81, 7235]	[25836, 173, 19748],delete:
need:,delete:	[869, 81, 1176]
need:	[824, 81, 5205]	[16355, 171, 15824],delete:
need:	[2754, 53, 6531]	[21531, 187, 17754]	[21531, 173, 17754],delete:
need:	[3751, 112, 14970]	[18751, 175, 28614],delete:
need:	[17031, 190, 22555]	[636, 34, 7555]	[17031, 186, 22555]	[27431, 186, 22555],delete:
need:	[4316, 87, 12372]	[19316, 165, 27372],delete:
need:	[9943, 57, 6130]	[27890, 168, 24943]	[16956, 168, 24943],delete:
need:	[2901, 81, 625]	[15625, 171, 17901]	[15625, 171, 27955],delete:
need:	[16487, 172, 19175],delete:
need:	[10705, 81, 7748]	[22748, 171, 27928],delete:
need:	[9908, 40, 10298]	[25298, 173, 24908],delete:
need:,delete:	[2928, 144, 8497]	[2928, 40, 14379]	[22448, 171, 17928]	[18471, 171, 17928]	[29379, 173, 17928]
need:	[6536, 81, 14896]	[6536, 38, 6064]	[19908, 171, 21536],delete:
need:	[6323, 81, 12614]	[23150, 171, 21323],delete:
need:	[4012, 81, 6139]	[25093, 171, 19012],delete:
need:	[3640, 81, 11557]	[3640, 81, 12355]	[26557, 171, 18640],delete:
need:	[353, 81, 7279]	[22279, 171, 15353],delete:
need:	[7905, 19, 8471]	[7905, 53, 13316]	[7905, 38, 10614]	[28316, 168, 22905],delete:
need:,delete:	[9717, 53, 11482]
need:	[5596, 34, 5390],delete:
need:	[8677, 53, 13906]	[8677, 81, 12644]	[15382, 171, 23677],delete:
need:,delete:	[20537, 171, 21636]
need:	[9387, 34, 8058],delete:
need:	[9859, 81, 11]	[9859, 40, 14415]	[29415, 173, 24859]	[15011, 171, 24859],delete:
need:,delete:	[22668, 171, 16879]	[1879, 81, 7668]
need:	[26758, 173, 18910]	[28933, 171, 18910],delete:
need:	[1071, 81, 14896]	[1071, 26, 9481]	[24481, 172, 16071]	[29896, 171, 16071],delete:
need:	[9748, 34, 10435]	[24748, 186, 25435]	[24748, 190, 25435],delete:
need:	[14003, 34, 4181]	[24849, 186, 19181],delete:
need:	[7381, 87, 7950]	[7381, 87, 3355]	[22381, 165, 22950],delete:
need:,delete:	[7404, 81, 3917]	[3917, 152, 5066]	[5066, 152, 3917]	[9812, 81, 3917]	[14266, 81, 3917]	[20066, 191, 18917]	[18917, 171, 22404]	[18917, 171, 29266]
need:	[16278, 171, 15250]	[8287, 81, 1278]	[5579, 81, 1278],delete:
need:	[580, 112, 3157]	[28957, 184, 18157],delete:
need:	[16852, 168, 22648]	[13790, 144, 1852],delete:
need:,delete:	[1954, 26, 11738]	[1954, 53, 14721]	[1954, 40, 14721]	[26738, 172, 16954]	[29721, 173, 16954]
need:	[13993, 81, 4596]	[19596, 171, 28993],delete:
need:	[12280, 34, 8651],delete:
need:,delete:
need:	[13961, 34, 3723],delete:
need:	[19978, 171, 15958]	[19978, 171, 22938]	[19978, 171, 24343],delete:
need:	[8350, 40, 12614]	[8350, 53, 12614]	[27614, 173, 23350],delete:
need:	[761, 34, 10641],delete:
need:	[8511, 81, 6016]	[28051, 168, 23511]	[19389, 168, 23511],delete:
need:	[9425, 40, 10596]	[25596, 173, 24425],delete:
need:	[3775, 81, 12113]	[3775, 81, 11218],delete:
need:	[9934, 40, 10497]	[25497, 173, 24934],delete:
need:,delete:	[3828, 53, 14541]	[3828, 81, 4266]	[3828, 81, 9706]	[3828, 40, 6117]	[3828, 81, 10871]
need:	[4584, 81, 100]	[16691, 171, 19584]	[15100, 171, 19584],delete:
need:	[2447, 34, 8403]	[2447, 34, 12416],delete:
need:	[651, 26, 14713]	[651, 147, 11198]	[29713, 172, 15651]	[29937, 171, 15651]	[27656, 171, 15651],delete:
need:	[893, 34, 3594]	[893, 34, 6084]	[15893, 186, 18594],delete:
need:	[7126, 144, 4145]	[19145, 168, 22126],delete:
need:	[13243, 40, 5032]	[20032, 173, 28243],delete:
need:	[24009, 171, 15417]	[19750, 168, 15417],delete:
need:	[17416, 173, 15624]	[624, 144, 2416]	[18469, 187, 15624]	[29790, 171, 15624],delete:
need:	[23748, 191, 16479]	[1479, 152, 8748]	[6931, 152, 1479],delete:
need:	[2961, 40, 4442]	[19442, 173, 17961],delete:
need:,delete:
need:	[4519, 87, 9955]	[19519, 165, 24955],delete:
need:	[2912, 81, 11588]	[26588, 171, 17912]	[21856, 171, 17912],delete:
need:	[15995, 171, 22119]	[25297, 172, 22119],delete:
need:	[8948, 53, 10296]	[25296, 171, 23948]	[8948, 81, 253]	[25296, 168, 23948],delete:
need:	[88, 81, 3883]	[88, 81, 3149]	[24067, 187, 15088],delete:
need:	[24307, 168, 26892]	[24307, 168, 18512]	[6490, 40, 9307]	[272, 40, 9307],delete:
need:	[20676, 186, 15037]	[13698, 34, 37],delete:
need:	[2107, 81, 1072]	[3581, 53, 1072]	[16072, 171, 25204],delete:
need:,delete:
need:	[5133, 81, 4614]	[19614, 171, 20133],delete:
need:,delete:	[5586, 81, 9828]	[29244, 171, 20586]
need:	[3434, 56, 7622]	[22622, 168, 27201],delete:
need:	[6659, 81, 4128]	[27094, 171, 21659],delete:
need:,delete:
need:,delete:	[2887, 53, 3959]	[18959, 168, 17887]
need:	[4977, 81, 12633]	[24738, 171, 19977]	[27633, 171, 19977],delete:
need:,delete:	[6732, 53, 6643]	[6732, 81, 11063]	[16706, 172, 21732]	[16278, 171, 21732]	[26063, 171, 21732]
need:	[3846, 81, 9507]	[20948, 172, 18846]	[21277, 172, 18846],delete:
need:	[14954, 128, 4830]	[19287, 185, 19830]	[29418, 185, 19830],delete:
need:	[3583, 81, 5155]	[20155, 171, 18583],delete:
need:,delete:	[7215, 81, 8667]	[1820, 81, 8667]
need:	[12109, 81, 9049]	[9049, 14, 1570],delete:
need:	[5895, 112, 1766]	[20895, 171, 27640],delete:
need:,delete:	[2622, 81, 4166]
need:	[9523, 81, 14683]	[9523, 40, 9116]	[24116, 173, 24523]	[29683, 171, 24523],delete:
need:	[6736, 40, 6608]	[21608, 168, 21736],delete:
need:	[14082, 34, 8009]	[8646, 34, 8009],delete:
need:	[1019, 34, 6263]	[4858, 34, 6263]	[13474, 34, 6263],delete:
need:	[2679, 26, 1842]	[16842, 172, 17679],delete:
need:	[992, 34, 4956]	[15992, 190, 19956]	[15992, 186, 19956],delete:
need:	[14229, 81, 8317]	[1363, 81, 8317]	[23317, 171, 29229],delete:
need:	[22800, 168, 27382]	[22800, 171, 21670],delete:
need:	[6218, 34, 7553],delete:
need:	[3055, 19, 6581]	[3055, 26, 6277]	[21581, 187, 18055]	[20948, 172, 18055],delete:
need:	[4427, 34, 1492]	[4427, 34, 13507],delete:
need:	[28759, 190, 16587],delete:
need:	[29294, 190, 18102]	[11178, 34, 3102],delete:
need:	[2430, 53, 10379]	[25379, 168, 17430],delete:
need:	[6951, 112, 10984]	[21951, 171, 23755],delete:
need:	[3566, 152, 674]	[674, 152, 3566]	[12937, 81, 674]	[15674, 171, 29498]	[15674, 191, 18566]	[15674, 171, 18892],delete:
need:	[10302, 112, 1766]	[12544, 81, 10302]	[25302, 171, 27544],delete:
need:	[276, 40, 14426]	[29426, 173, 15276],delete:
need:	[9732, 34, 12692]	[9732, 34, 10324],delete:
need:,delete:	[7306, 81, 783]	[6556, 81, 783]	[3682, 81, 783]	[15783, 171, 22306]
need:	[691, 87, 8316]	[15691, 165, 26152],delete:
need:	[7176, 34, 7838]	[22176, 190, 22838],delete:
need:	[17435, 168, 20508]	[5508, 40, 9229]	[5508, 81, 10100],delete:
need:	[13981, 26, 5820]	[20820, 172, 28981]	[20820, 172, 24187],delete:
need:,delete:	[1414, 81, 8695]	[23695, 171, 18852]
need:	[12252, 123, 559]	[15559, 172, 29620],delete:
need:	[2039, 53, 13851]	[16302, 171, 17039]	[22279, 171, 17039],delete:
need:	[5587, 81, 8519]	[5587, 26, 14660]	[29660, 172, 20587]	[23519, 171, 20587]	[28347, 171, 20587],delete:
need:,delete:	[15525, 171, 17475]
need:	[23973, 171, 21453],delete:
need:	[6519, 24, 13084]	[21519, 190, 28084],delete:
need:	[5983, 81, 462]	[5983, 26, 5770]	[27006, 171, 20983],delete:
need:	[8534, 18, 5131]	[23534, 165, 27679],delete:
need:	[2803, 19, 4654]	[11935, 40, 4654]	[19654, 173, 26935],delete:
need:	[1610, 35, 7477]	[1204, 112, 7477]	[29952, 180, 22477],delete:
need:	[9442, 112, 13512]	[24442, 175, 28512],delete:
need:	[6012, 34, 14395]	[21012, 190, 29395],delete:
need:,delete:
need:	[10066, 81, 5399]	[20399, 171, 24998],delete:
need:,delete:
need:	[2942, 26, 4800]	[2942, 40, 14838]	[2942, 81, 4949]	[29838, 173, 17942]	[19949, 171, 17942],delete:
need:	[7709, 34, 8651]	[22709, 190, 23651],delete:
need:	[16296, 171, 24491],delete:
need:	[1612, 34, 12156]	[16612, 190, 27156]	[16612, 184, 25736],delete:
need:	[2044, 81, 13610]	[2044, 81, 2999]	[17999, 171, 17044],delete:
need:	[14734, 81, 4608]	[19608, 171, 21740],delete:
need:,delete:	[3808, 53, 8093]	[3808, 53, 11879]	[3808, 40, 11412]	[3808, 144, 12286]	[23093, 168, 18808]	[23288, 171, 18808]	[20601, 171, 18808]
need:,delete:
need:	[1185, 34, 12418]	[16185, 186, 25168]	[16185, 186, 27418],delete:
need:	[14898, 53, 2668]	[12054, 53, 2668]	[17668, 173, 27054],delete:
need:	[6133, 40, 14671]	[29671, 168, 21133],delete:
need:	[3865, 26, 5348]	[20348, 172, 23513]	[20348, 172, 18865],delete:
need:	[10147, 34, 10963]	[25147, 186, 28837],delete:
need:,delete:
need:	[6493, 152, 13908]	[28908, 191, 21493],delete:
need:	[465, 87, 11643]	[15465, 165, 26643],delete:
need:	[13438, 81, 2254]	[2254, 112, 12179],delete:
need:	[7750, 144, 5827]	[7750, 81, 10440]	[7750, 81, 14368]	[20827, 173, 22750]	[29368, 171, 22750],delete:
need:	[7767, 81, 1605]	[16605, 171, 22767],delete:
need:	[6683, 81, 13298]	[6683, 26, 10044]	[28298, 171, 21683]	[25044, 172, 21683],delete:
need:	[21785, 173, 21209]	[6209, 40, 6785]	[26825, 168, 21209],delete:
need:	[14471, 96, 9393]	[24393, 189, 29471],delete:
need:	[3884, 81, 14421]	[3884, 40, 851]	[15851, 173, 18884]	[16706, 172, 18884],delete:
need:	[4648, 34, 14894]	[19648, 186, 29894],delete:
need:,delete:	[8390, 81, 9757]
need:	[14300, 144, 10418]	[25418, 173, 29300],delete:
need:	[7853, 40, 9519]	[24519, 168, 22853],delete:
need:	[3855, 34, 2900]	[16649, 186, 17900]	[18855, 186, 17900],delete:
need:	[13768, 34, 8938]	[16675, 186, 23938],delete:
need:	[5633, 81, 12893]	[24287, 168, 20633],delete:
need:	[12977, 81, 3903]	[18903, 171, 27977],delete:
need:	[7004, 34, 5923]	[22004, 186, 20923],delete:
need:	[909, 81, 2596]	[17596, 171, 26750],delete:
need:,delete:	[10413, 40, 6396]	[10413, 53, 1346]	[10413, 53, 6396]	[10413, 81, 14281]	[29281, 171, 25413]	[18011, 171, 25413]
need:	[12989, 81, 9596]	[24596, 171, 27989],delete:
need:,delete:	[1390, 81, 8811]	[5194, 81, 8811]	[8811, 112, 3585]	[12724, 81, 8811]	[23811, 179, 18585]
need:	[5351, 48, 12222]	[5351, 57, 12222]	[27222, 168, 20351]	[22915, 168, 20351],delete:
need:,delete:
need:	[12166, 34, 5662]	[5228, 34, 5662],delete:
need:	[3477, 81, 6221]	[21221, 171, 18477],delete:
need:	[13398, 40, 7395]	[22395, 187, 28398]	[22395, 173, 28398],delete:
need:	[28915, 171, 25371]	[10371, 81, 13465],delete:
need:	[11925, 81, 222]	[15222, 171, 25539],delete:
need:	[14739, 19, 8494]	[23494, 187, 26763]	[11763, 19, 8494],delete:
need:,delete:
need:	[1989, 144, 4667]	[1989, 19, 807]	[1989, 53, 4643]	[1989, 26, 8790]	[19643, 168, 16989],delete:
need:	[7743, 53, 12393]	[26920, 172, 22743]	[18922, 173, 22743],delete:
need:	[9529, 81, 469]	[15469, 171, 24529],delete:
need:	[6732, 53, 6643]	[21643, 168, 16555],delete:
need:	[8402, 34, 7014]	[13783, 34, 7014],delete:
need:	[8443, 81, 7981]	[22981, 171, 23443],delete:
need:	[7552, 53, 1368]	[16368, 168, 22552],delete:
need:	[10094, 53, 8588]	[23588, 168, 27273],delete:
need:	[21581, 187, 27331]	[21581, 187, 18055],delete:
need:,delete:	[2902, 34, 4802]	[2902, 34, 6129]
need:	[904, 34, 10947]	[15904, 190, 25947],delete:
