13985	34	10449
12472	34	10449
28985	190	25449
28985	186	25449
27472	190	25449
27472	186	25449
18547	168	25765
8268	40	3547
3618	40	3547
18547	173	23268
18547	173	18618
10765	53	3547
7002	81	13444
7002	19	807
28444	171	22002
7002	81	8150
17277	171	22002
23150	171	22002
20509	173	20169
20509	173	29117
5169	40	5509
14117	40	5509
14117	53	5509
5169	53	5509
7565	34	12459
22565	186	27459
22565	190	27459
12734	152	4348
9786	129	4348
27734	191	19348
9342	53	4348
19348	191	27734
19348	168	24786
16015	171	29549
9764	81	1015
14549	81	1015
16015	171	26075
16015	171	28169
13169	81	1015
27345	168	24643
21572	168	24643
9643	11	12345
9643	53	6572
9643	99	14932
9643	57	12345
27298	168	18118
27298	173	18118
3118	40	12298
3118	144	12298
3118	53	12298
3118	81	11326
19937	171	18118
3118	81	4937
9277	81	4937
19937	171	24277
12639	81	9771
24771	171	27257
24771	171	27639
7072	81	9771
14457	81	9771
12257	81	9771
26105	171	20052
5052	81	12700
18254	171	20052
27700	171	20052
5052	144	7999
5052	81	7411
9562	34	2160
24562	184	18532
9562	112	3532
24562	190	17160
24562	186	17160
24961	168	21249
24961	168	25707
24961	168	18878
24961	187	25707
10707	40	9961
24961	171	21249
8370	26	4990
8370	81	8892
19990	172	23370
23892	171	23370
26300	171	23370
8370	81	11300
4705	40	3988
18988	168	19705
18988	173	19705
4705	129	3988
18311	168	17369
16737	187	17369
2369	19	1737
2369	53	3311
28938	168	21061
27508	168	21061
6061	53	12508
6061	11	13938
6061	57	13938
6061	144	12508
5382	34	11317
5382	34	2433
20382	186	26317
20382	186	17433
20382	190	26317
20382	190	17433
9744	53	5811
2440	53	5811
14305	53	5811
13155	53	5811
11416	53	5811
20811	168	26416
23968	171	26232
11232	81	8968
11252	81	8968
23968	171	26252
12937	81	8968
23968	171	27937
7967	53	7296
28640	171	22967
22296	168	22967
19903	171	22967
7967	81	13640
7967	81	4903
2734	34	13010
2734	34	13630
17734	186	28630
17734	186	28010
17734	190	28630
17734	190	28010
571	53	12072
27072	168	15571
18879	171	29659
3879	152	142
18879	191	15142
14489	81	3879
14598	81	3879
4959	81	3879
21576	171	18151
29420	173	18151
3151	81	6576
3151	40	14420
3151	144	3369
4292	43	13046
4292	43	7885
19292	190	28046
19292	190	22885
19292	186	22885
19292	186	28046
18535	173	23676
29829	171	23676
8676	81	14829
17191	187	23676
8676	40	3535
8676	144	3535
4409	81	14001
26883	171	19409
29001	171	19409
21593	168	19409
17784	172	19409
4409	81	11883
10308	34	12779
10308	34	12847
10308	34	7377
25308	186	27847
25308	186	27779
25308	190	15617
15201	165	20995
22652	165	15201
10766	87	201
29052	165	15201
14052	87	201
7652	87	201
13959	34	7934
28959	190	22934
7934	72	7934
21328	190	22934
24821	190	22934
7934	72	7934
2128	34	3039
12353	34	3039
17128	186	18039
27353	186	18039
17128	190	18039
27353	190	18039
20295	168	19962
12004	53	5295
20295	168	23605
20295	168	28093
20295	168	16361
4962	53	5295
27087	171	18243
3243	81	892
3243	81	12087
15892	171	18243
27409	171	20535
5535	19	3683
19487	171	20535
22239	171	20535
5535	81	7239
5535	81	12409
1675	34	12867
1675	34	604
1675	34	14314
16675	186	29314
1675	162	8938
16675	186	23938
18403	172	17931
2931	26	3403
4450	26	3403
7127	34	2459
7127	34	5545
7127	34	1576
22127	184	15616
22127	186	17459
22127	190	20545
18187	168	29706
3187	151	13943
6754	53	3187
18187	168	21754
18187	168	23033
18187	168	16571
27726	171	19850
22981	171	19850
4850	81	12726
4850	81	7981
1594	34	12115
16594	184	20184
16594	186	27115
1594	112	5184
16594	190	27115
359	34	6707
359	34	6062
359	112	198
15359	186	21062
15359	179	22255
15359	190	21707
25294	168	22978
7978	40	10294
25294	173	22978
7978	144	10294
7978	53	10294
14860	81	4184
19184	171	27257
19184	171	29498
19184	171	21163
6163	81	4184
19184	171	18207
22670	171	27519
22670	171	22943
22670	171	21461
5855	81	7670
12519	81	7670
3987	81	7670
27467	192	22065
25075	192	22065
12467	146	7065
10075	146	7065
8754	146	7065
23754	192	22065
17075	168	24792
4638	40	2075
17075	173	19638
17075	171	29193
17075	171	24792
4215	40	2075
12988	40	6689
21689	173	27988
8268	40	3547
28384	168	23268
8268	53	13384
18547	173	23268
20066	171	23268
8268	81	5066
26550	171	25145
10145	81	11550
20846	171	25145
10145	81	5846
1633	34	1305
1633	34	2187
1633	34	10632
16633	190	16305
16633	186	16305
16633	190	17187
1034	81	13610
28610	171	16034
27296	171	18438
3438	53	1323
28851	168	18438
16323	168	18438
3438	53	13851
16795	187	18438
12970	34	4956
992	34	4956
27970	190	19956
27970	186	19956
15992	186	19956
15992	190	19956
24304	171	28286
6566	81	9304
13286	81	9304
24304	171	21566
24304	171	18441
3441	81	9304
6472	40	2750
17750	168	21472
17750	173	21472
6472	53	2750
18258	172	17952
24120	171	17952
2952	26	3258
2952	81	9120
15667	180	27500
667	14	12500
667	117	11597
3637	57	12771
3637	11	12771
27771	168	18637
25610	168	18637
21646	168	18637
13222	87	2202
585	87	2202
1344	87	2202
3734	87	2202
28222	165	17202
16344	165	17202
6106	81	12113
6106	40	5284
27113	171	21106
20284	173	21106
18135	168	25407
10407	40	2995
10407	53	3135
17995	173	25407
16235	171	15182
182	81	1235
21196	171	15182
182	81	4252
182	81	6196
182	81	1984
17899	168	25389
10389	40	851
15851	173	25389
10389	53	2899
10389	81	8400
23400	171	25389
26154	174	15261
25336	174	15261
261	70	10336
261	70	11154
10336	59	261
10316	34	12646
25316	184	21272
25316	190	27646
25316	186	27646
10316	112	6272
13018	81	215
10821	81	215
15215	171	29676
14676	81	215
15215	171	28018
15215	171	25821
4533	81	9476
4533	81	6233
21233	171	19533
25044	172	19533
4533	26	10044
17381	171	19533
1871	34	2433
5382	34	2433
16871	190	17433
20382	190	17433
20382	186	17433
16871	186	17433
3228	34	15
3228	34	2498
18228	186	17498
18228	186	15015
18228	190	15015
18228	190	17498
16127	171	15730
16127	171	25289
7840	81	1127
730	81	1127
10289	81	1127
16127	171	22840
27265	168	17911
28646	168	17911
2911	57	12265
2911	53	13646
2911	11	12265
2911	99	14618
28639	168	16367
1367	123	13639
1367	144	13639
22884	168	16022
1022	11	7884
1022	57	7884
19730	172	29187
1828	26	4730
19730	172	15656
19730	172	21660
656	26	4730
19730	172	28377
27920	180	16121
12920	14	1121
28082	184	16121
11646	14	1121
16574	180	16121
10635	93	1121
28618	171	18324
18538	171	18324
15736	171	18324
3324	81	783
3324	120	13054
15783	171	18324
29705	168	19701
4701	40	12335
4701	81	13610
27335	173	19701
4701	53	14705
23076	171	19701
3296	81	8359
3296	81	12700
23359	171	18296
18888	187	18296
3296	19	3888
27700	171	18296
12595	81	6877
21877	171	25095
10095	81	6877
21877	171	27595
18040	172	28846
13846	26	3040
686	26	3040
18040	172	29090
18040	172	15561
18040	172	15686
900	34	12706
900	34	13010
15900	186	28010
15900	190	28010
15900	186	27706
15900	190	27706
10222	40	6841
17927	168	25222
10222	53	2927
17380	187	25222
21841	173	25222
10222	81	2635
21743	168	27954
12954	11	6743
12954	57	6743
12954	144	6743
6743	151	12695
6743	56	12695
3571	26	1083
16083	172	18571
21386	171	18571
3571	81	6386
8868	53	12484
27484	168	23868
22595	168	23868
27827	168	23890
8890	53	12827
8890	66	283
15149	168	25700
10700	53	149
15149	168	26283
11283	53	149
28210	184	22528
13210	112	7528
8240	35	7528
27791	171	18293
28653	172	18293
3293	81	10295
3293	26	13653
3293	81	12791
25295	171	18293
4467	161	13927
19467	169	28927
19467	165	28927
11262	117	4467
2167	40	12588
18142	168	17167
15104	187	17167
26528	172	17167
27588	173	17167
2167	19	104
24077	173	16467
24077	172	16467
21406	171	16467
1467	40	9077
1467	53	9077
1467	26	9077
16207	165	24955
1207	87	9955
932	53	14541
932	81	6029
21029	171	15932
29541	168	15932
4044	26	10852
25852	172	19044
16514	171	19044
4044	40	4561
4044	81	490
19561	173	19044
10218	81	7889
22889	168	22899
22889	171	25218
7899	53	7889
955	81	7889
22889	171	24806
1688	96	2623
14505	96	2623
11804	96	2623
17623	189	16688
17623	189	29505
20847	191	17623
26893	168	20069
29908	168	20069
5069	53	14908
14270	48	5069
5069	99	14270
5069	144	14908
22127	184	15616
2459	35	616
7127	112	616
1810	40	9242
24242	173	16810
24242	168	16810
1810	53	9242
1810	26	12688
25243	171	16810
29426	168	21770
6770	40	14426
29426	173	21770
25621	171	21770
6770	53	14426
6770	81	10621
22022	171	15207
22192	171	15207
207	81	7375
22375	171	15207
207	81	7022
207	81	7192
4769	81	6508
21508	171	19769
21508	171	23377
8377	81	6508
25515	168	22828
7828	53	10515
17427	171	22828
7828	81	3149
7828	81	2427
7828	81	11303
29517	168	20666
5666	89	14517
14517	33	5666
15514	171	18758
3758	81	4093
3758	81	514
19093	171	18758
2562	81	13792
29042	171	17562
28792	171	17562
2562	19	134
2562	81	14042
15980	171	17562
16203	192	16280
1203	146	7933
1203	117	11597
1203	146	1280
16203	192	22933
23928	171	26676
11676	81	8928
10033	81	8928
23928	171	25033
3282	81	9994
24994	171	18282
26197	171	18282
3282	81	11197
16645	171	27904
13949	81	1645
16645	171	28949
16645	171	18575
9730	81	1645
3575	81	1645
19353	168	15410
410	40	4353
19353	173	15410
19353	187	15410
410	53	4353
410	38	4353
19242	168	22345
7345	144	4242
7345	53	4242
13816	152	10429
25429	191	28816
10429	152	13816
28816	191	25429
2204	19	3815
18815	187	28643
10928	19	3815
13643	19	3815
18815	187	21527
2410	19	3815
15209	168	28874
15209	168	24295
11653	129	209
7919	116	209
15209	168	20003
15209	168	26653
25018	173	17071
2071	40	10018
17094	171	17071
16706	172	17071
2071	26	1706
2071	81	2094
10950	53	7559
22559	168	27769
12769	53	7559
10623	53	7559
22559	168	25623
22559	168	22870
1698	81	5397
20397	171	16698
1698	81	423
15423	171	16698
14483	81	7325
22325	171	29483
7325	14	1241
22325	171	15673
673	81	7325
22325	180	16241
22128	171	28314
22128	171	29624
22128	171	17029
10754	81	7128
13314	81	7128
14624	81	7128
21252	173	21137
21252	173	27282
6137	144	6252
11028	144	6252
21252	173	18357
3627	144	6252
27960	168	16673
22016	168	16673
1673	53	12960
1673	53	7016
20370	171	23920
8920	81	5370
8920	144	9360
21449	168	29192
21449	168	28791
14192	53	6449
13791	53	6449
12183	118	6449
24020	171	26552
11552	81	9020
8722	81	9020
24020	171	23722
15732	168	25675
15732	168	22606
15732	168	28125
13125	11	732
7606	11	732
10675	57	732
1373	34	7836
16373	190	22836
16373	186	22836
16373	184	24238
1373	112	9238
20566	172	19615
20824	168	19615
4615	53	5824
4615	81	4696
19696	171	19615
4615	26	5566
12863	26	4568
5466	26	4568
19568	172	20466
19568	172	27863
8977	81	13330
21562	172	23977
8977	81	3537
28330	171	23977
23542	172	23977
27917	171	23977
22998	165	15949
7998	87	949
7998	87	4003
22998	165	19003
28247	171	17204
2204	81	4062
2204	81	3563
2204	81	13247
18815	187	17204
18563	171	17204
29500	172	19168
4168	81	7944
22944	171	19168
24306	171	19168
4168	81	9306
4168	26	14500
9122	34	5378
24122	184	17763
24122	186	20378
24122	190	20378
9122	112	2763
27837	168	24572
20592	168	24572
9572	53	12837
9572	11	5592
9572	57	5592
9572	53	5592
20281	168	22427
20281	168	27871
20281	168	17921
12871	4	5281
7427	57	5281
7427	11	5281
20846	171	28286
20846	171	25145
13286	81	5846
20846	171	24418
9418	81	5846
10145	81	5846
4712	40	10803
16882	168	19712
22058	168	19712
22058	172	19712
4712	53	10803
25803	173	19712
29681	168	22011
7011	57	14681
7011	11	14681
17814	168	21653
17814	168	16210
17814	168	21273
17814	168	19444
17814	168	20286
1700	53	2814
9883	112	5432
1616	81	9883
13560	81	9883
24883	171	16616
24883	171	22585
24883	184	20432
19429	184	29802
19429	173	21459
909	53	4429
19429	173	15909
19429	173	15981
909	40	4429
8593	81	3132
18132	171	15278
18132	171	23593
8587	81	3132
278	81	3132
18132	171	24283
4790	34	4934
19790	190	19934
19790	186	19934
18517	168	22497
18517	173	20673
5673	40	3517
8891	53	3517
7497	53	3517
14466	87	9064
12751	86	9064
27751	165	24064
3553	86	9064
29466	165	24064
18553	165	24064
3999	40	9454
24454	180	19157
24454	173	18999
24454	171	17060
9454	14	4157
2060	81	9454
29717	168	25450
10450	123	14717
10450	144	14717
25039	171	27510
644	81	10039
11552	81	10039
25039	171	19788
25039	171	15644
25039	171	20150
14542	81	431
15431	171	29542
15431	171	19992
9657	81	431
15431	171	24657
4992	81	431
25080	168	18859
3859	53	10080
3859	144	10080
16974	168	28128
13128	11	1974
13128	57	1974
1974	56	2573
1974	151	2573
23241	190	15422
8241	34	422
28814	175	21915
13814	44	6915
5014	112	6915
20014	184	21915
6323	81	8150
23150	171	22002
7002	81	8150
7475	81	8150
23150	171	22475
23150	171	21323
1209	40	13098
1209	81	13727
28727	171	16209
1209	81	14048
27350	171	16209
28098	173	16209
15978	168	24472
25143	168	24472
15606	168	24472
16177	168	24472
9472	11	978
14636	99	9472
19643	168	16989
4643	96	6375
1989	53	4643
21375	189	19643
2964	53	4643
9958	53	4643
15973	171	17165
26967	171	17165
2165	81	7246
2165	81	7523
2165	81	11967
22246	171	17165
682	34	6764
15682	190	21764
15682	186	21764
10265	34	10990
10265	34	1112
25265	190	25990
25265	186	25990
25265	190	16112
25265	186	16112
2411	81	12793
22151	171	17411
27793	171	17411
2411	81	7151
28146	173	16490
1490	40	13146
29661	168	16580
1580	11	14661
1580	57	14661
18812	168	16580
1580	53	3812
8121	81	11557
8121	81	7192
26557	171	23121
22192	171	23121
25240	172	24664
9664	81	4997
9664	81	13440
9664	81	4826
19826	171	24664
21233	171	24664
17214	173	24189
9189	81	9916
9189	81	5367
20367	171	24189
15299	187	24189
19591	171	24189
27693	171	20313
28663	168	20313
5313	81	4747
5313	97	13663
5313	81	12693
19747	171	20313
23181	168	27104
12104	53	8181
10019	151	8181
10019	56	8181
25943	171	23857
8857	81	14918
29918	171	23857
8857	81	10943
1861	34	5175
11792	34	5175
1418	34	5175
1639	34	5175
16861	190	20175
16418	190	20175
13462	34	10391
3916	34	10391
7378	34	10391
1136	34	10391
18916	186	25391
18916	190	25391
1126	34	1929
457	34	1929
24460	190	16929
9460	34	1929
15457	190	16929
5254	34	1929
2784	112	10984
7155	26	2784
12952	26	2784
17784	172	26538
17784	172	22155
17784	172	24725
9120	152	14663
24120	171	17952
29663	191	24120
24120	191	29663
2952	81	9120
13443	81	2091
6507	13	2091
2409	81	2091
17091	171	15068
17091	171	28443
2091	96	6507
14104	34	7836
1373	34	7836
1868	34	7836
6925	162	7836
16868	190	22836
16373	186	22836
20975	168	22398
7398	11	5975
7398	57	5975
21261	168	28274
21261	168	24707
21261	168	16383
21261	168	27240
21261	168	20270
13274	11	6261
1656	65	4927
19927	165	18284
19927	188	16656
4927	86	3284
29996	171	24893
9893	81	14996
29095	171	15609
609	81	14095
609	19	4217
19217	187	15609
6024	53	4149
29436	172	21024
19149	168	21024
6024	26	14436
7303	34	13152
7303	34	14806
22303	186	29806
22303	190	29806
22303	190	28152
22303	186	28152
7777	40	10497
15308	187	22777
7777	81	4136
19136	171	22777
25497	173	22777
7777	19	308
1046	34	7817
1046	34	14486
1046	34	5802
16046	190	20802
16046	186	22817
16046	190	29486
16189	187	27116
12116	19	1189
10203	19	1189
16189	187	25203
18000	168	18455
3455	53	5862
3455	53	3000
20862	168	18455
22298	168	29584
22298	168	20879
14584	53	7298
5879	11	7298
14085	53	7298
22298	168	18500
28465	171	18675
16151	171	18675
3675	81	1151
19141	187	18675
3675	26	6837
3675	81	13465
13738	34	6790
5068	34	6790
7566	34	6790
6186	34	6790
5783	34	6790
3114	34	6790
6687	144	9383
14950	81	9383
24383	191	18789
18789	191	24383
10624	53	9383
24383	168	21687
6425	34	7125
21425	190	22125
21425	186	22032
21425	190	22032
21425	186	22125
7880	34	11257
7880	34	7897
22880	186	22897
22880	186	26257
22880	190	26257
22880	190	22897
15210	168	29136
15210	172	26171
15210	172	26663
14136	144	210
14136	123	210
11663	26	210
22016	168	16593
15911	168	16593
1593	57	911
1593	11	911
1593	53	7016
1593	53	911
14819	144	6576
21576	171	29905
21576	171	29819
6660	81	6576
21576	171	15258
6576	13	5206
17383	171	27777
5775	81	2383
12777	81	2383
9265	81	2383
8475	81	2383
17383	171	20775
18087	172	19232
4232	40	6785
21785	173	19232
4232	81	13306
4232	81	7313
4232	26	3087
9616	34	10212
13763	34	10212
12173	34	10212
28763	190	25212
27173	186	25212
24616	190	25212
23298	165	27432
8298	87	12121
8298	87	12432
23298	165	27121
8992	34	2614
8843	34	2614
6664	34	2614
303	34	2614
8059	34	2614
6974	34	2614
10225	34	4600
10225	34	9075
25225	186	24075
25225	186	19600
25225	190	24075
25225	190	19600
16342	168	18196
25745	168	18196
3196	53	10745
3196	11	1342
3196	57	1342
19165	171	29358
19165	171	23418
8418	81	4165
14358	81	4165
4165	112	8010
6446	81	9542
21111	171	21446
6446	81	6111
24542	171	21446
24782	168	18096
3096	81	12986
27986	171	18096
28410	171	18096
3096	81	13410
3096	38	10614
14109	34	1669
493	34	1669
402	34	1669
29109	190	16669
15493	186	16669
15402	186	16669
13311	40	5864
20864	173	28311
3281	40	5864
20864	173	29132
9875	40	5864
14132	40	5864
20991	171	20860
25440	171	20860
5860	81	10440
27914	171	20860
5860	81	12914
5860	19	219
27680	172	25012
10012	81	12384
10012	26	12680
10012	81	4136
27384	171	25012
19136	171	25012
23974	173	21447
22354	171	21447
6447	40	8974
6447	53	8974
26143	171	21447
6447	81	11143
13210	34	8240
28210	186	23240
8240	35	7528
11131	34	8240
8325	34	8240
23325	190	23240
128	34	3531
128	34	9836
15128	186	24836
15128	186	18531
15128	190	24836
15128	190	18531
18029	171	27187
12187	81	3029
18029	171	23787
8787	81	3029
17976	168	22024
7024	40	14740
29740	173	22024
7024	120	4
19686	171	22024
7024	26	1706
26871	184	18451
3451	71	14479
11871	112	3451
18451	165	29479
1989	81	5305
10284	81	5305
13006	81	5305
20305	171	21051
20305	171	16989
14913	81	5305
16362	191	22775
22775	191	16362
22775	168	27785
12785	11	7775
12785	57	7775
7775	151	1362
5319	34	9939
20319	190	24939
20319	186	24939
10436	40	2995
17995	173	20338
17995	173	25407
10407	40	2995
5338	40	2995
3279	53	2995
28708	168	18133
3133	123	13708
1968	34	13221
1968	34	5679
1968	34	11850
16968	186	26850
16968	186	20679
16968	186	28221
8147	81	12493
8147	81	9074
27493	171	23147
24074	171	23147
16564	172	18640
16564	172	20701
5701	26	1564
3640	26	1564
14459	97	1718
16718	172	29390
16718	172	25202
16718	168	29459
14390	26	1718
10202	26	1718
16958	171	28843
16958	168	16108
16958	168	20821
16958	168	28166
1108	11	1958
5821	11	1958
21150	173	20312
22625	172	20312
5312	81	14318
5312	40	6150
5312	26	7625
29318	171	20312
23438	171	15815
815	81	8438
815	81	8783
23783	171	15815
815	120	4
10013	81	4672
26923	171	25013
19672	171	25013
10013	81	11923
10013	120	6737
21945	171	25062
10062	81	6945
23118	168	21995
20468	168	21995
6995	11	8118
6995	57	8118
929	48	6995
6995	53	5468
19084	168	29282
14282	53	4084
12183	81	4084
9417	53	4084
14282	81	4084
13791	81	4084
28863	171	16859
1859	81	1187
1859	81	13863
19599	171	16859
16187	171	16859
1859	81	4599
2231	26	13051
2231	81	7437
28051	172	17231
27454	187	17231
2231	19	12454
22437	171	17231
4210	40	412
29720	171	19210
15412	173	19210
16912	172	19210
4210	81	14720
4210	26	1912
15411	168	20701
15411	168	21715
15411	191	18216
5701	40	411
14814	40	411
18216	191	15411
11226	53	9205
7619	53	9205
24205	168	22619
24205	168	26226
24205	168	18002
3002	53	9205
5318	34	5506
5318	34	5806
20318	186	20506
20318	186	20806
20318	190	20506
20318	190	20806
27953	168	19843
18538	171	19843
18085	171	19843
4843	53	12953
4843	40	11949
4843	120	6141
9514	34	10378
9514	34	7960
24514	190	25378
24514	186	22960
24514	186	25378
24514	190	22960
4810	26	12908
4810	81	11034
27908	172	19810
4810	81	14042
29042	171	19810
17277	171	19810
19724	168	16734
18745	168	16734
1734	116	3745
1734	116	4724
9456	34	997
9456	34	12579
9456	34	9754
9456	34	7570
24456	186	27579
24456	190	27579
9974	34	9371
12741	34	9371
2977	34	9371
17977	186	24371
27741	186	24371
24974	190	24371
29215	168	21086
6086	53	14215
25579	168	21086
6086	53	10579
6086	4	3099
29853	171	23600
24335	168	23600
8600	53	9335
8600	81	14853
8600	81	1458
25712	173	19756
4756	40	10712
6310	34	9696
6287	34	9696
6602	34	9696
21310	186	24696
21287	186	24696
21602	186	24696
8442	34	9817
8442	34	10574
23442	186	24817
23442	186	25574
23442	190	25574
23442	190	24817
27691	172	19637
4637	81	12073
4637	26	12691
4637	81	7519
22519	171	19637
27073	171	19637
4298	81	8523
4298	81	587
4298	81	14496
23523	171	19298
23466	171	19298
29496	171	19298
24031	171	29316
14316	81	9031
1547	81	9031
24031	171	16547
5660	40	12277
18406	168	20660
27277	168	20660
27277	173	20660
5660	53	3406
5660	53	12277
19800	168	20687
5687	26	4800
5687	81	14437
19800	172	20687
29437	171	20687
5687	81	10563
23364	173	21869
29666	172	21869
6869	26	14666
6869	144	8364
6869	40	8364
17120	168	27364
17120	168	27752
12752	53	2120
4183	53	2120
12364	53	2120
17120	168	19183
6328	34	11836
6328	106	7934
21328	190	19313
21328	190	22934
21328	190	26836
6328	106	4313
23811	171	16390
1390	81	8811
27650	173	16390
1390	40	12650
1390	53	10184
9619	81	8540
22149	172	24619
23540	171	24619
9619	26	7149
19901	172	24920
22731	168	24920
9920	53	7731
9920	81	706
15706	171	24920
9920	26	4901
27976	173	19375
4375	81	7123
22123	171	19375
4375	53	12976
4375	81	10721
25721	171	19375
20688	168	19158
4158	40	11696
4158	40	2292
4158	40	148
4158	81	7069
17292	173	19158
474	81	5367
17143	171	15474
474	81	2143
20367	171	15474
21828	173	27622
21828	187	27622
12622	40	6828
12622	144	6828
21828	171	27622
12622	19	6828
15144	171	27471
15144	171	29350
10486	81	144
14350	81	144
15144	171	22961
12471	81	144
16198	171	18712
16198	171	20048
5048	81	1198
3712	81	1198
12423	81	4281
19281	171	25061
19281	171	25090
19281	171	27423
19281	171	24465
19281	171	16324
3317	81	3322
18322	171	16250
14786	81	3322
18322	171	18317
2786	81	3322
1250	81	3322
14931	152	3616
29931	191	18616
2744	81	3616
18616	191	29931
18616	171	28091
2107	81	3616
14416	112	9602
29416	184	24602
8274	112	3557
23274	184	18557
16782	184	18557
1782	112	3557
17553	171	16063
1063	81	5370
1063	19	7841
22841	187	16063
20370	171	16063
1063	81	2553
5720	81	13463
28463	171	20720
18676	171	20720
5720	81	3676
5720	81	2444
17444	171	20720
27797	171	21759
6759	81	12797
6759	81	11652
26652	171	21759
25444	171	21759
6759	81	10444
21228	168	18266
3266	26	7625
22625	172	18266
3266	53	6228
22976	168	29508
22976	168	17245
14508	123	7976
2245	123	7976
7976	56	14027
8832	56	7976
18278	171	17790
21590	172	17790
27359	187	17790
2790	81	3278
2790	19	12359
2790	26	6590
13951	26	7815
6812	132	7815
22815	172	28951
22815	172	21812
7713	34	4647
22713	186	19647
22713	190	19647
12466	34	8947
12781	34	8947
27781	186	23947
27466	186	23947
27781	190	23947
27466	190	23947
12622	81	256
2855	81	256
15256	171	27622
15256	171	17855
15256	171	19708
4708	81	256
9597	34	8450
8450	35	14163
13539	34	8450
8484	34	8450
2847	34	8450
2838	34	8450
14121	34	6147
14461	34	6147
29121	190	21147
29121	186	21147
29461	190	21147
29461	186	21147
18641	165	27036
11863	87	3641
12913	87	3641
2503	87	3641
4267	87	3641
26863	165	18641
14023	81	7409
22409	171	25837
3213	81	7409
22409	171	27842
12842	81	7409
6144	81	7409
7922	53	9444
24444	168	22922
7751	81	11564
26564	171	22751
8285	53	3135
18135	168	23285
17214	168	23285
8285	81	10042
25042	171	23285
8285	53	2214
29596	168	19175
16487	172	19175
4175	53	14596
18694	171	19175
4175	26	1487
4175	81	3694
17547	173	16869
19672	171	16869
1869	81	4672
1869	40	2547
1869	81	4222
19222	171	16869
21222	171	16426
14503	81	6222
21222	171	29845
6336	81	6222
1426	81	6222
5119	81	6222
18322	171	17786
2786	81	12355
2786	81	7375
22375	171	17786
2786	81	3322
27355	171	17786
16723	173	22902
13585	40	1723
7902	40	1723
16723	173	28585
16723	173	21934
6934	40	1723
25093	171	24355
9355	81	10093
24508	171	24355
9355	81	9508
28095	171	16091
1091	81	13095
23149	173	16091
1091	40	8149
8940	81	220
15220	171	25239
12502	81	220
15220	171	28977
10239	81	220
15220	171	23693
23761	165	28486
8761	32	13486
8761	15	13486
8761	32	12141
5349	34	7986
5349	34	7553
20349	190	22553
20349	186	22986
20349	186	22553
20349	190	22986
2177	144	11208
20370	171	17177
19161	171	17177
26208	171	17177
2177	81	4161
2177	81	11208
17193	172	29336
14336	26	2193
17193	172	28552
17193	172	28877
13552	26	2193
13877	26	2193
2633	34	13487
17633	184	23226
2633	112	8226
17633	190	28487
17633	186	28487
29181	171	22730
7730	81	2934
7730	81	14181
17934	171	22730
18327	187	20381
18327	187	16810
3481	19	3327
8738	19	3327
18327	187	18481
1810	19	3327
644	81	10039
25039	171	15644
644	81	8671
23671	171	15644
24800	171	29493
24800	171	22760
7337	81	9800
14634	81	9800
24800	171	29634
11435	81	9800
19863	168	23003
19863	173	23003
8003	40	4863
8003	102	4863
8003	81	3241
8003	81	1605
6173	34	9503
6173	34	1112
21173	186	16112
6173	34	7044
21173	186	22044
21173	190	22044
18109	171	28861
12238	81	3109
18109	171	27238
6206	81	3109
13527	81	3109
18109	171	21206
15681	168	19957
15681	168	23192
15681	168	17150
2150	53	681
4957	53	681
8192	53	681
15734	168	28229
15734	168	19475
15734	168	25784
13229	53	734
2402	53	734
4475	57	734
28545	171	16541
1541	81	13901
28901	171	16541
1541	81	13545
1541	81	7928
22928	171	16541
9607	26	5376
20376	172	17263
5982	26	5376
20376	172	20388
20376	172	24607
2263	26	5376
13835	34	800
11273	34	800
8082	34	800
26273	190	15800
28835	190	15800
28835	186	15800
14060	152	3644
3644	152	14060
29060	191	18644
18644	191	29060
18644	171	20149
5149	81	3644
26874	171	21779
20686	171	21779
6779	81	11874
6779	81	5686
6779	81	6779
6779	81	6779
15727	172	19221
29600	171	19221
4221	81	14600
4221	26	727
10122	34	9084
25122	190	24084
10122	112	14708
25122	184	29708
25122	186	24084
12510	19	2537
17537	187	27510
11687	19	2537
17537	187	26687
3114	34	6790
3114	34	499
18114	184	19827
18114	190	21790
18114	186	15499
18114	186	21790
3693	34	151
8197	34	151
23197	190	15151
25434	186	15151
23197	186	15151
25434	190	15151
1298	34	8675
16298	186	23675
16298	190	23675
1721	86	14331
16721	165	29331
16721	165	21457
1721	86	6457
29500	172	15065
65	26	14500
65	81	766
15766	171	15065
65	120	6737
21752	168	18423
21752	168	28577
13577	53	6752
3423	53	6752
21752	168	24854
9095	53	6752
17745	168	29039
17745	168	20238
17745	168	26796
17745	168	24501
17745	168	25976
17745	168	19354
4150	34	11850
4150	112	12562
19150	186	26850
19150	184	27562
19150	190	26850
24055	168	29569
14569	53	9055
2129	144	9055
9977	144	9055
17962	171	17475
17962	171	29198
8184	81	2962
286	81	2962
17962	171	23184
14198	81	2962
17725	165	28236
2725	86	13236
2725	85	13236
1657	34	9412
6526	34	9412
7783	34	9412
9037	34	9412
16657	186	24412
21526	186	24412
13791	40	4319
14282	40	4319
12183	40	4319
19319	173	27183
19319	173	28791
19319	173	29282
15619	171	29845
13361	81	619
15619	171	28361
14845	81	619
14690	144	8776
23776	173	29690
23776	171	23422
8422	81	8776
14690	40	8776
3336	40	8776
2697	34	14431
2697	34	2131
2697	34	10105
2697	34	6407
17697	190	29431
17697	186	29431
13215	81	7981
6558	81	7981
1991	81	7981
22981	171	28650
22981	171	28215
13650	81	7981
1646	53	12052
27052	168	16646
1646	81	4062
15614	171	16646
27350	171	16646
19420	171	16646
12990	34	2470
7445	34	2470
22445	186	17470
22445	190	17470
27990	190	17470
27990	186	17470
12896	81	9319
24319	171	20077
7000	81	9319
5077	81	9319
24319	171	22079
24319	171	22583
14988	81	3473
3881	81	3473
18473	171	15670
18473	171	29988
18473	171	21912
18473	171	29804
23047	171	15579
579	81	8047
22451	172	22995
11030	26	7451
7995	26	7451
22451	172	17089
22451	172	26030
2089	26	7451
24660	171	24068
9068	81	9660
6415	34	12338
6415	34	10644
6415	34	5499
21415	186	25644
21415	186	27338
21415	186	20499
406	34	10117
6977	34	10117
15406	186	25117
10117	35	8474
21977	186	25117
15406	190	25117
9778	40	14759
29759	168	24778
29759	173	24778
29759	172	24778
9778	81	13926
9778	26	14759
26092	168	23625
29460	168	23625
8625	11	14460
8625	57	14460
8625	53	11092
8625	144	11092
20562	171	21237
20167	171	21237
6237	81	5167
6237	81	5562
6237	40	9413
6237	53	9413
12519	40	3818
3818	152	14396
29396	191	18818
18818	191	29396
18818	168	27519
14396	152	3818
28121	165	20483
13121	87	5483
20654	187	22945
7945	19	5654
7945	40	8776
23776	173	22945
25418	173	22945
7945	40	10418
14915	19	4587
19587	187	29915
8714	19	4587
71	19	4587
19587	187	26201
19587	187	23714
21964	173	29087
21964	173	17034
2034	40	6964
14087	40	6964
21964	171	20425
21964	171	29898
19886	171	29703
14703	81	4886
19886	171	20553
5553	81	4886
5049	81	4886
19886	171	20049
23942	173	28439
23942	173	24812
23942	173	29266
14266	144	8942
23942	173	22404
13439	144	8942
1790	152	13075
16790	191	28075
28075	191	16790
16790	171	25133
10888	81	1790
10133	81	1790
9068	81	9660
12603	81	9660
94	81	9660
24660	171	15094
9688	81	9660
24660	171	27603
943	81	4693
943	81	12644
19693	171	15943
27644	171	15943
8746	81	7635
22635	171	23746
23297	168	23746
8746	53	8297
15145	180	15498
145	14	498
5825	70	12503
6802	152	5825
27503	174	20825
5825	152	6802
21802	191	20825
20825	191	21802
2071	40	10018
1980	40	10018
6781	40	10018
25018	168	25538
25018	168	21006
25018	168	27609
21672	187	25056
2134	19	6672
21672	184	15782
10056	19	6672
21672	187	17134
21672	187	16828
22823	171	16118
16131	171	16118
17923	171	16118
1118	81	2923
1118	53	6578
1118	81	7823
27763	171	19059
4059	81	9125
4059	81	12763
4059	40	8908
23908	173	19059
24125	171	19059
1518	34	10092
1518	34	11911
16518	190	26911
16518	186	25092
16518	186	26911
16518	190	25092
19423	171	28034
19423	171	18748
13034	81	4423
3748	81	4423
6528	81	4423
19423	171	15797
676	81	3694
18694	171	25206
18694	171	27269
889	81	3694
3492	81	3694
7443	81	3694
17854	171	22474
17854	173	28374
13374	40	2854
7474	81	2854
13374	53	2854
2854	56	7740
13604	81	2658
17658	171	28678
17658	171	28604
13678	81	2658
3724	81	2658
17658	171	18724
29216	173	17140
2140	40	14216
17966	172	17140
2140	26	2966
2140	53	715
2140	120	4
26052	173	23647
8647	81	14704
8647	81	6395
8647	81	5970
8647	40	11052
8647	81	11670
19876	184	16876
4876	112	1876
19742	184	16876
4742	112	1876
23227	165	16876
25297	172	20375
5375	81	7003
22003	171	20375
5375	26	10297
6974	34	6939
6974	34	2614
21974	186	21939
21974	186	17614
21974	190	17614
21974	190	21939
18284	165	24141
4927	86	3284
3284	87	9141
19927	165	18284
1043	112	5198
16043	184	20198
15283	171	22156
7156	81	283
7156	120	6737
8619	53	14705
29705	168	23619
8619	81	6741
21741	171	23619
24049	171	23619
8619	81	9049
7877	34	7586
22877	186	22586
22877	190	22586
2090	26	12908
24940	171	17090
2090	81	9940
27908	172	17090
2090	120	4
80	53	1664
16664	168	15853
853	129	1664
16664	168	15080
26325	184	15731
2991	112	731
17991	184	15731
4262	112	731
11325	112	731
19262	184	15731
16906	168	29966
16906	168	22744
16906	168	16539
14966	53	1906
7744	11	1906
14966	11	1906
24669	173	23636
8636	144	9669
8636	81	9669
8636	40	9669
16145	168	18363
16145	173	18363
3363	40	1145
3363	53	1145
3363	81	1145
24492	184	29479
24492	175	29479
9492	44	14479
9492	140	14479
9492	112	14479
24492	179	29479
16226	173	29643
5182	40	1226
16226	173	27207
12207	40	1226
14643	40	1226
16226	173	20182
14696	34	9012
13835	34	9012
10551	34	9012
25551	186	24012
29696	190	24012
28835	186	24012
18619	184	16702
26547	184	16702
2181	35	1702
11547	112	1702
3619	112	1702
25622	187	21941
27908	172	21941
6941	19	10622
6941	19	12454
6941	26	12908
6941	81	1050
14481	34	9836
394	34	9836
1110	34	9836
7598	34	9836
2873	34	9836
128	34	9836
29188	168	15238
29975	168	15238
238	57	14188
238	53	14975
25579	168	15238
238	53	10579
9936	34	4795
1515	34	4795
275	34	4795
14118	34	4795
11419	34	4795
29118	190	19795
7366	40	13728
20426	168	22366
28728	173	22366
7366	81	12763
24938	172	22366
24021	168	22366
2862	34	13409
2862	34	2021
17862	190	17021
17862	186	17021
17862	186	28409
17862	190	28409
12887	81	3542
11308	81	3542
18542	171	27887
18542	171	18549
18542	171	16260
18542	171	26308
24262	171	28753
4416	81	9262
13753	81	9262
24262	171	19416
27237	168	15515
515	53	12237
515	81	5744
20744	171	15515
23000	184	27702
8000	34	11990
8000	112	12702
23000	190	26990
29554	173	24102
19995	171	24102
22462	187	24102
9102	144	14554
25744	172	24102
9102	81	4995
13324	87	5065
28324	165	20065
22357	165	20065
29594	165	20065
6077	87	5065
21077	165	20065
27738	171	20992
5992	81	12738
21672	187	20992
5992	19	6672
5992	120	6737
5274	34	687
20274	190	15687
20274	186	15687
513	81	14662
18690	168	15513
28726	187	15513
29662	171	15513
513	53	3690
513	19	13726
14157	81	4408
19408	171	27127
12698	81	4408
12127	81	4408
19408	171	27698
19408	171	29157
19293	168	27494
11721	40	4293
12494	40	4293
12494	53	4293
19293	173	27494
19293	173	26721
7056	26	5191
20191	172	22056
5815	81	1783
18044	172	20815
17001	187	20815
16783	171	20815
5815	26	3044
5815	19	2001
1353	81	8427
23427	171	16353
16737	187	16353
1353	81	4452
19452	171	16353
1353	19	1737
6315	34	6296
21315	190	21296
21315	186	21296
15911	168	22231
7231	53	12484
27484	168	22231
7231	57	911
7231	11	911
29977	173	25176
10176	40	14977
21363	171	25176
10176	81	6363
22539	171	22040
22539	171	19576
4576	81	7539
22539	171	24892
9892	81	7539
7040	81	7539
13370	34	3798
9398	34	3798
28370	186	18798
24398	190	18798
28370	190	18798
24398	186	18798
11946	40	4604
19604	168	28368
19604	168	20469
26743	191	19604
19604	173	26946
11946	144	4604
14587	81	8075
11715	81	8075
421	81	8075
23075	171	15421
23075	171	26715
23075	171	26940
17208	171	20222
5222	81	8805
23805	171	20222
5222	81	2208
22821	171	20222
5222	81	7821
7061	34	12235
22061	186	27235
22061	190	27235
27697	171	22041
7041	40	14204
7041	81	12697
29204	173	22041
7041	19	581
15581	187	22041
25443	165	21020
19372	165	21020
28648	165	21020
10443	87	6020
6020	51	8548
13648	87	6020
26286	171	17070
20479	173	17070
2070	81	11286
2070	40	5479
2070	120	13054
2070	144	9891
4358	40	4225
19225	173	23661
19225	173	27955
12955	40	4225
19225	173	19358
8661	40	4225
19609	171	25426
19609	171	26953
11953	81	4609
10426	81	4609
19609	171	20699
5699	81	4609
18990	171	29477
13843	81	3990
14477	81	3990
2343	81	3990
18990	171	18919
18990	171	28843
28599	191	16452
1452	152	13599
16452	191	28599
1452	112	13927
13599	152	1452
16452	179	28927
23519	171	25478
7548	81	8519
23519	171	20587
10478	81	8519
5587	81	8519
23519	171	22548
20697	173	27670
12670	40	5697
20697	168	16081
12670	144	5697
12670	53	5697
1081	53	5697
5921	34	9016
20921	184	21422
20921	186	24016
20921	190	24016
5921	112	6422
16236	173	18490
3490	81	1984
3490	40	1236
16984	171	18490
7566	34	10307
7566	34	6790
22566	190	25307
22566	186	21790
22566	186	25307
22566	190	21790
21154	191	27081
12081	49	6154
27081	191	21154
6154	44	5505
6154	152	12081
6154	44	6457
24674	168	28798
5482	81	9674
14964	81	9674
10823	40	9674
3390	40	9674
24674	168	18925
13895	34	6720
358	34	6720
442	162	6720
4523	34	6720
28895	190	21720
15442	190	21720
25243	171	28523
13523	81	10243
1810	81	10243
3336	81	10243
25243	171	21969
25243	171	16525
15144	171	25486
10486	81	144
19886	171	25486
10486	81	4886
10486	81	10795
25795	171	25486
22070	171	22820
22070	171	23991
8991	81	7070
1482	81	7070
7820	81	7070
2321	81	7070
2482	81	645
15645	171	17482
10726	81	645
15645	171	25726
15645	171	26364
11504	81	645
13201	112	4683
28201	184	19683
20224	168	21254
6254	53	5224
12270	99	6254
6254	57	5224
6254	11	5224
6254	48	12270
16544	165	29072
4374	87	1544
6349	87	1544
21349	165	16544
19374	165	16544
1544	87	14072
1125	34	14524
16125	184	20977
1125	112	5977
16125	186	29524
16125	190	29524
24467	173	28737
13737	40	9467
13974	40	9467
24467	173	18889
24467	173	28974
3906	40	9467
18535	168	27727
8676	144	3535
8676	40	3535
12426	40	3535
12727	40	3535
7891	40	3535
24957	168	22543
24957	168	17571
24957	168	23589
24957	168	22623
8589	53	9957
7543	11	9957
275	34	4795
275	34	9535
15275	186	24535
15275	186	19795
15275	190	24535
15275	190	19795
24751	173	29309
24751	173	17832
14309	40	9751
8647	144	9751
2832	40	9751
13387	34	6193
1158	34	6193
28387	190	21193
16158	190	21193
28387	186	21193
16158	186	21193
27965	173	17552
25240	172	17552
2552	40	12965
2552	53	12965
2552	26	10240
2552	144	12965
20531	173	21527
6527	40	5531
6527	81	5531
20531	171	15600
20531	189	19867
20531	171	20012
1261	128	13315
1261	128	4064
16261	185	28315
16261	185	19064
28410	171	20642
23504	171	20642
5642	81	13410
5642	81	8291
5642	120	4
23291	171	20642
6772	81	7720
25374	171	21772
26522	171	21772
6772	81	11522
22720	171	21772
6772	81	10374
8605	53	5295
20295	168	23605
18335	172	23605
8605	26	3335
21701	171	23254
8254	81	5370
8254	81	6701
8254	26	6367
21367	172	23254
20370	171	23254
22355	171	18432
3432	81	14437
3432	81	7355
29437	171	18432
3432	144	14705
2960	26	13051
28051	172	17960
24872	171	17960
2960	81	4606
23558	171	17960
2960	81	8558
15633	168	24363
9363	40	1661
16661	173	24363
9363	53	633
17784	172	24363
9363	26	2784
297	34	10309
297	34	10604
297	34	3763
15297	186	25309
15297	186	25604
15297	190	25604
8219	81	3793
13067	81	3793
18793	171	23219
18793	171	17675
18793	171	16519
2675	81	3793
15769	173	15520
520	40	769
520	144	769
520	81	769
15769	171	15520
15769	171	15170
21139	171	28117
4041	81	6139
21139	171	19041
21139	171	19012
13117	81	6139
4012	81	6139
20994	168	29782
20994	168	19032
20994	168	18164
14782	144	5994
5994	151	3164
14782	123	5994
8266	40	12406
27406	168	23266
25673	168	23266
27406	173	23266
8266	53	12406
8266	53	10673
563	53	13306
26825	168	15563
563	53	11825
28306	168	15563
5363	40	9884
24884	168	20363
5363	144	9884
24884	173	20363
22313	171	20363
5363	53	9884
1347	40	6667
21667	168	16347
21667	173	16347
2826	81	7153
22153	171	28930
14203	81	7153
22153	171	16286
22153	171	29203
13930	81	7153
24508	171	24355
9115	152	9508
9508	152	9115
9355	81	9508
24115	191	24508
24508	191	24115
2944	81	12726
2944	81	8660
23660	171	17944
27726	171	17944
18449	171	25334
10334	81	3449
26398	187	25334
10334	19	11398
14767	87	7662
22662	165	19100
29767	165	22662
7662	87	4100
14375	34	7455
29375	190	22455
29375	186	22455
28132	168	20879
22298	168	20879
5879	57	7298
5879	57	13132
5879	11	7298
5879	11	13132
20396	168	28513
20396	168	21880
13513	144	5396
6880	53	5396
13513	123	5396
5396	151	3827
6963	53	12529
27529	168	21963
6963	81	4211
19211	171	21963
27174	168	24272
9272	40	892
15892	173	24272
9272	53	12174
15892	171	24272
9272	81	892
28760	171	16451
29095	171	16451
1451	81	14095
1451	81	13760
1451	120	6737
24891	191	20805
20805	191	24891
9891	152	5805
2002	53	5805
5805	152	9891
14229	81	5805
19686	171	27140
19686	171	29739
13213	81	4686
19686	171	16519
7633	81	4686
7024	81	4686
24740	168	15125
24740	168	20242
8320	53	9740
24740	168	23320
125	53	9740
125	123	9740
25372	173	20094
25372	173	15841
25372	173	20418
5094	144	10372
841	144	10372
5418	144	10372
12459	35	5259
24515	184	20259
23921	184	20259
17178	184	20259
18978	184	20259
3978	112	5259
24025	168	27572
24025	168	19364
4364	53	9025
12572	53	9025
4364	144	9025
12572	144	9025
897	34	9754
897	34	7897
15897	186	22897
15897	186	24754
15897	190	24754
15897	190	22897
27482	187	15227
227	26	4727
227	19	12482
19727	172	15227
7263	81	9924
24924	171	24537
9537	81	9924
24924	171	22263
10461	34	1075
7426	34	1075
10522	162	1075
12674	34	1075
27674	186	16075
22426	186	16075
4075	81	5686
4075	81	10446
20686	171	19075
25446	171	19075
25827	171	19075
4075	81	10827
1010	81	8148
21117	173	16010
1010	40	6117
23148	171	16010
5057	129	150
15150	168	20057
14036	40	1763
730	40	1763
16763	168	20421
9792	40	1763
16763	168	26996
16763	168	17188
14520	26	4800
19800	172	29520
5687	26	4800
19800	168	20687
19800	172	17826
19800	172	25925
25764	168	17673
2673	40	2416
17416	173	17673
29790	171	17673
2673	81	14790
2673	144	2416
29595	165	17227
14595	71	2227
28784	165	17227
17258	165	17227
13784	72	2227
2258	71	2227
14608	81	8431
23431	171	29608
10331	81	8431
4220	81	8431
23431	171	25331
23431	185	26595
14539	81	2940
17940	191	26246
17940	171	29539
2940	152	11246
26246	191	17940
496	34	3459
15496	186	18459
15496	190	18459
23016	187	25488
15769	171	25488
26541	171	25488
10488	144	769
10488	81	7354
10488	81	769
8344	81	8814
17212	171	23344
23814	171	23344
8344	81	2212
8344	53	9577
20509	173	20169
5169	40	5509
5169	53	5509
19353	168	23712
19353	168	29880
19353	173	15410
19353	168	15410
19353	172	18748
14880	40	4353
26920	172	24980
9980	26	11920
22162	171	24980
9980	81	2301
9980	81	7162
17301	171	24980
10351	81	1187
16187	171	25351
15762	172	25351
10351	26	762
17195	168	17220
17195	173	29953
2220	40	2195
2220	144	2195
14953	40	2195
17195	173	17220
3900	34	10001
3900	34	1311
3900	34	13152
18900	186	25001
18900	190	28152
18900	190	16311
7244	34	10346
5298	34	10346
8586	34	10346
20298	190	25346
22244	190	25346
20298	186	25346
28870	171	20466
19568	172	20466
5466	81	2239
5466	81	13870
5466	26	4568
17239	171	20466
25301	172	19959
25301	172	18795
25301	172	25919
3442	26	10301
25301	172	18442
4959	26	10301
18626	168	19664
4664	57	11731
26731	168	19664
4664	11	11731
25385	168	19664
4664	53	11731
14403	34	9259
5440	34	9259
29403	186	24259
29403	190	24259
20440	186	24259
20440	190	24259
4277	81	1540
24389	171	19277
16540	171	19277
4277	81	9389
23776	171	23422
8422	81	8776
17249	171	23422
8422	81	2804
8422	81	2249
17804	171	23422
970	81	10126
17815	171	15970
970	81	2815
25126	171	15970
17425	171	27479
12336	81	2425
7864	81	2425
17425	171	22864
17425	171	18831
6378	81	2425
23564	168	22028
7028	40	12898
7028	53	8564
27898	173	22028
14285	87	7588
20463	169	22588
10986	87	7588
5463	161	7588
29285	165	22588
25986	165	22588
16089	171	29552
14552	81	1089
4774	81	1089
16089	171	19774
19752	171	19626
4626	81	7928
4626	81	4752
20481	168	19626
22928	171	19626
4626	53	5481
23434	171	15812
812	81	8434
812	81	12711
812	19	1818
25231	172	15812
16818	187	15812
21111	171	16913
21111	171	21446
6446	81	6111
21111	171	25945
1913	81	6111
10945	81	6111
24204	171	16632
1632	81	9204
19856	171	16632
1632	81	4856
4569	81	13039
27527	171	19569
4569	81	12527
23732	171	19569
28039	171	19569
4569	81	8732
9111	81	14554
9111	26	10744
9111	81	1953
29554	171	24111
25744	172	24111
9111	81	14425
19859	180	15615
4859	14	615
3540	81	6964
15219	187	18540
3540	19	219
22569	171	18540
15497	171	18540
3540	81	497
852	81	13812
28812	171	15852
17350	171	15852
5416	34	1113
2477	34	1113
11719	34	1113
5211	34	1113
17477	186	16113
20211	186	16113
5422	34	8720
20422	184	16121
20422	186	23720
5422	34	2536
20422	190	23720
5422	112	1121
2835	34	1550
7457	34	1550
17261	186	16550
17835	186	16550
22457	186	16550
17835	190	16550
29379	173	16370
1370	40	14379
16296	171	16370
1370	81	6607
21607	171	16370
1370	81	1296
10904	53	10363
25363	168	25904
11364	53	10363
25363	168	26364
2225	53	10363
3820	81	2121
17121	171	18820
9158	81	2121
17121	171	18107
3107	81	2121
17121	171	26280
19700	171	28642
19700	171	29134
14134	81	4700
19700	171	21151
7587	81	4700
13642	81	4700
27040	171	19041
4041	40	8045
21139	171	19041
4041	81	12040
4041	81	6139
23045	173	19041
14185	81	6460
21460	171	29185
28969	168	20428
23820	168	20428
5428	11	13969
5428	57	13969
5428	11	8820
5428	144	3688
21389	173	17897
2897	40	6389
28714	171	17897
15995	171	17897
2897	81	14600
2897	144	6389
7878	26	1641
16744	173	22878
22478	171	22878
16641	172	22878
7878	81	7478
7878	40	1744
5987	144	9925
24925	173	24623
24925	173	29992
24925	173	28007
24925	173	23683
24925	171	17871
17276	168	27042
17276	168	16166
17276	168	21979
6979	53	2276
12042	57	2276
6979	11	2276
3378	34	11041
3378	34	2158
18378	186	26041
18378	190	26041
18378	186	17158
18378	190	17158
2634	34	14227
2634	34	3870
17634	186	29227
17634	186	18870
17634	190	29227
17634	190	18870
21036	168	17868
21036	168	22858
21036	168	19687
21036	168	19338
21036	168	24802
21036	168	27732
17045	173	29111
17045	173	26451
14111	40	2045
17045	173	22856
11451	40	2045
11451	53	2045
21003	179	18585
18143	179	18585
12514	86	3585
7658	112	3585
14241	112	3585
27514	165	18585
5817	34	14486
5817	34	13531
20817	190	29486
20817	186	29486
20817	186	28531
20817	190	28531
16572	168	18418
16572	168	20635
16572	168	28390
16572	171	21528
16572	184	20297
1572	112	5297
12307	40	93
15093	173	19681
15093	173	27307
4681	40	93
15093	173	26095
9440	40	93
6595	81	8743
6595	81	10557
23743	171	21595
19056	173	21595
6595	40	4056
25557	171	21595
27068	171	17421
28640	171	17421
2421	40	5564
2421	81	12068
20564	173	17421
2421	81	13640
20582	171	15062
11931	81	5582
62	81	5582
20582	171	26931
5582	112	4593
13211	81	10058
25058	171	19769
5747	81	10058
25058	171	29309
25058	171	28211
25058	171	20747
22003	171	19343
4343	19	14876
29876	187	19343
4343	81	7003
4343	81	10003
6326	34	12773
21326	190	27773
21326	186	27773
8052	81	4398
19398	171	23052
19398	171	19935
4935	81	4398
27738	171	23752
8752	81	12738
20468	168	15929
23118	168	15929
929	57	8118
929	11	8118
929	53	8118
929	48	6995
8976	81	8970
29415	173	23976
8976	40	14415
23970	171	23976
16971	172	23976
8976	26	1971
26362	168	19449
19038	173	19449
4449	40	4038
4449	144	4038
4449	53	11362
4449	53	4038
4518	81	14401
25393	187	19518
29401	171	19518
4518	81	7438
4518	19	10393
22438	171	19518
27078	168	22163
27329	168	22163
7163	38	10614
27986	171	22163
7163	81	12986
22411	171	22163
26923	171	23310
8310	81	3416
18416	171	23310
26511	168	23310
8310	81	11923
8310	53	11511
2309	81	6388
21388	171	17309
21388	171	29735
14735	81	6388
13537	34	7574
10185	34	7574
25185	186	22574
28537	190	22574
25185	190	22574
28537	186	22574
6433	34	3790
21433	186	18790
6433	112	8932
21433	190	18790
21433	184	23932
5949	81	2184
17159	172	20949
17184	171	20949
5949	26	2159
9668	112	4728
24668	180	28236
24668	184	19728
9668	14	13236
16336	180	19835
1336	14	4835
3285	112	4835
18285	184	19835
17557	165	16647
2557	87	8232
17557	165	23232
2557	87	1647
27150	168	15057
29943	168	15057
57	144	12150
57	53	12150
57	53	14943
4865	112	7679
19865	184	22679
25860	184	22679
10860	112	7679
267	34	1682
267	34	5933
267	162	8634
267	34	8634
15267	186	23634
15267	190	23634
164	40	13115
28115	173	15164
15423	171	15164
164	81	423
164	120	4
7684	34	13999
7684	34	9618
22684	190	28999
22684	184	16047
22684	186	24618
7684	112	1047
24222	168	18500
3500	53	7298
22298	168	18500
3500	53	9222
6912	81	3473
18473	171	21912
22135	171	21912
6912	81	7135
7131	34	10783
7131	34	10447
22131	186	25447
22131	190	25783
22131	190	25447
23974	168	18205
23974	168	28645
2832	144	8974
6447	53	8974
23974	173	28645
7113	40	8974
24502	168	27856
12856	53	9502
28376	168	24895
9895	40	3406
25718	168	24895
9895	144	10718
9895	40	13376
9895	40	12665
10310	34	12075
10310	34	2160
25310	190	24392
10310	34	9392
25310	186	17160
25310	186	27075
17173	168	16602
1602	40	14931
29931	173	16602
1602	81	7206
1602	53	2173
15408	171	16602
3716	26	7048
21576	171	18716
3716	81	11326
22048	172	18716
22153	171	18716
26326	171	18716
735	81	13023
29935	173	15735
735	40	14935
28023	171	15735
735	81	9596
24596	171	15735
21656	171	28361
746	81	6656
13361	81	6656
21656	171	15746
12980	81	8092
23092	171	15567
567	81	8092
23092	171	27980
14026	81	8092
4825	81	8092
9878	34	10269
24878	186	25269
24878	190	25269
798	34	14516
15798	186	29516
15798	190	29516
29721	191	25467
10467	152	14721
14721	152	10467
25467	191	29721
5119	144	10467
25467	171	26468
7514	34	12091
7514	34	7561
7514	34	1417
22514	186	27091
22514	186	16903
22514	186	22561
3364	87	467
18364	165	15467
5647	130	3364
20647	165	18364
11072	34	2831
8200	34	2831
23200	186	17831
23200	190	17831
26072	186	17831
26072	190	17831
15633	168	27795
12531	118	633
12795	53	633
232	53	633
15633	168	19875
15633	168	24363
23878	173	15194
7051	40	8878
23878	173	24213
194	40	8878
194	144	8878
9213	40	8878
8918	34	7365
12041	34	7365
9257	34	7365
27041	190	22365
27041	186	22365
24257	186	22365
8696	53	14686
29686	168	23696
23024	171	23696
8696	81	3802
18802	171	23696
8696	81	5446
20809	171	29907
20809	171	21604
6604	81	5809
14907	81	5809
1411	81	5809
20809	171	16411
22469	172	22549
7549	26	7469
5724	26	7469
22469	172	20724
9736	87	8786
24736	165	23786
25961	171	25266
10266	81	10961
27032	172	15916
916	81	7715
916	81	4062
916	26	12032
19062	171	15916
22715	171	15916
4019	81	14877
29877	171	19019
23481	168	19019
4019	53	8481
19303	168	15293
293	40	2694
28306	171	15293
293	81	13306
293	53	4303
17694	173	15293
16167	173	22971
21562	172	22971
7971	81	11063
7971	40	1167
23732	171	22971
7971	81	8732
17633	184	23226
1838	85	8226
28026	184	23226
24449	184	23226
9449	112	8226
2633	112	8226
2533	40	5213
29120	168	17533
2533	26	14436
2533	53	14120
22706	171	17533
29436	172	17533
28019	168	19033
4033	11	13019
4033	57	13019
28055	174	17595
13055	59	2595
2595	73	8699
8699	49	2595
18311	168	27034
12034	53	3311
18311	168	17369
18311	168	19919
4919	53	3311
2369	53	3311
8823	24	2738
23823	190	17738
28294	190	17738
13294	24	2738
22882	168	18450
22882	168	25698
22882	168	18984
22882	168	20722
22882	168	18816
3816	11	7882
8851	81	3741
8851	40	10988
25988	173	23851
18741	171	23851
8851	120	4
26528	172	23851
19114	171	23601
3714	81	4114
19114	171	27743
14621	81	4114
12743	81	4114
19114	171	29621
18436	172	29026
14026	26	3436
22235	173	24152
29756	171	24152
9152	40	7235
9152	81	14756
29775	171	24152
9152	81	14775
16106	171	24561
9561	26	12580
27580	172	24561
16262	171	24561
9561	81	1106
9561	81	1262
29704	171	21935
6935	81	14704
6935	120	13054
9590	112	10319
10064	26	9590
24590	184	25319
24590	172	25064
7924	81	13896
28896	171	22924
15345	172	22924
7924	26	345
17191	187	26602
17191	187	23676
13808	19	2191
8676	19	2191
11602	19	2191
17191	187	28808
27797	171	15101
101	81	12797
101	26	8872
23872	172	15101
21124	172	29489
14489	26	6124
2973	97	6124
6124	4	10408
21124	168	17973
6124	56	2745
9597	34	5806
9597	34	8450
24597	190	20806
24597	186	23450
24597	186	20806
24597	190	23450
28896	171	22966
23707	172	22966
29061	168	22966
7966	81	13896
7966	53	14061
7966	144	2747
8261	26	163
15163	172	29526
14526	26	163
13650	26	163
15163	172	28650
9604	26	163
5754	34	2160
20754	190	17160
20754	186	17160
13662	81	9563
24563	171	28662
11243	81	9563
24563	171	26243
13657	40	10343
25343	168	28657
13657	53	10343
25343	173	28657
8992	34	12418
8992	34	2614
23992	186	17614
23992	186	27418
23992	190	17614
23992	190	27418
1381	72	13927
1381	68	10528
16381	165	28927
16781	185	16381
16381	165	25528
22031	185	16381
10137	81	5212
20212	171	25137
578	81	5212
20212	171	15578
12203	161	3472
27203	169	18472
27203	165	18472
22410	171	25926
10926	81	7410
22410	192	23014
7410	13	9749
22410	189	24749
7410	146	8014
8971	34	10115
580	34	10115
14040	34	10115
23971	190	25115
14564	34	10115
14416	34	10115
3980	81	13794
3980	19	4958
28794	171	18980
23434	171	18980
3980	81	8434
19958	187	18980
23632	173	16687
24273	172	16687
1687	40	8632
1687	53	2619
1687	118	1687
1687	26	9273
856	96	1187
4028	81	856
15856	171	19028
16187	189	15856
15856	185	26595
28246	168	20356
5356	53	400
15400	168	20356
5356	53	13246
5356	120	6737
26690	171	16001
1001	81	13465
28465	171	16001
1001	81	11690
1001	81	14042
29042	171	16001
7556	34	14976
22556	186	29976
22556	190	29976
20165	173	18475
20165	173	28267
20165	173	17219
13267	40	5165
13267	144	5165
2219	40	5165
14203	81	8274
8274	112	3557
23274	184	18557
23274	171	29203
23274	171	22116
7116	81	8274
17135	168	27053
17135	172	17848
17135	168	26310
17135	168	17800
12053	123	2135
12053	144	2135
1881	40	3105
18105	173	16881
23670	168	16881
1881	81	4128
1881	81	14718
29718	171	16881
25077	168	23709
28265	168	23709
8709	11	13265
8709	57	13265
8709	53	10077
8709	144	13265
9053	34	13337
9053	34	1305
24053	186	16305
24053	190	16305
24053	190	28337
24053	186	28337
20805	171	17914
2914	81	5805
2914	81	7519
22519	171	17914
2914	144	9891
2914	120	13054
24421	168	23455
24494	168	23455
8455	53	9494
8455	53	9421
6824	34	6219
6824	34	3102
21824	190	18979
21824	186	18102
21824	186	18979
21824	190	18102
1947	81	9997
8146	81	9997
24997	171	18681
8756	81	9997
24997	171	21544
24997	171	23977
4759	40	13992
28992	173	19759
29414	187	19759
4759	19	14414
4759	81	4062
25297	172	19759
18647	168	29167
18647	168	25811
18647	173	26123
18647	173	22432
11123	40	3647
8072	40	3647
4003	51	949
12283	87	4003
22998	165	19003
19231	165	19003
27283	165	19003
7998	87	4003
23494	187	23018
8018	81	10042
8018	19	8494
25042	171	23018
16958	168	20821
5821	57	1958
5821	53	1958
5821	11	1958
20089	180	29155
5089	14	14155
5089	14	1570
5089	105	8937
5089	151	8937
5089	56	8937
9928	81	3741
18741	171	21156
18741	171	23624
18741	171	25699
10699	81	3741
18741	171	23851
12122	128	8034
27122	185	23034
12998	40	10067
25067	173	27998
8884	40	10067
25067	173	23884
12061	152	2890
17890	168	17963
3735	53	2890
17890	191	27061
27061	191	17890
2003	53	2890
2032	40	10438
25438	168	17032
2032	81	1967
25438	173	17032
25438	171	17032
16967	171	17032
13007	81	4909
19909	171	20798
5798	81	4909
19909	171	28007
16488	171	21051
12046	144	1488
16488	171	27046
16488	171	22109
16488	171	28045
13045	81	1488
25060	168	17639
27417	168	17639
2639	11	12417
2639	57	12417
29943	168	17639
2639	144	12417
9280	152	8194
23194	191	24280
24280	191	23194
12795	19	8194
14905	19	8194
3536	19	8194
4644	40	2387
17494	168	19644
25673	168	19644
4644	53	2387
17387	173	19644
20011	171	19644
15379	168	27683
15379	168	19490
12683	53	379
12683	57	379
4490	11	379
12683	11	379
2460	128	14574
2460	14	13675
17460	180	28675
17460	185	29574
501	40	12073
501	53	12073
27073	168	15501
27073	173	15501
501	81	13339
27073	171	15501
15939	171	21156
11969	81	939
2306	81	939
14507	81	939
15939	171	23457
15939	171	17306
22353	173	29515
22353	173	20858
14515	40	7353
5858	40	7353
12035	40	7353
22353	173	27035
6504	81	2923
17923	171	21504
6504	81	7823
6504	81	2462
22823	171	21504
17462	171	21504
26879	168	22741
16355	171	22741
7741	81	4474
21362	187	22741
7741	81	1355
7741	120	4
779	34	14302
779	34	12569
15779	186	29302
15779	186	27569
15779	190	27569
15779	179	28927
7756	34	8634
7756	34	262
22756	186	15262
22756	190	15262
22756	186	23634
22756	190	23634
27435	177	21834
3786	128	6834
23819	177	21834
11443	128	6834
14668	128	6834
12435	128	6834
16645	171	24730
9730	81	7206
16706	172	24730
9730	81	1645
22206	171	24730
9730	26	1706
24210	168	22315
7315	129	9210
28742	171	22315
21114	171	22315
18645	171	22315
7315	81	3645
6161	81	4801
19801	171	27718
9282	81	4801
14487	81	4801
12718	81	4801
14621	81	4801
9650	81	14496
29496	171	24650
4214	81	12135
27135	171	19214
17348	171	19214
4214	81	2348
13372	81	7686
22686	171	28372
22686	171	25908
5990	81	7686
8714	81	7686
22686	171	16161
23719	191	27722
8719	152	12722
12722	152	8719
27722	191	23719
29024	168	19187
22780	168	19187
4187	11	7780
4187	57	7780
4187	11	14024
4187	57	14024
19606	171	15192
19606	171	17960
14984	81	4606
13000	81	4606
12246	81	4606
19606	171	27246
4581	34	9659
833	34	9659
15833	186	24659
19581	190	24659
19581	186	24659
15833	190	24659
27012	185	23576
12012	128	8576
2246	128	8576
17246	185	23576
9314	19	12796
24833	171	24314
27796	187	24314
9314	81	9833
21398	171	24314
9314	81	6398
21878	171	16758
1758	81	6878
1758	81	12478
27478	171	16758
27976	173	21334
6334	26	5247
20247	172	21334
6334	40	12976
6334	144	8698
12544	40	4394
19394	168	27544
12544	129	4394
19394	173	27544
9647	81	9485
9647	81	1844
24485	171	24647
16844	171	24647
18975	173	24647
9647	40	3975
16009	171	19679
14904	81	1009
16009	171	24193
16009	171	29959
1414	81	1009
11760	126	1009
913	81	14694
19863	173	15913
913	40	4863
29694	171	15913
17668	173	23807
8807	81	5805
8807	40	2668
20805	171	23807
9512	40	4750
19750	168	19658
19750	168	22084
19750	173	24512
19750	168	24512
19750	168	15417
23300	180	21875
8393	112	6875
23393	184	21875
8300	14	6875
13446	112	6875
28446	184	21875
22333	168	24852
9852	81	1645
25175	173	24852
9852	81	11967
9852	40	10175
9852	53	7333
9607	81	14207
29207	171	24607
9607	81	4136
20376	172	24607
9607	26	5376
19136	171	24607
1588	34	2181
16588	186	17181
16588	190	17181
7344	34	5424
13501	34	5424
22344	186	20424
28501	186	20424
28501	190	20424
22344	190	20424
19428	173	20490
23193	171	20490
5490	81	8193
5490	40	4428
5490	53	4428
5490	26	8955
8704	34	10036
8704	34	8267
23704	186	23267
23704	190	25036
23704	186	25036
23704	179	24952
6257	81	1266
16266	171	21257
12396	81	1266
16266	171	27396
4774	40	5229
20229	168	19774
16089	171	19774
4774	81	1089
15479	171	19774
20229	173	19774
12440	112	615
19859	180	15615
4859	14	615
27440	184	15615
615	87	8657
15615	165	23657
218	154	13356
2242	85	218
20606	184	15218
15218	165	28356
17242	165	15218
5606	112	218
23102	171	29958
6211	81	8102
23102	171	16062
1062	81	8102
14958	81	8102
23102	171	22822
1109	34	12338
16109	186	27338
16109	190	27338
8484	34	5806
11103	34	5806
2838	34	5806
9597	34	5806
13539	34	5806
5318	34	5806
19822	171	29038
14038	81	4822
23436	168	15391
391	97	8436
9234	97	8436
23436	168	24234
28076	173	22467
22594	187	22467
7467	40	13076
7467	53	13076
7467	19	7594
7467	144	13076
15497	171	19567
501	81	497
15497	171	15501
3540	81	497
15497	171	18540
4567	81	497
8114	53	13477
28477	168	23114
14735	81	3028
12630	81	3028
18028	171	29735
18028	171	20291
18028	171	27630
9830	126	3028
13736	81	3305
18305	171	28736
11908	81	3305
18305	171	26908
18305	171	21614
16701	168	17373
16701	168	21989
6376	53	1701
3289	53	1701
6989	53	1701
11460	53	1701
29694	171	21513
6513	81	6845
21845	171	21513
6513	81	14694
28124	171	15309
309	40	10120
309	81	13124
25120	173	15309
309	120	13054
16807	171	22190
7190	81	1807
7190	81	10003
25003	171	22190
24319	171	22000
7000	81	7206
7000	26	12927
26042	171	22000
22206	171	22000
7000	81	9319
2534	34	7833
17534	184	29077
2534	112	14077
17534	190	22833
17534	186	22833
7463	19	1843
22913	171	22463
7463	81	7913
16843	187	22463
29996	171	22463
7463	81	14996
24029	173	19456
4456	81	11042
4456	40	9029
26042	171	19456
17040	187	19456
4456	19	2040
20459	171	29585
20459	171	20303
5303	81	5459
14585	81	5459
10339	40	1419
16419	168	25339
16419	173	25339
10339	81	11179
26671	171	25339
26179	171	25339
2349	81	13285
28841	171	17349
24478	172	17349
28285	171	17349
2349	81	13841
2349	19	11270
18634	173	21787
6787	40	3634
6787	81	5601
6787	81	12146
27146	171	21787
6787	81	4498
7804	34	9084
22804	190	24084
22804	186	24084
7521	53	12138
27138	168	22521
26853	171	22521
7521	81	11853
7521	19	5914
20914	187	22521
2315	34	1523
2304	34	1523
17304	190	16523
17315	190	16523
17304	186	16523
17315	186	16523
16967	171	23922
15534	171	23922
8922	26	14380
8922	81	1967
8922	120	7725
29380	172	23922
16526	173	27364
7060	40	1526
12364	40	1526
16526	173	26206
4784	40	1526
11206	40	1526
22504	168	17114
22504	168	29652
22504	168	20294
22504	168	15922
22504	168	29478
2114	11	7504
16609	173	20121
5121	81	14897
5121	40	1609
29897	171	20121
24049	171	20121
5121	81	9049
7647	40	6690
29141	168	22647
7647	53	14141
21690	173	22647
9480	26	10297
25297	172	24480
9480	81	4995
19995	171	24480
23595	188	27292
23595	165	28236
12292	94	8595
12292	65	8595
8595	147	12292
8595	2	13236
14958	40	6662
13092	40	6662
21662	173	28092
21662	168	28092
21662	173	29958
21662	168	29958
6354	128	13353
21354	185	22362
6354	128	7362
21354	185	28353
15980	171	18389
22003	171	18389
3389	81	980
3389	81	7003
3389	144	8541
3389	26	8541
25032	187	22923
25032	187	15698
25032	187	23395
476	19	10032
7923	19	10032
698	19	10032
29186	171	24342
9342	81	8708
9342	81	14186
23708	171	24342
9342	53	4348
19348	168	24342
25684	168	22194
7194	57	10684
7194	11	10684
7194	144	5669
20669	168	22194
118	34	3301
15118	184	16121
15118	186	18301
15118	190	18301
118	112	1121
29420	173	21544
25121	171	21544
24997	171	21544
6544	40	14420
6544	81	8286
6544	81	10121
25742	172	17386
2386	81	706
2386	144	197
28785	171	17386
2386	81	13785
23053	187	17386
21738	165	29728
22159	165	21738
7159	87	6738
6738	61	14728
6738	68	14728
23400	171	21942
6942	81	8400
27797	171	17857
2857	81	12797
2857	81	6507
21507	171	17857
14520	40	5099
20099	173	27599
12599	40	5099
20099	173	20696
20099	173	29520
5696	40	5099
4404	34	14524
4404	34	1682
19404	186	16682
19404	186	29524
19404	190	29524
19404	190	16682
8742	40	9805
22999	168	23742
28112	187	23742
24805	173	23742
8742	53	7999
8742	19	13112
16177	168	16923
16177	168	24472
16177	168	22045
16177	168	27309
7045	53	1177
12309	53	1177
10251	34	9801
10251	112	12059
10251	34	2876
25251	184	27059
25251	190	24801
25251	190	17876
5733	81	10871
29056	168	20733
5733	81	9706
25871	171	20733
24706	171	20733
24803	188	18985
3985	65	9803
3985	36	3287
7267	53	4924
19924	168	17554
2554	53	4924
19924	168	22267
2948	40	14680
29680	168	17948
22797	171	17948
29680	173	17948
2948	81	9522
24522	171	17948
19384	171	28944
13944	81	4384
19384	171	16950
1950	81	4384
20795	180	27612
5795	14	12612
5795	146	3973
7921	152	12953
22921	171	20764
7921	112	12717
5764	81	7921
22921	184	27717
22921	191	27953
9854	40	12588
21752	168	24854
9854	53	6752
27588	173	24854
5349	34	7553
14353	34	7553
6003	34	7553
14040	34	7553
6218	34	7553
29353	186	22553
13297	19	10393
25393	187	28297
25393	187	19518
4518	19	10393
7184	19	10393
25393	187	26071
20328	168	19618
4007	40	5328
20328	168	20952
5952	40	5328
5952	144	5328
5952	53	5328
7348	81	392
15392	171	22348
9178	81	392
15392	171	24178
9422	134	392
4019	53	8481
23481	168	19019
3750	81	8481
23481	171	18750
6774	53	8481
23481	168	19138
10273	81	892
16719	171	25273
15892	171	25273
10273	81	1719
25906	173	23592
8592	40	10906
8592	81	7276
18563	171	23592
20372	171	23592
22276	171	23592
4981	81	7276
26034	171	19981
4981	81	11034
22276	171	19981
4981	120	4
15790	171	19981
3271	87	7950
3271	87	9215
18271	165	24215
18271	165	22950
12635	34	6603
9880	34	6603
2979	34	6603
1215	34	6603
24880	190	21603
27635	186	21603
22963	168	20194
5194	81	8811
5194	53	7963
23811	171	20194
5194	81	2630
17630	171	20194
17891	171	29847
17891	171	16644
14847	81	2891
1644	81	2891
11913	81	2891
5990	81	2891
9649	81	12843
23986	171	24649
9649	81	8986
27843	171	24649
18120	171	17050
2050	81	9402
2050	81	3120
24402	171	17050
23841	171	17050
2050	81	8841
29379	173	20503
5503	40	14379
5503	81	13039
26287	171	20503
28039	171	20503
5503	81	11287
14742	34	7322
29742	190	22322
29742	186	22322
7483	152	8369
8369	152	7483
22483	191	23369
23369	171	21686
841	26	8369
12887	81	8369
3107	53	3081
3107	81	2432
17432	171	18107
18081	168	18107
3107	81	2121
17121	171	18107
10922	81	8783
23783	171	23269
23783	171	23374
8374	81	8783
8269	81	8783
23783	171	29016
5276	34	14709
5276	34	11784
20276	186	29709
20276	186	26784
20276	190	29709
20276	190	26784
25491	168	26539
25491	168	18089
11539	40	10491
12787	40	10491
25491	173	20575
25491	173	20407
1746	34	12300
16746	184	28236
1746	112	13236
16746	186	27300
16746	190	27300
16746	179	29479
2363	34	12601
2363	34	3092
17363	186	27601
17363	186	18092
17363	190	18092
17363	190	27601
28915	171	20388
5388	81	13915
5388	26	5376
20376	172	20388
6928	34	3545
6928	34	7137
21928	190	18545
21928	186	18545
21928	190	22137
21928	186	22137
6495	34	1417
6495	34	12091
21495	186	16417
21495	186	27091
21495	190	27091
21495	190	16417
45	162	9535
13725	34	9535
45	34	9535
15045	190	24535
23113	186	24535
8113	34	9535
17509	165	22260
2509	87	858
2509	87	7260
17509	165	15858
11192	19	2915
17915	187	29149
14149	19	2915
17915	187	17833
5028	19	2915
17915	187	20028
13473	34	72
6930	34	72
28473	186	15072
28473	190	15072
21930	186	15072
21930	190	15072
22834	173	23138
19360	168	23138
8138	40	7834
19217	187	23138
8138	53	4360
8138	53	7834
17494	168	25459
17494	168	24195
10459	53	2494
7840	53	2494
6376	53	2494
17494	168	21817
14104	112	9238
1373	112	9238
13189	112	9238
16373	184	24238
28189	184	24238
29104	184	24238
15526	168	23894
15526	173	23894
8894	40	526
8894	38	526
8894	53	526
8894	19	526
2164	87	14924
2164	87	13724
17164	165	29924
17164	165	28724
2798	26	10107
25107	172	17798
17569	171	17798
2798	81	2569
1158	34	6193
1158	34	3977
16158	190	18977
16158	190	21193
16158	186	18977
16158	186	21193
3288	34	10433
14472	34	10433
6526	34	10433
21526	186	25433
29472	186	25433
16777	190	25433
27986	171	19133
4133	81	12986
4133	81	5744
20744	171	19133
4133	120	4
26398	187	22590
7590	19	11398
6140	53	11973
6140	19	14876
26973	168	21140
6140	81	10409
15706	171	21140
25409	171	21140
18736	168	29512
14512	40	3736
18736	173	29512
14512	53	3736
1897	34	6062
16897	190	21062
16897	186	21062
847	53	1031
847	53	13860
27113	171	15847
847	81	7055
22055	171	15847
28860	168	15847
3689	81	3772
5581	81	3772
18772	171	24414
18772	171	18689
7116	81	3772
18772	171	20581
27434	184	18350
3948	112	3350
12434	112	3350
18948	184	18350
683	34	4307
15683	190	19307
15683	186	19307
9865	34	1447
24865	184	25533
9865	112	10533
24865	190	16447
24865	186	16447
13583	34	8846
4526	34	8846
11645	34	8846
28583	186	23846
28583	190	23846
4386	34	8846
29785	171	21730
6730	81	13269
6730	81	14785
28269	171	21730
18879	171	21280
6280	81	3518
6280	81	3879
18518	171	21280
25637	173	21280
6280	40	10637
6783	34	6473
6783	34	11371
21783	186	21473
21783	186	26371
21783	190	21473
21783	190	26371
14778	81	3206
18206	171	29778
3206	112	5112
18206	184	20112
3206	95	6773
4748	81	7235
22235	171	19748
4748	40	10836
25836	173	19748
4748	120	6737
16176	171	15869
16176	171	24793
3703	81	1176
869	81	1176
16176	171	18703
9793	81	1176
824	81	5205
824	81	1355
20634	171	15824
22416	168	15824
16355	171	15824
824	81	5634
21531	173	17754
21531	187	17754
18566	171	17754
2754	53	6531
2754	40	6531
2754	19	6531
3751	112	14970
18751	175	28614
18751	184	29970
3751	44	13614
12431	34	7555
17031	186	22555
636	34	7555
2031	34	7555
5694	34	7555
9173	34	7555
19316	165	27372
6283	87	4316
4316	87	12372
21283	165	19316
21130	168	24943
16956	168	24943
27890	168	24943
9943	11	6130
9943	57	6130
9943	144	6130
15625	171	27955
2901	81	625
12955	81	625
15625	171	19183
946	81	625
15625	171	15946
16487	172	28215
16487	172	19175
10851	26	1487
13215	26	1487
16487	172	18090
16487	172	24971
22748	171	27928
22748	171	27876
12928	81	7748
12876	81	7748
22748	171	25705
9670	144	7748
25298	173	24908
27335	187	24908
9908	81	10298
9908	40	10298
9908	26	10476
9908	19	12335
29379	173	17928
2928	144	8497
2928	40	14379
22448	171	17928
2928	81	7448
2928	81	3471
19908	171	21536
29896	171	21536
6536	38	6064
6536	81	14896
6536	81	4908
6323	81	12614
27614	171	21323
6323	81	8150
23150	171	21323
25360	172	21323
6323	26	10360
25093	171	19012
21139	171	19012
4012	81	6139
4012	81	10093
16564	172	18640
27355	171	18640
3640	81	11557
26557	171	18640
3640	81	12355
3640	26	1564
22279	171	15353
353	81	7279
29086	168	15353
353	53	14086
28316	168	22905
7905	53	13316
7905	19	8471
23471	187	22905
7905	38	10614
26482	173	24717
23686	172	24717
9717	144	11482
9717	53	11482
9717	26	8686
24326	171	24717
5596	34	5390
5596	34	13452
20596	190	28452
20596	190	20390
20596	186	20390
20596	186	28452
8677	53	13906
8677	81	12644
28906	168	23677
8677	81	382
27644	171	23677
15382	171	23677
20704	171	21636
6636	81	5704
6636	81	5537
20537	171	21636
9387	34	8058
9387	34	13991
24387	186	28991
24387	186	23058
24387	190	28991
24387	190	23058
29415	173	24859
9859	40	14415
9859	81	11
15011	171	24859
7668	152	10446
10446	152	7668
22668	171	28419
22668	191	25446
22668	171	16614
22668	171	28495
28933	171	18910
26758	173	18910
20770	172	18910
9294	118	3910
3910	53	11758
3910	81	2649
21064	172	16071
1071	81	14896
27493	171	16071
1071	26	6064
1071	81	7389
29896	171	16071
9748	34	10435
10609	34	10435
24748	186	25435
25609	190	25435
24748	190	25435
14003	34	4181
9849	34	4181
24849	186	19181
29003	186	19181
29003	190	19181
26852	186	19181
7381	87	7950
22381	165	22950
7381	87	3355
22381	165	18355
5066	152	3917
14266	81	3917
18917	171	29266
20066	191	18917
18917	191	20066
3917	152	5066
14992	81	1278
16278	171	15250
8287	81	1278
2337	81	1278
16278	171	18414
16278	171	21732
8402	112	3157
24531	180	18157
15580	184	18157
580	112	3157
28957	184	18157
13957	112	3157
16852	168	22648
16852	168	26549
16852	168	28790
16852	168	25422
7648	144	1852
13790	144	1852
29721	173	16954
16427	172	16954
1954	26	1427
1954	53	14721
1954	40	14721
1954	26	11738
13993	81	4596
19596	171	28993
12024	81	4596
19596	171	27024
7709	34	8651
12280	34	8651
7709	162	8651
2739	34	8651
1328	34	8651
8975	34	8651
17582	171	24750
9528	81	2582
17582	171	25530
9750	81	2582
9783	81	2582
17582	171	24783
5789	34	3723
13961	34	3723
20789	190	18723
28961	186	18723
28961	190	18723
20789	186	18723
19978	171	24343
19978	171	20406
19978	171	22938
12774	81	4978
7938	81	4978
4493	81	4978
8350	40	12614
27614	168	23350
27614	173	23350
8350	53	12614
28144	171	23350
8350	81	13144
761	34	7541
761	34	10641
15761	190	22541
15761	190	25641
15761	186	22541
15761	186	25641
28051	168	23511
8511	97	13051
19389	168	23511
8511	81	6016
8511	97	4389
8511	81	1750
25596	173	24425
9425	40	10596
3775	81	12113
26218	171	18775
16641	172	18775
3775	81	11218
27113	171	18775
23053	187	18775
9934	40	10497
15308	187	24934
9934	19	308
25497	173	24934
3828	40	6117
29413	168	18828
17619	168	18828
3828	81	10871
3828	53	14413
21117	173	18828
16691	171	19584
4584	81	100
15100	171	19584
4584	81	1691
4584	120	4
2447	34	7193
2447	34	12416
2447	34	8403
17447	190	27416
17447	186	23403
17447	186	27416
29937	171	15651
27656	171	15651
29713	172	15651
11198	147	651
651	147	11198
651	81	5985
893	34	6084
893	34	3594
15893	186	21084
15893	190	21084
15893	190	18594
15893	186	18594
19145	168	22126
7126	144	4145
7126	99	2768
13243	40	5032
13243	129	5032
20032	168	28243
20032	168	18555
20032	173	28243
417	81	9009
24009	171	15417
25187	171	15417
417	26	11064
23042	168	15417
417	81	10187
624	40	2416
17416	173	15624
29790	171	15624
624	144	2416
624	81	14790
18469	187	15624
23748	191	16479
6931	152	1479
1479	152	8748
16479	191	23748
1479	152	6931
8748	152	1479
19442	173	17961
2961	40	4442
23471	187	16519
22177	171	16519
1519	81	8468
16996	171	16519
18793	171	16519
1519	81	4686
19519	165	24955
12312	87	4519
27312	165	19519
4519	87	9955
21856	171	17912
26588	171	17912
2912	81	6856
2912	81	11588
15995	171	22119
7119	26	10297
25297	172	22119
18278	171	22119
26434	171	22119
7119	81	3278
25296	168	23948
8948	53	10296
25296	171	23948
8948	81	10296
8948	81	253
15253	171	23948
88	81	3149
18149	171	15088
24067	187	15088
18883	171	15088
88	19	9067
88	81	3883
24307	168	24401
24307	168	26608
969	40	9307
24307	173	27034
24307	168	18512
272	40	9307
13698	34	37
6025	34	37
5676	34	37
6906	34	37
8488	34	37
1470	34	37
16072	171	28091
16072	171	25204
16072	171	17107
3581	53	1072
13091	81	1072
10204	81	1072
14786	81	2491
3317	81	2491
17491	171	29786
5882	81	2491
17491	171	28171
17491	171	20882
19614	171	20133
19614	171	23954
8954	81	4614
5133	81	4614
5586	81	14244
24828	171	20586
5586	81	9828
29244	171	20586
22622	168	17199
22622	168	27201
2199	11	7622
2199	57	7622
12201	11	7622
4443	151	7622
6659	81	12094
6659	81	4128
27094	171	21659
19128	171	21659
23788	171	21659
6659	81	8788
22160	168	21119
22160	168	25973
22160	168	28352
22160	168	15125
6119	123	7160
13352	57	7160
26236	168	17887
18959	168	17887
2887	57	11236
2887	11	11236
2887	53	11236
2887	53	3959
27633	171	19977
24738	171	19977
15063	173	19977
4977	81	9738
4977	53	63
4977	40	63
16706	172	21732
26063	171	21732
6732	81	1278
25836	173	21732
6732	81	11063
6732	40	10836
20948	172	18846
3846	81	12813
3846	81	9507
3846	81	9799
21277	172	18846
24507	171	18846
18463	185	19830
29954	185	19830
3463	128	4830
14954	128	4830
14418	128	4830
29418	185	19830
3583	81	5155
20155	172	18583
20155	171	18583
3583	26	5155
2225	40	8667
23667	173	17225
23667	171	27124
6969	81	8667
2225	81	8667
12124	81	8667
24049	171	29851
12109	81	9049
9049	14	1570
24049	171	27528
12528	81	9049
10227	81	9049
5895	112	1766
20895	171	22254
12640	81	5895
20895	171	18357
20895	171	27640
7254	81	5895
19166	171	17622
19166	173	17622
2622	40	4166
2622	81	7831
2622	81	4166
22831	171	17622
9523	81	14683
29683	171	24523
9523	40	9116
24116	173	24523
21608	168	21736
6736	40	6608
21608	173	21736
6736	53	6608
8646	34	8009
14082	34	8009
29082	186	23009
29082	190	23009
23646	190	23009
23646	186	23009
1019	34	6263
13474	34	6263
4858	162	6263
4799	34	6263
4858	34	6263
28474	186	21263
16842	172	17679
2679	26	1842
3197	81	1842
16842	172	18197
3197	26	1842
992	34	4956
992	34	378
15992	190	19956
15992	186	19956
15992	190	15378
14229	81	8317
23317	171	29229
23317	171	26462
23317	171	16363
11462	81	8317
5415	81	8317
22800	168	27382
2618	144	7800
12382	81	7800
13916	81	7800
22800	171	28916
13457	81	7800
6218	34	7553
21218	190	22553
21218	186	22553
20948	172	18055
21581	187	18055
3055	26	5948
3055	19	6581
21277	172	18055
3055	26	6277
4427	34	13507
4427	34	1492
19427	190	28507
19427	190	16492
4427	162	1492
19427	186	28507
29337	190	16587
28759	190	16587
14337	106	1587
13759	106	1587
7302	106	1587
11178	34	3102
14294	34	3102
6520	34	3102
6824	34	3102
29294	190	18102
21520	190	18102
23343	168	17430
25379	168	17430
25421	168	17430
2430	11	10421
2430	57	10421
2430	53	10379
6951	112	10984
21951	171	16307
21951	171	29382
21951	171	28864
13864	81	6951
1307	81	6951
15674	171	18892
15674	191	18566
3566	152	674
15674	171	29498
15674	171	27937
18566	191	15674
25302	171	27544
10302	112	1766
12544	81	10302
25302	184	16766
29426	168	15276
276	40	14426
29426	173	15276
276	53	14426
276	81	43
15043	171	15276
9732	34	12692
9732	34	10324
9732	34	7125
24732	190	25324
24732	190	27692
24732	186	27692
783	152	3538
3538	152	783
783	152	11603
11603	152	783
15783	191	18538
3324	81	783
691	87	11152
15691	165	23316
15691	165	26152
691	87	8316
7176	34	7838
22176	186	22838
22176	190	22838
7176	162	7838
5508	40	9229
17435	168	20508
20862	168	20508
5508	81	10100
25100	171	20508
24229	173	20508
20820	172	28981
13981	26	5820
9187	26	5820
20820	172	24187
1414	81	8695
546	81	8695
23695	171	16414
23695	171	15546
23695	171	18852
15559	172	29620
12252	123	559
15559	168	27252
14620	26	559
559	151	2573
2573	151	559
2039	53	1323
2039	53	13851
22279	171	17039
28851	168	17039
16323	168	17039
28020	171	17039
5587	81	13347
29660	172	20587
5587	26	14660
23519	171	20587
5587	81	8519
28347	171	20587
15525	171	27346
2475	81	525
15525	171	24930
15525	171	17475
9930	81	525
12346	81	525
8973	112	5447
23973	171	20381
14542	81	8973
2328	81	8973
23973	171	29542
4379	81	8973
21519	190	28084
6519	24	13084
28087	172	20983
5983	26	5770
5983	26	13087
27006	171	20983
5983	81	12006
5983	81	462
23534	165	27679
8534	18	5131
8534	130	12679
19654	173	26935
19654	187	17803
11935	40	4654
2803	19	4654
29952	180	22477
16204	184	22477
1204	112	7477
1610	35	7477
14952	14	7477
24442	175	28512
24442	184	28512
9442	112	13512
9442	44	13512
6012	34	14395
21012	186	29395
21012	190	29395
4427	162	1492
5607	34	1492
4806	34	1492
9207	34	1492
28625	190	16492
24207	186	16492
11171	81	5399
20399	171	24998
20399	171	26171
13669	81	5399
20399	171	25066
10066	81	5399
17852	171	29099
13043	81	2852
4395	81	2852
340	81	2852
17852	171	16913
17852	171	27625
19949	171	17942
29838	173	17942
2942	26	4800
2942	40	14838
2942	81	4949
2942	118	1591
22709	190	23651
7709	34	8651
7709	162	8651
16296	171	29832
3078	81	1296
8472	81	1296
14832	81	1296
16296	171	29958
16296	171	16370
1612	34	12156
16612	186	27156
1612	112	10736
16612	184	25736
16612	190	27156
28610	171	17044
2044	81	13610
2044	81	2999
17999	171	17044
19608	171	29734
14734	81	4608
19608	171	21740
19608	171	24465
9465	81	4608
6740	81	4608
23093	168	18808
3808	40	11412
26412	173	18808
3808	81	5601
15377	187	18808
3808	81	8288
29254	165	23410
14254	51	8410
14254	142	8410
8410	30	14254
1185	34	12418
1185	34	10168
16185	186	25168
16185	186	27418
16185	190	25168
16185	190	27418
17668	168	27054
14898	53	2668
17668	173	27054
2668	128	7681
12054	53	2668
17668	173	29898
29671	168	21133
6133	40	14671
29671	173	21133
16302	171	21133
6133	53	14671
6133	81	1302
20348	172	18865
3865	26	5348
8513	26	5348
20348	172	23513
724	26	5348
20348	172	15724
10147	34	10963
10147	34	13837
10147	34	1029
25147	186	25963
25147	186	16029
25147	190	25963
15540	171	27901
14840	81	540
8869	81	540
15540	171	20536
11115	81	540
8457	81	540
21493	191	28908
28908	191	21493
6493	152	13908
13908	152	6493
465	87	11643
15465	165	26643
13279	53	2254
2254	112	12179
17254	168	28279
13279	81	2254
13438	81	2254
17254	171	28279
20827	173	22750
29368	171	22750
7750	144	5827
7750	81	14368
25440	171	22750
7750	53	5827
270	81	1605
16605	171	15270
8003	81	1605
16605	171	23003
16605	171	16920
1920	81	1605
28298	171	21683
6683	81	13298
6683	26	10044
25044	172	21683
21785	173	21209
6209	40	6785
26825	168	21209
6209	81	13306
28306	171	21209
6209	144	6785
24393	189	29471
9393	13	14471
14471	96	9393
3502	56	9393
24393	185	23521
9393	128	8521
15851	173	18884
29421	171	18884
3884	40	851
3884	81	14421
16706	172	18884
3884	144	7999
4648	34	14894
19648	179	28927
4648	112	13927
19648	186	29894
19648	190	29894
3283	81	9757
5268	81	9757
24757	171	20268
24757	171	23390
24757	171	18283
8390	81	9757
25418	173	29300
14300	144	10418
25418	173	24341
10079	53	10418
25418	173	25079
25418	173	22945
7853	40	9519
24519	168	22853
24519	173	22853
7853	53	9519
7853	144	9519
3855	34	2900
1649	34	2900
16649	186	17900
18855	186	17900
18855	190	17900
16649	190	17900
1675	162	8938
4285	34	8938
13768	34	8938
1675	34	8938
14589	34	8938
16675	186	23938
24287	168	20633
5633	40	9287
24287	173	20633
27893	171	20633
5633	81	12893
21180	172	20633
18903	171	27977
12977	81	3903
7004	34	5923
22004	190	20923
22004	186	20923
17596	171	15909
17596	171	26750
909	81	2596
11750	81	2596
3713	81	2596
17596	171	18713
29281	171	25413
21396	173	25413
10413	81	14281
10413	40	6396
10413	144	6396
10413	81	3011
12380	81	9596
24596	171	27989
12989	81	9596
24596	171	27380
24596	171	15735
2898	81	9596
8811	112	3585
23811	171	28469
23811	171	16390
23811	171	27724
13469	81	8811
12724	81	8811
27222	168	20351
22915	168	20351
5351	11	12222
5351	57	12222
5351	53	12222
5351	48	12222
22738	172	25699
9858	26	7738
13250	26	7738
10699	26	7738
13300	26	7738
22738	172	24858
5228	34	5662
12166	34	5662
20228	186	20662
20228	190	20662
27166	190	20662
27166	186	20662
21221	171	18477
3477	81	5686
20686	171	18477
3477	81	6221
22395	168	28398
13398	40	7395
13398	38	7395
22395	187	28398
22395	173	28398
13398	53	7395
10371	81	13465
10371	81	10732
21389	173	25371
28465	171	25371
10371	40	6389
10371	81	13915
15222	171	28929
15222	171	25539
13929	81	222
11925	81	222
10539	81	222
13995	81	222
14739	19	8494
23494	187	26763
11763	19	8494
23494	187	29739
10436	19	8494
8018	19	8494
9053	34	1305
10416	34	1305
13866	34	1305
6017	34	1305
1633	34	1305
16633	190	16305
20305	171	16989
1989	19	12454
1989	144	4667
19667	168	16989
23790	172	16989
1989	53	4643
7743	40	3922
27393	168	22743
7743	53	12393
26920	172	22743
18922	173	22743
7743	81	2301
15469	171	24529
25303	171	24529
9529	81	10303
9529	81	469
9529	120	4
21643	168	29093
21643	168	23287
14093	53	6643
21643	168	16555
8287	53	6643
6732	53	6643
8402	34	7014
13783	34	7014
12737	34	7014
5838	34	7014
27737	190	22014
28783	190	22014
8443	81	7981
8443	81	372
15372	171	23443
22981	171	23443
8443	81	2172
17172	171	23443
16368	168	22552
7552	40	1368
16368	173	22552
7552	53	1368
12273	53	8588
10094	53	8588
2538	53	8588
23588	168	25094
23588	168	27273
23588	168	17538
21581	187	26469
3055	19	6581
21581	187	18055
12331	19	6581
13879	19	6581
21581	187	28879
2902	34	7847
2902	34	6129
17902	186	22847
2902	34	4802
17902	186	21129
17902	190	22847
904	34	14806
904	34	10947
15904	186	29806
15904	190	29806
15904	186	25947
15904	190	25947
