need:	[26557, 1438, 33654]	[26557, 1358, 32746],delete:
need:	[6744, 344, 14045]	[6744, 453, 2903],delete:
need:	[24893, 1549, 36373]	[12143, 182, 5079]	[24893, 1471, 39066],delete:
need:	[1173, 537, 6557]	[24699, 1628, 26371],delete:
need:	[11761, 1183, 6702]	[5640, 1162, 6702],delete:
need:	[9233, 883, 7235]	[14377, 764, 9233]	[34191, 1363, 29047]	[29047, 1725, 31234],delete:
need:	[21403, 1716, 26169],delete:
need:	[6139, 497, 9700]	[7085, 496, 6139]	[7273, 496, 6139],delete:
need:	[5339, 326, 1145]	[20115, 1318, 25153]	[20252, 1318, 25153],delete:
need:	[26154, 1418, 22010]	[10671, 506, 2196],delete:
need:	[5630, 1222, 19412]	[12251, 717, 5630],delete:
need:,delete:
need:	[7418, 714, 9219]	[29033, 1549, 27232],delete:
need:	[2340, 159, 14753]	[34567, 1549, 22154],delete:
need:	[6141, 938, 13385]	[6141, 987, 16840]	[25955, 2335, 21878],delete:
need:,delete:
need:	[8077, 245, 1553],delete:
need:,delete:
need:	[2655, 322, 11287]	[22469, 1418, 28342],delete:
need:,delete:
need:,delete:
need:	[21185, 1388, 20613]	[4957, 372, 799]	[34201, 1671, 20613]	[24771, 1670, 20613],delete:
need:	[27366, 1406, 20655]	[7552, 204, 8716],delete:
need:,delete:
need:	[6440, 204, 14612]	[6440, 286, 7441]	[26254, 1406, 22730]	[6440, 485, 17565],delete:
need:,delete:
need:	[9705, 322, 19354]	[29519, 1418, 38739],delete:
need:,delete:
need:	[14234, 885, 1563]	[34048, 1565, 21377],delete:
need:	[12302, 537, 216]	[32116, 1549, 20030],delete:
need:	[9303, 159, 2822]	[22636, 1628, 25359],delete:
need:	[8325, 420, 11969]	[28139, 1719, 28225],delete:
need:,delete:
need:	[11616, 107, 6601]	[10021, 245, 6601]	[31531, 1544, 26415]	[22020, 1535, 26415]	[10021, 550, 6601],delete:
need:,delete:
need:	[32923, 1418, 25411]	[25411, 1683, 32173],delete:
need:	[29572, 1628, 27497]	[14035, 159, 9758],delete:
need:	[29979, 2309, 20139]	[947, 251, 10165],delete:
need:	[4157, 805, 1176],delete:
need:	[2987, 1294, 7768]	[27582, 1940, 30858],delete:
need:	[5548, 494, 1152]	[5548, 271, 13091],delete:
need:	[1724, 322, 1674]	[21488, 1418, 21538],delete:
need:	[5242, 722, 4057]	[23871, 1679, 28241],delete:
need:	[22732, 1795, 36783],delete:
need:	[28452, 1418, 30505]	[27671, 1805, 28452],delete:
need:	[4084, 680, 12920]	[13620, 626, 4084],delete:
need:	[7512, 167, 11338]	[27414, 1462, 27326],delete:
need:	[2668, 420, 11944],delete:
need:	[1619, 90, 6574]	[1619, 90, 7327]	[1619, 90, 10942],delete:
need:,delete:
need:	[25907, 1395, 24850],delete:
need:	[25456, 1378, 26786]	[34487, 1872, 26786],delete:
need:	[27805, 1805, 22422]	[22422, 1683, 25491],delete:
need:,delete:
need:,delete:
need:	[25942, 1389, 34890]	[25942, 1389, 31227],delete:
need:	[5792, 322, 5690]	[25606, 1683, 29497],delete:
need:	[1193, 245, 9753],delete:
need:	[3211, 653, 12547]	[3211, 537, 16059]	[23025, 1390, 21277],delete:
need:,delete:
need:,delete:
need:	[23266, 1710, 27907],delete:
need:	[13156, 286, 2088]	[2088, 485, 19406]	[21902, 1784, 38700]	[30997, 1424, 21902],delete:
need:	[8185, 90, 1267]	[1267, 420, 8922]	[21116, 1389, 21081],delete:
need:	[23471, 1328, 35743]	[12538, 392, 3657],delete:
need:	[29115, 1418, 31433]	[5721, 119, 9301],delete:
need:,delete:
need:	[7717, 639, 19658]	[7717, 1247, 12435]	[27531, 1848, 32249]	[27531, 1625, 32249]	[27531, 2035, 26179],delete:
need:	[10713, 1105, 790]	[790, 794, 16912]	[30527, 1457, 20604]	[20604, 1679, 36932]	[20604, 1677, 39503],delete:
need:	[29426, 1836, 35107]	[29426, 1458, 22257],delete:
need:,delete:
need:,delete:
need:	[26396, 1858, 30814]	[6582, 677, 1680],delete:
need:	[6387, 1162, 9785]	[12162, 870, 6387]	[31976, 1566, 26201]	[26201, 1696, 21043],delete:
need:,delete:
need:	[29318, 1784, 38700]	[776, 204, 9504],delete:
need:	[22693, 1424, 23288]	[3474, 204, 13433]	[14522, 161, 3474],delete:
need:	[4085, 1173, 9400]	[9400, 584, 13711]	[29214, 1625, 33525]	[29214, 1368, 31068]	[29214, 1675, 23899],delete:
need:	[3669, 286, 3867]	[23483, 1681, 33738],delete:
need:	[34696, 2020, 20849]	[20849, 1560, 29585],delete:
need:	[7417, 537, 4425]	[31888, 1549, 27231],delete:
need:	[31472, 1409, 22715]	[13251, 519, 2901]	[7438, 1091, 2901]	[33065, 1818, 22715],delete:
need:,delete:
need:	[33986, 1406, 27570]	[27570, 1389, 25119]	[20796, 1730, 27570]	[24791, 1636, 27570],delete:
need:	[19974, 1683, 26025]	[160, 322, 13466],delete:
need:	[6538, 485, 19406]	[6538, 161, 3995],delete:
need:	[7642, 159, 12689]	[32503, 1549, 27456]	[33854, 1640, 27456]	[27456, 1628, 32503],delete:
need:	[25779, 1836, 24466]	[5965, 525, 4652],delete:
need:	[9324, 831, 9714]	[4042, 1010, 9714],delete:
need:,delete:
need:	[4519, 356, 14349]	[14349, 521, 4519]	[24333, 1655, 34163],delete:
need:	[28510, 1839, 30944]	[28510, 1795, 30202],delete:
need:	[7522, 690, 11436]	[13488, 1127, 7522]	[24151, 1836, 27336],delete:
need:	[4444, 204, 19259]	[24258, 1719, 20224]	[4444, 485, 15333],delete:
need:,delete:
need:	[20103, 1334, 31266]	[289, 929, 6138]	[289, 1054, 12536],delete:
need:	[29682, 1537, 38161]	[9868, 1127, 8519],delete:
need:	[5599, 384, 13772]	[30890, 1418, 25413],delete:
need:	[720, 163, 90]	[22958, 1684, 20534]	[20534, 1462, 19904]	[720, 62, 7232],delete:
need:,delete:
need:	[28423, 1805, 25510]	[5696, 351, 9683],delete:
need:	[14216, 102, 868]	[14216, 542, 868],delete:
need:	[22896, 1650, 21309]	[21309, 1805, 31152],delete:
need:	[24933, 1389, 24675]	[5119, 90, 4861],delete:
need:	[2688, 236, 8112]	[27926, 1389, 31423],delete:
need:	[10085, 951, 13967]	[12671, 892, 10085]	[29899, 1645, 33781]	[32485, 2426, 29899],delete:
need:,delete:
need:	[1901, 441, 8911]	[21715, 1418, 39529],delete:
need:	[29148, 1378, 32478]	[29148, 1432, 20239],delete:
need:	[21399, 1418, 39013]	[8442, 119, 1585],delete:
need:	[14668, 883, 6490]	[34482, 1725, 26304],delete:
need:,delete:
need:	[28178, 1784, 36558]	[28178, 1406, 33785],delete:
need:	[34017, 1586, 29091]	[14203, 287, 9277]	[29091, 1586, 34017],delete:
need:,delete:
need:	[27229, 1549, 27761]	[27761, 1836, 32926],delete:
need:	[9763, 1031, 12633]	[29577, 1628, 32447],delete:
need:	[6494, 485, 19406]	[26308, 1784, 38700],delete:
need:	[34408, 1836, 29808],delete:
need:	[25801, 1784, 36558]	[5987, 485, 17969],delete:
need:	[32720, 1456, 27611],delete:
need:,delete:
need:	[22126, 1625, 31907],delete:
need:	[32728, 1462, 28893]	[12914, 163, 9079],delete:
need:	[22932, 1839, 28241]	[3118, 496, 13349],delete:
need:	[1026, 167, 7510]	[25037, 1418, 27324],delete:
need:	[23409, 1923, 27064]	[3595, 1017, 10794],delete:
need:	[9484, 431, 14182]	[29298, 1784, 27826],delete:
need:	[32993, 1784, 22015]	[8603, 485, 2201],delete:
need:	[29735, 1337, 20866]	[1052, 1017, 9921],delete:
need:	[519, 384, 8726]	[20333, 1683, 28540],delete:
need:	[4422, 1253, 4523]	[4523, 648, 13494]	[6799, 1208, 4523],delete:
need:	[2781, 760, 12735]	[22595, 1858, 20084],delete:
need:	[6318, 1127, 9237]	[6318, 824, 341],delete:
need:,delete:
need:	[24073, 1418, 27584]	[26927, 1466, 27584],delete:
need:	[20174, 1795, 28174]	[20174, 1413, 38799],delete:
need:	[23104, 1389, 29765]	[23104, 1389, 36878]	[34454, 1544, 23104],delete:
need:	[22604, 1628, 23270],delete:
need:	[14347, 90, 5660]	[2421, 90, 5660],delete:
need:	[7685, 167, 19266]	[22299, 1418, 27499],delete:
need:	[293, 420, 9192]	[20107, 1389, 32792],delete:
need:	[32833, 1549, 29454]	[13019, 537, 9640],delete:
need:,delete:
need:	[2392, 495, 4813],delete:
need:	[3373, 707, 5990]	[25804, 1339, 39588]	[3954, 1047, 5990],delete:
need:	[21656, 1683, 20117]	[21656, 1418, 31382],delete:
need:	[30072, 1628, 20628]	[10258, 159, 814],delete:
need:	[34, 85, 13188]	[34, 85, 1527]	[19848, 1501, 22637]	[19848, 1501, 24540]	[19848, 1725, 29682],delete:
need:,delete:
need:,delete:
need:	[3221, 496, 9207],delete:
need:	[970, 584, 5658]	[13575, 1127, 5658]	[33389, 1363, 25472]	[20784, 1625, 25472],delete:
need:	[20072, 1621, 32351]	[34602, 1650, 20072],delete:
need:	[33689, 1582, 20721]	[907, 297, 13875]	[907, 419, 14793],delete:
need:	[2251, 537, 4021]	[22065, 1628, 29401],delete:
need:,delete:
need:	[12722, 1017, 9454]	[32536, 1337, 29268],delete:
need:	[9169, 951, 2758]	[31381, 2282, 28983],delete:
need:	[4258, 939, 14166]	[4258, 939, 560]	[4258, 1173, 15377]	[24072, 1549, 36745]	[24072, 1781, 33980]	[24072, 1318, 37183]	[21478, 1628, 24072]	[24072, 1458, 33980],delete:
need:	[4135, 167, 9417]	[3016, 119, 4135],delete:
need:	[29104, 1784, 33876]	[9290, 485, 14062]	[9290, 204, 11493],delete:
need:	[8255, 68, 5459]	[7162, 653, 5459],delete:
need:,delete:
need:	[979, 885, 2609]	[979, 1105, 7577]	[979, 931, 12511]	[20848, 1752, 20793],delete:
need:	[25073, 1719, 20224]	[4184, 236, 5259]	[5259, 189, 5801],delete:
need:	[8759, 717, 9488]	[582, 967, 9488],delete:
need:	[14895, 852, 9473]	[14895, 824, 9473]	[34709, 2009, 29287],delete:
need:	[7638, 420, 8934]	[27452, 1389, 32498]	[27452, 1719, 28748]	[27452, 1389, 32609],delete:
need:	[8327, 384, 11230]	[28141, 1805, 21542],delete:
need:	[25418, 1628, 25450]	[5636, 537, 5604],delete:
need:,delete:
need:	[9548, 537, 8004]	[9548, 537, 11962],delete:
need:,delete:
need:	[7656, 159, 5921],delete:
need:	[19989, 1418, 26003]	[10402, 441, 175],delete:
need:	[27502, 1578, 28371]	[24776, 1578, 28371]	[34190, 1605, 28371],delete:
need:,delete:
need:	[9436, 351, 13178]	[29250, 1805, 29231],delete:
need:	[27871, 1499, 33363]	[8057, 356, 3747]	[23561, 1820, 27871],delete:
need:	[29924, 1621, 21803]	[7825, 384, 10110],delete:
need:	[31464, 1388, 23952],delete:
need:,delete:
need:	[1840, 857, 3373]	[23187, 1646, 31860]	[23187, 1307, 35419]	[540, 920, 3373],delete:
need:	[802, 760, 12887]	[20616, 1858, 37942],delete:
need:	[8187, 204, 1816]	[21630, 1719, 29006],delete:
need:	[26294, 1805, 31683]	[13824, 119, 6480],delete:
need:	[24295, 1621, 27029]	[27029, 1418, 24295],delete:
need:	[1241, 204, 7400]	[32343, 1585, 21055],delete:
need:	[27902, 1390, 22176],delete:
need:	[689, 167, 6692]	[34425, 1683, 26506],delete:
need:	[30281, 1418, 27171],delete:
need:	[3390, 369, 6613]	[23204, 1483, 23852],delete:
need:	[655, 496, 6422]	[8986, 1173, 6422],delete:
need:	[3088, 1017, 11205]	[31019, 1337, 22902],delete:
need:	[9475, 351, 11902]	[11788, 167, 9475],delete:
need:	[24470, 1578, 35346]	[4656, 1162, 13380]	[4656, 959, 16955],delete:
need:	[31271, 1705, 23218]	[11457, 406, 3404]	[3404, 339, 11457],delete:
need:	[20691, 1762, 22625]	[22358, 1649, 22625]	[22625, 1645, 30666],delete:
need:	[25333, 1628, 23528]	[23259, 1628, 25333],delete:
need:,delete:
need:	[8253, 449, 9361]	[28067, 1394, 24971],delete:
need:	[23568, 1784, 38446]	[3754, 485, 17565],delete:
need:	[5705, 236, 14821]	[5705, 90, 7727]	[27577, 1389, 25519],delete:
need:	[4400, 537, 8818]	[1204, 159, 8818],delete:
need:	[13757, 159, 1883]	[21697, 1549, 33571],delete:
need:	[4937, 356, 10424]	[30238, 1516, 26679],delete:
need:	[29509, 1719, 26719]	[1353, 204, 9695],delete:
need:	[10467, 322, 6820]	[26634, 1805, 30212],delete:
need:,delete:
need:,delete:
need:,delete:
need:	[20618, 1621, 29497]	[20618, 1418, 33405],delete:
need:	[14038, 506, 6071]	[33852, 1805, 25885],delete:
need:	[22622, 1458, 23085]	[5151, 537, 3271],delete:
need:	[33529, 2311, 24896]	[24896, 1394, 31113],delete:
need:	[5948, 287, 1694]	[32783, 1549, 21508],delete:
need:	[33791, 1418, 29855]	[9171, 167, 10041],delete:
need:	[6011, 384, 991]	[1785, 119, 6011],delete:
need:	[406, 159, 12209]	[20220, 1628, 32023],delete:
need:	[21400, 1337, 31670]	[1586, 1017, 11856],delete:
need:	[28650, 1718, 25357]	[7579, 356, 8836]	[28650, 1499, 20099]	[3132, 521, 8836],delete:
need:	[3749, 485, 14062]	[23563, 1784, 33876],delete:
need:	[1973, 485, 17565]	[21787, 1406, 34390]	[1973, 204, 10483],delete:
need:	[5007, 721, 7286]	[10273, 721, 7286],delete:
need:	[24117, 1836, 22392],delete:
need:	[23927, 1395, 24491]	[23927, 1498, 21358],delete:
need:	[27270, 1784, 20832]	[7456, 496, 12731]	[642, 286, 7456]	[27270, 1795, 32545],delete:
need:	[12973, 441, 3775]	[32787, 1740, 23589],delete:
need:,delete:
need:,delete:
need:,delete:
need:	[1312, 420, 6905]	[21126, 1413, 38799]	[1312, 420, 3639]	[21126, 1502, 30437],delete:
need:	[8072, 485, 19406]	[27886, 1784, 38700],delete:
need:	[21405, 1683, 34824]	[22491, 1805, 21405],delete:
need:,delete:
need:	[22332, 1406, 24381]	[2518, 204, 7314],delete:
need:,delete:
need:	[5242, 939, 13809]	[25303, 1628, 25056],delete:
need:,delete:
need:	[22189, 1389, 22222]	[2408, 420, 14373]	[2408, 420, 14871],delete:
need:	[27654, 1628, 28606],delete:
need:	[29015, 1805, 27170]	[27170, 1740, 29015],delete:
need:,delete:
need:	[1037, 496, 12910]	[32724, 1679, 20851],delete:
need:	[956, 464, 2902],delete:
need:	[6622, 537, 13068]	[26436, 1624, 23879],delete:
need:	[24078, 1478, 26269]	[25605, 1418, 26269],delete:
need:	[26423, 1578, 27158]	[10615, 959, 7344],delete:
need:	[32429, 1404, 29279]	[13114, 1050, 9465],delete:
need:	[935, 453, 10269]	[10204, 953, 10269]	[10269, 824, 935]	[21297, 1390, 30083]	[30018, 1390, 30083],delete:
need:	[2475, 485, 1605]	[2475, 90, 12938],delete:
need:	[29269, 1437, 38014]	[29269, 1458, 34886],delete:
need:	[3610, 299, 2861]	[20508, 1807, 22675],delete:
need:	[10059, 537, 12302]	[1207, 537, 10059],delete:
need:	[4336, 431, 10759]	[30573, 1389, 24150],delete:
need:	[8046, 95, 1079]	[27860, 1888, 29242],delete:
need:	[20123, 1621, 19845]	[31, 384, 9833],delete:
need:	[4799, 951, 13967],delete:
need:	[34582, 1836, 24415]	[24415, 1719, 21950]	[24415, 1719, 26719],delete:
need:	[48, 322, 10790]	[19862, 1683, 30775],delete:
need:	[20164, 1719, 21950],delete:
need:,delete:
need:	[6908, 261, 9396],delete:
need:	[2838, 288, 4103]	[23917, 1404, 22652],delete:
need:,delete:
need:	[24418, 1458, 24645],delete:
need:,delete:
need:,delete:
need:,delete:
need:,delete:
need:	[7981, 463, 7389]	[31814, 1643, 27795]	[12000, 344, 7981]	[27795, 1762, 27203],delete:
need:	[28242, 1818, 29696]	[12174, 1127, 9882],delete:
need:	[1863, 153, 19273]	[1863, 224, 6222],delete:
need:	[23057, 1836, 38375]	[23057, 1318, 33540]	[23057, 1388, 32692]	[23057, 1839, 31021]	[26477, 1458, 23057],delete:
need:,delete:
need:	[13004, 384, 3788]	[23602, 1683, 34197],delete:
need:,delete:
need:	[2503, 485, 4397]	[22317, 1784, 24211],delete:
need:,delete:
need:	[26672, 1462, 23136]	[24742, 1437, 23136]	[10597, 582, 3322],delete:
need:	[3468, 141, 19706],delete:
need:	[28062, 1389, 22156]	[2342, 198, 3050],delete:
need:	[12657, 537, 2008]	[2008, 1010, 10934]	[32471, 1836, 21822]	[21822, 1390, 20972]	[21822, 1390, 30748],delete:
need:	[28863, 1923, 32058]	[6282, 1017, 9049]	[2103, 711, 9049],delete:
need:,delete:
need:	[8096, 537, 10952]	[27910, 1628, 28661],delete:
need:	[3019, 1017, 471]	[20285, 1923, 21866],delete:
need:	[23431, 1808, 26645],delete:
need:	[6107, 1127, 3397]	[31656, 1706, 23211],delete:
need:,delete:
need:	[22970, 1839, 30082]	[10268, 688, 3156],delete:
need:,delete:
need:,delete:
need:	[751, 485, 8817]	[1723, 485, 8817],delete:
need:	[14863, 159, 9886]	[29700, 1549, 34677],delete:
need:	[25043, 1668, 22142]	[6724, 286, 5229]	[25043, 1413, 38799],delete:
need:	[8893, 1050, 5674]	[10448, 1122, 5674]	[25488, 2438, 28414],delete:
need:	[796, 1093, 6438]	[34137, 1893, 26252],delete:
need:	[20258, 1839, 21502]	[25940, 1562, 21502],delete:
need:	[33944, 1390, 30104]	[10290, 844, 8032]	[28832, 1625, 30104],delete:
need:	[27101, 1805, 21190]	[5677, 179, 7287],delete:
need:	[3773, 420, 11944]	[23587, 1389, 20366],delete:
need:	[8153, 204, 14835]	[27967, 1795, 36134]	[27967, 1719, 21950],delete:
need:	[20548, 1628, 24447]	[734, 159, 4633],delete:
need:	[27876, 1389, 29139]	[8062, 90, 9611],delete:
need:	[6409, 504, 8390],delete:
need:	[22253, 1621, 37791]	[22253, 1418, 34616],delete:
need:	[28386, 1624, 28720]	[8906, 378, 12994]	[7871, 496, 8906],delete:
need:	[22943, 1628, 24057]	[4243, 508, 2930],delete:
need:	[6473, 537, 13245]	[6473, 107, 8477]	[6473, 537, 15474]	[6473, 107, 13057]	[26287, 1719, 21950],delete:
need:	[28096, 1719, 24326]	[12461, 204, 8282],delete:
need:	[34530, 1388, 25484]	[10425, 371, 5670]	[5670, 508, 14377]	[25484, 1807, 34191],delete:
need:	[10055, 167, 1421]	[21235, 1418, 24373],delete:
need:	[23014, 1328, 19929],delete:
need:	[12934, 457, 6238]	[6790, 1224, 6238]	[26604, 1851, 26052],delete:
need:	[7296, 159, 5031]	[27110, 1549, 22314],delete:
need:,delete:
need:	[22356, 1394, 26099]	[32905, 1395, 26099],delete:
need:	[8567, 722, 4043]	[26765, 1759, 23857],delete:
need:	[1720, 420, 6905]	[11358, 90, 1720],delete:
need:	[23067, 1570, 27240]	[22533, 1394, 27240],delete:
need:,delete:
need:	[28965, 1683, 27760]	[9151, 384, 7946]	[20967, 1520, 27760],delete:
need:	[5785, 19, 4655]	[24057, 1628, 25599],delete:
need:	[30698, 1805, 21613]	[12875, 322, 1799],delete:
need:	[20705, 1389, 29425]	[9611, 431, 891],delete:
need:,delete:
need:	[3587, 261, 6409],delete:
need:	[1993, 384, 10235]	[12973, 167, 1993],delete:
need:,delete:
need:,delete:
need:	[4654, 384, 14630]	[24468, 1418, 26351],delete:
need:	[27876, 1784, 28360],delete:
need:	[21970, 1683, 22052]	[27966, 1683, 21970],delete:
need:	[7217, 167, 10858]	[7217, 384, 14111],delete:
need:	[9504, 591, 9757]	[26372, 1406, 29571],delete:
need:,delete:
need:	[6513, 677, 7011]	[31786, 1400, 26825],delete:
need:	[1002, 384, 6455]	[20816, 1683, 26269],delete:
need:	[14536, 496, 9288]	[14784, 407, 9288]	[22205, 1390, 29102],delete:
need:,delete:
need:	[10476, 563, 8099],delete:
need:	[22010, 1478, 22725]	[26154, 1805, 22725],delete:
need:,delete:
need:	[23163, 1718, 20806]	[3349, 419, 992]	[3349, 195, 10657],delete:
need:	[11328, 1292, 2815]	[31142, 1505, 22629]	[2815, 883, 11328]	[32524, 1660, 22629],delete:
need:	[9078, 1017, 17984]	[32093, 1503, 28892],delete:
need:	[13285, 711, 3200]	[33099, 2411, 23014],delete:
need:,delete:
need:	[1048, 90, 4195]	[20862, 1389, 24009]	[4195, 485, 6564],delete:
need:	[4310, 322, 16694]	[23342, 1683, 24124],delete:
need:	[6146, 1241, 7318]	[11633, 951, 7318]	[515, 951, 7318]	[6707, 1279, 7318]	[12589, 72, 7318]	[10095, 824, 7318],delete:
need:	[3477, 519, 6886]	[23291, 1818, 34118],delete:
need:,delete:
need:	[22685, 1549, 21028],delete:
need:	[24349, 1319, 27049],delete:
need:,delete:
need:	[27720, 2411, 25505]	[7906, 714, 8614]	[28428, 1923, 27720],delete:
need:	[383, 167, 7385]	[27199, 1478, 20197],delete:
need:	[9811, 441, 1596]	[21410, 1805, 29625],delete:
need:,delete:
need:,delete:
need:	[7958, 167, 4365]	[24442, 1683, 27772],delete:
need:	[217, 967, 3956]	[24582, 1566, 23770],delete:
need:,delete:
need:,delete:
need:	[33333, 1418, 25956]	[23679, 1683, 25956],delete:
need:	[7072, 417, 3986]	[26886, 1499, 33363],delete:
need:	[4217, 204, 4366]	[4217, 204, 19481]	[24031, 1719, 29006]	[24031, 1406, 24180]	[24031, 1719, 26259],delete:
need:	[26540, 1621, 27723]	[9559, 384, 6726],delete:
need:	[3016, 506, 7807]	[27621, 1418, 30998],delete:
need:	[1579, 245, 4366],delete:
need:,delete:
need:	[31240, 1549, 20712]	[11426, 537, 898],delete:
need:	[795, 441, 7862]	[10856, 883, 7862],delete:
need:	[34150, 1389, 21951]	[2137, 431, 9541],delete:
need:	[27957, 1740, 30929]	[27957, 1683, 35808],delete:
need:,delete:
need:	[32673, 1684, 21642],delete:
need:	[33999, 1389, 25116]	[9792, 90, 5302],delete:
need:	[28626, 1549, 34346]	[28626, 1795, 21748],delete:
need:	[24693, 1390, 30289]	[2901, 662, 10475]	[24571, 1660, 30289]	[9077, 326, 10475],delete:
need:	[27123, 1628, 24016]	[4202, 159, 236],delete:
need:	[30706, 1418, 28929]	[9115, 167, 5365],delete:
need:	[33890, 1628, 23526],delete:
need:	[20908, 1418, 21110]	[1296, 322, 1094],delete:
need:	[377, 204, 19481]	[13051, 496, 377],delete:
need:	[8780, 167, 1537]	[21351, 1418, 24731],delete:
need:	[2679, 344, 2544]	[2679, 479, 458]	[20272, 1572, 22493]	[22493, 1643, 22358]	[22493, 1560, 36795],delete:
need:	[3309, 167, 2216]	[22030, 1418, 24720],delete:
need:	[25918, 1389, 23755]	[31515, 1406, 23755]	[3941, 420, 6028]	[3941, 90, 1494]	[11936, 245, 3941]	[9226, 236, 3941]	[1494, 236, 3941]	[23755, 1719, 29006],delete:
need:	[342, 159, 12289],delete:
need:	[23145, 1752, 27194]	[7044, 562, 7380]	[10455, 101, 7380],delete:
need:,delete:
need:	[23186, 1488, 25891],delete:
need:	[7613, 159, 10466]	[31219, 1549, 30280],delete:
need:,delete:
need:	[4111, 322, 6468]	[14459, 384, 6468],delete:
need:	[33160, 1684, 25717],delete:
need:	[20442, 1628, 24699]	[4885, 537, 628],delete:
need:	[30132, 2163, 34471]	[10318, 222, 14657],delete:
need:	[9909, 506, 10779]	[29723, 1418, 25925],delete:
need:	[26468, 1805, 21134]	[1320, 441, 6654],delete:
need:	[402, 159, 13803]	[20216, 1628, 33617],delete:
need:	[23707, 1595, 24578]	[3605, 824, 4764],delete:
need:	[9496, 90, 14809]	[29310, 1389, 34623],delete:
need:	[10523, 90, 8602],delete:
need:	[26048, 1795, 21748]	[8812, 496, 1934]	[24358, 1795, 21748],delete:
need:	[33431, 1645, 28369]	[23803, 1645, 28369]	[8706, 951, 8555]	[8555, 453, 12724]	[31857, 1633, 28369],delete:
need:	[347, 420, 8369]	[26742, 1389, 20161],delete:
need:	[29720, 1655, 29802]	[29802, 1516, 33200]	[9906, 356, 9988]	[29802, 1401, 31184],delete:
need:	[5202, 179, 10415]	[30909, 1418, 30229],delete:
need:,delete:
need:	[5301, 167, 16277]	[24895, 1418, 25115],delete:
need:	[26608, 1503, 26744],delete:
need:,delete:
need:	[27627, 1621, 22374]	[12590, 322, 7813],delete:
need:	[28191, 1725, 28589]	[10951, 101, 8775]	[8775, 247, 1098]	[7692, 883, 8775],delete:
need:,delete:
need:	[14965, 653, 7626]	[27440, 1676, 34779],delete:
need:	[29988, 1640, 28029],delete:
need:	[13231, 441, 2502]	[33233, 1805, 22316],delete:
need:	[21917, 1858, 26096]	[25810, 2411, 21917]	[12103, 1017, 2103],delete:
need:	[29990, 1839, 30799]	[10685, 537, 10176],delete:
need:	[3266, 167, 8311]	[5609, 179, 8311],delete:
need:	[9138, 85, 13188]	[9138, 206, 9937],delete:
need:,delete:
need:	[23042, 1406, 22409],delete:
need:	[3726, 344, 1212]	[23540, 1643, 21026]	[7902, 346, 3726]	[3726, 261, 1753],delete:
need:	[2789, 189, 775],delete:
need:	[4882, 204, 9205],delete:
need:	[25360, 1418, 26988]	[5546, 322, 14288],delete:
need:	[21093, 1389, 27924]	[8653, 90, 8110],delete:
need:	[2807, 306, 76]	[19890, 1528, 38264]	[19890, 1507, 31839],delete:
need:	[6522, 496, 11264],delete:
need:	[10206, 537, 698]	[20512, 1628, 30020],delete:
need:	[22330, 1650, 32173]	[2516, 384, 13742],delete:
need:	[21899, 1497, 27491],delete:
need:	[27876, 1488, 24689]	[14181, 832, 4875],delete:
need:,delete:
need:	[20392, 1719, 29159]	[24548, 1503, 20392],delete:
need:,delete:
need:	[9312, 736, 756]	[29126, 1549, 37456],delete:
need:	[13880, 167, 632]	[20049, 1418, 20446],delete:
need:,delete:
need:	[3500, 322, 14315]	[3500, 167, 2031],delete:
need:,delete:
need:,delete:
need:,delete:
need:	[20945, 1705, 29564]	[1131, 485, 14062],delete:
need:	[29880, 1418, 33161]	[13347, 322, 10066],delete:
need:	[6517, 46, 935]	[6517, 482, 655]	[26331, 1537, 34272]	[26331, 1345, 20749]	[26331, 2392, 33641],delete:
need:	[10120, 1294, 13685]	[24677, 1605, 29934],delete:
need:	[2688, 420, 9386],delete:
need:	[4136, 959, 15317]	[23950, 1578, 25496],delete:
need:	[30267, 1418, 28181]	[10453, 384, 4275],delete:
need:,delete:
need:	[31293, 1390, 23725]	[11479, 299, 3911]	[3911, 764, 19505],delete:
need:	[25517, 1696, 27773]	[7828, 521, 7959]	[27773, 1655, 27642],delete:
need:	[11983, 389, 6114]	[23391, 1328, 25928]	[6114, 19, 6335]	[12636, 787, 6114],delete:
need:	[21200, 1437, 31718]	[21200, 1437, 27049]	[1386, 589, 11904],delete:
need:	[28362, 1719, 28225]	[28362, 1389, 31981],delete:
need:	[28100, 1466, 22374]	[28100, 1418, 25822],delete:
need:	[22262, 1752, 31344]	[22262, 1752, 31569],delete:
need:	[5409, 494, 7141]	[26887, 1579, 25223],delete:
need:	[28624, 1497, 33241],delete:
need:	[5753, 384, 1028]	[25567, 1466, 34273],delete:
need:	[33328, 1628, 21479]	[13514, 159, 1665],delete:
need:,delete:
need:,delete:
need:	[28698, 1418, 26726]	[12875, 167, 6912],delete:
need:	[10303, 329, 11650]	[30117, 1458, 31464]	[10303, 540, 7129],delete:
need:,delete:
need:,delete:
need:	[4362, 653, 8338],delete:
need:	[26073, 1628, 23787]	[6259, 159, 3973],delete:
need:	[2494, 167, 9833]	[22308, 1418, 34873],delete:
need:	[32852, 1795, 25130]	[13038, 19, 5316],delete:
need:	[3691, 1122, 2960]	[22774, 2321, 23505],delete:
need:	[6780, 439, 711]	[20525, 1319, 33641]	[711, 89, 19625],delete:
need:	[276, 529, 15064]	[276, 529, 12831]	[24554, 1872, 20090]	[276, 529, 19078]	[276, 529, 2957]	[20583, 1872, 20090],delete:
need:	[20129, 1805, 26845]	[315, 441, 5608],delete:
need:	[33967, 1418, 21257]	[1443, 384, 17555],delete:
need:	[3841, 1222, 10960]	[3841, 1162, 7213]	[6793, 1294, 3841]	[26607, 1507, 23655]	[23655, 1578, 30774],delete:
need:	[4187, 204, 7852]	[24001, 1406, 28291],delete:
need:	[3027, 548, 17035],delete:
need:	[29631, 1388, 28786]	[9817, 361, 2888],delete:
need:	[20885, 1407, 24167]	[25776, 1407, 24167],delete:
need:	[235, 441, 13679]	[33493, 1805, 20049],delete:
need:	[22567, 2132, 38000],delete:
need:	[31631, 1389, 28358]	[8544, 485, 16043]	[28358, 1784, 39056],delete:
need:	[6277, 537, 7314],delete:
need:,delete:
need:	[27908, 1400, 30578]	[8094, 344, 2544]	[27908, 1560, 25959]	[27908, 1643, 22358],delete:
need:	[58, 1001, 2930],delete:
need:	[1843, 717, 2827],delete:
need:	[5620, 729, 18934],delete:
need:	[11358, 90, 3231]	[23045, 1389, 21534],delete:
need:	[603, 384, 9180]	[14531, 506, 603],delete:
need:,delete:
need:,delete:
need:	[11665, 1292, 1772]	[31479, 1695, 21586]	[24735, 1505, 21586],delete:
need:	[34561, 1628, 30254]	[10440, 159, 8641],delete:
need:	[23004, 1650, 26141]	[23004, 1418, 26251],delete:
need:	[6078, 485, 14062]	[6078, 204, 9695]	[25892, 1784, 33876],delete:
need:	[1356, 626, 11878]	[13321, 453, 1356]	[1356, 824, 13967]	[21170, 1345, 33781]	[21170, 2282, 26265],delete:
need:	[751, 420, 9192]	[20565, 1784, 38446],delete:
need:	[13964, 1017, 3138]	[33778, 1337, 22952]	[31016, 1320, 22952],delete:
need:	[31503, 1609, 25791]	[11689, 310, 5977],delete:
need:,delete:
need:,delete:
need:	[7415, 537, 1207],delete:
need:	[20290, 1858, 20160]	[346, 602, 476],delete:
need:	[1171, 159, 9831]	[33914, 1628, 29645],delete:
need:	[2916, 420, 9192]	[2916, 90, 14258],delete:
need:	[7158, 179, 4538]	[26972, 1805, 33233],delete:
need:,delete:
need:	[10564, 204, 1148],delete:
need:	[13506, 322, 6429]	[26243, 1418, 33320],delete:
need:	[12981, 322, 5889]	[1583, 426, 5889],delete:
need:	[30020, 1628, 25957]	[698, 159, 10206],delete:
need:,delete:
need:	[4846, 384, 2920]	[4846, 167, 17931],delete:
need:	[29164, 1418, 29589]	[14903, 167, 9350],delete:
need:	[2040, 420, 14871]	[21854, 1389, 22677]	[28024, 1389, 21854],delete:
need:	[26128, 1784, 21777]	[12732, 485, 1963],delete:
need:	[5762, 441, 10447]	[10447, 322, 12249],delete:
need:	[3510, 485, 12560]	[23324, 1784, 38107]	[23324, 1636, 23352],delete:
need:,delete:
need:	[27109, 1478, 24538]	[27109, 1418, 33044],delete:
need:	[34288, 1549, 29637]	[14474, 537, 9823],delete:
need:	[1110, 420, 9037]	[4942, 236, 1110]	[20924, 1719, 20224]	[20924, 1389, 24756],delete:
need:	[4558, 537, 5118]	[32799, 1824, 24372]	[4558, 159, 12985]	[24932, 1628, 24372],delete:
need:,delete:
need:	[5, 431, 5417]	[25231, 1389, 25936]	[25231, 1389, 28376],delete:
need:	[27892, 1621, 33665]	[6563, 384, 8078],delete:
need:	[32438, 1549, 30080]	[30080, 1836, 24726],delete:
need:	[25847, 1418, 30431]	[187, 351, 6033],delete:
need:	[3384, 1127, 13711]	[3384, 892, 11892],delete:
need:	[26425, 2166, 34132]	[6611, 671, 14318]	[6611, 657, 14912],delete:
need:	[9428, 1216, 2285],delete:
need:	[9766, 95, 11412]	[9766, 276, 4915],delete:
need:	[20230, 1413, 38799]	[33939, 1389, 20230],delete:
need:	[4538, 506, 5852]	[2502, 322, 5852],delete:
need:,delete:
need:	[25966, 1478, 39168]	[22052, 1621, 25966],delete:
need:	[20696, 1549, 33779]	[882, 537, 13965],delete:
need:	[2267, 0, 11772]	[2267, 229, 3953],delete:
need:	[29610, 1781, 32100]	[9796, 653, 14248],delete:
need:,delete:
need:	[27806, 1716, 25629],delete:
need:	[20964, 1418, 26108]	[33382, 1740, 20964],delete:
need:	[8070, 496, 10257]	[8070, 1173, 10257],delete:
need:	[6912, 322, 8884]	[4339, 179, 8884],delete:
need:,delete:
need:	[1200, 496, 393]	[20548, 1795, 20207],delete:
need:	[21406, 1389, 29952]	[1592, 420, 7496],delete:
need:	[6070, 1105, 4641]	[27056, 1846, 24455],delete:
need:	[22996, 1719, 25842]	[26072, 1503, 22996]	[22996, 1719, 19986],delete:
need:	[1596, 384, 4649]	[29625, 1740, 21410],delete:
need:	[8286, 322, 3150]	[3150, 351, 18458],delete:
need:	[2986, 189, 7408],delete:
need:	[3390, 369, 4038]	[23204, 1503, 23852],delete:
need:	[5183, 101, 12685]	[24997, 1803, 31887],delete:
need:	[5026, 485, 14062]	[24840, 1784, 33876],delete:
need:,delete:
need:	[2184, 717, 566]	[26380, 1872, 20380],delete:
need:	[28947, 1805, 27112]	[27112, 1740, 28947],delete:
need:,delete:
need:	[4534, 271, 10438]	[24348, 1508, 30916],delete:
need:	[67, 384, 4976]	[22212, 1621, 24790],delete:
need:,delete:
need:	[263, 90, 9015]	[3589, 90, 9015]	[28829, 1719, 34289],delete:
need:	[1551, 119, 5386],delete:
need:	[4860, 420, 6172]	[4860, 90, 4702]	[24674, 1784, 29759],delete:
need:,delete:
need:	[452, 90, 14975]	[4672, 107, 452]	[34789, 1389, 20266],delete:
need:	[4298, 204, 1391]	[24112, 1406, 27267],delete:
need:	[12751, 537, 7390]	[27204, 1628, 32565],delete:
need:	[8888, 1179, 7820]	[27634, 1781, 37697],delete:
need:	[33268, 1784, 25035],delete:
need:	[6653, 736, 13883]	[26467, 1549, 39495],delete:
need:	[27725, 1725, 31249]	[7911, 322, 12146],delete:
need:,delete:
need:	[10563, 441, 9286]	[29100, 1805, 30377],delete:
need:	[34749, 1508, 20966],delete:
need:,delete:
need:	[95, 883, 9201],delete:
need:	[12378, 90, 2836]	[32192, 1389, 22650],delete:
need:	[10020, 420, 6905]	[29834, 1389, 27214],delete:
need:	[21071, 1437, 30437]	[1257, 589, 10623]	[21071, 2391, 35946],delete:
need:,delete:
need:	[27089, 1684, 30219],delete:
need:,delete:
need:	[4532, 351, 16588]	[4532, 506, 4077],delete:
need:,delete:
need:	[26888, 1719, 22236],delete:
need:,delete:
need:	[29931, 1478, 28006]	[10563, 384, 10117],delete:
need:	[3682, 19, 13726]	[23496, 1319, 27049]	[23496, 1318, 33540],delete:
need:	[24259, 1795, 30543]	[20012, 1549, 24259],delete:
need:	[21550, 1805, 21356]	[1542, 351, 419],delete:
need:	[14150, 286, 2135]	[2135, 204, 1816]	[21949, 1719, 29006],delete:
need:,delete:
need:	[30984, 1803, 24796]	[4982, 344, 14045]	[24796, 1364, 32253],delete:
need:	[4597, 384, 10989]	[4597, 441, 11201],delete:
need:	[960, 551, 7264],delete:
need:	[1987, 537, 8207]	[21801, 1549, 28021],delete:
need:,delete:
need:	[31302, 1628, 27202]	[12793, 537, 7388],delete:
need:	[30249, 1418, 30776]	[10435, 322, 520],delete:
need:	[8287, 204, 14997]	[28101, 1636, 33563],delete:
need:	[25398, 1805, 28643]	[5584, 322, 14492],delete:
need:	[3387, 384, 8321]	[28135, 1805, 28125],delete:
need:	[6426, 204, 14338]	[26240, 1719, 28748],delete:
need:,delete:
need:	[2795, 20, 9452]	[22609, 1319, 29266],delete:
need:	[21134, 1805, 22656]	[1320, 384, 15588],delete:
need:,delete:
need:,delete:
need:	[28098, 1389, 29330]	[8284, 420, 410],delete:
need:	[4425, 537, 902]	[902, 496, 4166],delete:
need:	[6845, 384, 6251]	[6845, 167, 163],delete:
need:	[1642, 90, 7453]	[21205, 1389, 21456]	[1642, 485, 19406],delete:
need:	[26812, 1310, 20354],delete:
need:,delete:
need:	[3344, 217, 7048]	[7048, 563, 12112]	[23158, 1516, 26862],delete:
need:	[5581, 939, 7118]	[25395, 1628, 26932],delete:
need:,delete:
need:	[9441, 1164, 7911]	[29255, 2441, 27725],delete:
need:	[3144, 165, 7235]	[22958, 1390, 25423]	[3144, 385, 7231],delete:
need:	[11298, 367, 1584]	[31594, 1587, 21398],delete:
need:	[2534, 90, 8646]	[22348, 1389, 24783],delete:
need:	[2835, 184, 8885]	[11579, 464, 2835]	[2835, 204, 8885],delete:
need:	[7354, 506, 10528]	[7354, 384, 4834],delete:
need:	[24292, 1394, 27397]	[7583, 494, 743],delete:
need:	[29715, 2090, 32447]	[13332, 786, 9901],delete:
need:	[24204, 2413, 32785],delete:
need:	[8967, 680, 12920],delete:
need:	[27814, 1544, 35877]	[26575, 1795, 27814],delete:
need:	[2832, 1226, 14292]	[14292, 1147, 2832]	[2832, 677, 19657]	[22646, 2098, 20570]	[34106, 1628, 22646]	[22646, 1549, 34106]	[26582, 2445, 22646],delete:
need:	[7980, 966, 10010]	[29824, 1896, 32012],delete:
need:	[23088, 1418, 29768]	[9954, 322, 3274],delete:
need:	[701, 348, 4246]	[701, 152, 14210]	[701, 359, 2783]	[701, 313, 18442]	[20515, 1451, 34024]	[20515, 1484, 20982]	[20515, 1658, 22597],delete:
need:	[5589, 725, 13774]	[25403, 1378, 32478]	[25403, 1872, 33588],delete:
need:	[13801, 1017, 7173]	[29884, 1423, 26987],delete:
need:	[34655, 1549, 22685],delete:
need:	[13113, 496, 5042]	[6596, 1238, 5042]	[5042, 1127, 15735]	[24856, 1363, 36100]	[24856, 1675, 32927],delete:
need:,delete:
need:	[12977, 159, 3516]	[25427, 1628, 23330],delete:
need:	[9692, 653, 7422]	[14962, 1105, 7422]	[27236, 1679, 24922],delete:
need:	[2126, 167, 9984]	[23945, 1418, 21940],delete:
need:,delete:
need:	[31365, 1549, 29076]	[29076, 1628, 33177],delete:
need:,delete:
need:	[11016, 496, 5461]	[30830, 1318, 25275],delete:
need:,delete:
need:	[24508, 1406, 24381]	[4694, 485, 10369]	[4694, 204, 7314],delete:
need:	[31341, 1389, 27567]	[22518, 1389, 27567]	[27567, 1719, 31758],delete:
need:	[34250, 1805, 21962]	[2148, 179, 7991],delete:
need:	[23341, 1406, 24911]	[3527, 204, 2137],delete:
need:	[24535, 1304, 30425],delete:
need:	[23652, 1805, 30090]	[10276, 441, 3838],delete:
need:,delete:
need:	[4611, 506, 6294]	[24425, 1805, 26108],delete:
need:,delete:
need:	[7287, 384, 10123]	[29937, 1621, 30779],delete:
need:	[8331, 348, 4246]	[28145, 1615, 26585]	[28145, 1451, 34024],delete:
need:	[22265, 1628, 29325]	[9511, 653, 11337]	[29325, 1795, 31151],delete:
need:	[1204, 159, 6607]	[26421, 1549, 26731],delete:
need:	[8915, 959, 10982]	[28729, 1578, 30796],delete:
need:	[23354, 1545, 28851]	[3540, 416, 3350]	[32464, 1719, 23354]	[23354, 1403, 22780],delete:
need:,delete:
need:	[3900, 1292, 13105]	[23381, 1660, 23714]	[32919, 1725, 23714],delete:
need:	[2588, 406, 10051]	[2588, 204, 19481]	[22402, 1784, 33900],delete:
need:	[31787, 1503, 25184],delete:
need:	[25773, 1418, 36732]	[21608, 1418, 25773],delete:
need:	[789, 1173, 4655]	[12900, 537, 789]	[24707, 1628, 20603],delete:
need:,delete:
need:	[4994, 420, 3430]	[24808, 1544, 20876]	[24808, 1733, 24514],delete:
need:	[4864, 537, 3357]	[23171, 1628, 24678],delete:
need:	[2459, 506, 7179]	[22273, 1805, 26993],delete:
need:,delete:
need:,delete:
need:	[24534, 1389, 23545]	[28122, 1389, 23545],delete:
need:	[8910, 107, 16332],delete:
need:,delete:
need:	[32103, 1628, 29238]	[10998, 1017, 9424],delete:
need:,delete:
need:,delete:
need:	[8820, 848, 11330]	[28634, 1386, 28821],delete:
need:	[508, 494, 561]	[20322, 1465, 25310],delete:
need:	[27206, 1458, 26753],delete:
need:	[13838, 1078, 9130]	[9130, 1078, 13838]	[9130, 729, 5641]	[33652, 1978, 28944]	[28944, 1631, 25428]	[28944, 1520, 30289],delete:
need:	[25281, 2381, 30156]	[5467, 894, 16032],delete:
need:	[23463, 1318, 30204]	[13280, 496, 10390],delete:
need:	[10101, 485, 9408],delete:
need:	[22155, 1418, 22118]	[2304, 167, 17932],delete:
need:	[10661, 1202, 8330]	[8330, 1096, 18425]	[13120, 1232, 8330]	[28144, 1325, 30061],delete:
need:,delete:
need:	[10267, 204, 11738]	[30081, 1719, 26259],delete:
need:	[14841, 159, 8004]	[29362, 1549, 27818],delete:
need:	[10682, 540, 5262]	[5262, 496, 13759],delete:
need:	[2834, 385, 3377],delete:
need:	[26818, 1805, 29342]	[20872, 1418, 29342],delete:
need:	[26954, 1418, 24913]	[24913, 1621, 26954],delete:
need:	[22589, 1683, 23002]	[23002, 1805, 38025],delete:
need:,delete:
need:	[8267, 326, 13620]	[24934, 1318, 28081]	[28081, 1796, 29128],delete:
need:	[7096, 420, 3639]	[26910, 1389, 24996],delete:
need:,delete:
need:,delete:
need:	[5821, 537, 4199]	[25635, 1318, 24469],delete:
need:,delete:
need:,delete:
need:	[22589, 1418, 24382]	[9285, 179, 2775],delete:
need:,delete:
need:	[24070, 1621, 35163]	[6540, 384, 4256],delete:
need:,delete:
need:	[5283, 204, 9273]	[5283, 485, 10369]	[25097, 1784, 30183],delete:
need:	[25816, 1805, 30485]	[25361, 1683, 25816],delete:
need:	[13196, 441, 2125]	[24660, 1805, 21939],delete:
need:	[2407, 1234, 13533]	[22221, 2159, 33347]	[22221, 1390, 35041]	[22221, 2159, 36380]	[22221, 1520, 20972],delete:
need:	[8694, 159, 1620]	[1620, 786, 11709],delete:
need:	[10586, 287, 6590]	[6590, 508, 6816]	[26404, 1437, 26630]	[26404, 1807, 26630],delete:
need:	[29716, 1836, 32116],delete:
need:	[26553, 1671, 30600]	[26553, 1671, 27442],delete:
need:	[1902, 653, 12928]	[30808, 1675, 21716],delete:
need:	[24947, 1784, 26951]	[7497, 485, 7137],delete:
need:	[9335, 109, 859]	[20673, 1390, 33525],delete:
need:,delete:
need:	[2215, 714, 560]	[22029, 1549, 33980],delete:
need:	[20340, 1629, 31492]	[526, 87, 11330],delete:
need:	[9620, 188, 8504],delete:
need:	[5063, 485, 1203]	[24877, 1497, 33704],delete:
need:,delete:
need:	[162, 198, 3350]	[162, 431, 3850]	[19976, 1719, 20224],delete:
need:	[21932, 1478, 20487]	[32892, 1418, 21932],delete:
need:	[27656, 1424, 21741]	[13051, 464, 1927],delete:
need:,delete:
need:	[26801, 1520, 27065]	[7251, 885, 6987]	[7251, 1105, 4352],delete:
need:	[10962, 179, 8355]	[34012, 1418, 28169],delete:
need:	[9870, 506, 13350]	[32173, 1805, 29684],delete:
need:,delete:
need:,delete:
need:,delete:
need:	[721, 351, 15154]	[721, 384, 8855]	[20535, 1621, 29403],delete:
need:	[3371, 204, 16769]	[23185, 1406, 33435]	[23185, 1503, 35053],delete:
need:	[20041, 1621, 38408]	[20041, 1418, 31166],delete:
need:	[22869, 1862, 24033]	[32788, 1696, 22869],delete:
need:	[8821, 506, 12503]	[3778, 384, 8821],delete:
need:	[25802, 1805, 26616]	[6802, 179, 13357],delete:
need:	[5052, 204, 1723]	[24866, 1719, 21467]	[24866, 1406, 34060],delete:
need:	[22535, 1318, 25894]	[889, 496, 6080],delete:
need:	[4710, 537, 413]	[28478, 1549, 20227],delete:
need:	[26327, 1923, 27566]	[6513, 1017, 8028]	[7752, 1066, 6513],delete:
need:	[795, 506, 15737]	[20609, 1418, 27054],delete:
need:	[14472, 322, 8860]	[28674, 1418, 31574],delete:
need:	[28819, 2242, 25517],delete:
need:	[12671, 885, 8547]	[8547, 677, 10616],delete:
need:	[6573, 653, 4385]	[2111, 325, 4385]	[24199, 1628, 26387],delete:
need:	[4672, 286, 8505]	[4672, 204, 14975]	[4672, 107, 11873]	[24486, 1406, 31687]	[24486, 1406, 20266]	[28319, 1795, 24486],delete:
need:	[202, 322, 6912]	[26726, 1418, 20016],delete:
need:	[5140, 1194, 17355]	[24954, 2026, 38741]	[24954, 2026, 25236]	[24954, 2026, 25931],delete:
need:	[4938, 407, 16671]	[11259, 89, 4938]	[31073, 1670, 24752]	[30830, 1388, 24752],delete:
need:	[25494, 1418, 29052]	[9238, 351, 14163],delete:
need:	[31091, 1836, 26428]	[31091, 1549, 26428],delete:
need:	[32859, 1805, 23858]	[4044, 322, 10141],delete:
need:,delete:
need:,delete:
need:	[659, 204, 7292]	[27106, 1719, 28231]	[27106, 1413, 38799],delete:
need:	[7999, 537, 12325]	[24742, 1549, 27813],delete:
need:	[750, 1062, 11013],delete:
need:	[6446, 90, 9806]	[29620, 1389, 28139],delete:
need:	[33314, 1389, 26388]	[1619, 90, 6574],delete:
need:	[14819, 687, 4327]	[4327, 1162, 10084]	[22621, 1608, 24141]	[34633, 1862, 24141],delete:
need:	[21537, 1784, 28631]	[21537, 1784, 36399],delete:
need:,delete:
need:,delete:
need:	[9, 322, 836]	[20650, 1418, 19823],delete:
need:	[28323, 1406, 34500]	[8509, 204, 9504],delete:
need:	[7727, 420, 410]	[23390, 1389, 27541],delete:
need:	[4716, 322, 3535]	[2982, 322, 4716],delete:
need:	[1976, 159, 14452]	[10116, 10, 1976],delete:
need:	[32524, 1549, 24986]	[5172, 653, 12853],delete:
need:	[8773, 159, 468],delete:
need:	[6806, 725, 4394]	[11611, 1252, 6806]	[26620, 1390, 28978]	[24284, 2447, 26620]	[24208, 1469, 26620]	[26620, 2355, 24208]	[26620, 1432, 31425],delete:
need:	[8615, 420, 3639]	[8615, 420, 6905],delete:
need:	[7359, 420, 4433]	[27173, 1389, 25474],delete:
need:	[28639, 1389, 28200]	[8825, 420, 4727],delete:
need:	[27282, 2132, 20807]	[27282, 1656, 27145]	[7468, 1261, 3050]	[12924, 872, 7468],delete:
need:	[766, 236, 9102]	[9102, 420, 2136],delete:
need:,delete:
need:	[8575, 496, 8654]	[28389, 1628, 33802],delete:
need:	[23004, 1418, 26251]	[26251, 1805, 32118],delete:
need:	[2320, 380, 1371]	[31782, 1549, 21185],delete:
need:,delete:
need:	[28879, 1628, 29203],delete:
need:,delete:
need:	[6412, 537, 14690]	[34504, 1628, 26226],delete:
need:	[5932, 642, 8198]	[25746, 1606, 24809],delete:
need:	[9990, 496, 10834]	[7305, 159, 9990],delete:
need:	[8545, 397, 10334]	[3833, 133, 8545]	[28359, 1578, 34482]	[25257, 2242, 28359],delete:
need:	[478, 736, 12177]	[26488, 1549, 20292],delete:
need:	[5717, 87, 13159],delete:
need:	[5583, 939, 9658]	[33839, 1679, 25397],delete:
need:	[25293, 1738, 30265]	[12989, 899, 10451],delete:
need:	[5421, 384, 12415]	[25235, 1466, 38817],delete:
need:	[26625, 1560, 28840]	[26625, 1643, 23073]	[13242, 824, 6811],delete:
need:	[27799, 1389, 29854]	[13454, 431, 7985]	[27799, 1389, 33268]	[7985, 930, 19706],delete:
need:	[8581, 885, 9587]	[2625, 593, 8581]	[8581, 642, 4323]	[28395, 1304, 29401],delete:
need:	[26538, 1406, 26768]	[6724, 485, 19406]	[26538, 1784, 38700],delete:
need:,delete:
need:	[34054, 1784, 19859]	[3061, 485, 45],delete:
need:	[2379, 152, 5503],delete:
need:	[5062, 519, 11916]	[24876, 1818, 32250]	[24876, 1818, 31730]	[24876, 1410, 34981],delete:
need:	[24767, 1418, 20096]	[7263, 179, 4953],delete:
need:	[23126, 1418, 32992]	[3312, 351, 15063],delete:
need:	[6923, 959, 6815]	[34778, 1578, 26629],delete:
need:	[13653, 1162, 4869]	[4869, 417, 6355]	[4869, 563, 13653]	[33467, 1696, 24683]	[24683, 1862, 33467],delete:
need:	[31871, 1719, 21389]	[1575, 211, 5960],delete:
need:	[4198, 87, 3807]	[25641, 1389, 24012]	[21446, 1389, 24012],delete:
need:	[14011, 380, 6217]	[26031, 1628, 29086],delete:
need:	[3528, 384, 4310]	[23342, 1621, 32194],delete:
need:	[23418, 1740, 35466]	[23418, 1478, 37402],delete:
need:	[8589, 322, 11057]	[28612, 1683, 28403],delete:
need:	[27358, 1734, 31333]	[11322, 499, 7544],delete:
need:	[9109, 819, 10629]	[7198, 1278, 9109]	[25466, 1549, 28923]	[30443, 1628, 28923]	[28923, 1549, 30443]	[28923, 2340, 27012],delete:
need:	[33313, 1458, 29492]	[27174, 2411, 29492]	[9678, 1017, 928],delete:
need:,delete:
need:	[21384, 1670, 20578]	[30380, 1583, 21384]	[21384, 1388, 26036]	[1570, 371, 764],delete:
need:	[20168, 1803, 22310]	[354, 504, 2496]	[2496, 101, 12685],delete:
need:	[1023, 250, 18564]	[1023, 89, 12305]	[1023, 20, 8855]	[1023, 182, 1385]	[20837, 1437, 26401]	[20837, 1390, 23714],delete:
need:	[13142, 506, 2481]	[2481, 764, 12061]	[31875, 1725, 22295]	[32956, 2139, 22295],delete:
need:	[23806, 1544, 24180]	[13939, 286, 3992]	[26999, 1424, 23806],delete:
need:	[24643, 1437, 27309]	[4829, 589, 7495],delete:
need:	[29857, 1805, 23529]	[10043, 384, 2881],delete:
need:	[23818, 1795, 27559]	[23818, 1795, 21229],delete:
need:,delete:
need:	[6725, 420, 2565]	[6725, 420, 5400]	[26539, 1389, 31205]	[26539, 1389, 36835]	[31235, 1389, 26539],delete:
need:	[6207, 537, 9523]	[26021, 1628, 21802],delete:
need:	[9006, 138, 13711]	[28820, 1388, 23952],delete:
need:	[2531, 198, 13142]	[22345, 1389, 23150],delete:
need:,delete:
need:	[25879, 1628, 28905]	[30400, 1628, 28905],delete:
need:,delete:
need:	[10107, 124, 14767]	[29921, 1423, 34581],delete:
need:	[29303, 1628, 29290]	[12991, 537, 9489],delete:
need:	[23414, 1818, 25006],delete:
need:	[1613, 90, 2328],delete:
need:	[3901, 1202, 15222]	[3901, 804, 8178]	[3901, 235, 3759]	[23715, 1375, 37390],delete:
need:	[12120, 351, 1581]	[22087, 1805, 21395],delete:
need:	[8240, 90, 12663]	[28054, 1389, 32477],delete:
need:	[25790, 1549, 30789]	[7110, 537, 5976],delete:
need:	[21253, 1858, 24041]	[4227, 760, 1439]	[24041, 1923, 21253],delete:
need:	[27721, 1805, 29107]	[7907, 322, 8225],delete:
need:	[5550, 519, 10623]	[7824, 485, 5550]	[32015, 1784, 25364],delete:
need:	[28177, 1488, 24870]	[28177, 1488, 27633],delete:
need:,delete:
need:,delete:
need:	[28266, 1537, 25318]	[28266, 2392, 31935]	[8452, 824, 13967]	[8452, 885, 5754],delete:
need:	[26108, 1805, 26349]	[33382, 1418, 26349],delete:
need:	[7806, 454, 11452]	[7806, 497, 9314]	[7806, 68, 17493]	[27620, 1796, 29128],delete:
need:	[629, 959, 12315]	[20443, 1578, 32129],delete:
need:,delete:
need:	[2012, 885, 17822],delete:
need:	[13380, 102, 6893]	[6893, 1162, 13380],delete:
need:	[26024, 1740, 37844]	[22797, 1418, 26024],delete:
need:	[7443, 322, 6828]	[26642, 1725, 32025],delete:
need:	[26494, 1452, 26198]	[26198, 1847, 25564]	[6680, 153, 6384],delete:
need:	[3038, 159, 12288]	[22852, 1628, 32102],delete:
need:	[26942, 1684, 24529],delete:
need:	[23569, 2242, 25183],delete:
need:	[6110, 537, 14517]	[25924, 1458, 20381],delete:
need:	[9095, 204, 12426]	[9095, 485, 13050]	[28909, 1784, 32864],delete:
need:,delete:
need:	[20050, 1549, 24016]	[4202, 159, 236],delete:
need:	[28421, 1566, 22125],delete:
need:,delete:
need:	[20514, 1418, 30820]	[700, 351, 5456],delete:
need:	[27443, 1730, 25170]	[25170, 1389, 27443]	[5356, 90, 9660],delete:
need:,delete:
need:	[22556, 1805, 25037]	[5223, 351, 2742],delete:
need:	[33006, 1389, 29288]	[9474, 90, 10897],delete:
need:,delete:
need:	[2421, 198, 11403]	[30664, 1730, 22235],delete:
need:	[20440, 1628, 33786]	[626, 159, 13972],delete:
need:	[6686, 204, 11288]	[26500, 1719, 21950],delete:
need:	[25492, 1490, 25983]	[5678, 537, 1886],delete:
need:	[9055, 351, 864]	[9055, 384, 2759],delete:
need:	[6295, 384, 4000]	[26109, 1418, 31566],delete:
need:	[12727, 453, 2149]	[2149, 1105, 2096]	[32991, 1818, 21963],delete:
need:	[2486, 384, 4804]	[22300, 1466, 23959],delete:
need:	[13519, 322, 5766]	[30641, 1725, 25580],delete:
need:	[5102, 125, 6268]	[6268, 496, 5102]	[6268, 204, 19259]	[26082, 1406, 21000]	[26082, 1719, 28524],delete:
need:,delete:
need:	[4316, 204, 14119]	[4316, 485, 12560]	[24130, 1784, 32374]	[24130, 1503, 33933],delete:
need:,delete:
need:	[5426, 537, 2782]	[22596, 1549, 22240],delete:
need:	[9902, 422, 9444]	[29258, 1836, 32116],delete:
need:	[22590, 2268, 32111]	[9414, 1001, 2776],delete:
need:	[27124, 1796, 29128]	[7310, 68, 8199]	[27124, 1753, 31266]	[7310, 454, 11452],delete:
need:,delete:
need:	[8089, 336, 10718]	[10718, 23, 8089]	[27903, 1377, 37093]	[27903, 1635, 30532]	[27903, 1369, 30381],delete:
need:	[27815, 1458, 39395],delete:
need:	[6524, 236, 19706],delete:
need:	[1930, 236, 8520]	[21744, 1784, 24211]	[1930, 420, 14871],delete:
need:	[7502, 159, 6328],delete:
need:	[4265, 119, 5437]	[25251, 1466, 31343],delete:
need:	[3598, 1294, 5422]	[23412, 1528, 25236]	[28372, 1836, 23412],delete:
need:	[27255, 1784, 38446]	[7441, 485, 17565],delete:
need:	[14088, 384, 1092]	[27625, 1466, 20906],delete:
need:	[7503, 485, 1203],delete:
need:	[26025, 1683, 19901]	[6211, 384, 87],delete:
need:	[12573, 90, 4561]	[24375, 1730, 32387]	[32387, 1389, 24375],delete:
need:	[12485, 159, 7528]	[27342, 1318, 24069]	[27342, 1549, 32299],delete:
need:	[28448, 1805, 20262]	[30715, 1683, 28448],delete:
need:	[672, 494, 3614],delete:
need:	[2007, 159, 13563],delete:
need:	[1986, 677, 1900],delete:
need:	[29245, 1450, 31759]	[11945, 1050, 9431],delete:
need:	[5412, 1050, 6129]	[771, 84, 6129]	[25943, 1404, 25681]	[25943, 1528, 23767],delete:
need:	[2732, 179, 4527]	[4527, 384, 10435],delete:
need:	[20342, 1683, 29458]	[9540, 322, 528],delete:
need:	[5558, 198, 18786]	[9202, 90, 5558]	[25372, 1784, 35751],delete:
need:	[13653, 959, 130]	[33467, 1578, 19944],delete:
need:	[8315, 537, 4633],delete:
need:,delete:
need:	[26534, 1389, 36070]	[26534, 1389, 32630],delete:
need:	[21110, 1621, 20908]	[4067, 384, 1296],delete:
need:	[32935, 1549, 20195]	[27665, 1628, 20195],delete:
need:	[5266, 420, 6906]	[5901, 90, 5266],delete:
need:	[27275, 1858, 21504]	[7461, 677, 12696],delete:
need:	[11158, 288, 5210]	[5210, 1050, 11247],delete:
need:	[7587, 204, 578]	[27401, 1406, 33785],delete:
need:	[32436, 1621, 23201]	[5791, 506, 3387],delete:
need:	[414, 1017, 10070]	[20228, 1337, 29884],delete:
need:	[9151, 167, 2063]	[34263, 1418, 28965],delete:
need:	[6484, 537, 8518]	[28332, 1628, 33351],delete:
need:,delete:
need:	[32229, 1621, 25291]	[12415, 322, 5477],delete:
need:	[14307, 653, 3581]	[23395, 1679, 36584],delete:
need:	[27587, 1784, 28366]	[21665, 1784, 28366],delete:
need:,delete:
need:	[9741, 885, 2052]	[21866, 2411, 22833],delete:
need:	[25125, 1805, 31585]	[25125, 1418, 38484],delete:
need:	[21297, 1563, 28160]	[30018, 1858, 28160],delete:
need:	[10672, 714, 6296]	[26110, 1549, 30486],delete:
need:	[3935, 377, 12887]	[27592, 1795, 23749],delete:
need:	[10725, 1062, 3288],delete:
need:	[11326, 831, 9509],delete:
need:	[9803, 217, 16050]	[9803, 417, 15209]	[12959, 1162, 9803]	[29617, 1499, 27780]	[32773, 1696, 29617]	[29617, 1516, 39174],delete:
need:	[10623, 158, 9603]	[9603, 305, 6366]	[29417, 1675, 25568],delete:
need:	[7967, 537, 12247]	[32061, 1628, 27781],delete:
need:	[6183, 537, 9576]	[29390, 1549, 28005],delete:
need:	[25879, 1390, 27049]	[28905, 1549, 25879],delete:
need:	[32251, 1423, 21827]	[21827, 1628, 26274],delete:
need:	[13012, 1252, 3122]	[32826, 1880, 22936]	[22936, 1432, 32826],delete:
need:	[8800, 322, 1728]	[20680, 1725, 28614],delete:
need:	[29867, 1645, 39080],delete:
need:	[7964, 322, 1438]	[21252, 1418, 27778],delete:
need:	[8219, 1068, 8251],delete:
need:	[34013, 1795, 27642]	[10927, 1162, 7828],delete:
need:,delete:
need:	[9748, 959, 19344]	[9748, 1222, 13443]	[29562, 1578, 35699]	[29562, 1578, 33257]	[29562, 2398, 22863],delete:
need:	[24242, 2417, 34205]	[24242, 2417, 27049],delete:
need:	[33556, 1805, 22695]	[2881, 322, 4737],delete:
need:	[14614, 159, 1220]	[21034, 1390, 25357],delete:
need:,delete:
need:	[9759, 537, 3454]	[32514, 1549, 29573],delete:
need:	[21798, 1679, 31123]	[14467, 653, 1984],delete:
need:	[880, 384, 3233]	[3233, 351, 880],delete:
need:,delete:
need:	[27927, 1683, 26793]	[3499, 351, 6979],delete:
need:	[12623, 1063, 953]	[32437, 1318, 20767],delete:
need:	[28109, 1716, 21411]	[8295, 200, 7966],delete:
need:	[14482, 90, 3608]	[3608, 90, 13036],delete:
need:	[13488, 885, 6571]	[22999, 1549, 26385],delete:
need:	[26817, 1839, 28339]	[30795, 1836, 28339],delete:
need:	[27539, 1424, 29073]	[9259, 204, 7359],delete:
need:,delete:
need:	[7958, 167, 4365]	[24179, 1418, 36626],delete:
need:	[1034, 344, 14262]	[1034, 261, 5354]	[1034, 344, 2544]	[1034, 453, 14882]	[20848, 1560, 25168],delete:
need:	[2899, 824, 935]	[22713, 1345, 20749]	[22242, 1752, 22713]	[22713, 1304, 39366]	[22713, 1645, 33135],delete:
need:	[8119, 104, 2136]	[8119, 104, 6028]	[31526, 1719, 27933],delete:
need:	[24509, 1719, 19986]	[172, 104, 6028]	[3182, 420, 172]	[27526, 1719, 19986],delete:
need:	[20934, 1683, 24468]	[6253, 167, 1120],delete:
need:	[34453, 1628, 26035]	[6221, 159, 14639],delete:
need:	[22559, 1894, 27954],delete:
need:	[1643, 204, 2137]	[21457, 1719, 20224],delete:
need:	[8421, 87, 527]	[8421, 89, 6222]	[28697, 1738, 28235]	[20341, 1847, 28235]	[31144, 1738, 28235],delete:
need:	[4886, 90, 1518]	[14927, 204, 1518]	[21332, 1784, 34008],delete:
need:,delete:
need:	[23152, 1621, 28994]	[8019, 119, 9180],delete:
need:	[27861, 1490, 27959]	[8145, 191, 8047]	[27861, 1490, 39241],delete:
need:	[3833, 496, 5443]	[3833, 159, 611]	[23647, 1432, 33225],delete:
need:	[24538, 1418, 24847]	[30090, 1805, 24538],delete:
need:,delete:
need:	[1567, 351, 5258]	[26506, 1621, 21381],delete:
