need:,delete:	[3831, 159, 10759]	[3831, 107, 2614]	[3831, 245, 3471]
need:,delete:
need:	[9763, 939, 12372]	[9763, 1031, 12633],delete:
need:	[6494, 485, 19406]	[14725, 286, 6494]	[26308, 1784, 38700]	[34539, 1424, 26308],delete:
need:,delete:
need:	[25801, 1784, 36399]	[5987, 485, 17565],delete:
need:,delete:
need:	[26523, 1719, 20224]	[11749, 236, 6709],delete:
need:	[2312, 326, 16689]	[22126, 1699, 34754]	[34754, 1699, 22126],delete:
need:	[9079, 1127, 5682]	[28893, 2282, 24532],delete:
need:	[1990, 159, 3118],delete:
need:	[25037, 1418, 27324],delete:
need:	[3595, 760, 7250]	[10794, 1017, 3595],delete:
need:	[29298, 1719, 25795]	[33996, 1389, 29298],delete:
need:,delete:
need:	[23697, 1304, 20866]	[1052, 1017, 9921],delete:
need:,delete:
need:	[22442, 1325, 24337]	[30759, 1397, 24337]	[33308, 1397, 24337],delete:
need:	[2781, 760, 12735]	[22595, 1858, 20084],delete:
need:,delete:
need:	[29651, 1684, 35313]	[9837, 385, 14215],delete:
need:	[13330, 384, 7770],delete:
need:	[360, 496, 6983]	[360, 204, 19481]	[360, 496, 10821],delete:
need:	[23104, 1389, 29765],delete:
need:,delete:
need:,delete:
need:	[7685, 322, 2485],delete:
need:	[293, 90, 12978]	[20107, 1389, 26392]	[20107, 1389, 19852],delete:
need:	[13019, 537, 9640],delete:
need:,delete:	[23703, 1488, 27633]	[3537, 107, 3889]	[23703, 1488, 25891]
need:,delete:
need:	[3373, 707, 5990]	[25804, 1339, 39588]	[5990, 1253, 3373],delete:
need:,delete:
need:	[20628, 1549, 30072],delete:
need:	[19848, 1725, 29682]	[34, 85, 13188]	[19848, 1501, 24540],delete:
need:	[7792, 933, 8815]	[7792, 1162, 9543]	[9711, 717, 7792]	[27606, 1880, 29525]	[26323, 1439, 27606]	[27606, 1696, 29357],delete:
need:,delete:
need:	[23035, 1785, 27749]	[23035, 1719, 20224]	[23035, 1733, 32761]	[3221, 204, 14792],delete:
need:	[970, 584, 5658]	[13575, 1127, 5658],delete:
need:,delete:
need:	[33689, 1582, 20721]	[907, 297, 13875]	[20721, 1684, 35313],delete:
need:,delete:
need:,delete:	[2669, 286, 8678]	[8678, 161, 17115]
need:	[29268, 1923, 24684],delete:
need:	[9169, 951, 2758],delete:
need:	[4258, 939, 560],delete:
need:,delete:
need:	[29104, 1784, 33876]	[9290, 485, 14062]	[9290, 204, 11493],delete:
need:	[5459, 19, 5289],delete:
need:,delete:	[25923, 1375, 34591]	[25923, 1375, 20139]
need:	[979, 931, 12511]	[979, 1127, 17332],delete:
need:	[25073, 1719, 34685]	[5259, 189, 4990]	[25073, 1389, 23998],delete:
need:,delete:
need:	[9473, 261, 9761]	[34709, 2009, 29287],delete:
need:	[7638, 198, 17217]	[7638, 90, 12684]	[27452, 1389, 32498]	[27452, 1389, 32609],delete:
need:	[28141, 1418, 39250],delete:
need:,delete:
need:	[25197, 1725, 26117]	[29317, 1740, 25197],delete:
need:,delete:
need:,delete:
need:,delete:	[7656, 537, 15916]	[3172, 959, 7656]	[1511, 306, 7656]	[5921, 537, 7656]	[7656, 159, 5921]	[21325, 1605, 27470]	[27470, 1818, 22870]	[29640, 1605, 27470]	[22986, 1578, 27470]
need:,delete:
need:	[27553, 1605, 28371],delete:
need:	[7737, 1214, 2552],delete:
need:,delete:
need:	[8057, 542, 4072]	[8057, 356, 3747]	[27871, 1862, 23886],delete:
need:	[29924, 1683, 39138]	[274, 322, 10110],delete:
need:	[23952, 1706, 33525]	[27478, 1671, 23952],delete:
need:,delete:
need:	[31860, 1797, 23187]	[23187, 1646, 31860],delete:
need:	[3060, 1017, 802]	[20616, 1858, 37942],delete:
need:,delete:
need:,delete:
need:	[23088, 1740, 27029],delete:
need:	[1241, 204, 7400]	[6985, 125, 1241]	[21055, 1784, 39494],delete:
need:	[2362, 824, 935]	[10070, 677, 2362]	[22176, 1691, 24646]	[22176, 1633, 20749]	[22176, 1675, 25897]	[31339, 1437, 22176],delete:
need:,delete:
need:,delete:
need:,delete:
need:,delete:
need:	[3088, 1017, 11205]	[22902, 1337, 31019],delete:
need:,delete:
need:	[4656, 1162, 13380]	[4656, 959, 16955],delete:
need:	[31271, 1705, 23218]	[24140, 1795, 23218],delete:
need:	[10852, 344, 2811]	[22358, 1649, 22625]	[915, 344, 2811],delete:
need:,delete:
need:,delete:	[7909, 341, 8841]	[8841, 1010, 13691]	[8841, 1010, 4245]	[10415, 341, 8841]	[21242, 1640, 28655]	[28655, 1390, 33505]	[22087, 1640, 28655]
need:,delete:
need:	[23568, 1719, 21950]	[3754, 204, 17277]	[11821, 496, 3754],delete:
need:	[14487, 90, 5705]	[34635, 1389, 25519]	[5705, 236, 14821],delete:
need:,delete:
need:	[33571, 1819, 21697]	[21697, 1549, 33571],delete:
need:,delete:
need:,delete:
need:	[10467, 322, 6820]	[26634, 1805, 30212],delete:
need:	[3099, 768, 2473]	[2473, 768, 3099]	[3099, 768, 14529]	[22913, 2130, 34343]	[34343, 2130, 22913]	[20015, 2130, 22913],delete:
need:,delete:	[1776, 159, 8541]	[28355, 1836, 21590]	[21590, 2387, 35063]	[21590, 2387, 24027]
need:,delete:
need:,delete:
need:,delete:
need:,delete:
need:,delete:
need:,delete:
need:,delete:
need:,delete:
need:	[406, 496, 18498]	[20220, 1318, 24469]	[406, 159, 12209],delete:
need:,delete:
need:	[8836, 356, 3132]	[7579, 356, 8836]	[22946, 1820, 28650],delete:
need:	[23563, 1795, 24840]	[3749, 204, 11578],delete:
need:	[11549, 125, 1973]	[1973, 204, 10483],delete:
need:	[7286, 419, 12132]	[3382, 1134, 7286]	[21677, 1523, 27100],delete:
need:	[2578, 496, 5815]	[26935, 1578, 22392]	[2578, 1294, 7121],delete:
need:,delete:
need:	[7456, 496, 12731]	[642, 286, 7456]	[7456, 496, 642],delete:
need:,delete:
need:,delete:	[22100, 1437, 24958]	[9010, 163, 5144]	[3314, 163, 5144]	[12414, 163, 5144]	[28325, 1390, 24958]
need:,delete:	[8425, 90, 6691]	[8425, 420, 14871]	[4604, 431, 8425]	[34386, 1535, 28239]	[26505, 1535, 28239]	[24418, 1730, 28239]
need:,delete:
need:	[21126, 1719, 25470]	[21126, 1719, 23453]	[1312, 204, 6434]	[21126, 1719, 26719],delete:
need:	[12781, 496, 8072]	[27886, 1784, 38700]	[8072, 485, 19406],delete:
need:,delete:
need:,delete:	[28799, 1795, 24122]
need:	[4694, 286, 2518]	[14927, 286, 2518],delete:
need:,delete:	[30452, 1799, 20412]	[598, 118, 2888]	[2356, 500, 598]
need:	[25056, 1839, 33623]	[5489, 159, 5242]	[5242, 537, 5489],delete:
need:	[1351, 204, 7327]	[1351, 245, 12635]	[21165, 1544, 21433]	[21165, 1544, 32449]	[21165, 1503, 27141]	[21165, 1795, 21165],delete:
need:	[22222, 1389, 24568]	[22189, 1389, 22222]	[22222, 1389, 22189],delete:
need:,delete:
need:,delete:
need:	[25827, 1572, 20874]	[6013, 273, 1060],delete:
need:	[32724, 1679, 20851]	[20851, 1390, 25716],delete:
need:	[956, 204, 10838]	[20770, 1784, 38107],delete:
need:,delete:
need:,delete:
need:	[30429, 1578, 27158]	[27158, 1590, 30429],delete:
need:	[13114, 1050, 9465],delete:
need:	[935, 453, 10269]	[28160, 2125, 30083]	[10269, 824, 935]	[28160, 1390, 30083],delete:
need:	[2475, 420, 6753],delete:
need:	[20065, 1628, 29269]	[11072, 537, 9455]	[29269, 1458, 34886]	[29269, 1795, 31210],delete:
need:,delete:
need:,delete:
need:	[20385, 1389, 24150],delete:
need:,delete:
need:,delete:
need:	[4799, 1273, 2002]	[4799, 1047, 4669]	[24613, 1502, 24483],delete:
need:,delete:
need:	[19862, 1683, 30775],delete:
need:	[350, 812, 11704]	[20164, 1320, 31880]	[20164, 1320, 31518],delete:
need:	[8344, 847, 13241]	[28158, 1420, 38743]	[8344, 849, 19640]	[28158, 1305, 28158],delete:
need:	[6908, 344, 14045]	[6908, 101, 12377]	[6908, 261, 6409]	[32230, 1633, 26722]	[26722, 1803, 23659]	[26722, 1560, 32466],delete:
need:	[13027, 1050, 2838]	[2838, 288, 4103],delete:
need:	[12218, 1226, 84]	[19898, 2445, 32032]	[84, 1147, 12218]	[19898, 1628, 32032],delete:
need:,delete:	[4604, 420, 2100]	[4604, 420, 10414]	[4604, 420, 7496]	[24418, 1730, 37809]	[33128, 1389, 24418]	[24418, 1458, 24645]
need:,delete:	[24709, 1537, 22002]	[20268, 1537, 22002]	[29270, 1537, 22002]
need:,delete:	[1718, 831, 18646]	[10744, 1222, 1718]	[21532, 1725, 32412]	[27553, 1605, 21532]	[21532, 1613, 30045]	[34190, 1605, 21532]	[26323, 1605, 21532]
need:	[26689, 2159, 23234],delete:
need:	[7831, 204, 5885]	[7145, 286, 7831],delete:
need:	[7981, 463, 7389]	[12000, 344, 7981]	[31814, 1643, 27795],delete:
need:	[11734, 839, 9882],delete:
need:	[1863, 91, 12132]	[1863, 89, 7286]	[21677, 1388, 27100],delete:
need:	[3243, 182, 8877]	[23057, 1388, 32692]	[23057, 1839, 31021]	[3243, 182, 7278],delete:
need:,delete:	[9888, 795, 6713]
need:	[23652, 1466, 23602],delete:
need:,delete:
need:	[22317, 1719, 27310]	[22317, 1784, 24211],delete:
need:	[2029, 104, 7916]	[27730, 1714, 21843]	[21843, 1714, 21843],delete:
need:,delete:
need:,delete:	[3468, 141, 19706]	[3468, 420, 9192]	[3468, 90, 13393]	[23282, 1497, 21871]	[23282, 1497, 31907]	[23282, 1497, 27049]
need:,delete:
need:	[21822, 1390, 30748]	[12657, 537, 2008]	[2008, 1010, 10934],delete:
need:	[8550, 711, 9049]	[28863, 1923, 32058],delete:
need:	[23553, 1725, 32901]	[23553, 1725, 20972],delete:
need:,delete:
need:,delete:
need:,delete:	[3617, 812, 16200]
need:	[25921, 1363, 23211]	[8929, 326, 3397],delete:
need:	[27734, 2122, 21924]	[13054, 306, 2110]	[27913, 1578, 21924]	[2110, 208, 7920],delete:
need:,delete:
need:	[6677, 420, 9386]	[29200, 1545, 30876]	[30831, 1719, 29200]	[29200, 1403, 27125],delete:
need:	[22171, 1719, 23453]	[2357, 1199, 6905]	[2357, 1199, 3639],delete:
need:	[8817, 420, 9192],delete:
need:	[14863, 159, 9886]	[9886, 939, 10171]	[29700, 1839, 29985],delete:
need:	[5229, 485, 19406]	[26538, 1424, 25043],delete:
need:	[8893, 1050, 5674],delete:
need:	[6438, 885, 13151]	[34137, 1893, 26252],delete:
need:,delete:
need:	[305, 1091, 10290]	[10669, 64, 10290],delete:
need:,delete:
need:	[552, 90, 3773]	[23587, 1440, 37083]	[3773, 420, 6445],delete:
need:	[8153, 204, 14835]	[27967, 1795, 36134],delete:
need:,delete:
need:	[14326, 107, 8062]	[14789, 107, 8062]	[27876, 1389, 29425],delete:
need:,delete:	[22747, 1645, 28204]	[6806, 795, 8390]	[13758, 795, 8390]
need:	[22253, 1418, 34616],delete:
need:	[8906, 378, 12994]	[27685, 1624, 28720],delete:
need:,delete:
need:	[26287, 1406, 28291]	[6473, 204, 7852],delete:
need:	[8282, 485, 15333]	[32275, 1503, 28096]	[28096, 1784, 37557],delete:
need:	[10425, 371, 5670]	[25484, 1807, 34191],delete:
need:,delete:
need:,delete:
need:	[6238, 283, 13259]	[26604, 1795, 26052],delete:
need:,delete:
need:,delete:	[6550, 341, 2673]
need:,delete:
need:,delete:
need:	[1720, 485, 17982]	[11358, 90, 1720],delete:
need:,delete:
need:	[3830, 101, 12483]	[6365, 824, 3830]	[10417, 824, 3830]	[23644, 1560, 29575],delete:
need:	[20967, 1390, 27760]	[1291, 351, 7946]	[7946, 883, 11332],delete:
need:	[25599, 1549, 24057],delete:
need:,delete:
need:	[20705, 1389, 29425]	[891, 189, 8219],delete:
need:	[801, 584, 13711]	[20615, 1796, 29128]	[20615, 1367, 32352]	[20615, 1625, 33525],delete:
need:	[14425, 824, 3587]	[23401, 1643, 22358]	[3587, 344, 2544]	[3587, 261, 7847],delete:
need:,delete:
need:,delete:	[4031, 679, 13744]	[3225, 1243, 4031]	[4031, 1243, 17863]	[4031, 872, 3225]	[4031, 702, 417]	[4031, 723, 12691]	[23845, 2104, 36030]	[23845, 1655, 20231]	[23845, 1706, 30227]	[23845, 2132, 23039]
need:,delete:
need:,delete:
need:,delete:
need:,delete:
need:,delete:
need:,delete:
need:	[9096, 159, 1288]	[1288, 537, 8162]	[21102, 1684, 29043]	[21102, 1836, 27337]	[21102, 1684, 36019]	[21102, 1458, 35133]	[21102, 1795, 31210],delete:
need:,delete:
need:,delete:
need:	[14784, 407, 9288]	[29102, 1805, 30765],delete:
need:	[8226, 221, 1680]	[8226, 91, 3350]	[28040, 1390, 21494]	[8226, 91, 1680],delete:
need:	[27913, 1578, 21924]	[30078, 1862, 27913]	[8099, 959, 2110]	[8099, 1162, 10264],delete:
need:,delete:
need:	[2021, 420, 98]	[21835, 1719, 28225],delete:
need:	[3349, 474, 5754]	[23163, 1718, 31692]	[3349, 195, 10657],delete:
need:	[11328, 1292, 2815]	[8446, 729, 2815]	[22629, 1850, 35500],delete:
need:	[1765, 204, 9078]	[32258, 1503, 28892],delete:
need:,delete:
need:,delete:	[27465, 1725, 27049]
need:	[4195, 420, 4433]	[32717, 1389, 24009]	[24009, 1719, 34685],delete:
need:,delete:
need:,delete:
need:	[3477, 519, 18934],delete:
need:,delete:
need:,delete:
need:	[27059, 1525, 24349]	[27628, 1408, 24349]	[4535, 84, 7814],delete:
need:,delete:
need:	[7906, 711, 5691]	[7906, 714, 8614]	[28428, 1923, 27720],delete:
need:,delete:
need:,delete:
need:	[27735, 1310, 33359]	[27735, 1320, 24351]	[7921, 900, 19408]	[7921, 812, 4537],delete:
need:	[33580, 1808, 22690],delete:
need:	[33182, 1650, 27772],delete:
need:,delete:
need:	[5781, 158, 10420]	[30234, 1660, 25595],delete:
need:	[14898, 463, 2965]	[22779, 1645, 27503]	[33574, 1649, 22779]	[34712, 1762, 22779]	[22779, 1649, 33574],delete:
need:,delete:
need:	[26886, 1862, 20443]	[7072, 542, 629],delete:
need:	[4217, 204, 19481]	[4217, 204, 4366]	[4217, 420, 6445],delete:
need:,delete:
need:,delete:
need:,delete:	[1579, 245, 4366]	[1579, 204, 5643]	[1579, 245, 5188]	[21393, 1719, 21364]	[21393, 1544, 25002]
need:,delete:
need:	[31240, 1549, 20712]	[898, 329, 11426]	[11426, 537, 898],delete:
need:	[10149, 351, 7862],delete:
need:,delete:
need:,delete:
need:	[2344, 1294, 4219]	[22158, 1458, 25021]	[24033, 1578, 22158],delete:
need:,delete:
need:,delete:
need:,delete:
need:	[31472, 1505, 30289]	[10291, 159, 10475]	[9077, 326, 10475],delete:
need:,delete:
need:	[28929, 1621, 30706],delete:
need:,delete:
need:	[20908, 1418, 21110]	[33340, 1683, 20908],delete:
need:	[20191, 1503, 36633]	[20191, 1406, 32914],delete:
need:,delete:
need:	[22493, 1643, 22358]	[2679, 344, 2544]	[2679, 479, 458]	[22493, 1560, 36795],delete:
need:	[4906, 322, 2216],delete:
need:	[25918, 1389, 23755]	[9226, 236, 3941]	[3941, 189, 6077],delete:
need:,delete:
need:	[7380, 1127, 15735]	[10805, 1062, 7380]	[7380, 642, 18581],delete:
need:	[32354, 2130, 28036]	[28036, 2130, 22408],delete:
need:	[20161, 1389, 23186]	[32426, 1389, 23186]	[3372, 189, 775],delete:
need:	[10946, 939, 10466],delete:
need:,delete:
need:,delete:
need:	[14238, 797, 5903]	[1095, 923, 5903]	[7805, 385, 5903]	[25717, 1462, 23419]	[34052, 1684, 25717],delete:
need:,delete:
need:	[10318, 109, 10501]	[10318, 222, 14657],delete:
need:,delete:
need:	[26468, 1650, 35688],delete:
need:,delete:
need:	[14461, 202, 4764]	[24578, 1560, 25168],delete:
need:	[9496, 90, 9636],delete:
need:,delete:
need:	[1934, 1059, 6234]	[28626, 1624, 21748],delete:
need:	[32298, 1633, 28369]	[33431, 1645, 28369]	[23803, 1645, 28369],delete:
need:	[347, 90, 6928]	[347, 420, 8369],delete:
need:,delete:
need:,delete:
need:,delete:	[366, 1162, 7213]	[14440, 717, 366]	[366, 1222, 10960]	[20180, 1696, 27027]	[21990, 2242, 20180]	[23569, 2242, 20180]	[32991, 2242, 20180]	[21513, 2242, 20180]
need:	[5301, 167, 16277],delete:
need:	[27645, 1795, 26608]	[26608, 1585, 33310]	[6794, 204, 5885]	[26959, 1705, 26608],delete:
need:,delete:
need:,delete:
need:	[28191, 1725, 28589]	[10093, 426, 8775]	[29907, 1725, 28589],delete:
need:	[676, 883, 18040]	[33588, 1578, 20490],delete:
need:	[34779, 1795, 27440]	[7626, 380, 9486],delete:
need:	[13673, 351, 10174]	[29988, 1805, 33487],delete:
need:,delete:
need:	[21917, 1390, 26902]	[21917, 1858, 26096]	[2103, 1017, 12103],delete:
need:,delete:
need:,delete:
need:	[9138, 85, 13188]	[9138, 206, 9937],delete:
need:,delete:	[827, 1252, 895]	[895, 717, 11652]	[895, 717, 11265]	[20709, 1872, 20641]	[20709, 2355, 23569]	[20709, 1432, 20641]	[20709, 1872, 31466]	[20709, 1390, 20990]
need:	[9876, 236, 2595]	[2595, 198, 5130]	[11825, 236, 2595]	[32495, 1406, 22409]	[22969, 1406, 22409]	[29538, 1406, 22409]	[22409, 1389, 30008]	[22409, 1389, 29690]	[22409, 1784, 25035],delete:
need:	[3726, 344, 1212]	[3726, 261, 14078]	[7902, 346, 3726]	[23540, 1560, 21567],delete:
need:,delete:
need:,delete:
need:,delete:
need:,delete:
need:	[76, 1294, 12025]	[31839, 2122, 19890],delete:
need:,delete:	[7440, 161, 6522]	[6522, 204, 5625]	[6522, 496, 19211]	[6522, 464, 7440]	[26336, 1795, 26022]
need:	[10918, 380, 698],delete:
need:,delete:
need:	[2085, 485, 18359]	[11667, 90, 2085]	[2085, 420, 9192]	[21899, 1389, 39023]	[21899, 1719, 29006]	[21899, 1535, 31481]	[31481, 1389, 21899]	[21899, 1497, 27491],delete:
need:,delete:
need:,delete:
need:,delete:
need:	[29053, 1696, 29802]	[32163, 1428, 29053]	[6509, 129, 9239],delete:
need:	[9312, 736, 756]	[29126, 1549, 37456],delete:
need:	[20446, 1418, 28669]	[20446, 1805, 32893]	[20446, 1740, 20049],delete:
need:,delete:	[24105, 1390, 30935]	[24105, 1390, 20972]
need:,delete:
need:	[3238, 714, 6149]	[23052, 1858, 25963]	[28848, 1628, 23052]	[23052, 1549, 28848]	[23052, 1913, 26785]	[23052, 1390, 26785],delete:
need:,delete:
need:	[24030, 1872, 32867]	[24030, 1872, 31500]	[24030, 1872, 31184],delete:
need:	[29564, 1638, 20945],delete:
need:	[13347, 322, 10066]	[10066, 506, 16719],delete:
need:	[6517, 46, 935]	[6517, 482, 655]	[26331, 1345, 20749],delete:
need:	[10120, 1294, 13685]	[24284, 1605, 29934],delete:
need:,delete:
need:	[4136, 959, 15317]	[4136, 1222, 5682]	[4136, 1162, 8491],delete:
need:,delete:
need:	[30110, 1560, 20786]	[32284, 1633, 20786]	[9070, 1288, 972]	[3688, 1288, 972],delete:
need:	[11479, 299, 3911]	[13831, 101, 3911]	[33645, 1400, 23725],delete:
need:	[7828, 521, 7959]	[7959, 356, 7828],delete:
need:	[6335, 787, 6114]	[6114, 19, 6335],delete:
need:	[21200, 1437, 31718]	[1386, 589, 11904]	[21200, 1684, 30382],delete:
need:	[28362, 1784, 38446]	[28362, 1719, 21950]	[28362, 1719, 28225],delete:
need:,delete:
need:	[22262, 1752, 31344]	[2448, 101, 4573],delete:
need:,delete:
need:	[28624, 1719, 22063],delete:
need:,delete:
need:	[13514, 329, 1665]	[980, 159, 1665],delete:
need:	[447, 414, 7662]	[20261, 1713, 26834]	[26834, 1713, 20261],delete:
need:	[6149, 677, 4895]	[20309, 1520, 24709],delete:
need:,delete:
need:	[24299, 1458, 30117]	[30117, 1458, 31464],delete:
need:,delete:	[3936, 198, 4321]	[1361, 368, 4321]	[5163, 198, 4321]	[24135, 1725, 25321]
need:,delete:
need:,delete:
need:	[21782, 1628, 26073]	[3973, 537, 6259],delete:
need:,delete:
need:	[31219, 1318, 25130],delete:
need:	[11640, 84, 3691]	[3691, 1122, 2960]	[23505, 1731, 22774],delete:
need:	[711, 89, 19625]	[711, 87, 12748]	[20525, 1386, 20035],delete:
need:,delete:
need:,delete:
need:,delete:
need:	[26607, 1507, 23655]	[3841, 1162, 7213]	[6793, 1294, 3841],delete:
need:	[4187, 204, 7852]	[24001, 1719, 26719],delete:
need:	[22841, 1390, 33710]	[3027, 91, 13896]	[22841, 1388, 25883]	[3027, 138, 3288],delete:
need:,delete:
need:	[1031, 485, 4353]	[24167, 1719, 29006]	[29953, 1784, 24167]	[20845, 1784, 24167]	[28699, 1784, 24167],delete:
need:,delete:
need:	[2753, 723, 12691]	[12030, 872, 2753]	[31844, 2132, 22567]	[22567, 2104, 31844]	[22567, 1655, 20231],delete:
need:	[8544, 198, 18934]	[8544, 198, 365]	[8544, 420, 11944],delete:
need:	[6277, 204, 1077]	[26091, 1406, 20891]	[26091, 1719, 29006],delete:
need:	[8100, 780, 6205]	[26019, 1400, 32301],delete:
need:	[27908, 1400, 30578]	[8094, 344, 2544],delete:
need:,delete:
need:	[1843, 717, 11698]	[21657, 1432, 24275]	[24275, 1880, 21657],delete:
need:,delete:	[5620, 729, 18934]	[12092, 1017, 5620]	[12482, 900, 5620]	[7921, 740, 5620]	[10933, 740, 5620]	[32296, 1544, 25434]	[31906, 1337, 25434]	[25434, 1337, 31906]
need:	[23045, 1784, 36228]	[3231, 485, 17982]	[3231, 420, 3639],delete:
need:,delete:
need:,delete:	[5474, 945, 18319]
need:,delete:	[5541, 537, 19235]	[5541, 971, 19235]	[25355, 1437, 23253]	[25355, 1549, 37574]	[25355, 1390, 23253]
need:	[11665, 1292, 1772]	[31479, 1695, 21586]	[21586, 1725, 24735],delete:
need:	[28455, 1549, 30254],delete:
need:,delete:
need:	[6078, 485, 14062]	[6078, 204, 9695]	[25892, 1784, 33876],delete:
need:	[13321, 453, 1356]	[1356, 824, 13967]	[21170, 2282, 26265],delete:
need:,delete:
need:	[11202, 21, 3138]	[33778, 1337, 22952]	[31016, 1320, 22952],delete:
need:	[5977, 1203, 18116]	[25791, 1609, 26545],delete:
need:,delete:
need:	[8446, 731, 17541]	[28260, 2442, 38786]	[28260, 1631, 29516]	[28260, 1631, 32553],delete:
need:,delete:
need:	[20290, 1858, 20160]	[31807, 1549, 20290],delete:
need:,delete:
need:	[2916, 90, 14258],delete:
need:,delete:
need:	[24991, 1560, 29210]	[24991, 1560, 32466],delete:
need:,delete:
need:	[6429, 119, 13506],delete:
need:,delete:
need:	[30020, 1628, 25957]	[698, 159, 10206]	[10206, 537, 698],delete:
need:,delete:	[14058, 330, 694]	[32946, 1388, 20508]	[20508, 1807, 22675]	[22645, 1388, 20508]	[23940, 1388, 20508]
need:	[24660, 1805, 21939],delete:
need:,delete:
need:	[2040, 198, 18934],delete:
need:,delete:
need:,delete:
need:	[23324, 1503, 32252]	[3510, 204, 12438],delete:
need:,delete:	[24118, 1485, 26164]	[24118, 1485, 20972]
need:,delete:
need:,delete:
need:	[20924, 1719, 34685]	[4942, 236, 1110]	[20924, 1719, 20224]	[20924, 1389, 24756],delete:
need:	[4558, 537, 5118]	[32799, 1824, 24372]	[4558, 653, 6366]	[24932, 1628, 24372],delete:
need:	[831, 824, 1887]	[21701, 1560, 23467]	[21701, 1560, 30728],delete:
need:	[5, 431, 5417]	[5417, 420, 14871]	[5417, 90, 5],delete:
need:	[27892, 1683, 38868]	[26377, 1683, 27892],delete:
need:,delete:
need:,delete:
need:	[23198, 1537, 32734]	[3384, 1127, 13711],delete:
need:	[26425, 1865, 30162]	[12966, 1202, 6611],delete:
need:,delete:
need:,delete:
need:	[27844, 1389, 20230]	[33939, 1389, 20230],delete:
need:,delete:
need:	[2392, 246, 7311]	[29159, 1794, 22206]	[22206, 1403, 29159],delete:
need:,delete:
need:,delete:
need:,delete:
need:,delete:
need:	[26778, 2072, 23297]	[6964, 784, 3483]	[3483, 729, 8717]	[3483, 731, 19353],delete:
need:	[7992, 200, 285]	[27806, 1499, 20099]	[27806, 1716, 25629],delete:
need:,delete:
need:,delete:
need:	[68, 384, 8884],delete:
need:,delete:	[1925, 107, 10028]	[3333, 107, 10028]	[5200, 236, 10028]	[3594, 107, 10028]	[10028, 90, 5200]	[10028, 420, 9192]	[6051, 107, 10028]	[23408, 1726, 29842]	[23147, 1406, 29842]	[21935, 1406, 29842]	[25644, 1681, 29842]	[23147, 1726, 29842]
need:	[9091, 460, 393]	[393, 377, 14770]	[14770, 363, 393]	[12386, 242, 393],delete:
need:,delete:
need:	[24455, 1679, 27223]	[6070, 1105, 4641],delete:
need:	[22996, 1784, 35492]	[3182, 420, 172]	[22996, 1784, 38446],delete:
need:	[9811, 441, 1596],delete:
need:,delete:
need:,delete:	[27222, 1797, 24689]	[24385, 1488, 27222]	[9202, 189, 7408]	[27222, 1559, 34332]
need:,delete:
need:,delete:
need:	[5026, 204, 11578],delete:
need:	[26876, 1560, 29210]	[26876, 1560, 32466],delete:
need:,delete:
need:,delete:
need:	[22791, 1635, 36955]	[2977, 78, 4213]	[22791, 1635, 30786]	[22791, 1377, 35063],delete:
need:	[4534, 155, 14505]	[24348, 1508, 30916],delete:
need:,delete:
need:	[952, 159, 1236]	[1236, 537, 13563]	[21050, 1390, 36912],delete:
need:	[3589, 90, 9015]	[28829, 1719, 34289],delete:
need:	[25200, 1621, 21365]	[5386, 322, 1551]	[1551, 384, 10479],delete:
need:	[4860, 420, 6172]	[4860, 90, 4702]	[24674, 1719, 25986]	[24674, 1784, 29759],delete:
need:	[26833, 1872, 20090]	[26833, 1872, 34505]	[26833, 1872, 20346]	[14691, 529, 7019],delete:
need:	[452, 485, 17253]	[452, 90, 14975]	[34789, 1389, 20266],delete:
need:	[24112, 1503, 21205]	[24112, 1406, 27267],delete:
need:,delete:
need:,delete:
need:,delete:
need:	[6653, 736, 10788]	[6653, 736, 13883],delete:
need:	[7911, 351, 18946]	[27725, 1505, 29255],delete:
need:,delete:	[25232, 1836, 27201]
need:,delete:
need:,delete:
need:	[9848, 885, 5363]	[5363, 642, 17483]	[5363, 885, 8614]	[25177, 1633, 33699]	[25177, 1633, 30713]	[28361, 1437, 25177]	[25177, 1633, 26527]	[25177, 1675, 28361],delete:
need:	[13896, 1292, 95]	[3027, 91, 95]	[24207, 1437, 19909]	[7898, 206, 95],delete:
need:	[22650, 1389, 27141]	[2836, 431, 12378],delete:
need:	[10020, 420, 6905]	[29750, 1389, 29834]	[10020, 420, 14871],delete:
need:	[21071, 1390, 23164]	[1257, 589, 10623],delete:
need:,delete:
need:	[10405, 62, 5755]	[10405, 62, 3751]	[30219, 1467, 30091],delete:
need:	[900, 420, 6445]	[13868, 286, 900]	[20714, 1406, 23755]	[27113, 1585, 20714]	[20714, 1406, 23684],delete:
need:,delete:
need:	[4937, 102, 10215]	[10215, 1162, 4937]	[30029, 1578, 27384]	[24751, 1401, 30029]	[30029, 1696, 30238],delete:
need:,delete:	[7074, 420, 410]	[25757, 1730, 26888]	[33719, 1730, 26888]	[24888, 1730, 26888]
need:	[21937, 1836, 24106]	[21937, 1836, 27110],delete:
need:,delete:
need:	[3682, 19, 13726]	[23496, 1319, 27049]	[23496, 1318, 33540],delete:
need:	[4445, 496, 10729],delete:
need:,delete:
need:	[3235, 286, 2135]	[2135, 245, 3202]	[2135, 204, 1816],delete:
need:,delete:
need:	[30984, 1803, 24796]	[4982, 101, 1961],delete:
need:,delete:
need:	[960, 426, 2386]	[20037, 1374, 20774]	[9061, 1159, 960]	[19817, 1578, 20774],delete:
need:	[1987, 537, 6952]	[1987, 537, 8207],delete:
need:,delete:
need:,delete:
need:,delete:
need:	[262, 125, 8287]	[8287, 204, 14997],delete:
need:,delete:
need:	[32596, 1466, 28135]	[28125, 1740, 28135],delete:
need:	[28560, 1585, 26240]	[6426, 204, 14338],delete:
need:,delete:	[10006, 1115, 4896]	[29820, 1306, 27780]
need:	[2795, 153, 13629]	[22609, 1319, 29266],delete:
need:,delete:
need:	[6030, 426, 7235]	[25696, 1818, 25844]	[25844, 1725, 27498]	[2333, 306, 6030],delete:
need:	[22438, 1566, 20380]	[2624, 717, 4599]	[3770, 529, 2624]	[22438, 1432, 26249]	[26249, 1359, 22438],delete:
need:	[8284, 420, 410]	[28098, 1389, 30640]	[10826, 236, 8284],delete:
need:,delete:
need:,delete:
need:	[21456, 1389, 21205]	[1642, 485, 19406],delete:
need:	[6998, 1177, 540]	[6998, 812, 11282]	[26812, 1320, 31096],delete:
need:	[2628, 600, 426]	[20240, 1628, 22442]	[22442, 1549, 20240],delete:
need:	[7048, 563, 12112]	[27367, 1516, 26862],delete:
need:	[7118, 537, 5581]	[5581, 939, 7118],delete:
need:	[9864, 204, 950]	[30974, 1795, 29678]	[29678, 1503, 20764]	[29678, 1424, 30974],delete:
need:	[13916, 1091, 9441]	[27725, 1505, 29255],delete:
need:	[22958, 1464, 33073]	[3144, 753, 6219],delete:
need:,delete:
need:	[2587, 90, 2534]	[2534, 90, 8646],delete:
need:	[2835, 245, 8885]	[2835, 161, 11579]	[2835, 204, 8885],delete:
need:	[27168, 1478, 29592],delete:
need:,delete:
need:,delete:
need:	[4390, 606, 19243]	[24204, 1754, 24725]	[4390, 894, 4911]	[22938, 1549, 24204],delete:
need:	[28781, 1633, 28646]	[2147, 729, 8967]	[8967, 885, 8735],delete:
need:	[26575, 1795, 27814],delete:
need:	[2832, 1226, 14292]	[22646, 1549, 34106]	[22646, 1390, 36442]	[14292, 1147, 2832],delete:
need:	[27459, 1795, 29824],delete:
need:,delete:
need:	[701, 152, 14210]	[20515, 1451, 34024]	[20515, 1484, 20982]	[20515, 1658, 22597],delete:
need:	[25403, 1378, 32478],delete:
need:,delete:
need:	[34655, 1549, 22685]	[11592, 537, 2871]	[2871, 159, 14841],delete:
need:	[24856, 1633, 24225]	[13113, 496, 5042]	[24856, 1675, 32927],delete:
need:,delete:
need:	[3516, 525, 3018]	[23330, 1458, 22832],delete:
need:	[9692, 653, 7422]	[7422, 380, 5108]	[27236, 1679, 24922],delete:
need:,delete:
need:,delete:
need:,delete:
need:	[2403, 797, 18835]	[22217, 1684, 34070],delete:
need:	[25275, 1675, 32308]	[30830, 1318, 25275],delete:
need:,delete:	[26483, 1400, 37104]	[6669, 453, 15593]	[6669, 453, 15019]
need:	[4694, 420, 2136]	[4694, 204, 7314],delete:
need:	[7753, 420, 6445]	[31341, 1389, 27567]	[22518, 1389, 27567],delete:
need:,delete:
need:	[23341, 1719, 20224]	[3527, 204, 2137],delete:
need:	[4721, 883, 11150]	[24535, 1725, 30964],delete:
need:	[23652, 1805, 30090]	[10276, 441, 3838],delete:
need:,delete:
need:,delete:
need:,delete:	[1355, 496, 1819]	[1819, 1059, 718]	[31293, 1795, 21633]	[26817, 1795, 21633]	[23064, 1795, 21633]
need:	[7287, 384, 10123]	[29937, 1621, 30779],delete:
need:	[8331, 348, 4246]	[28145, 1615, 26585]	[8331, 268, 6771],delete:
need:	[22265, 1628, 29325]	[29325, 1549, 22265]	[2451, 159, 9511],delete:
need:,delete:
need:	[8915, 959, 10982]	[28729, 1578, 30796],delete:
need:	[23611, 1403, 23354]	[30586, 1714, 23354]	[3540, 246, 9037],delete:
need:,delete:
need:	[3900, 1292, 13105]	[12305, 584, 3900],delete:
need:	[2588, 204, 19481]	[32865, 1795, 22402]	[13051, 496, 2588],delete:
need:,delete:
need:,delete:
need:	[789, 1173, 4655]	[24707, 1549, 20603],delete:
need:	[3484, 496, 3307]	[23298, 1795, 38997]	[23298, 1795, 39254],delete:
need:	[24808, 1719, 23244]	[4994, 204, 5226],delete:
need:	[3357, 159, 4864],delete:
need:	[22273, 1418, 24319],delete:
need:	[2884, 1294, 2868]	[22682, 2122, 39052],delete:
need:	[13155, 736, 3974]	[23788, 1400, 36893]	[25840, 1505, 23788]	[31008, 1590, 23788],delete:
need:,delete:
need:	[8910, 204, 6434]	[28724, 1719, 26719]	[8910, 420, 6905]	[8910, 420, 3639],delete:
need:	[24222, 1695, 30279]	[30112, 1578, 30279]	[7537, 839, 10465]	[27522, 1578, 30279],delete:
need:	[9424, 38, 10998]	[23138, 1549, 29238],delete:
need:,delete:	[9468, 548, 9610]	[26561, 1847, 29282]	[29282, 1452, 26561]
need:	[10409, 834, 1899]	[10409, 1062, 13003]	[30223, 1718, 34607],delete:
need:,delete:
need:,delete:
need:,delete:
need:	[28944, 1978, 33652]	[28944, 1631, 21591]	[13838, 1078, 9130]	[28944, 1631, 25428],delete:
need:	[25281, 1958, 24027],delete:
need:	[24493, 1318, 30204],delete:
need:,delete:
need:	[22118, 1683, 31572],delete:
need:	[10661, 1202, 8330]	[13120, 1232, 8330],delete:
need:	[8428, 751, 10622]	[8428, 1115, 4896]	[1473, 1294, 8428]	[28242, 1605, 21287]	[28242, 2242, 29186]	[28242, 1427, 30436],delete:
need:	[30081, 1719, 26259]	[27857, 1424, 30081],delete:
need:,delete:
need:,delete:
need:	[2834, 582, 14304],delete:
need:,delete:
need:,delete:
need:,delete:
need:,delete:	[32305, 1872, 30217]	[26414, 2242, 30217]
need:	[28081, 1796, 29128]	[24934, 1318, 28081]	[28081, 1675, 24934],delete:
need:	[7096, 420, 3639]	[26910, 1389, 25254],delete:
need:	[1604, 286, 6760]	[1604, 204, 950]	[21418, 1784, 38107]	[30974, 1795, 21418]	[21418, 1503, 20764]	[21418, 1424, 26574],delete:
need:	[23778, 1560, 27920]	[33607, 1633, 23778]	[23778, 1560, 32487]	[23778, 1560, 34673],delete:
need:,delete:
need:,delete:	[9713, 870, 8791]	[9713, 717, 12397]	[9713, 870, 6842]	[29527, 1566, 30055]	[29527, 1437, 28393]
need:	[6981, 344, 877]	[26795, 1643, 20691]	[26795, 1560, 25168],delete:
need:	[10621, 384, 2775],delete:
need:	[14017, 1054, 10046]	[13265, 1054, 10046]	[22542, 1829, 29860],delete:
need:,delete:
need:	[13028, 1253, 7205]	[7205, 1035, 13967]	[32842, 1797, 27019],delete:
need:	[5283, 204, 9273]	[25097, 1785, 32476]	[25097, 1784, 30183],delete:
need:	[30714, 1621, 25816],delete:
need:,delete:
need:	[2407, 1234, 19512]	[22221, 2159, 33347]	[22221, 1390, 35041],delete:
need:	[1620, 786, 11709]	[1620, 537, 8694],delete:
need:	[26404, 1437, 26630]	[32791, 1458, 26404],delete:
need:,delete:
need:	[6739, 372, 7628]	[26553, 1388, 25883],delete:
need:	[10362, 159, 1902],delete:
need:,delete:
need:	[859, 20, 1113]	[9335, 109, 859]	[20673, 1437, 33525],delete:
need:	[9697, 1113, 1502]	[9697, 639, 6713],delete:
need:	[2215, 636, 7484],delete:
need:	[20340, 1386, 32189],delete:
need:	[24192, 1603, 29434]	[4378, 304, 9620],delete:
need:,delete:
need:	[14955, 537, 2065]	[21879, 1400, 30617]	[21879, 1309, 38797]	[21879, 2006, 30617],delete:
need:	[19976, 1719, 20224]	[6720, 90, 162]	[26534, 1389, 19976],delete:
need:,delete:
need:,delete:
need:	[9592, 717, 1038]	[29406, 1872, 20852]	[20852, 1578, 33525]	[29783, 1566, 20852],delete:
need:	[7251, 824, 7318]	[27065, 1345, 27132]	[7251, 1105, 4352],delete:
need:,delete:
need:,delete:
need:	[1807, 368, 1005]	[21621, 1725, 31627],delete:
need:	[9992, 1252, 9092]	[28906, 1390, 32510],delete:
need:,delete:	[8912, 698, 2741]
need:	[721, 322, 9589]	[20535, 1683, 26401],delete:
need:	[3371, 204, 16769]	[3371, 107, 13621]	[24110, 1795, 23185],delete:
need:	[5559, 384, 227],delete:
need:,delete:
need:,delete:
need:,delete:
need:	[5052, 204, 1723]	[24866, 1719, 21467],delete:
need:	[25894, 1675, 22279]	[889, 496, 6080]	[1146, 1173, 6080],delete:
need:	[4710, 537, 413]	[24524, 1549, 20227],delete:
need:	[8028, 1017, 6513]	[7752, 1066, 6513],delete:
need:,delete:
need:,delete:
need:	[8326, 870, 5703]	[5703, 581, 10470]	[5703, 1162, 7959]	[30284, 1432, 25517],delete:
need:,delete:
need:	[24199, 1744, 31479]	[2111, 325, 4385],delete:
need:	[4672, 286, 8505]	[4672, 204, 14975]	[28319, 1795, 24486],delete:
need:	[12040, 167, 202],delete:
need:	[24954, 2099, 25730],delete:
need:	[11259, 89, 4938]	[31073, 1670, 24752]	[30830, 1388, 24752],delete:
need:,delete:
need:	[26428, 1437, 33641]	[6614, 496, 7983]	[31091, 1549, 26428],delete:
need:,delete:
need:	[11401, 1252, 695]	[695, 1091, 16527]	[20509, 1432, 31215],delete:
need:,delete:	[22288, 1713, 37240]	[2474, 414, 18654]	[13228, 414, 2474]
need:	[8957, 204, 7292]	[11380, 204, 7292],delete:
need:	[12325, 159, 7999],delete:
need:	[14134, 496, 750]	[1134, 1224, 750]	[750, 797, 15378]	[20564, 1684, 35313],delete:
need:	[29620, 1389, 28139]	[29620, 1719, 28173],delete:
need:	[26388, 1719, 21467],delete:
need:	[14819, 687, 4327]	[4327, 1162, 10084]	[22621, 1608, 24141],delete:
need:,delete:
need:,delete:	[863, 89, 1384]	[14532, 721, 1384]	[21198, 1706, 27309]	[21198, 1900, 35832]	[20220, 1388, 21198]	[21214, 1388, 21198]
need:	[5418, 159, 6665]	[26479, 1836, 25232],delete:
need:,delete:
need:	[28323, 1503, 29318]	[28323, 1406, 34500],delete:
need:,delete:
need:,delete:
need:,delete:
need:,delete:
need:,delete:	[5270, 537, 468]	[468, 537, 10765]	[1263, 537, 468]	[468, 159, 1263]	[14376, 306, 468]	[8773, 159, 468]	[468, 537, 8773]	[7739, 306, 468]	[20282, 1818, 20972]	[20282, 1818, 35068]
need:	[6806, 725, 4394]	[11611, 529, 6806],delete:
need:	[33737, 1389, 28429]	[8615, 420, 6905]	[28429, 1389, 27590],delete:
need:,delete:
need:,delete:
need:	[27282, 2104, 32738]	[7468, 723, 12691]	[7468, 872, 993]	[7468, 1261, 3050],delete:
need:	[766, 236, 9102]	[9102, 90, 6358],delete:
need:,delete:	[6806, 725, 4394]	[4394, 1115, 11659]	[245, 1294, 4394]	[24208, 1818, 21316]	[4394, 751, 6806]	[24208, 2242, 34344]	[24208, 2242, 23503]	[24208, 1880, 26620]	[24208, 2242, 37611]	[24208, 2242, 25600]	[24208, 1427, 26620]	[24208, 2242, 29562]	[26620, 2355, 24208]	[24208, 2242, 32442]	[24208, 2242, 25591]	[24208, 1880, 33572]	[24208, 2242, 34421]	[20059, 1507, 24208]
need:	[28151, 1628, 28389]	[33802, 1549, 28389],delete:
need:	[26251, 1621, 23004],delete:
need:,delete:
need:	[12033, 1243, 7682]	[7682, 872, 12033]	[7682, 723, 12691]	[31847, 2104, 27496]	[27496, 1655, 20231]	[27496, 2132, 31847],delete:
need:,delete:
need:	[6087, 159, 14916]	[14916, 537, 6087],delete:
need:	[6412, 159, 4332]	[6412, 537, 14690],delete:
need:	[5932, 642, 8198]	[28012, 1464, 25746],delete:
need:,delete:
need:	[23647, 1566, 28359]	[8545, 397, 10334]	[28359, 1696, 30148],delete:
need:	[478, 677, 12177]	[478, 736, 12177]	[20292, 1549, 38762],delete:
need:,delete:	[5717, 141, 19706]	[5717, 87, 13159]	[5717, 87, 10062]	[5717, 485, 13050]	[25531, 1784, 32864]
need:,delete:
need:,delete:
need:,delete:
need:	[27462, 1645, 26625]	[6052, 824, 6811]	[13576, 824, 6811],delete:
need:	[13454, 431, 7985]	[7985, 1189, 13454]	[7985, 1199, 3277]	[27799, 1784, 25035]	[27799, 1389, 33268],delete:
need:	[2625, 593, 8581]	[8581, 824, 11067],delete:
need:	[26538, 1784, 38700]	[6724, 286, 3861],delete:
need:,delete:
need:	[45, 100, 3692]	[14240, 485, 45],delete:
need:,delete:	[2379, 152, 5503]	[2379, 566, 10348]	[23995, 2075, 22193]	[22820, 2075, 22193]	[23290, 2075, 22193]
need:	[5062, 519, 9452]	[5062, 519, 12436]	[24876, 1818, 31730],delete:
need:,delete:
need:,delete:
need:	[14964, 959, 6815]	[34778, 1578, 26629]	[26737, 1578, 26629],delete:
need:	[33467, 1696, 24683]	[4869, 563, 13653]	[13653, 1162, 4869],delete:
need:	[21389, 1403, 24541]	[14871, 495, 1575]	[1575, 416, 7235],delete:
need:	[24012, 1389, 23795]	[24012, 1389, 26262],delete:
need:,delete:
need:	[24154, 1740, 23342],delete:
need:	[3604, 202, 2941]	[23418, 1650, 33161],delete:
need:,delete:
need:,delete:
need:	[25466, 1549, 28923]	[30443, 1628, 28923]	[28923, 1336, 24132],delete:
need:	[29492, 1836, 33313]	[928, 1017, 9678],delete:
need:,delete:
need:	[8256, 153, 1570]	[21384, 1670, 31996]	[1570, 89, 8208],delete:
need:	[20168, 1803, 22310]	[354, 504, 2496],delete:
need:	[20837, 1437, 26401]	[1023, 250, 18564]	[1023, 20, 8855]	[1023, 182, 1385],delete:
need:	[13142, 506, 2481]	[11699, 508, 2481]	[31875, 1725, 22295]	[12061, 426, 2481],delete:
need:	[13939, 286, 3992]	[33753, 1424, 23806]	[26999, 1424, 23806],delete:
need:	[4829, 1010, 5013]	[4829, 589, 7495]	[24643, 1390, 23102],delete:
need:,delete:
need:	[10906, 286, 4004]	[4004, 204, 876],delete:
need:,delete:	[3582, 768, 16171]	[23396, 2130, 35477]	[23396, 2130, 24561]
need:	[26539, 1389, 36835]	[31235, 1389, 26539]	[6725, 420, 2565]	[22889, 1389, 26539],delete:
need:,delete:
need:,delete:
need:	[3336, 236, 2531]	[22345, 1389, 22267]	[2531, 420, 3430]	[22345, 1389, 28718],delete:
need:,delete:	[10020, 236, 9936]	[29750, 1488, 20589]	[29750, 1719, 26719]
need:,delete:
need:	[13846, 1016, 10044]	[7789, 400, 10044]	[22984, 1808, 29858],delete:
need:	[10107, 124, 14767]	[29921, 1423, 34581],delete:
need:	[30332, 1549, 29303]	[9489, 939, 7892]	[9489, 939, 8293],delete:
need:,delete:	[3600, 420, 3639]	[23414, 1719, 21950]	[23414, 1818, 23164]	[23414, 1818, 34118]	[23414, 1818, 25006]	[23414, 1818, 21992]	[30932, 1784, 23414]
need:,delete:
need:	[3759, 1089, 3901]	[23715, 1375, 37390],delete:
need:,delete:
need:	[28054, 1389, 32477]	[11946, 100, 8240],delete:
need:,delete:
need:	[21253, 1858, 24041]	[4227, 760, 1439],delete:
need:,delete:
need:	[5550, 519, 10623]	[7824, 485, 5550],delete:
need:	[8363, 420, 6905]	[8363, 420, 3639]	[28177, 1389, 26248]	[33486, 1389, 28177]	[28177, 1389, 24273]	[28177, 1389, 33486],delete:
need:	[3694, 350, 1673]	[21487, 1560, 19891],delete:
need:,delete:
need:	[28266, 2392, 31935]	[8452, 824, 13967]	[25318, 1818, 28266],delete:
need:,delete:
need:	[7806, 68, 17493]	[7806, 277, 9760]	[27620, 1367, 38603]	[27620, 1796, 29128]	[27620, 1753, 31266],delete:
need:	[12315, 1294, 629]	[32129, 1507, 20443],delete:
need:	[28741, 1719, 26719]	[5814, 236, 8927]	[8927, 189, 6077]	[28741, 1719, 26567],delete:
need:	[21826, 1645, 33135]	[2012, 1105, 3581]	[2012, 824, 935],delete:
need:	[13380, 102, 6893]	[9633, 928, 6893],delete:
need:,delete:
need:	[6828, 322, 2181],delete:
need:	[6384, 224, 4282]	[26198, 1437, 21883]	[26198, 1523, 24096],delete:
need:	[3038, 159, 12288]	[3038, 496, 13479],delete:
need:	[32530, 1684, 24529]	[7128, 385, 4715]	[7706, 985, 4715]	[24529, 1462, 27279],delete:
need:,delete:	[23569, 2242, 25183]	[5369, 1252, 18151]	[21990, 2242, 25183]	[32417, 2242, 25183]
need:	[25924, 1628, 20381],delete:
need:	[9095, 204, 12426]	[28909, 1719, 21950]	[21510, 1795, 28909],delete:
need:	[13354, 85, 1527]	[19848, 1384, 21341]	[21341, 1804, 20329],delete:
need:	[11079, 939, 236]	[236, 711, 16759],delete:
need:	[28421, 1378, 29243]	[28421, 2355, 30891]	[7121, 529, 8607]	[8607, 870, 10864],delete:
need:,delete:	[25723, 1719, 25470]
need:	[700, 506, 2655],delete:
need:	[27443, 1730, 25170]	[25170, 1389, 27443]	[5356, 90, 9660],delete:
need:	[7657, 414, 3624]	[33449, 1713, 27471]	[29180, 1713, 27471]	[27471, 1713, 27296],delete:
need:,delete:
need:	[9474, 485, 1203]	[29288, 1389, 30711],delete:
need:	[8462, 721, 5016]	[5016, 508, 5114],delete:
need:	[22235, 1389, 29861]	[2421, 420, 4433],delete:
need:	[20440, 1549, 36097]	[13972, 250, 626],delete:
need:	[6686, 204, 11288],delete:
need:	[25983, 1490, 25492],delete:
need:,delete:
need:,delete:
need:	[5502, 453, 2149]	[2149, 824, 13941]	[2149, 1105, 2096],delete:
need:	[28315, 1805, 22300],delete:
need:	[4579, 179, 5766]	[30641, 1725, 25580],delete:
need:	[6268, 204, 19259]	[34099, 1585, 26082],delete:
need:	[7769, 1260, 7114]	[9630, 269, 7114],delete:
need:	[4316, 204, 14119]	[4316, 485, 12560]	[24130, 1784, 32374]	[24130, 1503, 33933],delete:
need:	[1978, 951, 4821]	[32798, 2296, 21792]	[29500, 2296, 21792],delete:
need:	[2426, 159, 2782]	[5426, 537, 2782],delete:
need:,delete:
need:,delete:
need:	[27124, 1796, 29128]	[7310, 68, 8199]	[7310, 454, 11452],delete:
need:	[8136, 198, 1680]	[12480, 236, 8136]	[8136, 198, 16201]	[32294, 1535, 27950]	[27950, 1389, 32294],delete:
need:	[27903, 1635, 30532]	[10718, 23, 8089]	[30532, 1322, 27903],delete:
need:	[27815, 1528, 20687]	[20687, 1578, 27815]	[27815, 1590, 20687],delete:
need:,delete:	[6524, 236, 19706]
need:	[8520, 90, 1930]	[21744, 1784, 22015]	[1930, 420, 14871],delete:
need:	[6328, 1173, 10611],delete:
need:,delete:
need:	[3598, 1294, 5422]	[11735, 159, 3598],delete:
need:	[7441, 204, 14612]	[27255, 1503, 34426]	[7441, 485, 17565],delete:
need:,delete:
need:,delete:
need:,delete:
need:	[24375, 1497, 30437]	[4561, 90, 11289]	[32387, 1389, 24375],delete:
need:	[7528, 537, 12485]	[32299, 1628, 27342]	[27342, 1549, 32299],delete:
need:,delete:
need:,delete:
need:	[3684, 364, 2007]	[28286, 1677, 21821]	[2007, 496, 8472],delete:
need:	[9827, 1037, 1900]	[115, 1238, 1900]	[7317, 677, 1900]	[1900, 1127, 17912]	[21714, 1675, 37538]	[29641, 1795, 21714]	[29641, 1893, 21714]	[19929, 1512, 21714],delete:
need:	[9431, 288, 5873]	[11945, 1050, 9431],delete:
need:	[5412, 1050, 6129]	[5867, 288, 6129]	[25943, 1404, 25681],delete:
need:,delete:
need:,delete:
need:	[5558, 198, 18786]	[9202, 90, 5558]	[25372, 1784, 35751],delete:
need:	[19944, 1507, 33467]	[13653, 959, 130]	[130, 1294, 13653],delete:
need:,delete:
need:	[207, 680, 8166]	[207, 824, 10912]	[207, 892, 13576]	[20021, 1633, 22808]	[32315, 1915, 20021]	[20021, 1363, 35693],delete:
need:	[12816, 236, 6720],delete:
need:	[34313, 1740, 21110],delete:
need:	[32935, 1549, 20195]	[27665, 1628, 20195],delete:
need:,delete:
need:	[7461, 711, 12160]	[27275, 1390, 32510]	[7461, 677, 12696],delete:
need:	[5210, 1050, 8396],delete:
need:	[7587, 204, 578]	[8364, 286, 7587]	[28178, 1424, 27401],delete:
need:,delete:
need:	[10070, 1017, 414],delete:
need:	[28965, 1740, 32407],delete:
need:,delete:
need:,delete:	[2925, 784, 11811]	[9573, 704, 2925]	[6031, 704, 2925]	[32902, 1631, 22739]	[25845, 1631, 22739]	[22739, 1520, 27056]	[29387, 1631, 22739]	[22739, 1718, 22702]	[22739, 1390, 27056]	[22739, 1390, 20927]	[22739, 1520, 39016]
need:,delete:
need:	[14307, 653, 3581]	[21826, 1457, 23395]	[23395, 1679, 36584],delete:
need:,delete:
need:	[25685, 1502, 33036]	[25685, 1310, 30136],delete:
need:,delete:
need:,delete:
need:,delete:
need:,delete:
need:,delete:
need:,delete:
need:	[11326, 322, 9509]	[29323, 1400, 27650]	[29323, 1431, 31289],delete:
need:	[12959, 1162, 9803]	[32773, 1696, 29617],delete:
need:	[10623, 158, 9603]	[9603, 376, 5754]	[9603, 305, 6366]	[9603, 29, 6366],delete:
need:	[7967, 496, 5235]	[12247, 159, 7967]	[32061, 1628, 27781]	[27781, 1628, 36369],delete:
need:,delete:
need:,delete:
need:,delete:
need:	[13012, 1252, 3122]	[3122, 717, 10510],delete:
need:,delete:
need:,delete:	[10053, 626, 13827]	[10053, 824, 935]	[29867, 1345, 20749]	[29867, 1645, 36142]	[29867, 1645, 39080]
need:	[33505, 1805, 27778],delete:
need:	[8219, 832, 5801]	[891, 189, 8219]	[4058, 189, 8219]	[20705, 1488, 28033]	[28033, 1325, 25615],delete:
need:,delete:
need:	[4977, 1016, 8193]	[8193, 750, 10623]	[28007, 1625, 30437],delete:
need:	[9748, 1222, 13443]	[9748, 1162, 3049]	[3626, 717, 9748]	[29562, 1696, 22863]	[29562, 1880, 23440],delete:
need:	[13754, 485, 4428]	[5493, 485, 4428]	[26745, 1784, 24242]	[33568, 1784, 24242]	[25307, 1784, 24242],delete:
need:,delete:
need:,delete:
need:	[27702, 1612, 23271]	[3457, 56, 12604]	[3457, 458, 14318]	[23271, 1865, 30162],delete:
need:	[29573, 1628, 32779],delete:
need:	[21798, 1679, 31123]	[2933, 1105, 1984],delete:
need:,delete:
need:	[4102, 1292, 16424]	[4225, 101, 4102]	[26832, 1390, 23916],delete:
need:,delete:
need:,delete:
need:,delete:
need:	[13036, 236, 3608]	[11593, 87, 3608],delete:
need:	[6571, 1030, 7522]	[13488, 885, 6571],delete:
need:,delete:
need:	[14585, 286, 9259]	[9259, 204, 7359],delete:
need:	[11330, 75, 7369]	[8208, 407, 7369]	[6673, 822, 7369]	[7369, 883, 6673]	[31898, 1660, 27183],delete:
need:	[24179, 1683, 36411]	[24179, 1478, 27772],delete:
need:	[1034, 344, 14262]	[20848, 1752, 27049]	[1034, 344, 2544]	[23707, 1595, 20848],delete:
need:	[2899, 824, 935]	[22242, 1752, 22713]	[2899, 1105, 14343]	[22713, 1457, 34157],delete:
need:	[8329, 420, 8119]	[27933, 1403, 21950]	[172, 246, 8119],delete:
need:	[19986, 1403, 25842]	[21950, 1574, 19986]	[172, 758, 7235],delete:
need:,delete:
need:,delete:
need:	[22559, 1505, 30279]	[22559, 1850, 29365]	[8140, 101, 2745],delete:
need:	[1643, 286, 4838]	[1643, 204, 2137]	[21457, 1719, 20224],delete:
need:	[28697, 1738, 28235]	[8421, 75, 6886]	[28773, 1386, 28235],delete:
need:	[4886, 90, 1518]	[21332, 1719, 26259]	[21332, 1784, 34008],delete:
need:	[1534, 619, 533]	[533, 951, 4821]	[20347, 1371, 24635]	[29500, 2296, 20347],delete:
need:,delete:
need:	[8047, 159, 15803]	[27959, 1490, 27861],delete:
need:	[3833, 133, 8545]	[3833, 267, 13411],delete:
need:,delete:
need:	[9354, 1025, 10609],delete:
need:,delete:
need:,delete:
need:	[626, 19, 9916]	[13972, 250, 626]	[20440, 1628, 33786],delete:
need:	[6686, 204, 11288]	[6686, 420, 2136],delete:
need:,delete:
need:,delete:
need:	[26109, 1805, 36586],delete:
need:	[25316, 1752, 21963]	[25552, 1818, 21963]	[2149, 1105, 2096]	[2149, 680, 14458],delete:
need:	[2486, 441, 8501],delete:
need:	[4579, 179, 5766]	[13519, 322, 5766],delete:
need:	[6268, 496, 14285]	[6268, 204, 19259],delete:
need:	[10433, 269, 7114]	[26928, 1451, 34024]	[7022, 269, 7114],delete:
need:	[4316, 485, 12560]	[24130, 1784, 32374],delete:
need:,delete:	[6856, 847, 1978]	[21792, 1718, 20972]
need:	[2426, 159, 2782]	[5426, 537, 2782],delete:
need:,delete:
need:,delete:
need:	[27124, 1796, 29128]	[27124, 1753, 31266]	[7310, 454, 11452],delete:
need:	[8136, 198, 1680]	[12480, 236, 8136]	[8136, 198, 16201]	[32294, 1535, 27950]	[27950, 1389, 32294],delete:
need:	[27903, 1635, 30532]	[8089, 78, 19329]	[10718, 23, 8089],delete:
need:	[8001, 920, 873]	[8001, 496, 5815]	[20687, 1578, 27815]	[27815, 1590, 20687]	[27815, 1795, 31473],delete:
need:	[6524, 485, 16353]	[6524, 236, 9967]	[29781, 1389, 26338],delete:
need:	[21744, 1719, 34685]	[8520, 90, 1930]	[1930, 420, 14871],delete:
need:,delete:
need:,delete:
need:	[3598, 1294, 5422]	[5422, 799, 3598],delete:
need:	[7441, 204, 14612]	[27255, 1544, 34072],delete:
need:,delete:
need:,delete:
need:,delete:
need:	[12573, 90, 4561]	[24375, 1730, 32387]	[32387, 1389, 24375],delete:
need:	[7528, 537, 12485]	[12485, 159, 7528]	[32299, 1628, 27342],delete:
need:,delete:
need:,delete:
need:	[3684, 364, 2007]	[28286, 1677, 21821]	[2007, 496, 8472],delete:
need:	[9827, 1037, 1900]	[115, 1238, 1900]	[7317, 677, 1900]	[21714, 1675, 37538]	[29641, 1893, 21714]	[19929, 1718, 21714],delete:
need:	[6684, 288, 9431]	[25687, 1404, 29245],delete:
need:	[5412, 1050, 6129]	[5867, 288, 6129]	[25943, 1404, 25681],delete:
need:,delete:
need:,delete:
need:	[9202, 90, 5558]	[25372, 1389, 23745]	[21724, 1389, 25372],delete:
need:	[19944, 1507, 33467]	[130, 1294, 13653]	[33467, 1578, 19944],delete:
need:,delete:
need:	[207, 680, 8166]	[207, 824, 10912]	[207, 892, 13576]	[20021, 1633, 22808]	[32315, 1915, 20021]	[20021, 1363, 35693],delete:
need:	[26534, 1389, 26388]	[26534, 1389, 32630],delete:
need:	[34313, 1740, 21110],delete:
need:	[27665, 1628, 20195],delete:
need:,delete:
need:	[27275, 1858, 21504]	[7461, 714, 1690],delete:
need:	[31061, 1459, 25024]	[11158, 288, 5210],delete:
need:	[7587, 204, 578]	[27401, 1784, 36558],delete:
need:,delete:
need:	[10956, 714, 10070]	[1226, 714, 10070],delete:
need:	[9151, 384, 7946],delete:
need:	[8518, 159, 6484],delete:
need:,delete:	[2925, 784, 11811]	[9573, 704, 2925]	[13088, 704, 2925]	[32902, 1631, 22739]	[25845, 1631, 22739]	[22739, 1520, 27056]	[29387, 1631, 22739]	[22739, 1390, 39016]	[22739, 1718, 22702]	[22739, 1390, 27056]	[22739, 1390, 20927]	[22739, 1520, 39016]
need:,delete:
need:	[14307, 653, 3581]	[23395, 1677, 34121],delete:
need:,delete:
need:	[25685, 1502, 33036],delete:
need:	[2052, 711, 3019],delete:
need:,delete:
need:,delete:
need:,delete:
need:,delete:
need:,delete:
need:	[11326, 322, 9509]	[29323, 1400, 27650]	[29323, 1431, 31289],delete:
need:	[9803, 417, 15209]	[12959, 1162, 9803]	[32773, 1696, 29617],delete:
need:	[9603, 376, 5754]	[9603, 29, 6366],delete:
need:	[7967, 496, 5235]	[12247, 159, 7967]	[32061, 1628, 27781],delete:
need:	[30676, 1313, 29390],delete:
need:,delete:
need:,delete:
need:	[3122, 717, 1161]	[22936, 1872, 26587],delete:
need:,delete:
need:,delete:	[10053, 626, 13827]	[10053, 824, 935]	[29867, 1645, 36142]	[29867, 1645, 39080]
need:	[21252, 1418, 27778],delete:
need:	[8219, 832, 5801]	[891, 189, 8219]	[4058, 189, 8219]	[20705, 1488, 28033]	[28033, 1325, 25615],delete:
need:,delete:
need:,delete:	[31164, 1808, 28007]
need:	[9748, 1222, 13443]	[9748, 1162, 3049]	[29562, 1578, 33257]	[29562, 1578, 35699],delete:
need:	[13754, 485, 4428]	[33568, 1784, 24242]	[25307, 1784, 24242]	[26745, 1784, 24242],delete:
need:,delete:
need:,delete:
need:	[3457, 56, 12604]	[3457, 458, 14318]	[23271, 1865, 30162]	[32418, 1612, 23271],delete:
need:	[29573, 1628, 32779]	[32514, 1549, 29573],delete:
need:	[21798, 1679, 31123]	[2933, 1105, 1984],delete:
need:,delete:
need:,delete:	[4102, 1292, 16424]
need:,delete:
need:,delete:
need:	[4789, 1162, 8295],delete:
need:	[3608, 141, 19706]	[3608, 90, 13036],delete:
need:	[6571, 1030, 7522]	[6571, 1216, 3185]	[13488, 885, 6571],delete:
need:,delete:
need:	[7725, 286, 9259]	[9259, 485, 8484],delete:
need:	[11330, 75, 7369]	[8208, 407, 7369]	[7369, 883, 6673]	[31898, 1660, 27183]	[28022, 1706, 27183],delete:
need:	[4365, 179, 7958]	[24179, 1683, 36411],delete:
need:	[20848, 1560, 25168]	[20848, 1560, 33576]	[20848, 1560, 26405],delete:
need:	[2899, 824, 935]	[22713, 1345, 20749]	[2899, 1105, 14343]	[22242, 1752, 22713],delete:
need:	[172, 246, 8119]	[27933, 1403, 25842],delete:
need:	[172, 758, 8855]	[27933, 1714, 19986]	[172, 758, 7235],delete:
need:,delete:
need:,delete:
need:	[22559, 1850, 29365]	[32599, 1400, 22559]	[8140, 101, 2745]	[22559, 1725, 24222],delete:
need:	[1643, 204, 2137]	[21457, 1719, 20224],delete:
need:	[28235, 1390, 25006]	[8421, 87, 13290]	[31144, 1738, 28235],delete:
need:	[4886, 90, 1518]	[21332, 1784, 34008],delete:
need:	[5654, 847, 533]	[1534, 619, 533]	[533, 951, 4821]	[20347, 1766, 38743]	[25468, 2296, 20347],delete:
need:,delete:
need:	[27861, 1490, 27959]	[8047, 537, 15803],delete:
need:	[3833, 267, 8545]	[3833, 267, 13411],delete:
need:,delete:
need:,delete:	[14982, 1276, 9354]	[30919, 2182, 29168]
need:,delete:
