need:	[25217, 1416, 21754]	[5403, 677, 42],delete:
need:	[23077, 1320, 39046]	[23077, 1320, 35127],delete:
need:,delete:
need:,delete:
need:,delete:
need:,delete:
need:	[24924, 1361, 20547]	[24924, 1361, 31738]	[5110, 62, 11924],delete:
need:	[667, 1173, 12007],delete:
need:	[4346, 537, 2423],delete:
need:,delete:
need:	[6750, 485, 15271]	[34510, 1424, 26564]	[14696, 286, 6750]	[26564, 1719, 26259],delete:
need:,delete:
need:	[23958, 2132, 35139]	[23958, 2104, 37644]	[4144, 872, 16989]	[23958, 1655, 20231],delete:
need:	[4439, 1127, 15278]	[12269, 572, 4439]	[12389, 519, 4439],delete:
need:	[8248, 420, 14871]	[8248, 420, 410],delete:
need:	[31677, 1386, 27767]	[27767, 1847, 31677],delete:
need:,delete:
need:	[7873, 420, 6445]	[10106, 90, 7873]	[27687, 1535, 29920],delete:
need:	[8151, 642, 12143],delete:
need:,delete:
need:,delete:
need:,delete:
need:	[11270, 204, 8419]	[30323, 1503, 28233]	[31084, 1503, 28233],delete:
need:,delete:
need:,delete:	[3134, 420, 6905]	[6905, 495, 6906]	[6905, 104, 1653]	[1550, 246, 6905]	[9192, 495, 6905]	[8284, 420, 6905]	[26719, 1403, 21467]	[11882, 420, 6905]
need:	[12644, 600, 1070]	[20884, 1549, 35079]	[32458, 1549, 20884],delete:
need:	[1518, 420, 6445],delete:
need:	[4656, 1222, 19721]	[4656, 1162, 13380],delete:
need:	[34490, 1458, 27137],delete:
need:,delete:
need:,delete:	[3670, 420, 9192]	[9149, 485, 3670]	[2071, 485, 3670]	[3670, 11, 1605]	[23484, 1719, 29006]
need:,delete:
need:	[20256, 1544, 31007]	[20256, 1668, 35181],delete:
need:	[32581, 1549, 27528],delete:
need:	[6062, 1162, 10593]	[25876, 1696, 30407],delete:
need:	[22815, 1361, 30386]	[22815, 1361, 24482]	[26473, 1684, 22815],delete:
need:,delete:	[20120, 1719, 34685]	[20120, 1719, 20224]
need:	[33427, 1503, 20488]	[13613, 204, 674]	[674, 420, 2136],delete:
need:,delete:
need:	[30877, 1725, 21919]	[32900, 1725, 21919]	[33139, 1725, 21919]	[11063, 883, 2105],delete:
need:	[20829, 1880, 21122]	[21122, 1432, 20829],delete:
need:	[28399, 1793, 24729]	[28399, 1573, 31226],delete:
need:,delete:
need:,delete:
need:	[3365, 690, 2120]	[32090, 1578, 23179],delete:
need:	[5024, 420, 9192]	[5024, 420, 410]	[24838, 1719, 20224],delete:
need:	[33986, 1406, 25945]	[25945, 1719, 21950]	[6131, 420, 2136],delete:
need:	[30857, 1503, 27022]	[32605, 1503, 27022]	[11043, 204, 7208],delete:
need:	[26353, 2130, 39234],delete:
need:,delete:
need:	[26735, 1719, 20224]	[14219, 107, 6921],delete:
need:	[8282, 420, 4512]	[34379, 1503, 28096]	[32275, 1503, 28096],delete:
need:,delete:
need:,delete:	[2816, 1208, 6376]	[22630, 2113, 31864]	[22630, 2113, 27049]
need:,delete:
need:	[31584, 1795, 28400]	[28400, 1424, 31584],delete:
need:,delete:
need:	[45, 420, 4727]	[19859, 1719, 24541],delete:
need:	[3380, 760, 10995]	[10995, 714, 3380],delete:
need:	[7664, 138, 1113]	[4313, 20, 1113]	[4964, 729, 1113]	[11811, 729, 1113],delete:
need:,delete:
need:	[7864, 1127, 4952]	[7864, 714, 11807],delete:
need:	[3615, 497, 9700]	[12536, 530, 9700]	[32350, 1829, 29514]	[12007, 1054, 9700],delete:
need:	[28876, 1503, 34529],delete:
need:,delete:
need:,delete:	[9346, 698, 12628]	[20620, 1608, 29160]
need:,delete:
need:	[7776, 420, 5656]	[27590, 1719, 26719],delete:
need:	[30219, 1467, 30091]	[30091, 1684, 27045],delete:
need:,delete:	[26107, 2028, 39296]	[26107, 1950, 39296]
need:,delete:
need:	[34592, 1668, 23246]	[3432, 1199, 10414],delete:
need:	[33692, 1836, 22464]	[22464, 1458, 33692],delete:
need:,delete:
need:,delete:
need:	[20257, 1719, 20224]	[20257, 1719, 34685],delete:
need:,delete:
need:,delete:	[22938, 1754, 24725]	[22938, 2413, 32785]
need:	[14873, 1185, 5832]	[34687, 2353, 25646]	[25646, 1318, 35124],delete:
need:,delete:
need:,delete:
need:	[3209, 420, 1182]	[23023, 1585, 34621],delete:
need:	[12823, 453, 9764]	[9764, 885, 4852]	[29578, 1304, 24666]	[24666, 1520, 29578],delete:
need:	[24708, 1696, 28637]	[23663, 1696, 28637],delete:
need:,delete:
need:,delete:
need:,delete:	[21302, 1799, 22254]	[24758, 1799, 22254]
need:	[8255, 497, 9700]	[8255, 376, 12153]	[31967, 1624, 28069]	[28069, 2344, 25103]	[28069, 1367, 25273],delete:
need:,delete:
need:	[34201, 1452, 29588]	[29588, 1847, 34201],delete:
need:	[14461, 202, 3658]	[1754, 202, 3658]	[5131, 202, 3658]	[24945, 1501, 23472]	[34528, 1501, 23472],delete:
need:,delete:
need:	[32025, 1505, 26642]	[7443, 322, 6828],delete:
need:,delete:	[4214, 612, 16898]
need:,delete:
need:	[32276, 2343, 25194]	[7956, 306, 5380]	[27770, 1605, 25194]	[22198, 1605, 25194],delete:
need:	[10072, 420, 1653]	[29886, 1719, 21467],delete:
need:,delete:
need:,delete:	[5758, 404, 5543]	[5758, 404, 12049]	[5758, 404, 1940]	[5758, 404, 3370]	[5758, 404, 4464]	[25572, 1703, 31863]	[25572, 1703, 27049]	[25572, 1413, 38799]	[31054, 1719, 25572]	[25572, 1703, 24589]
need:	[8382, 920, 13799]	[28196, 1590, 33613],delete:
need:,delete:
need:	[12453, 537, 466]	[20280, 1464, 34607]	[466, 159, 6272],delete:
need:	[33002, 1804, 24532]	[4718, 951, 7191],delete:
need:	[7083, 421, 7231]	[7083, 62, 7815]	[14325, 985, 7083]	[7083, 62, 12284]	[7083, 62, 14325],delete:
need:,delete:
need:,delete:
need:	[3160, 794, 3293]	[3293, 653, 3160],delete:
need:	[3310, 883, 10702]	[23124, 2250, 30516],delete:
need:,delete:
need:	[5374, 114, 17421]	[34096, 1299, 25188]	[11608, 0, 5374]	[5374, 84, 14282],delete:
need:,delete:
need:,delete:
need:,delete:
need:	[11362, 711, 8550]	[8550, 1017, 11727],delete:
need:,delete:
need:,delete:
need:,delete:
need:,delete:	[1456, 336, 1484]	[1484, 23, 1456]
need:	[3391, 706, 5931]	[11951, 341, 5931]	[13162, 385, 5931]	[10494, 985, 5931]	[4393, 985, 5931]	[23205, 1720, 25745],delete:
need:	[7943, 420, 9192]	[27757, 1719, 20224]	[27757, 1719, 34685],delete:
need:,delete:
need:	[13653, 959, 130]	[19944, 1507, 33467]	[34442, 1605, 19944],delete:
need:,delete:
need:	[14920, 653, 10371],delete:
need:	[13860, 717, 6552]	[6552, 529, 11894]	[10931, 717, 6552]	[31708, 1872, 26366]	[33674, 1872, 26366]	[30745, 1872, 26366],delete:
need:,delete:
need:	[12083, 464, 956]	[20770, 1795, 37118],delete:
need:	[31185, 1404, 21607]	[21607, 1609, 31185]	[33934, 1609, 21607],delete:
need:	[28066, 1439, 34524]	[10557, 217, 8252]	[30371, 1516, 28066]	[8252, 687, 14710],delete:
need:	[7180, 236, 5330]	[26994, 1389, 30358]	[25126, 1389, 26994],delete:
need:	[11066, 768, 8598],delete:
need:,delete:
need:	[10409, 1062, 13003]	[30223, 1485, 32817],delete:
need:	[8991, 1205, 12770]	[28805, 1625, 20668],delete:
need:,delete:
need:,delete:
need:	[7629, 420, 1653]	[27443, 1719, 21364]	[27443, 1730, 33680],delete:
need:	[6981, 344, 877]	[26795, 1560, 25168],delete:
need:	[33351, 1628, 26298],delete:
need:,delete:
need:	[29593, 1730, 33191]	[9779, 420, 9192]	[34659, 1503, 29593],delete:
need:,delete:	[14912, 1126, 10165]	[29979, 2309, 20458]	[10165, 1036, 14912]
need:,delete:
need:,delete:
need:,delete:
need:,delete:
need:	[1030, 1147, 1057]	[1057, 1226, 1030],delete:
need:,delete:
need:	[4972, 204, 10507],delete:
need:	[3882, 420, 14810]	[23696, 1719, 34187],delete:
need:,delete:
need:	[4211, 506, 11831]	[24025, 1805, 31645],delete:
need:,delete:
need:,delete:	[25955, 1938, 33199]	[6141, 938, 13385]	[6141, 987, 16840]	[25955, 1902, 35983]
need:,delete:
need:	[10935, 245, 9753]	[30749, 1544, 29567],delete:
need:	[6214, 277, 7961]	[26028, 1576, 27775]	[26028, 1796, 33662],delete:
need:,delete:	[23145, 1643, 33859]	[23145, 1752, 27194]	[27194, 1645, 23145]
need:	[12159, 90, 8562]	[28376, 1719, 24247],delete:
need:	[1809, 563, 16100]	[1809, 217, 14904],delete:
need:,delete:
need:,delete:
need:,delete:
need:,delete:
need:,delete:	[4217, 485, 17565]	[4217, 107, 19481]	[4217, 204, 4366]	[4217, 420, 6445]	[4217, 204, 19481]	[24031, 1585, 31856]	[24031, 1719, 21950]	[24031, 1719, 28524]	[24031, 1719, 26259]
need:	[14512, 100, 8266]	[8266, 485, 14512]	[28080, 1784, 34326],delete:
need:	[195, 87, 10750],delete:
need:,delete:
need:	[3880, 62, 11210]	[11210, 985, 3880]	[31024, 1684, 23694],delete:
need:,delete:
need:,delete:
need:	[6304, 725, 14187]	[6304, 1152, 14233]	[26118, 1432, 30934]	[26118, 1378, 34047],delete:
need:	[31940, 1631, 25428]	[12126, 704, 5614],delete:
need:	[24001, 1406, 33476]	[4187, 420, 6905],delete:
need:,delete:
need:	[22200, 1725, 28875]	[9061, 1159, 960]	[2386, 368, 9061],delete:
need:,delete:
need:	[26049, 1650, 36768]	[10961, 119, 6235],delete:
need:	[31321, 1795, 21999]	[21999, 1503, 32197]	[21999, 1585, 31321]	[21999, 1784, 30118],delete:
need:,delete:
need:	[7641, 828, 14871]	[27455, 1719, 34685],delete:
need:	[9696, 421, 7231]	[3135, 985, 9696]	[1821, 385, 9696]	[13059, 985, 9696]	[9696, 706, 7231]	[13707, 985, 9696]	[11210, 985, 9696]	[32137, 1684, 29510]	[34502, 1684, 29510]	[33628, 1684, 29510],delete:
need:	[28047, 1784, 36558]	[8233, 420, 6905]	[28047, 1719, 26719],delete:
need:,delete:
need:,delete:
need:	[4095, 351, 4490],delete:
need:	[29178, 1866, 33444]	[9364, 880, 13630]	[33444, 1409, 29178],delete:
need:	[8342, 420, 8417]	[28156, 1719, 28231],delete:
need:,delete:
need:,delete:
need:,delete:
need:	[33410, 1862, 29758]	[33110, 1872, 29758],delete:
need:	[794, 464, 1685]	[20608, 1503, 27749]	[20608, 1544, 33061],delete:
need:	[31331, 1628, 23064]	[3250, 537, 11517]	[23064, 1806, 27049],delete:
need:	[7239, 537, 14141]	[27053, 1824, 33955],delete:
need:,delete:
need:,delete:	[24994, 2181, 26593]	[5180, 1015, 6779]
need:,delete:
need:	[213, 537, 13974]	[33788, 1458, 20027]	[20027, 1851, 26552]	[26552, 1685, 20027],delete:
need:	[29923, 1719, 26719]	[10109, 420, 6905],delete:
need:,delete:
need:	[4064, 78, 19329]	[23878, 1635, 39054],delete:
need:	[23301, 1503, 33203]	[3487, 420, 9192]	[3487, 204, 13389],delete:
need:,delete:
need:	[26906, 1458, 26208]	[26906, 1481, 32141],delete:
need:,delete:
need:	[7750, 62, 4973]	[14740, 62, 4973],delete:
need:	[11757, 714, 3762],delete:
need:	[28134, 1847, 31092]	[31092, 1452, 28134],delete:
need:,delete:
need:	[8133, 421, 7231]	[8133, 62, 12851]	[14688, 985, 8133]	[30411, 1684, 27947]	[27947, 1361, 32665],delete:
need:,delete:	[6989, 832, 4875]	[6989, 1068, 8251]
need:,delete:
need:	[1571, 883, 11988]	[3940, 869, 1571]	[11696, 1222, 1571]	[21385, 2079, 31802]	[23754, 2328, 21385],delete:
need:	[4306, 1173, 4453],delete:
need:	[1014, 717, 13407]	[1014, 717, 366]	[20828, 1872, 30647],delete:
need:,delete:
need:	[31941, 1811, 24843]	[5029, 438, 12127]	[12127, 512, 5029]	[24843, 1737, 31941],delete:
need:,delete:
need:,delete:
need:	[14731, 1078, 318]	[318, 704, 6029]	[318, 704, 1773]	[20132, 1978, 34545]	[20132, 1631, 23920],delete:
need:	[13776, 341, 8625]	[33590, 1640, 28439]	[28439, 1586, 23700],delete:
need:,delete:
need:	[6653, 736, 10788],delete:
need:	[31239, 1696, 24751]	[11425, 1162, 4937],delete:
need:	[7380, 1127, 15735]	[30619, 1818, 27194]	[10805, 1062, 7380]	[27194, 1363, 36100],delete:
need:,delete:
need:,delete:	[7424, 849, 17140]	[7424, 699, 12246]	[7424, 951, 4821]	[27238, 1808, 32060]	[27238, 1375, 34591]
need:	[4554, 420, 2136]	[4554, 125, 7126]	[24368, 1719, 21950],delete:
need:	[11994, 1017, 2402],delete:
need:	[3718, 102, 9214]	[3718, 563, 9214],delete:
need:	[8893, 1050, 5674]	[10448, 1122, 5674]	[31739, 1383, 25488]	[25488, 1408, 31739]	[25488, 1404, 38361]	[30262, 1731, 25488],delete:
need:	[29399, 1431, 34769]	[5390, 1222, 9585],delete:
need:,delete:
need:	[28219, 1862, 34421]	[8405, 542, 13513],delete:
need:	[9335, 105, 14385]	[34199, 1609, 29149]	[29149, 1404, 34199]	[9335, 500, 12783],delete:
need:,delete:	[5649, 1235, 3171]
need:	[3052, 707, 12301]	[22866, 1646, 32115]	[32115, 1590, 22866]	[22866, 1646, 22738],delete:
need:	[29961, 1406, 27267]	[29961, 1585, 26032],delete:
need:,delete:
need:	[2175, 1294, 14247],delete:
need:	[3276, 1168, 13180]	[3276, 600, 16524]	[3276, 1147, 13808]	[13808, 600, 3276]	[23090, 1628, 33622]	[23090, 1958, 24027],delete:
need:,delete:
need:	[11200, 537, 7313]	[7313, 537, 10781]	[30595, 1458, 27127]	[27127, 1836, 30595]	[26159, 1836, 27127]	[27127, 1795, 25236]	[27127, 1836, 24737]	[27127, 2342, 38835],delete:
need:,delete:	[4480, 1035, 13967]
need:	[8967, 824, 8832]	[8832, 344, 14045]	[28314, 1345, 28646]	[28646, 1560, 27188]	[28646, 1560, 36716],delete:
need:,delete:
need:,delete:
need:,delete:
need:	[10142, 333, 9291]	[4570, 101, 10142],delete:
need:	[10694, 563, 412]	[30508, 1862, 20226]	[30882, 1872, 20226],delete:
need:,delete:
need:	[5672, 420, 3277]	[5672, 90, 10675]	[25486, 1389, 30489],delete:
need:,delete:
need:,delete:
need:	[4648, 1091, 9594]	[11108, 1252, 4648]	[24462, 1872, 30922],delete:
need:,delete:
need:,delete:
need:,delete:
need:	[7986, 885, 1],delete:
need:,delete:
need:,delete:
need:	[30395, 1804, 22093],delete:
need:,delete:	[9266, 261, 8174]	[9266, 261, 13548]	[28794, 2096, 29080]	[29080, 1560, 33362]	[28794, 1674, 29080]	[23406, 1674, 29080]	[23482, 1674, 29080]
need:,delete:
need:	[9608, 883, 13191]	[29422, 1725, 39474],delete:
need:	[8366, 87, 8989]	[8366, 87, 12099],delete:
need:	[3155, 406, 1219]	[21033, 1795, 32495],delete:
need:,delete:
need:,delete:	[3475, 556, 7087]
need:,delete:
need:,delete:
need:	[4456, 62, 1937]	[1937, 985, 7231],delete:
need:	[5450, 506, 18691],delete:
need:,delete:
need:,delete:	[25649, 2355, 31825]	[25649, 1872, 29379]
need:,delete:
need:,delete:	[24972, 1752, 31692]	[24972, 1643, 33859]	[32499, 1645, 24972]
need:	[4443, 1173, 4005]	[4443, 1173, 18962]	[24257, 1318, 38521],delete:
need:	[10179, 420, 6905]	[10179, 420, 1653],delete:
need:,delete:
need:,delete:
need:	[3352, 90, 8434]	[3352, 90, 14997]	[23166, 1389, 23545],delete:
need:	[1700, 159, 6334],delete:
need:	[31297, 1850, 23190]	[11483, 1225, 3376]	[23190, 1796, 29860],delete:
need:,delete:
need:	[32808, 1549, 28386]	[8572, 589, 15422],delete:
need:	[9530, 153, 11657]	[29344, 1390, 36565],delete:
need:,delete:
need:	[10763, 717, 5355]	[25169, 1696, 23870]	[30577, 1872, 25169],delete:
need:	[4216, 717, 13053]	[4216, 717, 11370]	[24030, 1872, 32867]	[24030, 1872, 31500]	[24030, 1872, 31184],delete:
need:	[21037, 2072, 34632],delete:
need:	[26505, 1719, 21914]	[8425, 90, 6691],delete:
need:	[3139, 537, 14123]	[14123, 159, 3139],delete:
need:	[23686, 1876, 19873]	[31348, 1609, 23686]	[23686, 1609, 38687],delete:
need:	[9636, 420, 9192]	[30413, 1535, 29450],delete:
need:,delete:
need:	[5463, 420, 4512]	[25277, 1719, 21467]	[25277, 1719, 24326],delete:
need:	[12044, 1072, 1865]	[31858, 2101, 21679]	[21182, 2101, 21679],delete:
need:	[4165, 1015, 9274]	[23979, 2009, 29483],delete:
need:,delete:
need:	[12469, 1252, 4212],delete:
need:	[7412, 420, 9192]	[27226, 1795, 31648]	[11834, 125, 7412]	[31648, 1424, 27226],delete:
need:	[3244, 101, 13215]	[3422, 261, 3244],delete:
need:,delete:
need:,delete:	[12014, 698, 7212]	[12556, 698, 7212]	[14440, 717, 7212]	[7212, 698, 12556]	[7212, 698, 10180]	[7212, 698, 105]	[34254, 1872, 27026]	[32237, 2242, 27026]
need:,delete:
need:	[4448, 107, 19182]	[24262, 1503, 38229],delete:
need:,delete:
need:,delete:	[1418, 419, 9452]	[2795, 89, 1418]	[28317, 1388, 21232]	[30969, 1388, 21232]
need:	[1907, 485, 1018]	[21721, 1784, 20832]	[21721, 1503, 34449],delete:
need:,delete:	[23028, 1719, 26719]	[23028, 1413, 32213]
need:,delete:
need:,delete:
need:,delete:
need:	[9458, 542, 2438]	[9458, 106, 12535],delete:
need:	[34261, 1631, 28595],delete:
need:,delete:	[538, 420, 8369]	[538, 420, 8194]
need:	[9691, 1222, 8488]	[28302, 1725, 29740],delete:
need:,delete:
need:,delete:
need:	[6497, 959, 6290]	[22621, 1608, 26311],delete:
need:,delete:
need:	[24923, 1795, 36672]	[30677, 1628, 24923],delete:
need:	[3663, 537, 14597],delete:
need:,delete:	[2318, 679, 14228]	[2318, 702, 417]	[2318, 723, 12691]	[22132, 1706, 24794]	[22132, 1656, 34042]	[22132, 1655, 20231]	[22132, 1706, 20179]	[22132, 2132, 37334]
need:,delete:
need:	[721, 179, 5843],delete:
need:	[9358, 420, 2136]	[9358, 107, 12421]	[29172, 1406, 32235],delete:
need:	[1513, 204, 14939],delete:
need:,delete:
need:	[13828, 153, 9468]	[9468, 153, 6747]	[9468, 548, 13828],delete:
need:	[26688, 1655, 33782]	[6874, 356, 13968],delete:
need:	[12162, 870, 6387]	[31976, 1566, 26201],delete:
need:	[1007, 885, 17995],delete:
need:,delete:
need:,delete:
need:,delete:
need:	[711, 87, 12748],delete:
need:	[11531, 537, 8493]	[8493, 537, 11531],delete:
need:	[9516, 236, 12122]	[29330, 1909, 31936]	[29330, 1909, 31299],delete:
need:	[9134, 653, 8707],delete:
need:,delete:
need:,delete:	[3879, 717, 4047]	[24066, 2242, 23861]
need:	[26084, 1684, 20880],delete:
need:	[4438, 356, 13279]	[33093, 1820, 24252],delete:
need:	[25043, 1784, 38700]	[6724, 286, 5229],delete:
need:,delete:
need:,delete:	[3421, 236, 13921]	[3421, 420, 1182]	[3421, 90, 1920]	[3421, 236, 7220]	[23235, 1719, 20996]	[23235, 1719, 25986]
need:	[6606, 339, 9385]	[25740, 1705, 29199]	[20571, 1795, 29199],delete:
need:	[30473, 1696, 29382]	[12667, 1183, 9568],delete:
need:,delete:
need:,delete:	[30213, 1605, 26961]	[30213, 1605, 27652]	[10399, 306, 13711]	[30213, 1605, 33525]
need:	[23655, 1578, 30774]	[6793, 1294, 3841]	[23655, 1696, 27027],delete:
need:,delete:
need:	[8220, 189, 7819]	[8220, 420, 9192]	[8220, 420, 410]	[28034, 1719, 29006]	[28034, 1488, 20589]	[28034, 1784, 38446],delete:
need:,delete:
need:	[8526, 62, 7815]	[8526, 62, 6790]	[10597, 385, 8526],delete:
need:,delete:
need:	[3153, 725, 12102]	[22967, 1618, 31916],delete:
need:,delete:
need:	[32117, 2157, 21839]	[12303, 988, 2025]	[29565, 2157, 21839],delete:
need:,delete:
need:,delete:
need:,delete:
need:	[23981, 1390, 37852]	[4167, 636, 10336],delete:
need:	[6030, 426, 7684]	[25844, 1725, 27498]	[2333, 306, 6030],delete:
need:,delete:	[21941, 1859, 30786]	[21941, 1859, 34828]	[21941, 1859, 25392]
need:,delete:
need:,delete:	[3325, 1222, 8866]
need:	[1855, 420, 2136]	[1855, 204, 13389]	[21669, 1719, 29006]	[21669, 1503, 33203],delete:
need:,delete:
need:,delete:
need:	[21463, 1725, 34618],delete:
need:,delete:
need:	[11832, 537, 6126]	[14293, 537, 6126]	[6126, 159, 14293]	[25940, 1628, 34107]	[34107, 1549, 25940],delete:
need:	[24355, 1503, 24180]	[24355, 1424, 31856]	[4541, 286, 12042],delete:
need:	[1915, 109, 10501],delete:
need:,delete:
need:,delete:
need:	[33786, 1628, 25725]	[27930, 1836, 25725]	[25725, 1458, 27930]	[25725, 1476, 39429]	[25725, 1628, 27930]	[25725, 1836, 33786]	[27930, 1549, 25725]	[33786, 1458, 25725],delete:
need:,delete:
need:	[10920, 714, 6995]	[30734, 1628, 26809],delete:
need:	[3134, 420, 410]	[3134, 420, 6905],delete:
need:	[12825, 101, 3987]	[23801, 2009, 36488]	[32639, 1400, 23801],delete:
need:,delete:
need:	[128, 420, 2136]	[128, 420, 9192]	[33750, 1544, 19942],delete:
need:	[32996, 1458, 22877],delete:
need:,delete:	[11304, 1255, 237]	[21521, 1390, 20051]
need:	[26859, 1458, 28161]	[22100, 1549, 28161]	[22100, 1836, 28161],delete:
need:	[33921, 1761, 29485]	[14107, 462, 9671],delete:
need:	[4904, 1273, 12513]	[4904, 847, 13345]	[24718, 1375, 28318]	[24718, 1420, 37820]	[24718, 2296, 33159]	[24718, 1668, 32327],delete:
need:,delete:	[14114, 90, 7095]
need:,delete:
need:,delete:
need:	[7497, 420, 410]	[7497, 245, 4132]	[27311, 1719, 20224]	[27311, 1719, 34685],delete:
need:	[11259, 89, 4938]	[31073, 1670, 24752],delete:
need:	[6894, 537, 14254]	[34068, 1458, 26708]	[34068, 1628, 26708],delete:
need:,delete:
need:,delete:
need:,delete:
need:	[3765, 1202, 8504]	[3765, 1202, 6611]	[3765, 1202, 14567],delete:
need:	[11818, 204, 4842]	[31632, 1503, 24656],delete:
need:,delete:
need:	[2383, 420, 9192]	[22197, 1488, 32430]	[2383, 189, 8021],delete:
need:,delete:
need:,delete:
need:,delete:
need:	[305, 1091, 10290]	[10669, 64, 10290],delete:
need:	[26524, 1836, 34550]	[4032, 959, 6710],delete:
need:,delete:
need:,delete:
need:,delete:
need:	[5495, 985, 2558]	[25309, 1684, 21642]	[5495, 985, 15378]	[5495, 985, 1828],delete:
need:,delete:
need:,delete:
need:	[27302, 1516, 27594],delete:
need:	[14726, 341, 1987]	[12593, 341, 1987]	[6455, 341, 1987]	[21801, 1549, 28021]	[26766, 1628, 21801]	[34540, 1640, 21801]	[25841, 1458, 21801]	[32407, 1640, 21801],delete:
need:	[10384, 420, 6445]	[30198, 1784, 39494]	[10384, 420, 2136],delete:
need:	[679, 420, 9192]	[20493, 1719, 26719],delete:
need:	[4209, 939, 12722]	[13118, 537, 4209],delete:
need:,delete:
need:	[12516, 794, 1107],delete:
need:	[6607, 939, 7077]	[26891, 1628, 26731],delete:
need:,delete:
need:	[8540, 1162, 12366]	[8540, 1252, 12799]	[32613, 1432, 28354],delete:
need:,delete:	[11304, 1255, 2861]	[22675, 2145, 34947]	[24259, 1390, 22675]
need:,delete:
need:	[11740, 159, 6861]	[26675, 1458, 26997]	[6861, 159, 7183],delete:
need:,delete:
need:,delete:
need:	[987, 89, 14466]	[20801, 1388, 34280],delete:
need:,delete:
need:	[7463, 236, 12145]	[7463, 431, 16491],delete:
need:	[2656, 89, 19625]	[22470, 1388, 38967],delete:
need:,delete:
need:,delete:
need:	[2518, 204, 7314]	[2518, 420, 2136],delete:
need:,delete:
need:,delete:
need:	[28630, 1655, 20231]	[28630, 2132, 29828]	[10014, 1243, 8816]	[8816, 872, 10014],delete:
need:	[26839, 1316, 25424]	[25424, 1450, 26839]	[4664, 1050, 5610],delete:
need:,delete:
need:,delete:
need:	[5213, 1031, 10362],delete:
need:,delete:
need:	[26429, 1386, 22951]	[22951, 1738, 26429]	[6615, 89, 6222]	[6615, 330, 6222],delete:
need:	[6834, 883, 14670]	[6834, 883, 17184],delete:
need:	[2432, 642, 1608],delete:
need:,delete:
need:,delete:
need:,delete:
need:	[24547, 1719, 22236]	[24547, 1719, 34685]	[4733, 90, 11524],delete:
need:,delete:
need:	[26849, 1719, 26719]	[7035, 420, 3639]	[7035, 420, 13735],delete:
need:,delete:
need:	[11815, 482, 3708]	[13695, 939, 3708],delete:
need:,delete:
need:	[2963, 271, 7426]	[22777, 1395, 22122],delete:
need:,delete:	[27228, 1719, 31615]	[27228, 1719, 21950]
need:,delete:
need:	[25020, 1399, 32146]	[30762, 2159, 25020],delete:
need:,delete:
need:	[6573, 653, 4385]	[24199, 1744, 31479],delete:
need:	[14330, 159, 449]	[20263, 1836, 36702],delete:
need:	[32175, 1778, 26265]	[12361, 479, 6451],delete:
need:,delete:
need:	[968, 420, 6906]	[968, 236, 11979]	[20782, 1719, 26720],delete:
need:	[3457, 56, 12604],delete:
need:,delete:
need:	[29532, 1684, 27045],delete:
need:	[34232, 1397, 25804]	[3373, 707, 5990]	[5990, 893, 14418],delete:
need:	[26458, 1378, 33150]	[6644, 1152, 13336],delete:
need:,delete:
need:,delete:
need:,delete:
need:,delete:
need:	[20934, 1650, 28810],delete:
need:	[28698, 1640, 23425]	[3611, 537, 13306]	[28480, 1836, 23425],delete:
need:,delete:
need:	[25977, 1784, 34257]	[25977, 1719, 19951]	[6163, 420, 137],delete:
need:,delete:
need:,delete:
need:	[34002, 1836, 26967],delete:
need:	[6987, 653, 4352]	[24166, 1679, 26801],delete:
need:	[5746, 1252, 12490]	[9443, 563, 5746]	[32304, 1872, 25560],delete:
need:	[30129, 1386, 33356],delete:
need:,delete:
need:	[5654, 847, 533]	[20347, 1371, 24635]	[25468, 2296, 20347],delete:
need:	[30351, 2132, 20369]	[10537, 872, 555]	[555, 1243, 10537],delete:
need:,delete:
need:	[2436, 496, 1096]	[1096, 1161, 10390]	[4090, 537, 1096]	[20910, 2344, 20767],delete:
need:,delete:
need:	[5666, 801, 5966]	[21958, 1318, 25780],delete:
need:,delete:
need:,delete:
need:,delete:
need:	[571, 420, 9192]	[571, 189, 7819]	[571, 420, 4512]	[20385, 1488, 27835]	[20385, 1719, 26259],delete:
need:	[10748, 466, 1761]	[12861, 721, 1761]	[30562, 1641, 21575]	[11181, 721, 1761],delete:
need:	[23480, 1719, 25842]	[23480, 1503, 33343]	[3666, 420, 6028]	[23480, 1784, 38446],delete:
need:	[24141, 1578, 32334]	[14819, 687, 4327]	[34633, 1862, 24141],delete:
need:	[21234, 1719, 26719]	[1420, 420, 6905],delete:
need:	[33246, 1725, 25774]	[14451, 883, 5960]	[5960, 764, 13432]	[13831, 101, 5960],delete:
need:,delete:
need:	[11660, 729, 4862]	[31474, 1390, 24676],delete:
need:,delete:
need:	[387, 420, 6905]	[387, 420, 9192],delete:
need:	[6438, 1105, 6053],delete:
need:,delete:
need:	[10020, 420, 410]	[10020, 90, 7400]	[29834, 1719, 29159]	[29834, 1719, 20224]	[30344, 1389, 29834],delete:
need:,delete:
need:,delete:
need:,delete:
need:,delete:	[34025, 1719, 28524]	[29776, 1719, 28524]
need:,delete:
need:,delete:
need:	[1622, 204, 12383]	[21436, 1585, 30821]	[21436, 1784, 30118]	[21436, 1413, 38799]	[21436, 1503, 32197]	[30821, 1795, 21436],delete:
need:,delete:	[27753, 1719, 21847]
need:	[219, 1127, 16251]	[219, 824, 11935],delete:
need:,delete:
need:,delete:
need:,delete:
need:,delete:
need:,delete:
need:	[6609, 959, 7344]	[7344, 1294, 6609]	[26423, 1578, 27158]	[26423, 1696, 27050]	[27158, 1507, 26423],delete:
need:	[9483, 322, 4307]	[29297, 1466, 33193],delete:
need:,delete:
need:	[3175, 714, 4986]	[3175, 159, 4986],delete:
need:	[3958, 91, 16378]	[3958, 91, 17005]	[23772, 1390, 35763],delete:
need:,delete:	[1271, 85, 6978]	[6990, 85, 6978]	[1013, 951, 6978]	[1194, 1064, 6978]	[11796, 824, 6978]	[26792, 1332, 21085]	[31610, 1474, 26792]	[20847, 1633, 26792]
need:,delete:
need:,delete:	[208, 1222, 4685]	[208, 1183, 8815]	[208, 932, 6399]
need:	[6957, 1063, 12055]	[26771, 1318, 30204],delete:
need:,delete:	[5593, 824, 2633]	[25407, 2273, 27846]
need:,delete:
need:	[4175, 84, 14538]	[1979, 287, 4175]	[14538, 109, 4175]	[23989, 1586, 21793]	[34352, 1408, 23989],delete:
need:,delete:
need:,delete:	[11662, 217, 5276]	[5276, 928, 1142]	[25090, 1735, 34754]
need:,delete:	[7322, 420, 2136]	[2297, 204, 7322]	[7322, 236, 502]	[3779, 204, 7322]	[27136, 1719, 27415]	[27136, 1719, 21950]	[27136, 1719, 28524]
need:,delete:
need:	[25757, 1719, 26719]	[5943, 485, 12904]	[5943, 420, 10414]	[25757, 1784, 32718],delete:
need:,delete:	[4035, 812, 5588]	[4035, 812, 12498]	[9532, 1165, 4035]	[23849, 1808, 30121]	[23849, 1371, 24635]	[29346, 1648, 23849]	[23849, 1320, 32312]
need:,delete:
need:	[4261, 824, 3658]	[11859, 122, 4261]	[31673, 1421, 24075],delete:
need:,delete:
need:	[20431, 1424, 33113]	[617, 420, 9192]	[33113, 1795, 20431],delete:
need:	[3200, 1017, 2042]	[23014, 2411, 32058],delete:
need:	[5333, 159, 8357],delete:
need:	[6133, 1162, 10084]	[14819, 687, 6133]	[34633, 1862, 25947],delete:
need:,delete:
need:,delete:
need:,delete:
need:,delete:	[25288, 1306, 22382]
need:	[8656, 721, 9029]	[6987, 89, 9029]	[28093, 1388, 28843],delete:
need:	[19862, 1740, 39537],delete:
need:,delete:
need:	[7059, 192, 12926]	[26873, 1491, 32740],delete:
need:,delete:	[3193, 1015, 6498]	[13217, 101, 3193]	[33031, 1400, 23007]
need:,delete:
need:	[3529, 537, 1972]	[23343, 1839, 32663]	[3529, 677, 3322]	[23343, 1880, 32663],delete:
need:	[11448, 872, 6427],delete:
need:,delete:
need:,delete:
need:	[3489, 872, 15190]	[23303, 1655, 20231],delete:
need:,delete:	[3907, 824, 650]	[13482, 261, 650]	[20464, 1752, 30083]	[20847, 1633, 20464]	[20464, 1752, 33641]	[25455, 1645, 20464]	[30083, 1645, 20464]
need:	[22520, 1795, 27975]	[2706, 204, 5302],delete:
need:	[22402, 1483, 36633]	[22402, 1585, 32865]	[32865, 1795, 22402]	[2588, 420, 410],delete:
need:,delete:
need:,delete:
need:,delete:
need:,delete:
need:	[5870, 426, 4579]	[25684, 1725, 24393],delete:
need:	[32371, 1818, 26586]	[6772, 1105, 12910],delete:
need:	[2139, 554, 15066]	[21953, 1853, 32721],delete:
need:	[10694, 521, 1217]	[21031, 1655, 30508]	[30508, 1820, 21031],delete:
need:	[1803, 420, 8934],delete:
need:,delete:	[23579, 1375, 26425]	[6611, 672, 14567]	[7114, 152, 6611]
need:,delete:
need:	[5571, 581, 826]	[826, 1091, 13003]	[20640, 1390, 32817]	[20640, 1872, 28908],delete:
need:,delete:
need:	[8312, 714, 1155],delete:
need:,delete:
need:,delete:
need:	[1239, 966, 13292]	[21053, 1696, 32448]	[21053, 2044, 29482],delete:
need:,delete:
need:	[6875, 1091, 8709]	[6875, 1234, 11615]	[26689, 2159, 31429],delete:
need:	[32677, 1804, 20827],delete:
need:,delete:	[21247, 2355, 23633]
need:	[726, 432, 4588]	[24402, 1450, 23616]	[23917, 1609, 24402]	[4103, 310, 4588],delete:
need:,delete:
need:,delete:	[229, 420, 10414]	[20043, 1413, 38799]
need:	[29309, 1719, 26719],delete:
need:,delete:
need:,delete:
need:	[1436, 824, 13009]	[13009, 33, 1436],delete:
need:,delete:
need:,delete:
need:,delete:
need:,delete:
need:	[3007, 87, 3410]	[22821, 1583, 34665]	[3007, 87, 10308]	[3007, 284, 14851],delete:
need:,delete:
need:	[22887, 1318, 26236],delete:
need:	[28251, 2159, 20692]	[878, 1091, 1940]	[25987, 2159, 20692],delete:
need:,delete:	[2167, 245, 14700]	[21981, 1544, 34514]	[21981, 1719, 26567]
need:	[10174, 206, 6610]	[6610, 883, 10174],delete:
need:	[32865, 1795, 20191],delete:
need:,delete:	[8469, 639, 915]	[9697, 639, 915]
need:	[32016, 1389, 20293]	[479, 90, 12202]	[479, 198, 11013]	[479, 420, 14475],delete:
need:	[8881, 339, 10578]	[11030, 339, 8881],delete:
need:,delete:	[29257, 1841, 25560]	[20552, 1696, 29257]	[13995, 1183, 9443]	[33809, 1696, 29257]	[29257, 1499, 20099]
need:	[29638, 1332, 31494]	[11680, 824, 9824]	[29638, 1560, 35022]	[29638, 1560, 23554],delete:
need:	[28610, 1719, 30524]	[11024, 204, 8796]	[13444, 90, 8796],delete:
need:,delete:
need:,delete:
need:,delete:	[26022, 1585, 26702]	[26702, 1719, 20224]
need:	[441, 420, 14871]	[20255, 1719, 34685],delete:
need:	[3691, 1050, 12450]	[23505, 1609, 26796]	[23505, 1731, 22774]	[23505, 1316, 32264]	[26796, 1404, 23505]	[31454, 1383, 23505]	[32264, 1450, 23505],delete:
need:	[24987, 1590, 33742]	[33742, 1578, 24987]	[24987, 1507, 33742],delete:
need:	[33457, 1503, 29509],delete:
need:,delete:	[1956, 583, 18651]
need:,delete:
need:,delete:
need:	[93, 380, 5933]	[13213, 653, 93]	[33027, 1624, 19907]	[19907, 1505, 39395]	[25747, 1795, 19907]	[28107, 1795, 19907],delete:
need:	[33585, 1304, 24595]	[24595, 1549, 23278]	[4781, 537, 3464]	[24595, 1628, 30830],delete:
need:	[1313, 1183, 11532]	[21127, 1696, 31346],delete:
need:	[22951, 1738, 28649]	[28649, 1386, 22951]	[28649, 1386, 34516]	[8835, 87, 14702],delete:
need:,delete:
need:	[34587, 1738, 23591],delete:
need:	[24932, 1458, 24372],delete:
need:,delete:
need:	[28078, 1368, 21745]	[14738, 497, 1931],delete:
need:	[26390, 1719, 29006]	[6576, 420, 410]	[6576, 420, 14871],delete:
need:,delete:
need:	[20485, 1696, 23561]	[11742, 717, 671],delete:
need:,delete:
need:	[4950, 965, 13676]	[33490, 1375, 24764],delete:
need:,delete:
need:	[34577, 1795, 29114]	[29114, 1719, 20224],delete:
need:	[9992, 1252, 5838]	[5838, 725, 3393]	[25652, 1872, 29111],delete:
need:	[22475, 1401, 33188]	[22475, 1862, 33188]	[8608, 1162, 2661],delete:
need:,delete:	[27962, 1588, 20912]
need:,delete:
need:	[8326, 870, 8724],delete:
need:	[25316, 1560, 36716]	[25316, 1560, 33755]	[5502, 261, 13941],delete:
need:	[4702, 420, 18054]	[4702, 420, 1182]	[24516, 1719, 25986]	[24516, 1719, 27415]	[24516, 1389, 21444],delete:
need:	[4219, 959, 2344]	[24033, 1578, 22158]	[22158, 1528, 24033],delete:
need:	[1843, 717, 10230]	[21657, 1872, 34373],delete:
need:,delete:
need:,delete:
need:,delete:
need:	[4869, 521, 3515]	[23329, 1655, 24683],delete:
need:	[1709, 717, 10525]	[21523, 1378, 30339]	[21523, 1872, 34703],delete:
need:,delete:
need:,delete:
need:	[24303, 1457, 36818]	[10878, 653, 4489],delete:
need:,delete:
need:,delete:
need:	[31149, 1452, 30209]	[10395, 97, 10566]	[11335, 153, 10395],delete:
need:	[12993, 426, 5527]	[5527, 426, 4675]	[32807, 2021, 25341]	[25341, 1725, 24489],delete:
need:,delete:
need:	[1872, 1002, 10853]	[10853, 229, 1872],delete:
need:,delete:
need:	[13285, 714, 2042],delete:
need:	[11383, 768, 10442]	[30256, 2130, 34922],delete:
need:,delete:
need:	[524, 939, 8048],delete:
need:	[14460, 537, 10096],delete:
need:,delete:
need:	[10638, 500, 598]	[9885, 500, 598]	[12783, 415, 598]	[13648, 500, 598]	[2356, 500, 598]	[4588, 500, 598]	[9121, 500, 598]	[2440, 415, 598],delete:
need:	[4793, 872, 2119]	[2119, 872, 19746]	[2119, 679, 14637]	[21933, 2132, 35234]	[24607, 2132, 21933]	[21933, 1655, 20231]	[21933, 2104, 24607],delete:
need:,delete:
need:	[2927, 529, 11721]	[2927, 690, 5506]	[5506, 333, 2927],delete:
need:,delete:
need:	[31890, 1424, 24504],delete:
need:	[11312, 1194, 5422]	[24954, 2026, 25236]	[5140, 1194, 5422],delete:
need:	[13054, 306, 5166]	[4347, 959, 5166]	[5166, 519, 7543]	[32868, 1605, 24980],delete:
need:,delete:
need:	[5422, 799, 1492]	[21306, 1458, 35173]	[27095, 1458, 21306]	[27127, 1836, 21306],delete:
need:	[7210, 125, 14344]	[7210, 485, 17565]	[14344, 496, 7210]	[7210, 485, 14086]	[7210, 420, 2136]	[34158, 1795, 27024],delete:
need:,delete:
need:	[31262, 2104, 30068]	[30068, 2132, 31262],delete:
need:,delete:
need:,delete:
need:,delete:
need:	[34809, 2059, 26796]	[26796, 1835, 35229]	[26796, 1404, 23505]	[22774, 2281, 26796]	[26796, 1731, 34809],delete:
need:	[22748, 1796, 30923]	[2934, 1054, 11109]	[2934, 787, 7696],delete:
need:	[3093, 420, 6905]	[22907, 1719, 26719],delete:
need:	[5351, 420, 6445]	[5351, 420, 9192],delete:
need:	[10975, 537, 7069]	[26883, 1839, 30789],delete:
need:,delete:
need:,delete:
need:	[23448, 1725, 29092],delete:
need:	[28997, 1648, 27964]	[33183, 1814, 27964],delete:
need:	[20896, 1458, 27087]	[7273, 939, 9262]	[27087, 1481, 19858],delete:
need:,delete:
need:,delete:
need:,delete:
need:,delete:
need:,delete:
need:,delete:
need:	[31144, 1738, 20291]	[26127, 1386, 20291]	[22727, 1386, 20291],delete:
need:	[9110, 939, 3793],delete:
need:,delete:
need:	[27333, 1719, 24008]	[27333, 1719, 22236],delete:
need:	[25192, 1439, 30375]	[5378, 877, 10561],delete:
need:	[6736, 939, 5615]	[6736, 722, 12845],delete:
need:,delete:
need:	[21352, 1719, 21718],delete:
need:,delete:
need:,delete:
need:	[24640, 1795, 26829]	[32972, 1795, 26829],delete:
need:	[13601, 406, 5026]	[24840, 1638, 33415],delete:
need:,delete:
need:,delete:
need:	[22222, 1719, 34187]	[22222, 1730, 33041]	[2408, 420, 14373],delete:
need:,delete:
need:,delete:
need:	[7305, 786, 487],delete:
need:	[8067, 204, 11578]	[34620, 1460, 27881],delete:
need:,delete:
need:,delete:
need:	[8756, 1179, 7578]	[8756, 907, 7646]	[8756, 727, 19257]	[8756, 1179, 10987]	[32037, 1549, 28570],delete:
need:	[31833, 1467, 26052]	[6238, 386, 14325]	[12934, 457, 6238]	[29742, 1467, 26052]	[6238, 385, 7231],delete:
need:,delete:
need:,delete:
need:	[26291, 1503, 31392]	[6477, 339, 11410],delete:
need:,delete:
need:,delete:
need:	[2420, 439, 456],delete:
need:	[6122, 431, 13311]	[6122, 485, 1941]	[6122, 236, 12057]	[13311, 90, 6122],delete:
need:,delete:
need:	[3615, 277, 12536]	[23429, 1576, 32350],delete:
need:	[1183, 384, 660],delete:
need:	[3486, 385, 1233]	[12028, 385, 1233]	[13707, 985, 1233]	[12164, 985, 1233],delete:
need:	[12769, 351, 593],delete:
need:,delete:
need:,delete:
need:	[23868, 1503, 25116]	[22520, 1795, 23868]	[23868, 1406, 31131],delete:
need:,delete:
need:	[6827, 1252, 14457]	[34271, 1872, 26641]	[27050, 1862, 26641]	[19892, 1872, 26641]	[26641, 1696, 27050],delete:
need:	[13913, 1243, 5455]	[25269, 2132, 33727]	[33727, 2104, 25269],delete:
need:,delete:
need:,delete:
need:	[2653, 339, 19015]	[31188, 1638, 22467]	[22467, 1705, 31188],delete:
need:	[2322, 704, 11660]	[22136, 1631, 31474],delete:
need:,delete:	[29048, 2123, 31935]
need:	[20614, 1503, 35665]	[20614, 1406, 35665]	[31030, 1795, 20614]	[30908, 1795, 20614],delete:
need:	[12594, 90, 9575]	[9575, 420, 9192]	[29389, 1719, 29159]	[5534, 90, 9575],delete:
need:,delete:
need:,delete:
need:	[30686, 1888, 27870]	[27870, 1570, 34749],delete:
need:,delete:
need:,delete:
need:	[28287, 1804, 30329]	[8473, 223, 10184]	[28287, 1647, 30329],delete:
need:,delete:
need:	[8057, 200, 13549]	[27871, 1655, 23561]	[23561, 1820, 27871],delete:
need:,delete:
need:,delete:
need:	[7157, 286, 12441]	[26971, 1406, 34630],delete:
need:,delete:
need:	[19887, 1560, 20372],delete:
need:,delete:
need:	[24808, 1719, 23244]	[4994, 245, 1062]	[4994, 420, 3430],delete:
need:,delete:	[10299, 330, 694]	[2831, 721, 694]	[12828, 926, 694]
need:	[27006, 2000, 27256]	[26426, 2000, 27256]	[27256, 1725, 31228],delete:
need:,delete:
need:,delete:
need:	[27861, 1836, 34730],delete:
need:,delete:
need:	[22116, 1578, 30579]	[2302, 959, 10765]	[2302, 1222, 9011]	[10765, 1294, 2302],delete:
need:,delete:
need:,delete:
need:	[7934, 496, 12318]	[10482, 537, 7934],delete:
need:	[11805, 84, 2300]	[2300, 105, 7245]	[22114, 2314, 31619],delete:
need:	[3576, 420, 14871]	[3576, 420, 410]	[30596, 1406, 23390]	[23390, 1719, 20224]	[23390, 1389, 27577],delete:
need:,delete:
need:	[5113, 677, 6161]	[24927, 1390, 25975],delete:
need:	[2899, 885, 19445]	[22713, 1304, 39366]	[2899, 1105, 14343],delete:
need:	[439, 420, 9192]	[439, 189, 7819]	[20253, 1719, 22063],delete:
need:	[13321, 453, 5647]	[1380, 101, 5647],delete:
need:	[14947, 797, 4052]	[12017, 797, 4052]	[34607, 2333, 23866]	[34761, 1684, 23866],delete:
need:	[4215, 1214, 15623],delete:
need:,delete:
need:,delete:
need:,delete:
need:,delete:
need:,delete:
need:	[25936, 1389, 21895]	[21895, 1389, 33975]	[2081, 431, 13311],delete:
need:	[1896, 756, 14882]	[1896, 221, 14882]	[21710, 1520, 34696],delete:
need:	[31043, 1516, 22911]	[22911, 1716, 26169],delete:
need:	[8821, 351, 3778]	[32360, 1466, 28635]	[8821, 179, 12546]	[28635, 1466, 34705],delete:
need:	[24141, 1696, 29898]	[10084, 217, 14819],delete:
need:	[34385, 1389, 23614]	[3800, 236, 14571]	[3800, 420, 6905],delete:
need:,delete:
need:	[4249, 420, 11062]	[24063, 1389, 30740],delete:
need:	[28996, 1675, 30438]	[30833, 1458, 28996]	[30833, 1628, 28996],delete:
need:,delete:
need:,delete:
need:,delete:
need:,delete:	[1165, 1298, 9601]	[25336, 1795, 29415]	[9601, 420, 9192]	[29415, 1503, 21630]
need:	[8982, 537, 16129],delete:
need:,delete:
need:	[26772, 1609, 33089]	[6958, 935, 59]	[26772, 1404, 33760],delete:
need:,delete:
need:	[25784, 2130, 35095],delete:
need:	[7852, 236, 9790]	[26287, 1406, 29604]	[13573, 107, 9790],delete:
need:,delete:
need:	[6873, 1162, 12194],delete:
need:	[27900, 1719, 21467]	[8086, 420, 1653],delete:
need:	[33681, 1795, 23600],delete:
need:,delete:
need:,delete:
need:	[24816, 1605, 20059]	[24816, 1605, 34714]	[24816, 1605, 33123]	[5002, 306, 14900],delete:
need:	[8084, 967, 15958]	[27898, 1872, 30558]	[8084, 717, 13777]	[27898, 1872, 33591],delete:
need:,delete:
need:	[21433, 1389, 27141]	[7327, 431, 1619]	[1619, 90, 10942],delete:
need:,delete:
need:,delete:
need:	[22920, 1549, 27774]	[27774, 1476, 39429]	[29026, 1458, 27774]	[27774, 1318, 24469]	[27774, 1839, 32663],delete:
need:	[29313, 1719, 34685]	[9499, 420, 9192]	[32277, 1730, 29313],delete:
need:	[4706, 537, 8682]	[7866, 159, 8682],delete:
need:	[14721, 679, 5999]	[32765, 1656, 25813]	[12951, 679, 5999],delete:
need:,delete:
need:	[27237, 1609, 33358]	[33358, 1404, 27237],delete:
need:	[28740, 1389, 25511]	[5697, 90, 11397],delete:
need:,delete:
need:,delete:	[24012, 1719, 34685]	[24012, 1719, 20224]
need:	[14301, 985, 3377]	[3377, 421, 7231]	[7300, 985, 3377]	[14688, 985, 3377]	[34115, 1684, 23191]	[33628, 1684, 23191],delete:
need:,delete:
need:	[23339, 1795, 23110]	[23110, 1424, 23339]	[23110, 1413, 32213]	[23110, 1503, 25060]	[23110, 1784, 38700],delete:
need:,delete:
need:,delete:
need:	[5282, 84, 7814]	[27628, 1299, 25096],delete:
need:,delete:
need:	[7019, 717, 14691]	[26833, 1872, 34505]	[26833, 1872, 20346]	[14691, 529, 7019],delete:
need:	[9959, 420, 9037],delete:
need:	[333, 167, 4154]	[23968, 1650, 36390],delete:
need:	[29087, 1730, 32476]	[9273, 420, 1653]	[6224, 204, 9273]	[29087, 1719, 21467],delete:
need:	[31502, 1872, 20956]	[11688, 717, 1142]	[25649, 1872, 20956],delete:
need:,delete:
need:,delete:
need:,delete:
need:,delete:
need:	[20369, 2132, 24414]	[4600, 872, 19636]	[4600, 1243, 555]	[24414, 1655, 20231],delete:
need:,delete:
need:,delete:
need:	[24671, 2104, 30694]	[10880, 872, 4857],delete:
need:,delete:
need:	[7135, 420, 3277]	[7135, 420, 1653]	[26949, 1719, 26719],delete:
need:	[33731, 1389, 26491]	[26491, 1719, 29200]	[6677, 420, 1653],delete:
need:	[33259, 1549, 21435]	[33259, 1836, 21435],delete:
need:	[10318, 109, 10501]	[30132, 1408, 30315],delete:
need:	[1889, 847, 255]	[20069, 1371, 24635]	[20069, 1795, 23887],delete:
need:	[13333, 1252, 7517]	[27331, 1872, 33147],delete:
need:	[9610, 372, 8258]	[10484, 1294, 8258],delete:
need:	[9533, 367, 1965],delete:
need:	[47, 462, 19577]	[47, 509, 10044]	[19861, 1808, 29858],delete:
need:,delete:
need:	[5853, 1162, 12980]	[25667, 1696, 32794],delete:
need:,delete:
need:,delete:
need:	[27931, 1573, 23488]	[8117, 96, 4677],delete:
need:	[8868, 204, 9504]	[31685, 1424, 28682],delete:
need:,delete:
need:,delete:
need:,delete:
need:,delete:
need:	[8446, 729, 2815]	[28260, 1631, 32553],delete:
need:	[11064, 679, 1314]	[21128, 1836, 23173]	[30878, 1656, 21128],delete:
need:	[28076, 1605, 28749]	[8037, 959, 8935]	[25797, 1605, 28749],delete:
need:,delete:
need:	[1945, 2, 18953]	[1945, 2, 6123]	[21759, 1301, 25937],delete:
need:	[9900, 87, 15928]	[9900, 87, 11243],delete:
need:	[11345, 286, 7159]	[33899, 1424, 26973],delete:
need:	[13780, 711, 9738],delete:
need:,delete:
need:,delete:
need:,delete:
need:,delete:
need:	[25501, 1418, 33393]	[25501, 1478, 39359],delete:
need:,delete:
need:	[1985, 1162, 12879]	[32693, 1862, 21799],delete:
need:,delete:	[8497, 344, 14045]	[5315, 504, 8497]	[8497, 261, 126]	[28311, 1643, 33859]	[28311, 1364, 23714]	[28311, 1560, 25129]	[28669, 2020, 28311]	[28311, 1752, 28669]
need:,delete:	[29749, 1528, 26389]	[29749, 1507, 26389]
need:,delete:
need:	[4536, 1294, 8951]	[8951, 1183, 3967],delete:
need:	[999, 1159, 8804]	[21175, 1725, 28618],delete:
need:,delete:
need:,delete:
need:	[5095, 589, 3782]	[24909, 1437, 23596],delete:
need:,delete:
need:	[30172, 1503, 25767],delete:
need:	[34138, 1399, 26182]	[26182, 2159, 21506],delete:
need:,delete:
need:,delete:
need:	[26607, 1795, 25629]	[6667, 959, 6793]	[6793, 1294, 3841],delete:
need:	[9122, 431, 14213]	[34027, 1389, 28936],delete:
need:	[22951, 1738, 31634],delete:
need:,delete:
need:	[11078, 167, 8946],delete:
need:,delete:
need:	[26448, 1872, 29243]	[6634, 717, 3917],delete:
need:,delete:
need:,delete:	[11548, 959, 5418]	[529, 620, 5418]	[31362, 1605, 25232]	[25232, 1836, 24987]	[25288, 1605, 25232]	[34742, 1605, 25232]
need:	[8558, 920, 13822],delete:
need:	[8386, 420, 4727]	[28200, 1389, 30360]	[8386, 420, 9679]	[28200, 1719, 24541],delete:
need:	[27505, 1719, 30228]	[27505, 1719, 34685],delete:
need:	[9265, 939, 19506]	[29079, 1839, 38378],delete:
need:,delete:
need:,delete:	[34052, 1684, 25717]	[20909, 1926, 25717]	[14238, 797, 5903]	[1095, 923, 5903]
need:,delete:
need:,delete:
need:	[24772, 1560, 32003]	[32003, 1803, 24772],delete:
need:	[34020, 1628, 24497]	[4683, 939, 1739],delete:
need:,delete:
need:	[32697, 1845, 25293]	[24244, 1386, 25293],delete:
need:	[224, 90, 17482]	[224, 420, 14871]	[20038, 1390, 31217]	[20038, 1719, 30228]	[30664, 1535, 20038],delete:
need:	[3083, 540, 1688]	[22897, 1839, 21502],delete:
need:	[33744, 1424, 27090]	[27090, 1795, 27886],delete:
need:,delete:	[26260, 1719, 26259]	[26260, 1719, 31758]
need:	[12538, 392, 3657],delete:
need:	[14776, 90, 818]	[34590, 1389, 20632]	[818, 420, 4727],delete:
need:,delete:
need:	[30423, 1549, 29933]	[10609, 537, 10119],delete:
need:	[33079, 1796, 29860]	[2728, 530, 10046]	[33831, 1796, 29860],delete:
need:,delete:
need:,delete:
need:,delete:
need:,delete:
need:	[32004, 1457, 26913]	[3328, 722, 7099]	[12190, 1105, 7099],delete:
need:	[14388, 1127, 3621]	[23435, 1725, 34202]	[34202, 1363, 23435],delete:
need:,delete:
need:	[6936, 1091, 12857]	[26750, 1520, 32671],delete:
need:,delete:
need:,delete:	[645, 698, 2840]	[27011, 2242, 22654]
need:,delete:
need:,delete:
need:,delete:
need:,delete:
need:,delete:
need:	[27645, 1795, 26608]	[26608, 1585, 33310],delete:
need:,delete:
need:,delete:	[26666, 1633, 26811]
need:	[2531, 420, 3430]	[2531, 420, 410],delete:
need:,delete:
need:,delete:
need:	[20077, 1389, 28829]	[31810, 1389, 28829]	[30859, 1389, 28829],delete:
need:	[12135, 159, 6330]	[32751, 1836, 26144],delete:
need:,delete:
need:,delete:
need:	[21621, 1725, 31627]	[21621, 1725, 37329],delete:
need:	[12543, 1243, 241]	[32357, 2104, 20055]	[20055, 1655, 20231],delete:
need:,delete:
need:,delete:	[454, 590, 19348]	[29270, 1537, 20268]	[24709, 1537, 20268]	[25799, 1537, 20268]
need:,delete:	[5996, 720, 8469]
need:	[3816, 420, 10772]	[3816, 420, 3639],delete:
need:,delete:
need:,delete:	[25625, 2209, 39544]
need:	[6561, 420, 8369]	[6561, 420, 11062]	[26375, 1719, 30876],delete:
need:	[8915, 959, 10982]	[28729, 1696, 38304],delete:
need:	[576, 1162, 14108]	[20390, 1696, 33922]	[33922, 1401, 20390],delete:
need:,delete:
need:	[10245, 420, 9192]	[10245, 420, 2136]	[31312, 1389, 30059]	[30059, 1730, 31312]	[22729, 1389, 30059],delete:
need:	[6739, 372, 7628]	[6739, 372, 10786]	[26553, 1671, 30600],delete:
need:,delete:
need:,delete:
need:,delete:
need:	[7196, 420, 2136]	[27010, 1585, 30401]	[10587, 496, 7196]	[30401, 1795, 27010],delete:
need:	[26988, 1478, 25360],delete:
need:,delete:
need:,delete:
need:	[21165, 1544, 21433]	[21165, 1544, 32449],delete:
need:,delete:
need:,delete:
need:,delete:
need:,delete:
need:	[10694, 563, 1137]	[30508, 1862, 20951]	[20951, 1696, 31346],delete:
need:	[5948, 287, 1694],delete:
need:	[26689, 2159, 23234]	[23234, 2159, 37159],delete:
need:,delete:
need:,delete:
need:,delete:
need:,delete:
need:,delete:
need:	[29116, 1668, 21476]	[13366, 286, 9302],delete:
need:,delete:
need:	[10959, 86, 3414]	[30773, 1583, 23228]	[23228, 1396, 30773]	[23228, 1388, 38489],delete:
need:	[243, 1194, 7091]	[27094, 1795, 26905]	[20057, 2026, 26905]	[26905, 2415, 28617]	[27094, 1507, 26905],delete:
need:	[9312, 736, 16339]	[29126, 1549, 37456],delete:
need:,delete:
need:	[2918, 485, 13505]	[22732, 1784, 33319],delete:
need:	[14687, 204, 8340]	[25246, 1503, 28154],delete:
need:,delete:
need:,delete:
need:	[34055, 1528, 24897]	[20332, 1528, 24897]	[518, 1073, 5083],delete:
need:	[12808, 1031, 649]	[649, 1173, 13945],delete:
need:,delete:
need:	[9008, 420, 8369]	[9008, 420, 6905],delete:
need:	[6392, 346, 50]	[13714, 346, 50],delete:
need:,delete:
