need:	[33857, 1345, 20849]	[14043, 824, 1035],delete:
need:	[25109, 1462, 22047],delete:
need:	[28251, 2159, 31308]	[8437, 1234, 11494],delete:
need:	[21231, 1719, 21449],delete:
need:	[22157, 1684, 27928]	[2343, 385, 199],delete:
need:	[32889, 2159, 25020]	[13451, 1208, 5206]	[5206, 893, 14782]	[25653, 2159, 25020],delete:
need:	[7651, 883, 5015]	[27465, 1725, 27049]	[27465, 1725, 25774],delete:
need:	[26021, 1628, 26477],delete:
need:	[9303, 537, 11446]	[29117, 1836, 31260],delete:
need:	[689, 167, 6692]	[1567, 119, 6692],delete:
need:	[7611, 152, 3783]	[7611, 83, 4850]	[7611, 152, 14210]	[27425, 1451, 34024],delete:
need:	[20997, 1478, 24070]	[1697, 384, 1183],delete:
need:	[4873, 909, 6485]	[6485, 974, 4873],delete:
need:	[29857, 1621, 33556],delete:
need:	[5137, 159, 4557]	[5137, 107, 2614]	[5137, 107, 7633]	[5137, 286, 12960]	[5137, 420, 8411]	[5137, 537, 8185]	[24951, 1406, 26734],delete:
need:,delete:
need:	[3945, 101, 14960],delete:
need:	[32338, 1585, 29192]	[29192, 1668, 21730],delete:
need:	[439, 90, 9534]	[439, 189, 7819]	[29348, 1730, 20253]	[20253, 1488, 27633]	[20253, 1719, 22063],delete:
need:	[13481, 1017, 906]	[33295, 1337, 20720]	[20720, 1337, 33295]	[906, 1017, 13481],delete:
need:	[29664, 1650, 30505],delete:
need:	[33921, 1761, 29485]	[14107, 462, 9671],delete:
need:	[23341, 1719, 20224]	[23341, 1719, 34685]	[3527, 420, 410]	[3527, 420, 14871],delete:
need:,delete:
need:	[6548, 236, 16504]	[13465, 90, 6548]	[6548, 420, 6905]	[26362, 1389, 33279],delete:
need:	[22089, 2342, 38835],delete:
need:	[7717, 664, 6365],delete:
need:	[24594, 1337, 37974]	[4780, 1017, 19603],delete:
need:,delete:
need:	[13585, 583, 6502]	[33399, 1305, 26316],delete:
need:	[6514, 824, 3095]	[32662, 1381, 26328]	[26328, 1645, 20749],delete:
need:	[22775, 1805, 27790]	[27790, 1650, 34145],delete:
need:	[2402, 1017, 11994]	[22216, 1923, 35367],delete:
need:	[349, 1031, 7257],delete:
need:	[13059, 159, 3135]	[22949, 1390, 20420],delete:
need:	[23836, 1413, 38799],delete:
need:	[27763, 1549, 32234]	[7949, 653, 5794],delete:
need:	[1963, 420, 8369]	[1963, 420, 6905],delete:
need:	[19819, 1497, 31217]	[5, 420, 14871]	[19819, 1535, 32554]	[5, 420, 4433],delete:
need:	[21309, 1621, 39291]	[28403, 1478, 21309],delete:
need:,delete:
need:	[8800, 351, 1808]	[21622, 1650, 33393],delete:
need:	[21673, 1755, 25297],delete:
need:	[25955, 1902, 35983],delete:
need:	[8891, 236, 2595]	[8891, 431, 13270],delete:
need:	[2347, 155, 9970]	[25692, 1570, 22161],delete:
need:	[8210, 420, 14871]	[28024, 1719, 20224],delete:
need:	[13013, 847, 7177]	[26991, 1766, 36771]	[32827, 2296, 26991],delete:
need:	[25299, 1399, 36948]	[32364, 1850, 25299],delete:
need:	[23217, 1730, 32617]	[11241, 90, 3403]	[23217, 1730, 31055],delete:
need:	[13867, 1173, 3786]	[33681, 1795, 23600],delete:
need:	[31840, 1795, 29280]	[29280, 1503, 34152],delete:
need:	[19989, 1683, 29107],delete:
need:	[6218, 161, 119]	[26032, 1795, 36715],delete:
need:	[8154, 593, 4689],delete:
need:	[27872, 1458, 22868]	[2657, 329, 8058],delete:
need:	[20696, 1388, 28003]	[28172, 1388, 28003]	[23763, 1671, 28003]	[31484, 1670, 28003],delete:
need:	[20228, 1390, 20610]	[796, 1093, 6438],delete:
need:,delete:
need:	[1929, 159, 6045]	[26708, 1458, 21743],delete:
need:	[9905, 420, 2136]	[29719, 1719, 21950]	[29517, 1795, 29719]	[29719, 1784, 33900]	[29719, 1406, 29935],delete:
need:	[26887, 1498, 26668],delete:
need:	[31635, 1795, 21184]	[11821, 496, 1370]	[1370, 485, 17565],delete:
need:	[8616, 537, 10685]	[8616, 537, 13260],delete:
need:	[7443, 322, 6828]	[27257, 1725, 33263],delete:
need:	[21044, 1781, 31843]	[21044, 1549, 39113],delete:
need:	[24068, 1478, 35848],delete:
need:	[22473, 1650, 20197],delete:
need:	[1067, 351, 2964]	[10516, 322, 1067],delete:
need:	[31297, 1850, 23190]	[11483, 1225, 3376],delete:
need:	[27537, 2037, 29292]	[7723, 96, 9478],delete:
need:	[4177, 420, 2136]	[23991, 1784, 33900]	[23991, 1784, 38446],delete:
need:	[27979, 1413, 38799],delete:
need:	[9474, 420, 11944]	[29288, 1389, 30711],delete:
need:	[26232, 1713, 28110],delete:
need:	[13910, 883, 8747]	[33724, 1725, 28561],delete:
need:	[10409, 834, 1899],delete:
need:	[25864, 1719, 29512],delete:
need:	[3973, 496, 12516]	[23787, 1549, 26073],delete:
need:	[2839, 119, 11454]	[22653, 1478, 34316],delete:
need:	[28200, 1719, 23244]	[28200, 1719, 29493]	[28200, 1389, 22353]	[8386, 420, 3430],delete:
need:	[1447, 371, 12182]	[21261, 1670, 31996]	[21261, 1583, 39483]	[21261, 1847, 22303],delete:
need:	[7210, 420, 2136],delete:
need:	[9528, 506, 4491],delete:
need:	[6432, 322, 8732]	[12373, 179, 6432],delete:
need:	[26684, 1795, 26856]	[26856, 1503, 24086]	[33315, 1705, 26856],delete:
need:	[1180, 286, 3308]	[20994, 1544, 26768],delete:
need:	[21692, 1978, 34651]	[14837, 1078, 1878],delete:
need:	[20825, 1605, 19814],delete:
need:	[29798, 1418, 31736]	[21940, 1466, 29798],delete:
need:	[27762, 1795, 22892]	[8064, 159, 7948],delete:
need:	[24729, 1857, 26355]	[6541, 95, 16447],delete:
need:	[8018, 384, 4491],delete:
need:	[1623, 274, 5726],delete:
need:	[8833, 1222, 13910]	[28647, 1578, 33724],delete:
need:	[22603, 1719, 22063],delete:
need:	[913, 414, 6095]	[20727, 1713, 26596],delete:
need:	[12126, 704, 1777]	[31940, 1631, 21591],delete:
need:	[13992, 537, 5426]	[22596, 1481, 25240],delete:
need:	[4113, 95, 11262],delete:
need:	[20160, 1549, 37545]	[11993, 714, 346],delete:
need:	[21471, 1643, 33859],delete:
need:	[14544, 159, 2578]	[26926, 1458, 22392]	[8200, 159, 2578],delete:
need:	[6556, 420, 6445]	[26370, 1719, 21950]	[21685, 1406, 26370],delete:
need:	[27479, 1888, 24183],delete:
need:	[3569, 722, 11003]	[5293, 885, 3569],delete:
need:	[26875, 1638, 25530]	[5716, 204, 14939],delete:
need:,delete:
need:	[25263, 1934, 37717],delete:
need:	[23703, 1488, 27633],delete:
need:	[5195, 1294, 14628]	[34442, 1605, 25009],delete:
need:	[6772, 885, 1037]	[20988, 1437, 26586],delete:
need:	[30863, 1628, 23036],delete:
need:	[31876, 1803, 21567]	[14078, 261, 1753],delete:
need:,delete:
need:,delete:	[12684, 431, 2128]
need:	[34145, 1621, 24549],delete:
need:	[32138, 1386, 22168]	[12324, 87, 2354],delete:
need:	[22197, 1488, 27835]	[2383, 189, 12616],delete:
need:	[1883, 250, 13757]	[33571, 1458, 21697],delete:
need:	[34283, 1784, 22015],delete:
need:	[30800, 1650, 20212]	[10986, 351, 398],delete:
need:	[7613, 159, 10466],delete:
need:	[8770, 714, 358],delete:
need:	[25616, 1319, 23164],delete:
need:	[29613, 1835, 35229],delete:
need:	[4609, 119, 14714]	[24423, 1418, 34528],delete:
need:	[12916, 286, 6761]	[26575, 1719, 22236]	[1860, 286, 6761],delete:
need:	[1870, 384, 10029],delete:
need:	[26347, 1437, 27309]	[12833, 537, 6533],delete:
need:	[13718, 736, 3047],delete:
need:	[30684, 1805, 20842]	[25567, 1683, 20842],delete:
need:	[19887, 1560, 20372]	[10502, 261, 558],delete:
need:,delete:
need:	[31945, 1503, 29284]	[27007, 1503, 29284],delete:
need:	[6759, 812, 19140]	[26573, 1668, 37817],delete:
need:	[4234, 384, 13812]	[4234, 322, 6626],delete:
need:	[7024, 236, 6689]	[7024, 90, 12383]	[26838, 1719, 27415]	[26838, 1784, 37557]	[26838, 1719, 21950],delete:
need:	[419, 506, 3721],delete:
need:	[5853, 1162, 12980]	[25667, 1696, 32794],delete:
need:	[33424, 1628, 25303]	[25303, 1437, 31730],delete:
need:	[29640, 2242, 25454],delete:
need:	[25570, 1719, 29006],delete:
need:	[6979, 384, 3499]	[2982, 167, 3499],delete:
need:	[25450, 1458, 34288],delete:
need:,delete:
need:,delete:
need:	[20043, 1413, 38799],delete:
need:	[29189, 1458, 27750]	[9375, 520, 10547],delete:
need:	[28104, 1888, 24850]	[28104, 2037, 28664]	[8290, 271, 5036],delete:
need:	[6916, 309, 6827],delete:
need:	[6571, 1030, 7522]	[22999, 1549, 26385],delete:
need:	[1007, 885, 17995]	[33752, 1390, 20821],delete:
need:	[2994, 261, 7374],delete:
need:	[28722, 1836, 31457]	[8908, 939, 8048],delete:
need:	[33606, 2115, 26107],delete:
need:	[340, 831, 13973],delete:
need:	[7319, 717, 3770],delete:
need:,delete:
need:	[33990, 1628, 30001]	[10187, 250, 14176],delete:
need:	[20823, 1458, 30181]	[33609, 1458, 30181],delete:
need:	[11914, 439, 7555]	[3411, 1201, 7555],delete:
need:	[34517, 1621, 23634]	[23634, 1740, 37798],delete:
need:	[23088, 1740, 27029]	[7215, 119, 4481],delete:
need:	[3640, 159, 7491],delete:
need:	[3666, 108, 6886],delete:
need:	[20347, 1766, 38743],delete:
need:	[4544, 496, 1934]	[34346, 1795, 21748],delete:
need:	[14519, 406, 4816]	[4816, 485, 16353],delete:
need:	[3190, 179, 15182]	[23004, 1478, 39188],delete:
need:	[30240, 1375, 32934],delete:
need:	[6008, 322, 14436]	[27588, 1740, 25822],delete:
need:	[13272, 784, 1749]	[33086, 1631, 21563],delete:
need:	[22514, 1503, 26768]	[3308, 161, 2700],delete:
need:	[1735, 893, 11980]	[31794, 1784, 21549],delete:
need:	[6489, 1173, 7375]	[6489, 939, 9841],delete:
need:	[21451, 1549, 26110]	[1637, 1173, 12626],delete:
need:	[20947, 2355, 22505],delete:
need:	[9436, 119, 9027]	[9436, 179, 5961],delete:
need:	[2479, 119, 2131]	[22293, 1466, 28967],delete:
need:	[20413, 1458, 20215]	[7457, 537, 401],delete:
need:,delete:
need:	[8948, 537, 7798],delete:
need:	[8318, 441, 8394]	[28310, 1478, 28132],delete:
need:	[9379, 537, 12958]	[9379, 537, 12935],delete:
need:	[20650, 1418, 19823]	[836, 351, 19007],delete:
need:	[13347, 202, 2941]	[14461, 202, 2941],delete:
need:	[3987, 852, 6997]	[23801, 2181, 37924],delete:
need:,delete:
need:	[2418, 1078, 12004]	[22232, 1978, 31818],delete:
need:	[26084, 1684, 20880]	[6270, 582, 2776],delete:
need:	[13798, 870, 10251]	[10763, 717, 10251]	[30577, 1872, 30065],delete:
need:,delete:
need:	[3601, 204, 14205]	[23415, 1503, 34019],delete:
need:	[24724, 1683, 23891]	[4910, 506, 10779],delete:
need:	[9056, 1199, 6905]	[28870, 1719, 22379],delete:
need:	[12060, 537, 8211]	[31874, 1458, 28025],delete:
need:	[1084, 935, 59]	[6684, 410, 1084]	[8139, 288, 1084]	[1084, 288, 6684]	[26498, 1404, 20898]	[20898, 1876, 19873]	[20898, 1404, 27953],delete:
need:	[6617, 87, 1307]	[28180, 1386, 21121],delete:
need:	[25864, 1719, 29512],delete:
need:	[7938, 87, 3509]	[27752, 1386, 26848],delete:
need:	[28423, 1478, 30998]	[9417, 119, 8609],delete:
need:	[7280, 1294, 19673],delete:
need:	[29316, 1481, 25284]	[9502, 634, 12497],delete:
need:	[538, 420, 8369]	[538, 420, 8194],delete:
need:,delete:
need:	[32078, 1390, 22717]	[2903, 885, 4580],delete:
need:	[20369, 2104, 30351]	[10537, 872, 555],delete:
need:	[26969, 1675, 23278]	[7155, 376, 3464],delete:
need:	[12016, 1173, 7806]	[7806, 277, 9760]	[27620, 1367, 38603]	[27620, 1796, 29128]	[27620, 1576, 29574]	[23673, 1795, 27620],delete:
need:	[26887, 1575, 29292]	[26887, 1857, 24662],delete:
need:	[3821, 831, 11110],delete:
need:	[14512, 100, 8266]	[28080, 1784, 34326],delete:
need:	[30976, 1318, 30075]	[10187, 19, 10261],delete:
need:	[7810, 351, 13898]	[27624, 1683, 24724],delete:
need:,delete:
need:	[29829, 1857, 31922],delete:
need:	[5901, 420, 6906]	[25715, 1719, 22780],delete:
need:	[22826, 1683, 29794]	[3012, 179, 4112],delete:
need:	[29911, 2327, 19904],delete:
need:	[6233, 1173, 4623]	[1982, 551, 4623]	[5525, 551, 4623]	[24437, 1576, 34458]	[24437, 1796, 20943],delete:
need:	[5103, 1226, 12610]	[4922, 1226, 5103],delete:
need:	[638, 883, 12600]	[20452, 1621, 21796],delete:
need:	[9839, 309, 17623]	[29653, 1608, 36972],delete:
need:	[23652, 1466, 23602]	[14383, 322, 3838],delete:
need:	[9205, 485, 6564]	[12203, 485, 6564]	[12531, 485, 6564]	[31666, 1784, 26378]	[13094, 485, 6564],delete:
need:,delete:
need:	[26632, 1719, 23244]	[6818, 420, 9037],delete:
need:	[612, 179, 7825],delete:
need:	[27860, 1573, 25540],delete:
need:	[7853, 568, 6830],delete:
need:,delete:
need:	[7880, 384, 9699]	[27694, 1740, 38699],delete:
need:	[5271, 420, 14475]	[5271, 420, 5400]	[25085, 1719, 34289],delete:
need:	[29641, 1328, 19929],delete:
need:	[29139, 1388, 24266],delete:
need:	[32185, 1621, 24769]	[4955, 119, 12371],delete:
need:	[29231, 1650, 28841],delete:
need:	[1408, 420, 702]	[702, 404, 4307],delete:
need:	[8151, 642, 12143]	[31957, 1390, 27965],delete:
need:	[425, 698, 14187],delete:
need:,delete:
need:	[2695, 1216, 147],delete:
need:	[13926, 1234, 10136]	[33740, 2159, 29950]	[13534, 1234, 10136],delete:
need:	[24376, 2130, 28995]	[28995, 2130, 30847],delete:
need:	[8342, 204, 7292]	[27106, 1719, 19912]	[28346, 1503, 27106],delete:
need:	[11144, 1043, 10173],delete:
need:	[20831, 1418, 27684],delete:
need:	[20651, 1621, 22725],delete:
need:	[24869, 1386, 22228],delete:
need:	[28217, 1719, 26259],delete:
need:	[28135, 1418, 25423]	[28125, 1650, 25423],delete:
need:	[2240, 406, 7015]	[32972, 1795, 26829],delete:
need:	[20377, 1660, 33252]	[563, 729, 13438],delete:
need:	[13580, 95, 4478],delete:
need:	[8599, 688, 14447]	[28413, 1439, 34261],delete:
need:	[33844, 1478, 28045]	[8231, 322, 19742],delete:
need:	[5797, 195, 2377]	[22472, 1400, 25611],delete:
need:	[20992, 2130, 32911]	[1178, 768, 3530],delete:
need:	[3660, 971, 8096]	[27910, 1628, 28661],delete:
need:	[2655, 322, 11287]	[31101, 1418, 22469],delete:
need:	[26310, 1684, 32728],delete:
need:	[14296, 159, 6005]	[34110, 1628, 25819],delete:
need:	[24682, 1836, 24021],delete:
need:	[22905, 1805, 25606]	[13175, 384, 5792],delete:
need:	[1381, 966, 1087]	[25498, 1869, 20901],delete:
need:	[491, 872, 11064]	[20305, 2132, 30878],delete:
need:	[31667, 1628, 26175]	[11853, 159, 6361],delete:
need:,delete:
need:	[7239, 537, 14141]	[27053, 1824, 33955],delete:
need:	[7967, 496, 5235]	[32061, 1795, 25049],delete:
need:	[9663, 351, 9133],delete:
need:	[21804, 1318, 24267]	[4306, 1173, 4453],delete:
need:	[10130, 760, 6829],delete:
need:	[8336, 322, 10313]	[28150, 1805, 35231],delete:
need:	[8705, 1243, 10344]	[10344, 679, 11559]	[30158, 2104, 24620]	[24620, 2132, 30158]	[28519, 2104, 30158],delete:
need:	[28097, 1696, 27027],delete:
need:	[12259, 677, 6161]	[32073, 1390, 25975],delete:
need:	[4787, 414, 12346]	[32160, 1713, 24601],delete:
need:	[21443, 1719, 21950],delete:
need:	[2639, 236, 4883]	[4883, 90, 12805]	[4883, 420, 14871]	[24697, 1719, 34685]	[24697, 1389, 22453],delete:
need:	[4619, 506, 96]	[24433, 1478, 38647],delete:
need:	[4535, 297, 3953],delete:
need:	[1723, 198, 14609],delete:
need:	[28450, 1805, 22519]	[22519, 1683, 38539],delete:
need:	[236, 714, 9433]	[30893, 1781, 20050],delete:
need:	[26302, 1560, 25168],delete:
need:,delete:
need:	[32344, 1805, 29332]	[12530, 506, 9518],delete:
need:	[13324, 125, 9925]	[9925, 204, 13529]	[29739, 1795, 33138],delete:
need:	[14120, 109, 6618]	[33934, 1408, 26432]	[6618, 84, 7025]	[26839, 1408, 26432],delete:
need:,delete:
need:	[20503, 1740, 29439]	[689, 167, 6692],delete:
need:	[24198, 2451, 28157],delete:
need:	[23204, 1763, 22407],delete:
need:	[6260, 179, 16798],delete:
need:	[25418, 1795, 21135]	[144, 653, 1321],delete:
need:	[6768, 1147, 14292]	[29451, 1628, 26582],delete:
need:	[24833, 2130, 34979]	[5019, 768, 10751],delete:
need:	[25307, 1488, 25891],delete:
need:	[3763, 731, 10618]	[30432, 1978, 23577],delete:
need:	[12045, 1105, 8843]	[25957, 1624, 28657],delete:
need:	[30808, 1675, 23460]	[3646, 537, 10994],delete:
need:	[14026, 167, 1319]	[21133, 1650, 23774],delete:
need:	[7179, 167, 4505]	[24319, 1478, 26993],delete:
need:	[7036, 189, 8021],delete:
need:	[12910, 794, 1037]	[32724, 1679, 20851],delete:
need:	[33169, 1628, 28690]	[13355, 159, 8876],delete:
need:	[33986, 1406, 25119]	[14172, 107, 5305],delete:
need:	[843, 768, 9787]	[29601, 2130, 31034],delete:
need:	[8115, 95, 4476]	[8115, 199, 17187],delete:
need:	[5351, 420, 6445]	[5351, 420, 9192]	[25165, 1784, 38636],delete:
need:	[14730, 84, 7809]	[27623, 1408, 34544]	[27623, 1404, 36973],delete:
need:	[10975, 537, 7069]	[7069, 677, 12212],delete:
need:	[20789, 1395, 25290],delete:
need:	[5390, 1222, 14955],delete:
need:	[5672, 420, 3277]	[5672, 90, 10675]	[25486, 1389, 30489],delete:
need:	[6294, 506, 6535]	[32929, 1466, 26349],delete:
need:	[23914, 2181, 26312],delete:
need:	[4849, 768, 2198]	[22012, 2130, 24663],delete:
need:	[76, 1294, 12025]	[31839, 2122, 19890],delete:
need:	[1277, 261, 11341]	[21091, 1560, 31155],delete:
need:	[4524, 414, 6021],delete:
need:	[8067, 161, 18493]	[27881, 1763, 34620],delete:
need:,delete:
need:	[26044, 1560, 23467],delete:
need:	[20234, 1836, 22416]	[2602, 159, 420],delete:
need:	[33340, 1683, 20908],delete:
need:	[31043, 1516, 22911]	[7488, 217, 3097],delete:
need:	[34355, 1795, 25132]	[25132, 1795, 32282]	[5318, 125, 14541],delete:
need:	[3809, 159, 14994]	[19824, 1640, 23623],delete:
need:	[8553, 1294, 11698]	[31512, 1578, 28367],delete:
need:	[29354, 1650, 21533]	[11198, 119, 1719],delete:
need:	[8683, 268, 14106]	[28497, 1567, 33920],delete:
need:	[10055, 384, 2398]	[26525, 1650, 22212],delete:
need:	[653, 837, 16340],delete:
need:	[23110, 1413, 32213],delete:
need:	[8474, 496, 4298]	[24112, 1681, 27267],delete:
need:	[21272, 1458, 27169],delete:
need:	[21182, 1390, 38913]	[12044, 731, 1368],delete:
need:	[30573, 1389, 24150]	[24150, 1719, 20224]	[4336, 420, 6445],delete:
need:	[1092, 506, 6654]	[23447, 1478, 20906],delete:
need:	[29289, 1805, 23376],delete:
need:	[259, 250, 8578],delete:
need:	[27575, 2342, 38835],delete:
need:	[20660, 1719, 22780]	[846, 420, 2966],delete:
need:	[2806, 90, 11283]	[22620, 1389, 31097],delete:
need:	[20145, 1719, 26259]	[20145, 1719, 22063]	[13942, 236, 331],delete:
need:	[28863, 1923, 32058]	[6282, 1017, 9049],delete:
need:	[8535, 537, 3859],delete:
need:	[8010, 493, 14707]	[27824, 1767, 31431]	[11617, 1162, 8010],delete:
need:	[31598, 1503, 25272]	[11784, 204, 5458],delete:
need:	[10550, 1162, 136]	[30364, 1696, 19950],delete:
need:	[1936, 496, 11642]	[31456, 1585, 21750],delete:
need:,delete:
need:	[7270, 250, 7755]	[30318, 1549, 27569],delete:
need:	[21989, 1507, 27771]	[2175, 920, 15626]	[30146, 1605, 21989],delete:
need:	[3325, 1222, 8866],delete:
need:	[3874, 182, 16865]	[23688, 1481, 31434],delete:
need:	[5609, 506, 1130],delete:
need:	[32824, 1389, 20676]	[862, 90, 4277],delete:
need:,delete:
need:	[22003, 1560, 34549]	[2189, 261, 5183],delete:
need:	[28817, 1413, 32213],delete:
need:	[13714, 346, 50]	[33528, 2086, 19864],delete:
need:	[1763, 417, 6244],delete:
need:	[23505, 1835, 35229]	[23505, 1739, 35229],delete:
need:	[10228, 250, 16148]	[30042, 1624, 32210],delete:
need:	[2134, 119, 4629],delete:
need:	[9657, 159, 5713]	[33976, 1549, 29471],delete:
need:	[29599, 1499, 27780],delete:
need:	[25605, 1418, 26269],delete:
need:	[1386, 985, 10568]	[11078, 341, 1386]	[30892, 1640, 21200],delete:
need:	[24484, 1424, 23122]	[5050, 161, 3308],delete:
need:	[21981, 1719, 26567],delete:
need:	[5393, 179, 6338],delete:
need:	[9405, 1160, 6053],delete:
need:	[9044, 794, 1]	[19815, 1481, 30490],delete:
need:	[13219, 107, 5134]	[5134, 420, 410]	[5134, 420, 9345]	[33033, 1406, 24948]	[24948, 1719, 29006],delete:
need:	[1694, 939, 1688]	[21508, 1318, 33540],delete:
need:	[5381, 931, 10355],delete:
need:	[7542, 384, 18952]	[27356, 1650, 39327],delete:
need:	[14895, 852, 9473]	[34709, 2009, 29287],delete:
need:	[1587, 157, 3674],delete:
need:	[9632, 329, 7124],delete:
need:	[478, 677, 12177]	[26488, 1549, 20292],delete:
need:	[34603, 1406, 27876]	[14789, 107, 8062],delete:
need:,delete:
need:	[28135, 1805, 28125]	[28135, 1740, 38917],delete:
need:,delete:
need:	[7183, 653, 6366],delete:
need:	[3426, 1170, 5811],delete:
need:	[23743, 1683, 28182]	[20487, 1478, 28182],delete:
need:	[7338, 760, 19296],delete:
need:	[13969, 537, 6019]	[25833, 1628, 33783]	[33783, 1549, 25833],delete:
need:	[20945, 1705, 29564]	[9682, 406, 1131],delete:
need:	[13003, 680, 1019],delete:
need:	[32436, 1621, 23201]	[25605, 1805, 23201],delete:
need:	[34161, 1389, 25474]	[12317, 90, 5660],delete:
need:	[7887, 1183, 13734]	[27701, 1696, 33548],delete:
need:	[21308, 1535, 30716]	[9226, 90, 1494],delete:
need:	[14668, 883, 6490]	[6490, 764, 14668]	[26304, 1505, 34482],delete:
need:	[11759, 286, 5429]	[5429, 161, 18621]	[25243, 1544, 32695],delete:
need:	[12278, 714, 4693]	[24507, 1923, 32092],delete:
need:	[3243, 182, 7278]	[23057, 1481, 27092],delete:
need:	[21904, 1418, 28039],delete:
need:	[208, 1222, 6482],delete:
need:	[2585, 406, 2382]	[29438, 1795, 22399],delete:
need:	[1602, 204, 17277]	[21416, 1719, 31758],delete:
need:	[30023, 1740, 29827]	[10013, 351, 15776],delete:
need:	[21194, 1752, 25461]	[1380, 101, 5647],delete:
need:	[14188, 1226, 7153]	[34002, 1836, 26967],delete:
need:	[1165, 1298, 9601],delete:
need:	[26205, 1683, 28565]	[8751, 322, 17590],delete:
need:,delete:
need:	[5832, 634, 14883]	[5832, 939, 8048]	[25646, 1481, 31725],delete:
need:	[8758, 261, 5280]	[25094, 1560, 32466],delete:
need:	[22066, 1549, 23495]	[11551, 159, 3681],delete:
need:	[31163, 1836, 21795],delete:
need:	[7657, 414, 7482],delete:
need:	[13294, 711, 6789]	[26987, 1923, 26603],delete:
need:	[19876, 1888, 23491]	[30201, 1888, 23491],delete:
need:	[21873, 1851, 34748]	[14934, 386, 2059],delete:
need:	[24270, 1462, 26033]	[30520, 1807, 26033]	[22104, 1807, 26033]	[30457, 1366, 26033],delete:
need:	[282, 322, 4953],delete:
need:	[27206, 1458, 21731],delete:
need:	[9312, 736, 16339]	[29126, 1549, 37456],delete:
need:	[29930, 1721, 27882]	[8068, 10, 10116],delete:
need:	[23236, 1643, 22358],delete:
need:	[3290, 420, 9345],delete:
need:	[30300, 1719, 21644]	[34476, 1544, 30300]	[10486, 420, 1830],delete:
need:	[4860, 141, 2538],delete:
need:	[33886, 1510, 25287],delete:
need:	[4656, 1162, 13380]	[24470, 1696, 33194],delete:
need:	[14721, 679, 5999]	[32765, 1656, 25813]	[12951, 679, 5999],delete:
need:	[26701, 1628, 21328]	[1514, 159, 12710],delete:
need:	[9496, 420, 9192]	[29310, 1719, 25842]	[9496, 420, 6028],delete:
need:	[21427, 1535, 27018]	[7204, 90, 2195],delete:
need:	[29722, 1507, 29065]	[9908, 1294, 19110]	[29722, 1818, 25321],delete:
need:	[25564, 1600, 39375]	[5750, 301, 15649],delete:
need:	[1173, 537, 6557]	[20987, 1549, 26371],delete:
need:	[21327, 1705, 20510]	[696, 339, 1513],delete:
need:	[5131, 179, 3084]	[24945, 1478, 22898],delete:
need:	[14349, 521, 4519]	[34163, 1820, 24333],delete:
need:	[27235, 1621, 29017]	[9203, 179, 14630],delete:
need:	[23225, 1738, 26848]	[28803, 1386, 23225],delete:
need:	[23168, 1719, 21950]	[3354, 420, 7601]	[3354, 204, 14715]	[3354, 286, 11897],delete:
need:	[2545, 179, 6807]	[26621, 1478, 25125],delete:
need:	[24872, 1740, 20905]	[1091, 119, 5058],delete:
need:	[25252, 1748, 24491]	[5438, 1216, 5726],delete:
need:	[28960, 1795, 20448]	[10559, 125, 9146],delete:
need:,delete:
need:	[24304, 1683, 23909]	[23909, 1650, 24304],delete:
need:	[8585, 494, 4915],delete:
need:	[27632, 1386, 32562]	[7818, 87, 1593],delete:
need:	[25982, 1454, 21417],delete:
need:	[3517, 1173, 13945]	[23331, 1624, 33759],delete:
need:	[771, 84, 918]	[771, 84, 5040]	[25943, 1408, 20585]	[20585, 2192, 24854],delete:
need:	[4467, 581, 4467],delete:
need:	[3231, 236, 7703]	[7703, 420, 6905]	[27517, 1719, 26719]	[27517, 1389, 23045],delete:
need:	[21921, 1719, 24627],delete:
need:	[7352, 420, 6445]	[7352, 90, 12790]	[27166, 1389, 32604],delete:
need:	[30252, 1857, 29409]	[24348, 1570, 30252],delete:
need:	[31103, 1389, 24516],delete:
need:	[4570, 101, 13240]	[24384, 1400, 33054],delete:
need:	[5233, 496, 6598]	[9182, 496, 6598],delete:
need:	[10041, 167, 8225]	[28985, 1466, 29855],delete:
need:	[25186, 1585, 34489]	[34489, 1795, 25186],delete:
need:	[8431, 159, 1205]	[22824, 1628, 28245],delete:
need:	[27680, 1836, 29112]	[7832, 113, 9298],delete:
need:	[32728, 1462, 20793]	[3475, 556, 979]	[22507, 1437, 20793],delete:
need:	[13305, 90, 450]	[20264, 1535, 33119]	[33119, 1389, 20264]	[450, 1199, 1182],delete:
need:	[31651, 2296, 23783]	[11837, 847, 3969],delete:
need:	[25058, 2353, 20689]	[32687, 2353, 20689],delete:
need:	[6434, 420, 6905]	[6434, 236, 7320]	[6434, 420, 3639]	[26732, 1389, 26248]	[26248, 1719, 25470],delete:
need:,delete:
need:	[3729, 1162, 11344]	[23543, 1696, 31158],delete:
need:	[13047, 107, 5366]	[32861, 1503, 25180],delete:
need:	[9490, 369, 9422]	[29304, 1668, 29236],delete:
need:	[22133, 1781, 23522]	[7131, 939, 3708]	[21978, 1923, 23522],delete:
need:	[4275, 351, 10453],delete:
need:	[33277, 1389, 22101]	[2287, 236, 13463]	[29970, 1389, 22101],delete:
need:	[31406, 1458, 21317]	[1503, 520, 2629],delete:
need:	[5983, 839, 5682],delete:
need:	[13987, 677, 9456]	[29270, 1675, 33801],delete:
need:	[22490, 1740, 20831],delete:
need:	[22887, 1839, 20469]	[3073, 653, 14398],delete:
need:	[10687, 351, 1710]	[21524, 1650, 38435],delete:
need:	[21741, 1795, 32508]	[27656, 1424, 21741]	[21741, 1795, 32072],delete:
need:	[20445, 1400, 30964]	[631, 101, 11150],delete:
need:	[5834, 159, 4020],delete:
need:	[12746, 496, 10406]	[4596, 1173, 10406]	[30089, 1628, 30220],delete:
need:	[14150, 286, 2135]	[33964, 1424, 21949],delete:
need:	[13838, 1078, 9130]	[33652, 1978, 28944]	[28944, 1978, 33652],delete:
need:	[32229, 1621, 25291]	[21938, 1683, 25291],delete:
need:,delete:
need:	[20679, 1413, 38799],delete:
need:	[24483, 2420, 27049],delete:
need:	[12909, 351, 5397]	[25211, 1640, 38620],delete:
need:	[20243, 1458, 31738]	[429, 159, 11924],delete:
need:	[33854, 1740, 26457]	[26457, 1621, 23076],delete:
need:	[14155, 87, 302]	[20116, 1629, 33455]	[33969, 1386, 20116],delete:
need:	[4716, 506, 12840]	[3535, 119, 4716],delete:
need:	[5799, 537, 10182]	[29996, 1628, 33667],delete:
need:	[20307, 1835, 35229]	[20307, 1739, 35229],delete:
need:	[10700, 407, 5870]	[30514, 1706, 25684],delete:
need:	[4462, 351, 6381]	[24276, 1466, 26094],delete:
need:	[5082, 95, 11299]	[32720, 1748, 24896],delete:
need:	[20201, 1389, 31740]	[387, 420, 6905],delete:
need:,delete:
need:	[2267, 226, 4535]	[2267, 0, 11772]	[2267, 109, 17839]	[2267, 105, 12850]	[22081, 1299, 31586]	[22081, 1299, 36328]	[22081, 1408, 36328]	[22081, 1404, 32664]	[22081, 1525, 19836]	[22081, 1458, 32664],delete:
need:	[2183, 159, 3856]	[3856, 159, 8631]	[3856, 329, 8631]	[23670, 1549, 35690]	[28445, 1836, 23670],delete:
need:	[34250, 1650, 28100]	[28100, 1418, 25822],delete:
need:	[7451, 277, 7961],delete:
need:	[4947, 786, 10077]	[30071, 1549, 29891],delete:
need:	[2807, 309, 4136],delete:
need:	[13349, 378, 4306]	[13809, 288, 4306],delete:
need:	[83, 496, 11694]	[19897, 1795, 31508],delete:
need:	[27796, 1585, 32789]	[7982, 204, 6574]	[7982, 245, 326]	[7982, 288, 2191],delete:
need:	[5054, 101, 8775]	[24868, 1466, 25852],delete:
need:	[29076, 1318, 25953]	[14312, 1173, 6139],delete:
need:	[22559, 1894, 20205],delete:
need:,delete:
need:	[1586, 677, 6438],delete:
need:	[25336, 1795, 33592]	[13778, 125, 5522],delete:
need:,delete:
need:	[795, 179, 12911]	[20609, 1683, 23097],delete:
need:	[3779, 204, 7322]	[7322, 485, 14086],delete:
need:	[2737, 420, 9679]	[22551, 1719, 26884],delete:
need:	[2097, 723, 12691]	[21911, 1706, 28531],delete:
need:,delete:
need:	[23471, 1604, 35743]	[3657, 376, 5228],delete:
need:	[23904, 1481, 23182]	[11456, 159, 4090],delete:
need:	[28852, 1628, 24017]	[4203, 1226, 9038],delete:
need:	[22321, 1719, 21467]	[2507, 420, 9192]	[14354, 286, 2507],delete:
need:	[3186, 119, 6903]	[23000, 1805, 32185],delete:
need:	[1210, 209, 9643],delete:
need:	[30274, 2130, 36453]	[10460, 768, 17285],delete:
need:	[20016, 1650, 24650]	[202, 384, 15023],delete:
need:	[677, 1234, 17320]	[20491, 2159, 32146],delete:
need:	[22857, 2432, 32107],delete:
need:,delete:
need:	[2183, 250, 13552],delete:
need:	[30875, 1418, 21351],delete:
need:	[6391, 322, 624]	[20438, 1418, 26205],delete:
need:	[13933, 286, 5653]	[10868, 286, 5653],delete:
need:	[4502, 384, 9550]	[12660, 167, 4502],delete:
need:	[10416, 736, 10703]	[30230, 1437, 30517],delete:
need:	[7528, 786, 4255]	[27342, 1549, 32299],delete:
need:	[30480, 1713, 23478]	[3664, 414, 7868],delete:
need:	[24730, 1784, 28360]	[24730, 1719, 21467]	[4916, 420, 1653],delete:
need:,delete:
need:,delete:
need:	[27366, 1406, 20655]	[27366, 1719, 29006]	[7552, 125, 12841]	[27366, 1424, 32655],delete:
need:	[9979, 485, 14060]	[9979, 420, 3639]	[29793, 1784, 33874],delete:
need:	[19909, 1725, 26559]	[7356, 351, 6745],delete:
need:	[14075, 1225, 6422],delete:
need:	[23340, 1437, 29766]	[30357, 1437, 29766]	[9952, 680, 14458],delete:
need:	[13138, 250, 4800]	[32952, 1549, 24614],delete:
need:	[27186, 1386, 25887]	[7372, 439, 7938],delete:
need:,delete:
need:	[7698, 939, 9904]	[27512, 1795, 34432]	[7698, 496, 14618],delete:
need:	[7851, 537, 8234],delete:
need:	[29695, 1642, 23405],delete:
need:	[21827, 1795, 32251]	[13889, 939, 2013],delete:
need:	[3960, 119, 1080]	[1080, 506, 16356],delete:
need:	[273, 717, 13422]	[273, 717, 3866]	[20087, 1872, 33236],delete:
need:	[30142, 1719, 23453]	[10328, 420, 9192]	[33668, 1389, 30142],delete:
need:	[23698, 1784, 21419],delete:
need:	[21511, 1478, 26354],delete:
need:	[8588, 1147, 19331]	[6625, 1147, 8588]	[8588, 1181, 17399]	[28402, 1958, 27997]	[28402, 1549, 26439]	[28402, 2381, 37836]	[28402, 1439, 27997],delete:
need:	[27143, 1781, 25568]	[28123, 1781, 25568]	[10878, 939, 5754],delete:
need:	[13825, 679, 9629]	[33639, 1656, 29443],delete:
need:	[26143, 1713, 22150],delete:
need:	[4228, 107, 3432]	[3432, 1199, 4194],delete:
need:	[32125, 1390, 24589]	[20177, 1497, 24589],delete:
need:	[31207, 1628, 29446]	[9632, 329, 7124],delete:
need:	[6263, 506, 8442],delete:
need:	[29253, 1656, 37780],delete:
need:	[8501, 167, 1330],delete:
need:	[23364, 1390, 30437],delete:
need:	[10833, 698, 873],delete:
need:	[31594, 1587, 21398]	[4556, 496, 1584],delete:
need:	[27163, 2044, 26095]	[30082, 1869, 26095],delete:
need:	[21971, 1418, 34129]	[12919, 441, 2157],delete:
need:	[22872, 1390, 32624],delete:
need:	[31836, 1371, 23915],delete:
need:	[29303, 1628, 29290]	[9489, 939, 1744],delete:
need:	[4070, 159, 14861]	[34675, 1836, 23884],delete:
need:	[27829, 1719, 28183],delete:
need:	[6672, 883, 19567]	[30689, 1363, 26486],delete:
need:,delete:
need:	[34237, 1418, 30106]	[10292, 441, 11823],delete:
need:	[1614, 1226, 13385]	[21428, 1549, 33199],delete:
need:	[10926, 90, 7010]	[30740, 1389, 26824],delete:
need:	[20825, 2242, 23655],delete:
need:	[5912, 1243, 16307]	[25726, 2104, 35903]	[25726, 1655, 20231],delete:
need:	[7185, 420, 9192]	[7185, 286, 3992]	[26999, 1424, 23806],delete:
need:	[23165, 1375, 28144]	[23165, 1375, 31410],delete:
need:	[13645, 760, 7163]	[33459, 1923, 26977],delete:
need:	[22024, 1683, 30855]	[11041, 351, 2210],delete:
need:	[23373, 1588, 20912],delete:
need:	[29715, 2090, 32447],delete:
need:	[28627, 1725, 23509]	[28627, 1740, 30525],delete:
need:	[22861, 1304, 21183]	[1369, 971, 13019],delete:
need:	[34776, 1457, 27236],delete:
need:,delete:
need:	[25952, 1624, 30169]	[6584, 496, 10355]	[10355, 377, 17546],delete:
need:	[27957, 1650, 30953]	[32629, 1621, 27957],delete:
need:	[2434, 322, 6262]	[22248, 1621, 26076],delete:
need:	[162, 198, 10213],delete:
need:	[22817, 1730, 31231]	[12201, 90, 3003],delete:
need:	[29426, 1836, 35107]	[2443, 537, 9612],delete:
need:	[23956, 1719, 19912],delete:
need:	[13780, 711, 9738]	[33594, 2411, 29552],delete:
need:	[2348, 1226, 15079]	[22162, 2445, 30930],delete:
need:	[26267, 1636, 20817],delete:
need:,delete:
need:	[25072, 1478, 23212]	[3398, 167, 5258],delete:
need:	[23150, 1535, 22345]	[2531, 420, 3430]	[2531, 420, 410],delete:
need:	[22915, 1478, 28343]	[11268, 167, 8529],delete:
need:	[26970, 1725, 32063]	[26970, 1683, 28094]	[28094, 1650, 26970],delete:
need:	[27284, 1754, 24725],delete:
need:	[2645, 420, 9192]	[22459, 1719, 24321],delete:
need:	[24334, 1719, 20224]	[24334, 1719, 34685],delete:
need:	[960, 426, 2386]	[20774, 1725, 28875]	[1290, 736, 960]	[20774, 1725, 22200],delete:
need:,delete:
need:	[23237, 1668, 29351]	[3423, 288, 12206],delete:
need:	[5683, 1173, 10257]	[30338, 1318, 30071],delete:
need:	[21139, 1765, 29075]	[9261, 939, 628],delete:
need:	[28109, 1716, 21411],delete:
need:	[23879, 1675, 22871]	[3057, 250, 58],delete:
need:	[13568, 506, 8394]	[4254, 351, 8394],delete:
need:	[27127, 2342, 38835],delete:
need:,delete:
need:	[9634, 108, 13827],delete:
need:	[23335, 2242, 28765],delete:
need:	[32104, 1872, 20459],delete:
need:,delete:
need:	[30598, 2132, 26651]	[6837, 1243, 10784],delete:
need:	[20018, 1386, 31274],delete:
need:	[144, 653, 1321],delete:
need:	[6424, 179, 5650]	[25464, 1478, 28868],delete:
need:	[6561, 420, 8369]	[26375, 1719, 30876],delete:
need:	[26906, 1795, 29877]	[7092, 1031, 12327],delete:
need:,delete:
need:,delete:
need:,delete:
need:	[6721, 119, 5712]	[13522, 351, 5712],delete:
need:,delete:
need:	[30992, 1503, 23684]	[3870, 485, 15333]	[3870, 420, 6445],delete:
need:	[33915, 1389, 22189]	[32761, 1389, 22189],delete:
need:	[860, 420, 2422]	[20674, 1389, 34085]	[860, 90, 14271]	[20674, 1719, 22236],delete:
need:	[9121, 0, 3478],delete:
need:	[14463, 378, 7581]	[34277, 1677, 27395],delete:
need:	[32996, 1458, 22877]	[3063, 634, 19193],delete:
need:	[11265, 959, 1434]	[1434, 208, 11265]	[31079, 1578, 21248]	[21248, 1507, 29806]	[29806, 1578, 21248],delete:
need:	[27059, 1835, 35089],delete:
need:	[9970, 558, 4123],delete:
need:	[33453, 2104, 29828]	[13639, 1243, 10014],delete:
need:	[13133, 537, 5167]	[5167, 159, 13133]	[24981, 1458, 32947]	[24981, 1836, 27743]	[32947, 1836, 24981],delete:
need:	[4070, 537, 1323]	[21137, 1795, 33106]	[23884, 1836, 21137],delete:
need:	[27404, 1413, 32213],delete:
need:	[2054, 351, 2768],delete:
need:	[29048, 2123, 31935],delete:
need:	[3617, 847, 14926]	[34740, 1795, 23431],delete:
need:	[14695, 717, 6955]	[34509, 1872, 26769],delete:
need:,delete:
need:	[6526, 420, 3430]	[6526, 420, 4727],delete:
need:	[24013, 1836, 21009],delete:
need:,delete:
need:	[10841, 729, 1247]	[30655, 1390, 21061],delete:
need:	[8056, 271, 14935],delete:
need:	[24426, 1650, 22898]	[24426, 1501, 23707],delete:
need:	[827, 1252, 10622]	[30436, 1872, 20641],delete:
need:	[3603, 506, 7991],delete:
need:	[8439, 795, 3587]	[3587, 261, 7847]	[3587, 261, 4488]	[28393, 1645, 23401]	[23401, 1643, 22358],delete:
need:	[8175, 167, 1438]	[21252, 1478, 27989],delete:
need:	[9145, 1243, 17844]	[28959, 1655, 20231]	[9145, 679, 14593],delete:
need:	[24785, 1650, 27625],delete:
need:	[33584, 1725, 22715],delete:
need:	[9683, 119, 804]	[9683, 179, 5696],delete:
need:	[10371, 378, 1341]	[26142, 1624, 30185],delete:
need:	[1896, 795, 12330],delete:
need:	[10853, 291, 2855]	[29241, 1590, 22669]	[22280, 1797, 22669],delete:
need:	[25024, 1316, 28210]	[11158, 1050, 8396],delete:
need:	[29784, 2150, 30134],delete:
need:	[13308, 119, 547],delete:
need:	[23093, 1628, 23643]	[12918, 159, 3279],delete:
need:	[7510, 179, 1026],delete:
need:	[7136, 286, 11644]	[26950, 1585, 31458]	[7136, 485, 17565]	[7136, 406, 18574],delete:
need:	[25789, 1478, 20854]	[12995, 351, 5975],delete:
need:,delete:
need:	[5148, 90, 13331],delete:
need:,delete:
need:	[26671, 1719, 26719],delete:
need:	[5406, 272, 4299]	[24113, 1696, 32448]	[4299, 967, 6105],delete:
need:	[14516, 932, 4792]	[34330, 1696, 24606],delete:
need:	[9235, 537, 9796],delete:
need:,delete:
need:	[34714, 1590, 28269]	[14900, 1294, 8455],delete:
need:	[9448, 346, 6907]	[14092, 463, 9448],delete:
need:	[20614, 1424, 31030]	[800, 406, 2358],delete:
need:	[23569, 2242, 24161],delete:
need:,delete:
need:	[9994, 329, 14594]	[29808, 1836, 34302],delete:
need:	[6589, 322, 2640]	[2640, 179, 17737],delete:
need:	[10858, 351, 3119]	[22933, 1683, 30672],delete:
need:	[7251, 885, 6987]	[27065, 1304, 26801],delete:
need:	[1785, 322, 15327]	[21599, 1683, 28721],delete:
need:	[22428, 1719, 29006]	[2614, 420, 11944],delete:
need:	[5856, 288, 3423]	[25670, 1668, 29351],delete:
need:	[2677, 119, 5988]	[2677, 322, 16903],delete:
need:	[5674, 410, 19122],delete:
need:	[3803, 420, 410]	[3803, 420, 14871]	[23617, 1719, 34685],delete:
need:	[33286, 1336, 29423]	[13472, 37, 9609],delete:
need:	[4541, 420, 2136]	[24355, 1424, 31856]	[4541, 286, 12042],delete:
need:	[29387, 2072, 34651]	[9573, 784, 14837],delete:
need:,delete:
need:	[26998, 1583, 31272]	[11458, 153, 7184],delete:
need:,delete:
need:	[20823, 1836, 21045]	[6297, 537, 1231],delete:
need:	[31858, 2072, 21225]	[24269, 1991, 21225],delete:
need:	[3576, 420, 14871]	[3576, 420, 410]	[23390, 1389, 27541]	[30596, 1406, 23390]	[23035, 1668, 23390]	[23390, 1389, 27577],delete:
need:	[10058, 159, 11555]	[12074, 159, 10058],delete:
need:	[1591, 119, 6802]	[25802, 1683, 21405],delete:
need:	[10377, 506, 12537]	[6166, 167, 10377],delete:
need:	[8965, 506, 4532]	[28947, 1650, 28779],delete:
need:	[133, 206, 8519]	[28333, 1725, 19947],delete:
need:	[10513, 245, 4058]	[4058, 189, 8219],delete:
need:	[27184, 1570, 29292],delete:
need:	[23095, 2130, 24102]	[24102, 1494, 28813]	[29119, 2130, 24102],delete:
need:	[4851, 939, 343]	[10058, 159, 343],delete:
need:,delete:
need:	[7234, 159, 9960]	[29774, 1836, 27048],delete:
need:	[3499, 351, 6979],delete:
need:,delete:
need:	[24365, 1404, 33649]	[4551, 410, 13835],delete:
need:	[13083, 236, 8733]	[28547, 1389, 32897],delete:
need:	[29309, 1719, 26719]	[9495, 420, 10414],delete:
need:	[2913, 89, 13823]	[22727, 1388, 33637],delete:
need:	[7829, 939, 2512]	[20700, 1628, 27643]	[27643, 1519, 24518]	[27643, 1795, 27643]	[27643, 1795, 27643],delete:
need:	[33114, 1915, 22623]	[6296, 801, 2809],delete:
need:	[7259, 159, 7077],delete:
need:	[9626, 350, 7648]	[9626, 261, 14898],delete:
need:,delete:
need:	[3670, 519, 10623],delete:
need:	[7404, 939, 9667]	[7404, 653, 2596],delete:
need:	[10230, 1252, 11638]	[31452, 1872, 30044],delete:
need:	[33872, 1629, 22373]	[14058, 330, 2559],delete:
need:	[24141, 1578, 32334]	[4327, 1222, 12520],delete:
need:	[8533, 20, 2888],delete:
need:	[25193, 1621, 26468]	[5379, 322, 6654],delete:
need:	[22885, 1656, 29628]	[3071, 723, 12691],delete:
need:	[6982, 1122, 14995]	[26796, 1731, 34809]	[14730, 84, 6982]	[32264, 2164, 26796],delete:
need:	[24311, 1691, 24646],delete:
need:	[30642, 1466, 22688]	[22688, 1683, 36421],delete:
need:	[4489, 931, 17711]	[24303, 1304, 21214],delete:
need:	[3952, 152, 14210],delete:
need:	[29250, 1478, 25775],delete:
need:	[8886, 276, 4402]	[8886, 449, 597],delete:
need:,delete:
need:	[31998, 1316, 26962]	[12184, 1122, 7148],delete:
need:,delete:
need:	[4235, 420, 9192]	[4235, 420, 6905]	[24049, 1719, 23453],delete:
need:	[3472, 331, 19222],delete:
need:,delete:
need:	[8185, 90, 1477]	[8185, 90, 10785]	[27999, 1389, 34092]	[30599, 1389, 27999]	[27999, 1389, 30599],delete:
need:	[33053, 1805, 26565],delete:
need:	[21436, 1413, 38799],delete:
need:	[28287, 1804, 19935]	[28287, 1647, 30329]	[28287, 1804, 31099]	[28287, 1865, 19935]	[28287, 1804, 30329],delete:
need:	[26716, 1683, 24071],delete:
need:,delete:
need:	[28067, 1573, 20375],delete:
need:	[10362, 653, 6366]	[10362, 496, 7082]	[10362, 159, 12814],delete:
need:	[269, 532, 1493],delete:
need:	[10527, 119, 9877]	[30714, 1466, 29691],delete:
need:	[26458, 1378, 33150]	[6644, 1152, 13336],delete:
need:	[22778, 1466, 30890]	[2964, 119, 18376],delete:
need:	[7412, 420, 9192]	[31648, 1424, 27226]	[11834, 125, 7412],delete:
need:	[12613, 939, 7259],delete:
need:	[26511, 1621, 25270],delete:
need:,delete:
need:	[22047, 1640, 22627]	[11311, 910, 2813]	[22627, 1486, 31125]	[31125, 2384, 22627],delete:
need:	[10415, 341, 8841],delete:
need:	[24728, 1738, 35934]	[4914, 87, 6583],delete:
need:	[4777, 384, 9559],delete:
need:	[9636, 420, 9192]	[29450, 1389, 30413]	[29450, 1719, 29006]	[30413, 1535, 29450],delete:
need:	[8982, 159, 15820]	[28796, 1836, 39035],delete:
need:	[7425, 537, 7561]	[27375, 1549, 34609],delete:
need:	[3068, 356, 13734]	[13734, 521, 3068]	[22882, 1655, 33548]	[33548, 1820, 22882],delete:
need:	[1115, 420, 2422]	[1115, 236, 1803]	[20929, 1784, 21755]	[1115, 420, 4433],delete:
need:	[26922, 1620, 38898],delete:
need:	[1511, 306, 7656],delete:
need:	[8579, 931, 311]	[29058, 1624, 20125],delete:
need:	[27908, 1400, 30578]	[8094, 101, 10764],delete:
need:	[3292, 768, 10175]	[33058, 2130, 23106],delete:
need:	[6025, 167, 4077]	[23891, 1805, 36570],delete:
need:	[20316, 1719, 21950],delete:
need:	[8739, 167, 7271],delete:
need:	[29232, 2242, 28284],delete:
need:	[34571, 1462, 28255]	[14757, 51, 8441],delete:
need:	[22798, 1624, 29417]	[2984, 159, 13571],delete:
need:	[21212, 1683, 31166],delete:
need:	[2656, 89, 19625]	[22470, 1388, 38967],delete:
need:	[6418, 414, 447]	[27476, 1713, 20261],delete:
need:	[11565, 72, 7855]	[10555, 72, 7855]	[7855, 261, 8681],delete:
need:	[12083, 464, 956]	[20770, 1503, 30652],delete:
need:	[21840, 1458, 39281]	[2026, 537, 14767],delete:
need:,delete:
need:	[9282, 119, 11224]	[31038, 1621, 29096],delete:
need:	[25279, 1805, 21030]	[21030, 1740, 25279],delete:
need:	[28120, 2425, 21250]	[1436, 1127, 6735],delete:
need:	[11519, 28, 7544]	[31340, 1812, 27358],delete:
need:	[27749, 2274, 38799],delete:
need:,delete:
need:	[6251, 441, 869]	[20683, 1418, 26065],delete:
need:	[1721, 441, 3699],delete:
need:	[9300, 420, 9192]	[29114, 1719, 21364]	[29114, 1719, 20224],delete:
need:	[7629, 420, 1550]	[7629, 420, 1653]	[31423, 1389, 27443],delete:
need:	[1995, 1214, 2552],delete:
need:	[34394, 1549, 29026]	[14162, 159, 9212],delete:
need:	[7487, 439, 675]	[12563, 439, 675],delete:
need:	[6135, 339, 10422]	[25949, 1503, 28530]	[25949, 1784, 36558]	[25949, 1424, 25868]	[25949, 1406, 32244]	[25868, 1795, 25949],delete:
need:	[14803, 159, 6631],delete:
need:	[26523, 1719, 20224]	[31563, 1730, 26523]	[6709, 420, 6445],delete:
need:	[33107, 1549, 23062],delete:
need:	[7350, 414, 5963],delete:
need:	[22675, 2145, 34947],delete:
need:	[5696, 322, 10542]	[12655, 167, 5696],delete:
need:	[23794, 1713, 21189]	[3980, 414, 11839],delete:
need:	[21028, 1628, 22685],delete:
need:	[23457, 1549, 31576]	[3643, 653, 6089],delete:
need:	[7212, 698, 16755]	[7212, 698, 12556],delete:
need:	[8220, 189, 7819]	[8220, 189, 775]	[8220, 420, 9192]	[8220, 189, 6077]	[8220, 420, 410]	[28034, 1488, 25891]	[28034, 1719, 29006]	[28034, 1719, 20224],delete:
need:	[4425, 540, 2461]	[8207, 159, 2461]	[22275, 1628, 32682],delete:
need:	[2987, 159, 18672]	[22801, 1836, 30858],delete:
need:,delete:
need:	[29385, 1752, 20093],delete:
need:	[27311, 1413, 38799],delete:
need:	[4195, 420, 2422]	[4195, 420, 4433]	[24009, 1719, 22236]	[4195, 420, 14871],delete:
need:	[29561, 1784, 36719]	[11649, 406, 9747],delete:
need:	[26085, 1478, 23394]	[3568, 351, 6271],delete:
need:	[21954, 1888, 24216]	[21954, 1570, 24216],delete:
need:	[8145, 191, 15711]	[27861, 1490, 27959],delete:
need:	[109, 167, 17037]	[19923, 1466, 36895],delete:
need:	[20233, 1621, 21550],delete:
need:	[30354, 1923, 21856]	[13285, 714, 2042],delete:
need:	[25076, 1980, 24742],delete:
need:	[25142, 1719, 34685],delete:
need:	[10335, 1087, 5496],delete:
need:	[111, 101, 14506]	[19925, 1400, 34320],delete:
need:	[12094, 939, 8458],delete:
need:	[260, 441, 17301]	[33021, 1478, 20074],delete:
need:	[9484, 431, 14182]	[9484, 90, 10401]	[33996, 1389, 29298],delete:
need:,delete:
need:	[29239, 1740, 27215],delete:
need:	[14231, 812, 1661]	[34045, 1320, 21475],delete:
need:	[24330, 1923, 35625]	[24330, 1923, 37425],delete:
need:	[14919, 179, 8999],delete:
need:	[26353, 2130, 33896]	[3703, 768, 6539],delete:
need:	[24547, 1389, 31338]	[4733, 420, 3430]	[31338, 1730, 24547],delete:
need:	[25602, 2311, 19961]	[25602, 1498, 23428],delete:
need:	[21426, 1605, 21653],delete:
need:	[7460, 1173, 6766]	[30799, 1795, 26580],delete:
need:	[23414, 1818, 34118]	[3600, 420, 10772]	[23414, 1719, 21950]	[23414, 1719, 30586],delete:
need:	[6393, 119, 12546]	[26207, 1740, 39568],delete:
need:	[6181, 87, 8944],delete:
need:	[26881, 1807, 22590],delete:
need:,delete:
need:	[29741, 1466, 32641]	[29741, 1418, 38758],delete:
need:	[24181, 1740, 30216],delete:
need:	[22701, 1836, 21370]	[2887, 537, 1556],delete:
need:	[1907, 204, 14635]	[26532, 1795, 21721],delete:
need:	[12984, 847, 1978]	[32798, 2296, 21792],delete:
need:	[26793, 1466, 27031],delete:
need:	[3529, 537, 1972]	[23343, 1880, 23919]	[12849, 231, 3529]	[3529, 496, 12318]	[3529, 736, 7495]	[32663, 2287, 23343],delete:
need:	[24383, 1733, 28750]	[1224, 107, 8936],delete:
need:	[25279, 1621, 34876],delete:
need:	[8286, 179, 3603],delete:
need:	[13027, 1050, 4103]	[23917, 1450, 32841],delete:
need:	[30284, 1432, 25517]	[5703, 581, 10470],delete:
need:	[20659, 1478, 33712]	[32893, 1683, 20659],delete:
need:	[7688, 397, 3367]	[4001, 1162, 3367]	[31770, 1696, 23181],delete:
need:	[9098, 286, 8669]	[4865, 406, 9098]	[9098, 420, 9192]	[9098, 485, 14684]	[9098, 204, 5544]	[28912, 1784, 34498]	[28483, 1795, 28912]	[28912, 1424, 28483],delete:
need:	[2315, 167, 19683]	[22129, 1418, 32963],delete:
need:	[6794, 286, 13496]	[26608, 1585, 33310],delete:
need:	[25122, 2104, 23450]	[25122, 2132, 35556]	[25122, 1655, 20231],delete:
need:	[25735, 1507, 30778]	[5921, 229, 10964],delete:
need:	[5796, 819, 10255],delete:
need:	[32601, 1390, 27357]	[7543, 885, 12787]	[7543, 931, 13398]	[9653, 426, 7543]	[24019, 1807, 27357],delete:
need:	[30627, 1716, 26169]	[32519, 1795, 26169],delete:
need:	[27828, 1805, 29442]	[6424, 351, 8014],delete:
need:	[5078, 1162, 12750]	[24892, 1696, 32564],delete:
need:	[21608, 1805, 26354],delete:
need:	[31715, 1389, 26415]	[11616, 107, 6601],delete:
need:,delete:
need:	[4905, 125, 6118]	[6118, 204, 17277]	[6118, 496, 11152]	[6118, 496, 9569]	[25932, 1719, 21950]	[25932, 1795, 30966]	[25932, 1795, 24719],delete:
need:,delete:
need:	[2380, 688, 4446]	[27511, 1439, 24260],delete:
need:	[20288, 1640, 32749]	[474, 351, 17261],delete:
need:	[19845, 1740, 32130]	[19845, 1805, 28684],delete:
need:	[33984, 1424, 23044]	[14170, 286, 3230],delete:
need:,delete:
need:	[32230, 1633, 26722]	[6908, 101, 12377],delete:
need:	[1101, 449, 6168]	[20915, 1888, 29122],delete:
need:	[1937, 589, 6886]	[1937, 589, 14304],delete:
need:	[33193, 1478, 29297]	[9483, 322, 4307],delete:
need:	[680, 939, 9974]	[29936, 1549, 29788],delete:
need:	[26307, 1458, 25770],delete:
need:	[6493, 496, 4226],delete:
need:	[12494, 159, 6813],delete:
need:	[24116, 1738, 30265],delete:
need:	[7350, 414, 6892]	[27164, 1713, 26706],delete:
need:	[1074, 155, 13715],delete:
need:	[20444, 1805, 37079]	[20444, 1740, 31139],delete:
need:	[29416, 1466, 34669],delete:
need:	[9987, 384, 6449]	[29801, 1683, 26263],delete:
need:	[7427, 711, 3531],delete:
need:,delete:
need:	[23219, 1621, 37078]	[3405, 351, 13591],delete:
need:	[31240, 1549, 20712]	[898, 159, 11426],delete:
need:	[11831, 441, 4211]	[31645, 1740, 24025],delete:
need:	[22003, 1560, 24997]	[5183, 504, 11791],delete:
need:,delete:
need:,delete:
need:	[21386, 1404, 33089]	[13275, 288, 1572]	[33089, 1609, 21386],delete:
need:	[21925, 1481, 24205]	[31479, 1304, 21925],delete:
need:	[1015, 1162, 6746],delete:
need:	[33514, 2079, 26663]	[13700, 883, 6849],delete:
need:	[28124, 1458, 25985]	[27341, 1836, 25985],delete:
need:	[34, 85, 1527],delete:
need:	[34625, 1633, 21150],delete:
need:	[6372, 927, 8803]	[26186, 2212, 24238],delete:
need:	[20854, 1650, 25008]	[5194, 384, 1040],delete:
need:	[2753, 1243, 12030]	[31844, 2132, 22567],delete:
need:	[22457, 1488, 33589]	[2643, 189, 13775],delete:
need:	[25502, 1934, 32159],delete:
need:	[9720, 805, 7235],delete:
need:	[4389, 801, 5966]	[25780, 1963, 20961],delete:
need:	[6377, 824, 11883]	[26191, 1345, 31697],delete:
need:	[4710, 634, 14090]	[24524, 1549, 20227],delete:
need:	[3871, 883, 1680]	[14752, 119, 1680],delete:
need:	[8047, 159, 15823]	[27861, 1458, 26704],delete:
need:	[11315, 286, 9047]	[31129, 1424, 28861],delete:
need:	[34510, 1424, 26564]	[27113, 1585, 26564]	[14696, 286, 6750],delete:
need:	[4527, 179, 520]	[20334, 1418, 30249],delete:
need:	[2836, 431, 12378]	[32192, 1389, 22650],delete:
need:	[22842, 1570, 22394],delete:
need:	[4759, 19, 12988]	[24573, 1318, 32802],delete:
need:,delete:
need:,delete:
need:	[9643, 96, 8223]	[34785, 1394, 29457],delete:
need:	[4954, 420, 9192]	[24768, 1719, 29006],delete:
need:	[32485, 2425, 26556]	[12671, 892, 6742],delete:
need:	[23795, 1719, 20224]	[12427, 90, 3981]	[23795, 1719, 34685],delete:
need:	[31008, 1561, 29581],delete:
need:	[28358, 1389, 24369]	[8544, 485, 16043]	[28358, 1719, 31758],delete:
need:,delete:
need:	[14172, 107, 7756]	[33986, 1406, 27570]	[33737, 1389, 27570],delete:
need:	[9008, 420, 6905]	[28822, 1719, 28183],delete:
need:	[1209, 722, 12003]	[1209, 721, 15830],delete:
need:	[10917, 537, 1687]	[21501, 1476, 39429]	[1687, 159, 10917],delete:
need:	[9146, 107, 7586]	[13706, 90, 7586]	[33520, 1389, 27400],delete:
need:	[31176, 1337, 29203]	[9389, 159, 17520],delete:
need:	[22018, 1683, 26294]	[22018, 1640, 35812],delete:
need:	[3124, 903, 5780],delete:
need:	[21607, 1739, 35229],delete:
need:	[287, 420, 410],delete:
need:	[4504, 306, 9291],delete:
need:	[14591, 824, 8495]	[34405, 2009, 28309],delete:
need:	[9374, 159, 11998]	[31812, 1511, 29188],delete:
need:	[28013, 1861, 31946]	[9262, 653, 8199],delete:
need:,delete:
need:	[23548, 1437, 32140]	[3734, 985, 15378]	[3734, 589, 12326],delete:
need:	[24066, 2242, 26250],delete:
need:	[33895, 2130, 22787]	[2973, 768, 9843],delete:
need:	[8150, 1165, 13369]	[33183, 1814, 27964],delete:
need:	[33814, 1408, 24061]	[4247, 84, 14000]	[24061, 1795, 36165],delete:
need:	[29675, 1389, 21477]	[9861, 420, 5656]	[9861, 420, 6905],delete:
need:,delete:
need:	[5333, 159, 8357]	[25147, 1458, 28171],delete:
need:	[891, 420, 6028]	[891, 420, 9192],delete:
need:	[3266, 506, 5365]	[11379, 119, 5365],delete:
need:	[7858, 322, 9438]	[29252, 1418, 27672],delete:
need:	[5703, 581, 10470]	[30284, 1872, 25517],delete:
need:	[3218, 159, 7446]	[23032, 1481, 27260],delete:
need:	[28633, 1872, 20480],delete:
need:	[2043, 688, 8938]	[33882, 1439, 28752],delete:
need:	[20449, 1478, 28452],delete:
need:	[9335, 105, 14385]	[9335, 109, 9267]	[20121, 1404, 29149]	[29149, 1404, 34199]	[34199, 1609, 29149],delete:
need:	[20335, 1621, 24430]	[4616, 119, 521],delete:
need:	[14370, 485, 9462]	[34184, 1784, 29276]	[34035, 1784, 29276],delete:
need:	[3611, 537, 7415]	[28480, 1549, 23425]	[23425, 1628, 29369],delete:
need:	[626, 19, 9916]	[32280, 1318, 29730]	[32419, 1318, 29730]	[24013, 1318, 29730]	[22416, 1318, 29730]	[29730, 1625, 27309],delete:
need:	[7138, 441, 13337]	[239, 119, 7138],delete:
need:	[10697, 351, 7803],delete:
need:	[6152, 506, 9350]	[29164, 1650, 25966],delete:
need:	[8578, 786, 5946]	[25760, 1652, 28392],delete:
need:	[29265, 1418, 36561],delete:
