1035	20849
2233	22047
8437	28251
1635	21449
2343	22157
5206	25020
7651	27465
6663	26477
9303	29117
6692	26506
7611	27425
1183	20997
6485	26299
10043	29857
5137	24951
8242	28056
3945	23759
9378	29192
439	20253
906	20720
9850	29664
9671	29485
3527	23341
3718	23532
6548	26362
2275	22089
6365	26179
4780	24594
8584	28398
6502	26316
6514	26328
7976	27790
2402	22216
7257	27071
3135	22949
4022	23836
7949	27763
1963	21777
5	19819
1495	21309
4990	24804
1808	21622
5483	25297
6141	25955
8891	28705
2347	22161
8210	28024
7177	26991
5485	25299
3403	23217
3786	23600
9466	29280
175	19989
6218	26032
4689	24503
8058	27872
8189	28003
796	20610
2764	22578
1929	21743
9905	29719
6854	26668
1370	21184
8616	28430
7443	27257
1230	21044
4254	24068
383	20197
1067	20881
3376	23190
7723	27537
4177	23991
8165	27979
9474	29288
8296	28110
8747	28561
10409	30223
9698	29512
3973	23787
2839	22653
8386	28200
1447	21261
7210	27024
9528	29342
6432	26246
7042	26856
1180	20994
1878	21692
0	19814
9984	29798
7948	27762
6541	26355
4491	24305
5726	25540
8833	28647
2789	22603
913	20727
1777	21591
5426	25240
4113	23927
346	20160
1657	21471
2578	22392
6556	26370
4369	24183
3569	23383
5716	25530
5593	25407
5449	25263
3889	23703
5195	25009
6772	26586
3222	23036
1753	21567
2601	22415
2128	21942
4735	24549
2354	22168
2383	22197
1883	21697
2201	22015
398	20212
10466	30280
8770	28584
5802	25616
9799	29613
4609	24423
6761	26575
10029	29843
6533	26347
3047	22861
1028	20842
558	20372
5003	24817
9470	29284
6759	26573
4234	24048
7024	26838
3721	23535
5853	25667
5489	25303
5640	25454
5756	25570
3499	23313
5636	25450
325	20139
2924	22738
229	20043
9375	29189
8290	28104
6827	26641
6571	26385
1007	20821
7374	27188
8908	28722
6293	26107
340	20154
7319	27133
157	19971
10187	30001
10367	30181
7555	27369
3820	23634
7215	27029
7491	27305
3666	23480
533	20347
1934	21748
4816	24630
3190	23004
10426	30240
6008	25822
1749	21563
2700	22514
1735	21549
6489	26303
1637	21451
1133	20947
9436	29250
2479	22293
401	20215
1233	21047
7798	27612
8318	28132
9379	29193
836	20650
2941	22755
3987	23801
8545	28359
2418	22232
6270	26084
10251	30065
6847	26661
3601	23415
4910	24724
9056	28870
8211	28025
1084	20898
1307	21121
6050	25864
7938	27752
8609	28423
7280	27094
9502	29316
538	20352
4767	24581
2903	22717
555	20369
3464	23278
7806	27620
7073	26887
3821	23635
8266	28080
10261	30075
7810	27624
1992	21806
10015	29829
5901	25715
3012	22826
10097	29911
4623	24437
5103	24917
638	20452
9839	29653
3838	23652
6564	26378
2898	22712
6818	26632
612	20426
8046	27860
7853	27667
685	20499
7880	27694
5271	25085
9827	29641
4452	24266
4955	24769
9417	29231
702	20516
8151	27965
425	20239
6497	26311
147	19961
10136	29950
9181	28995
7292	27106
10173	29987
7870	27684
837	20651
2414	22228
8403	28217
5609	25423
7015	26829
563	20377
4478	24292
8599	28413
8231	28045
5797	25611
1178	20992
8096	27910
2655	22469
6496	26310
6005	25819
4868	24682
5792	25606
1087	20901
491	20305
6361	26175
7819	27633
7239	27053
5235	25049
9133	28947
4453	24267
6829	26643
8336	28150
10344	30158
7213	27027
6161	25975
4787	24601
1629	21443
4883	24697
4619	24433
4535	24349
1723	21537
2705	22519
236	20050
5354	25168
4939	24753
9518	29332
9925	29739
6618	26432
5838	25652
689	20503
4384	24198
3390	23204
6260	26074
1321	21135
6768	26582
5019	24833
5493	25307
3763	23577
8843	28657
3646	23460
1319	21133
7179	26993
7036	26850
1037	20851
8876	28690
5305	25119
9787	29601
8115	27929
5351	25165
7809	27623
7069	26883
5476	25290
5390	25204
5672	25486
6535	26349
4100	23914
2198	22012
76	19890
1277	21091
4524	24338
8067	27881
2512	22326
3653	23467
420	20234
1094	20908
3097	22911
5318	25132
3809	23623
8553	28367
1719	21533
8683	28497
2398	22212
653	20467
3296	23110
4298	24112
1458	21272
1368	21182
4336	24150
1092	20906
9475	29289
8578	28392
7761	27575
846	20660
2806	22620
331	20145
9049	28863
3859	23673
8010	27824
5458	25272
136	19950
1936	21750
4064	23878
7755	27569
2175	21989
3325	23139
3874	23688
1130	20944
862	20676
6222	26036
2189	22003
9003	28817
50	19864
1763	21577
3691	23505
10228	30042
2134	21948
9657	29471
9785	29599
5791	25605
1386	21200
3308	23122
2167	21981
6338	26152
6053	25867
1	19815
5134	24948
1694	21508
5381	25195
7542	27356
9473	29287
3674	23488
7124	26938
478	20292
8062	27876
4863	24677
8321	28135
8610	28424
7183	26997
5811	25625
8368	28182
7338	27152
6019	25833
1131	20945
1019	20833
3387	23201
5660	25474
7887	27701
1494	21308
6490	26304
5429	25243
4693	24507
3243	23057
8225	28039
208	20022
2585	22399
1602	21416
10013	29827
5647	25461
7153	26967
9601	29415
8751	28565
8832	28646
5832	25646
5280	25094
3681	23495
1981	21795
7482	27296
6789	26603
3677	23491
2059	21873
6219	26033
4953	24767
7392	27206
9312	29126
8068	27882
3422	23236
3290	23104
10486	30300
4860	24674
5473	25287
4656	24470
5999	25813
1514	21328
9496	29310
7204	27018
9908	29722
5750	25564
1173	20987
1513	21327
3084	22898
4519	24333
9203	29017
3411	23225
3354	23168
6807	26621
1091	20905
5438	25252
9146	28960
3170	22984
4490	24304
4915	24729
7818	27632
1603	21417
3517	23331
771	20585
4467	24281
7703	27517
4813	24627
7352	27166
10438	30252
4702	24516
4570	24384
6598	26412
10041	29855
5372	25186
8431	28245
9298	29112
979	20793
450	20264
3969	23783
875	20689
6434	26248
3251	23065
3729	23543
5366	25180
9422	29236
3708	23522
4275	24089
2287	22101
1503	21317
5682	25496
9456	29270
1017	20831
3073	22887
1710	21524
1927	21741
631	20445
5834	25648
10406	30220
2135	21949
9130	28944
5477	25291
8259	28073
865	20679
4669	24483
5397	25211
429	20243
6643	26457
302	20116
4716	24530
10182	29996
493	20307
5870	25684
4462	24276
5082	24896
387	20201
4188	24002
2267	22081
3856	23670
8286	28100
7961	27775
10077	29891
4136	23950
4306	24120
83	19897
7982	27796
5054	24868
6139	25953
391	20205
1239	21053
1586	21400
5522	25336
8757	28571
795	20609
7322	27136
2737	22551
2097	21911
4599	24413
3657	23471
4090	23904
9038	28852
2507	22321
3186	23000
1210	21024
10460	30274
202	20016
677	20491
3043	22857
5420	25234
2183	21997
1537	21351
624	20438
5653	25467
4502	24316
10416	30230
7528	27342
3664	23478
4916	24730
2455	22269
2289	22103
7552	27366
9979	29793
6745	26559
6422	26236
9952	29766
4800	24614
7372	27186
8879	28693
7698	27512
7851	27665
3591	23405
2013	21827
1080	20894
273	20087
10328	30142
3884	23698
1697	21511
8588	28402
5754	25568
9629	29443
2336	22150
3432	23246
4775	24589
9632	29446
6263	26077
9439	29253
1330	21144
3550	23364
873	20687
1584	21398
6281	26095
2157	21971
3058	22872
4101	23915
9489	29303
4070	23884
8015	27829
6672	26486
7434	27248
10292	30106
1614	21428
7010	26824
3841	23655
5912	25726
7185	26999
3351	23165
7163	26977
2210	22024
3559	23373
9901	29715
8813	28627
1369	21183
7422	27236
1941	21755
10355	30169
8143	27957
6262	26076
162	19976
3003	22817
9612	29426
4142	23956
9738	29552
2348	22162
6453	26267
532	20346
3398	23212
2531	22345
8529	28343
7156	26970
7470	27284
2645	22459
4520	24334
960	20774
9760	29574
3423	23237
10257	30071
9261	29075
8295	28109
3057	22871
8394	28208
7313	27127
2253	22067
9634	29448
8951	28765
645	20459
6634	26448
6837	26651
204	20018
144	19958
5650	25464
6561	26375
7092	26906
7062	26876
8213	28027
8526	28340
5712	25526
9314	29128
3870	23684
2375	22189
860	20674
3478	23292
7581	27395
3063	22877
1434	21248
7245	27059
9970	29784
10014	29828
5167	24981
1323	21137
7590	27404
2768	22582
9234	29048
3617	23431
6955	26769
9832	29646
6526	26340
1195	21009
750	20564
1247	21061
8056	27870
4612	24426
827	20641
7991	27805
3587	23401
1438	21252
9145	28959
7811	27625
2901	22715
9683	29497
10371	30185
1896	21710
2855	22669
8396	28210
10320	30134
547	20361
3279	23093
1026	20840
7136	26950
5975	25789
1605	21419
5148	24962
7089	26903
6857	26671
4299	24113
4792	24606
9796	29610
137	19951
8455	28269
9448	29262
800	20614
4347	24161
4052	23866
9994	29808
2640	22454
3119	22933
7251	27065
1785	21599
2614	22428
5856	25670
2677	22491
5674	25488
3803	23617
9609	29423
4541	24355
9573	29387
7830	27644
7184	26998
4194	24008
1231	21045
1411	21225
3576	23390
10058	29872
1591	21405
10377	30191
8965	28779
8519	28333
4058	23872
7370	27184
4288	24102
343	20157
2517	22331
9960	29774
6979	26793
8734	28548
4551	24365
8733	28547
9495	29309
2913	22727
7829	27643
2809	22623
7077	26891
9626	29440
10369	30183
3670	23484
7404	27218
10230	30044
2559	22373
4327	24141
8533	28347
5379	25193
3071	22885
6982	26796
4832	24646
2874	22688
4489	24303
3952	23766
5961	25775
8886	28700
4770	24584
7148	26962
10247	30061
4235	24049
3472	23286
2003	21817
8185	27999
6751	26565
1622	21436
8473	28287
6902	26716
9361	29175
561	20375
10362	30176
1493	21307
9877	29691
6644	26458
2964	22778
7412	27226
7259	27073
5456	25270
9673	29487
2813	22627
8841	28655
4914	24728
4777	24591
9636	29450
8982	28796
7561	27375
3068	22882
1115	20929
7108	26922
1511	21325
311	20125
8094	27908
3292	23106
4077	23891
502	20316
8739	28553
8470	28284
8441	28255
2984	22798
1398	21212
2656	22470
447	20261
7855	27669
956	20770
2026	21840
9537	29351
9282	29096
1216	21030
1436	21250
7544	27358
7935	27749
167	19981
6251	26065
1721	21535
9300	29114
7629	27443
1995	21809
9212	29026
675	20489
6135	25949
6631	26445
6709	26523
3248	23062
5963	25777
2861	22675
5696	25510
3980	23794
1214	21028
3643	23457
7212	27026
8220	28034
2461	22275
2987	22801
4428	24242
9571	29385
7497	27311
4195	24009
9747	29561
6271	26085
2140	21954
8145	27959
109	19923
1736	21550
2042	21856
5262	25076
5328	25142
10335	30149
111	19925
8458	28272
260	20074
9484	29298
3566	23380
7401	27215
1661	21475
4516	24330
8999	28813
6539	26353
4733	24547
5788	25602
1612	21426
6766	26580
3600	23414
6393	26207
6181	25995
2776	22590
7848	27662
9927	29741
10402	30216
2887	22701
1907	21721
1978	21792
7217	27031
3529	23343
8936	28750
5465	25279
3603	23417
4103	23917
10470	30284
845	20659
3367	23181
9098	28912
2315	22129
6794	26608
5308	25122
5921	25735
5796	25610
7543	27357
6355	26169
8014	27828
5078	24892
6540	26354
6601	26415
6713	26527
6118	25932
8084	27898
4446	24260
474	20288
31	19845
3230	23044
2129	21943
6908	26722
1101	20915
1937	21751
9483	29297
9974	29788
5956	25770
6493	26307
6813	26627
10451	30265
6892	26706
1074	20888
630	20444
9602	29416
6449	26263
7427	27241
8744	28558
3405	23219
898	20712
4211	24025
5183	24997
8417	28231
10229	30043
1572	21386
2111	21925
1015	20829
6849	26663
6171	25985
1527	21341
1336	21150
6372	26186
1040	20854
2753	22567
2643	22457
5688	25502
9720	29534
5966	25780
6377	26191
4710	24524
1680	21494
8047	27861
9047	28861
6750	26564
520	20334
2836	22650
2580	22394
4759	24573
7792	27606
7842	27656
9643	29457
4954	24768
6742	26556
3981	23795
9767	29581
8544	28358
3999	23813
7756	27570
9008	28822
1209	21023
1687	21501
7586	27400
9389	29203
2204	22018
3124	22938
1793	21607
287	20101
9291	29105
8495	28309
9374	29188
8199	28013
2632	22446
3734	23548
6436	26250
2973	22787
8150	27964
4247	24061
9861	29675
8390	28204
8357	28171
891	20705
5365	25179
7858	27672
5703	25517
7446	27260
666	20480
8938	28752
8638	28452
9335	29149
521	20335
9462	29276
3611	23425
9916	29730
7138	26952
7803	27617
6152	25966
5946	25760
9451	29265
