8450	21990
5882	23001
5910	24448
2269	26637
5955	19924
1346	25653
1890	25553
6259	20921
8376	28047
1630	24557
7592	21779
4171	25005
3131	20866
5992	25424
8272	20480
8782	26582
7724	27663
5997	29273
4828	20303
286	20772
3409	20355
7476	21600
7398	21504
8373	22365
6462	21428
8596	28073
3415	27572
1136	27007
8293	27338
5857	27352
73	20372
3619	27850
948	30028
5558	23745
6165	28633
10430	22067
4081	24956
7017	20483
3898	25284
2151	26064
3695	28627
2900	27370
5278	23582
2634	21169
6182	26800
7488	24416
6738	21102
4034	26219
7675	27711
4332	26226
3434	27122
3665	28551
1200	20207
5385	21253
8157	22358
396	30241
1377	24723
8412	26208
6224	29087
4423	22110
8440	25710
6312	24034
1762	21671
10244	21779
9042	27999
4838	24947
1465	29412
607	24629
7919	27181
1701	23405
6513	27566
8889	29407
3701	29249
2711	21817
611	20119
716	26937
9107	23649
9281	28214
6922	25723
923	26122
10022	28422
1879	20795
2492	20211
8224	26485
5408	28572
7462	20397
7039	26527
3475	27903
7551	28282
1102	21226
4437	26578
7057	21564
4344	22967
2769	28156
5982	24860
2297	23593
2722	20499
4865	28988
8783	24675
4331	21807
6068	27138
2633	25407
9563	21075
10427	23838
3113	25938
4479	23023
5743	26549
1903	27004
3881	26411
2637	26661
6682	29856
1104	21253
2626	29135
9060	25766
5511	23412
1374	28244
8164	22661
288	21600
1358	28203
2998	28744
2472	27367
7079	22085
2503	28639
5850	28692
215	23656
3513	28350
7325	25973
4398	29688
734	20030
43	28964
5105	23076
349	25856
3462	30030
2698	19897
1678	21950
356	29975
6753	21950
3265	28701
9932	21268
3064	25667
7795	27956
5070	28541
6099	25914
5819	23744
7536	26912
10027	22897
7025	25024
739	21924
6997	29668
6151	20676
4225	22576
8564	23304
6530	29132
1333	24086
4329	23979
8693	26249
7296	24453
8476	27122
5871	29450
388	23642
1276	24958
3963	23237
9739	22437
7927	23236
2616	26344
9455	24083
7772	28362
10267	21221
542	25139
8471	25376
5934	25323
5692	27910
3437	29799
1171	26343
4545	30238
8840	27486
5182	23838
6915	24354
3522	29816
5488	20499
7837	21819
2453	28718
3080	24034
6160	26598
6624	21835
7969	28809
3940	25820
9338	25258
408	22311
3341	27243
9637	26582
1827	28034
6306	25564
6649	27696
1562	23863
5727	27467
7198	19904
3018	29101
4219	29799
5300	22402
6174	27064
4670	25086
4157	29847
4242	24416
7901	21226
7046	25211
4135	25775
8483	24991
1549	22767
5226	22551
3661	30265
37	24034
3850	28501
4497	22204
6693	20665
4518	27916
3260	27195
6241	29153
7869	20145
5332	21776
7472	23101
5319	26563
5281	29445
8207	25300
3913	24106
7759	29324
4230	20860
5264	20866
572	30304
10268	25102
6916	26557
8013	21621
8706	26626
3441	25766
1361	25225
5265	28874
9729	22187
8009	26450
1357	20434
1839	19814
9247	22385
4227	21253
7906	28428
1627	21967
9640	29732
9654	28740
4912	27081
9522	28893
1364	24929
3637	29118
8727	21271
7910	25715
324	22241
2145	21342
9874	28244
6662	29056
8160	23224
8398	20286
1782	28122
7339	28944
3355	20739
1623	29122
1401	30238
1229	29599
8520	21617
2372	21427
2514	27413
1834	26601
545	23786
7623	24864
7576	30273
3758	23833
9044	19815
5391	20338
1953	26446
24	29249
3835	28334
1916	27956
2024	29012
5360	21116
3220	22161
6913	28914
3720	26311
7594	29653
2868	22698
6120	21689
5345	24535
8525	27785
10465	30112
4251	21960
2431	23611
9030	29904
9843	22787
6474	27696
159	20783
10477	24803
10083	29498
7290	27777
7038	23908
2827	21127
4431	28412
8144	25501
7283	30203
8814	21636
4296	26829
9807	28561
813	22166
9207	25140
113	21819
7458	21380
6524	28147
3915	25415
319	20480
1521	23086
3092	20708
2692	29481
3147	27316
6036	28536
3238	25963
7632	25873
6503	23861
1781	23036
9120	29830
1483	30018
4120	29441
1243	23140
4672	30187
9731	27951
2819	21463
7558	20056
4119	25553
586	20347
842	24991
3360	27780
3078	21050
7659	24096
2301	23373
9722	27141
5724	26307
6286	25480
1161	25766
7395	26425
2164	27123
3032	24631
6621	20414
6778	30181
6974	22880
1997	23103
4508	27725
2814	29490
917	27138
2232	26664
6202	26897
355	23390
7745	21229
5774	21102
5625	23099
8574	22322
7393	22750
10331	23276
587	23800
1145	20776
6397	26661
445	25965
1056	26803
1315	22607
6984	26307
8766	22843
7486	26585
7207	29161
8579	29058
3939	24496
1144	28946
2798	26307
4218	27540
2098	29672
5284	20263
9792	25116
19	24525
9937	28952
1731	29313
6475	25722
534	19924
3298	29150
7856	25537
3570	26250
5649	21634
7499	25008
8993	22412
2054	29755
7671	22126
2027	21249
222	24195
785	22402
4073	21756
7720	28907
10360	25710
1451	24819
5595	20685
7018	21289
9795	27928
328	21616
1543	28547
5974	25615
6940	28753
4442	26613
3735	26422
693	26665
2180	21805
2142	20862
1714	20030
5564	30025
5978	24526
556	28154
8774	20839
3533	24163
1555	28089
8090	25791
3755	26569
405	24060
2892	25970
2654	22801
3789	29916
7342	25938
1475	20728
1860	27814
6298	29161
8463	24789
3938	25755
2991	25969
6676	20664
7787	20463
3146	20499
6817	27274
8594	27295
6898	21646
8670	26229
3192	21427
9809	26460
1221	29609
9701	28783
9639	28459
3212	22583
7782	22510
7801	22568
5904	22855
10476	22226
3206	28962
9685	24672
6049	20558
5736	28286
6195	27666
7695	26243
704	24694
2117	28402
7256	25135
5501	25768
1954	27928
6628	22231
9635	26093
9005	19896
2353	29886
5818	26664
5370	20140
7574	28819
5634	23852
3808	20179
9924	21420
8694	23032
9523	26310
657	22404
5201	21930
2935	20733
2965	20318
2878	23076
5752	25196
403	23925
884	20600
2752	26319
1634	21779
5048	29137
7742	27338
713	25093
3584	30122
2248	27936
3060	20616
3205	24198
7932	24580
10193	21004
4222	28266
10106	27687
2885	21779
1648	28487
9936	25080
8469	25451
10319	27607
8206	27926
6004	23539
3869	20370
3628	22067
1297	26307
8979	21750
2663	29837
1029	24982
52	28286
3330	20783
10259	20412
6037	28122
3574	29835
5453	27147
4593	26590
10012	23473
9041	22012
1292	20140
3004	26666
88	22257
5588	24140
2933	22499
922	25186
735	28587
4178	30037
6483	20764
4297	27003
6328	26715
6636	25478
756	20844
4169	28902
8839	21974
888	26450
4210	28122
5658	25787
8516	27923
7965	21159
30	28971
9446	26307
1355	27394
1775	28525
7436	28359
3264	28978
10307	22690
2610	29726
5034	25766
6945	24991
3219	23405
7254	25271
2006	23190
4819	28453
1372	22679
6948	29106
659	27464
4887	28965
7452	20866
8861	23499
4501	22202
5234	28501
5923	22599
4485	26712
3723	20481
3011	29073
7566	23064
10082	30093
226	21233
6783	28536
10463	24116
9715	23434
1640	20856
8995	23507
8561	21191
4771	29613
3957	23437
7029	27008
498	24692
7222	24367
6331	20132
7391	27842
9264	22362
5709	26222
700	22469
7732	24699
2780	23744
1257	28040
5761	28334
6284	24674
10241	21990
8037	27825
1064	19932
1342	29340
3002	26309
8490	20383
5905	26450
2569	21552
7872	21268
3842	20699
9565	20443
6044	22838
9068	21075
2820	28829
7522	26385
2936	26454
8922	20516
10405	29609
7862	29963
9742	26089
344	27646
1986	23984
3509	20122
290	24648
627	21621
2505	21570
6758	29892
3698	21969
9325	26419
2790	24103
5741	29491
199	28340
7481	29438
4882	22722
5071	23242
1790	29830
283	29752
5536	20018
7277	25224
10352	21614
6034	22708
2573	21967
7937	26077
6603	22708
6437	26141
2902	20770
4315	24700
10422	25949
1125	20390
7109	26351
3775	30049
2844	27936
5572	25187
9727	27725
10455	23145
559	23194
4406	22290
5541	28902
8404	23412
3450	24616
8298	27460
8937	26735
193	25730
7161	28914
3947	23618
2363	20093
2875	29994
3126	24686
2691	22333
10400	24700
3798	23125
6370	27788
2405	29360
2563	20303
5041	25272
6343	30265
8316	24959
4724	27109
2783	25933
5681	27147
1083	26273
4861	24933
6416	26362
81	21756
9622	22407
4565	25765
6175	25800
3745	25238
8384	26665
10332	28714
2162	26664
112	25555
942	28016
2999	20018
5125	29022
9554	22804
5926	22467
6188	24216
9028	23853
6308	20737
4571	25073
8956	25710
4665	29498
10036	20491
10288	24887
7520	27480
4076	23483
7262	22017
944	26634
7013	27369
7353	25539
2389	23704
2277	24946
5885	26608
3005	30094
6890	21700
7142	29754
2714	27312
3299	29662
7228	21472
748	25414
7107	23920
9365	21532
6352	24173
3647	28538
7076	23913
9998	26877
2869	29541
5657	24656
596	20338
141	24354
1334	29524
3518	20665
6963	24039
3997	24360
6559	23361
6084	29541
8657	25596
5460	28569
1741	20708
6255	24513
8139	26962
8664	28943
10443	24063
6321	25145
5200	27228
5898	22618
8479	28749
8698	20183
8681	22765
701	28145
5855	19956
9781	28365
3328	26913
824	25053
9210	25710
2424	23664
4091	22298
9498	30151
9893	23991
8943	27216
1932	22012
4700	26632
7255	20534
7640	26703
4638	21510
4029	23242
8361	23077
6681	20030
9852	20499
8556	26838
2858	26450
5795	25962
1316	24970
4465	21854
7598	23695
4020	27706
4	22029
6529	22848
6752	23525
7718	24507
10209	20047
8864	25197
4071	23764
9270	21188
3654	28047
8828	22831
6317	21340
7920	29848
1730	24168
10436	26036
9482	28821
7975	27057
9136	21201
5843	25475
9097	23908
1472	25334
4003	26432
3229	27442
6482	28295
3546	23838
1192	24180
5535	25914
7011	27566
4512	29006
5232	24486
4739	27688
4877	24262
2931	23922
9993	22399
3819	30251
7612	27501
5448	30116
9558	29249
9065	27352
10194	22409
2365	23861
525	24956
6895	20580
8853	22023
8918	29840
6538	26872
9940	24747
3805	22821
103	26784
9165	23471
5392	28047
3318	27665
7143	24905
5417	28376
3539	29341
925	27806
10356	27152
2567	26360
2773	20038
6588	23556
7438	29206
4526	28574
6519	25655
3189	22690
8591	27166
3453	25141
992	28548
9200	20122
953	20910
3245	19854
1241	25140
8111	21923
1006	30067
8797	26735
6683	29953
3332	30174
4503	25924
8088	25923
8507	29598
2950	20120
2049	21739
6247	30015
9682	20945
9597	20187
9278	26309
1508	28957
5624	28073
8932	29053
8083	22713
7051	22341
10011	23744
3014	29280
10214	23423
8031	21412
584	24580
5443	28293
6119	21099
9598	28839
9638	25931
3741	25366
10080	26050
9646	24042
4069	25344
392	30190
3286	29249
6599	24037
5965	24466
7733	29830
999	28618
351	23413
10104	20566
688	22396
8391	21401
1765	21906
2120	23179
6106	21344
4592	28122
6586	29830
4658	28440
579	26328
5151	21646
8512	22895
3989	19939
8620	26127
3888	23861
5557	20480
347	28822
9606	26326
327	29125
3121	29672
7145	26608
4340	23342
3924	21574
3393	21990
2141	27277
8695	27643
8006	23525
9501	27375
1335	29773
4763	26947
7181	28820
5540	25435
6798	24360
10059	20030
4320	28715
2116	20502
1919	20862
6237	23764
10032	23545
1191	27323
8054	27332
8335	25766
682	25759
2509	28966
6439	28069
313	27882
5098	24905
730	21271
7908	21233
499	20125
7505	24343
2069	21044
1063	29161
5969	29867
2224	29387
690	27245
6803	30151
8768	23470
9677	26846
456	30265
8364	24948
2548	25135
4231	22396
8920	28251
2629	27239
3510	24504
4456	27631
5836	21025
2460	24793
4798	27924
8621	25252
1748	22851
9525	21034
6882	25602
8773	21249
6067	27370
4709	29578
7712	19903
4925	20371
395	29830
3840	21378
8500	28781
4743	28345
9166	24136
98	27415
779	29581
232	29309
5104	25050
897	21080
5405	28034
2019	21176
830	24453
10195	27231
5635	21362
3490	22800
4286	25231
10053	24367
8454	22137
6612	24195
3672	25904
9689	28154
1818	23710
6154	19897
123	21532
6790	27629
2390	24410
5781	24959
4717	24654
6522	23099
3426	25755
8631	23670
6080	27144
7457	20215
471	22833
4971	27625
6893	24470
2566	23068
5059	21894
8353	26949
7006	19856
3649	26771
7688	23815
4122	20566
7137	29543
2822	29117
2709	21817
1767	28402
8789	26795
3000	24028
6512	22396
3635	20018
2306	28916
2368	22358
4749	27039
6842	24161
1977	25204
1197	23161
4040	21451
9220	23904
2108	29384
1391	19877
5771	28966
4290	24819
10171	27338
582	28117
5652	28923
9051	25786
1146	27566
4149	21442
2682	28247
10093	25041
2182	20648
3503	24275
1964	30244
10035	20848
1154	27793
5813	28216
5930	23437
3259	29262
10051	22402
4474	26623
4784	25513
3738	28964
3541	25263
8186	21518
8066	28714
1175	27677
4895	25963
8713	26878
5607	20584
10386	27979
1850	23091
4999	28536
8626	25677
6800	21636
9531	27513
4751	29541
10138	28639
3257	24819
728	20661
5720	20121
3831	20803
9895	28741
9148	27090
7268	26371
6777	25511
3851	27962
1778	24935
8341	20258
1626	20962
5339	20115
7098	28616
3324	24329
3905	26632
5227	29102
4801	21956
7016	25918
9748	23525
8530	26171
4262	26838
4365	27772
4411	23145
6079	22571
1065	22733
1079	22122
9647	28822
257	20705
7750	29609
2245	27545
9329	20665
5087	22579
6917	26891
8345	23419
4459	30264
468	22116
8378	22366
9841	22065
1502	20821
2736	28024
6737	20211
7484	22029
7621	24875
7725	29073
140	21783
3471	23411
8075	29052
8339	27307
6028	21950
4859	28747
7875	25451
938	28416
3076	25005
3449	23365
453	21439
4997	20068
543	28536
5648	24136
8313	20294
4757	28907
7003	27394
1399	27174
3557	20218
7459	20132
6510	26250
1646	23976
9875	25515
1797	29438
8930	26448
6297	20823
8772	27327
9046	24608
5967	21505
829	26998
3373	25804
4012	29211
4815	24956
9139	30030
2562	24525
9430	27925
9423	21088
6501	20179
7514	23139
3098	26832
8026	26423
10190	24940
7012	21420
1408	28899
7713	20784
6718	21721
6088	24648
1373	20255
2225	29483
9045	23471
9129	22735
4705	25766
5499	20294
1788	29249
3041	20608
7661	28968
788	24168
10225	29942
9017	20018
6822	22060
7167	26081
149	20910
8912	25053
7195	29916
4416	27216
9078	21906
8203	26590
9359	30027
1597	24710
7655	28122
5146	21025
135	21274
8241	21288
1139	29309
4892	20292
961	20167
5238	27579
7509	26771
3102	24354
8958	21363
2283	29830
4514	27634
4803	26127
6587	23152
2870	26813
1395	21327
9661	23922
7715	24622
2456	24777
1267	25174
3845	23759
6362	25165
6678	24060
4391	21925
4224	27295
8166	21806
9546	23165
8831	26962
5274	29388
8138	30255
5822	25513
2381	23641
7591	22393
3433	25577
1099	30048
3469	27651
4239	24446
5848	23361
4998	24537
4742	26587
6569	30052
3650	28874
6022	22078
2604	20140
5396	27976
1852	28437
5020	24580
8422	24195
8460	22262
2217	24332
8742	29692
423	21138
6429	21379
1948	22721
7763	23617
9111	22139
7288	28531
7836	25561
4483	27756
10146	25873
5007	22185
9572	22402
4305	28235
9965	20993
378	20971
10323	29575
4343	23300
6934	23439
8105	20687
1618	22562
7147	30251
8639	22595
879	20427
3508	28746
4909	24178
6244	23800
5586	22332
1505	21481
9099	24918
7202	24526
2449	22392
7689	29385
91	30284
1218	20581
2828	25166
2592	27186
4429	28882
9567	26895
9168	20674
2242	25480
3511	21835
6763	24954
10008	24991
509	29053
9931	26913
9708	29149
770	20262
1758	22181
4695	25181
10200	24380
6180	26063
9820	25140
6426	29280
9184	29053
10321	26132
4979	28156
1830	21950
146	23969
3993	20211
10192	29892
2172	27482
2147	25688
6774	24368
3897	23492
4150	21548
4942	20235
7894	24263
6233	30072
8451	20093
8642	21400
8691	24677
4200	23361
4948	25801
9195	25767
5277	25351
5985	21883
5513	24332
5562	20093
5979	29522
9665	21318
1086	29309
4533	28741
7102	20868
8265	25395
2638	23411
71	29522
7220	23235
5260	27110
9021	25196
6659	26590
8448	24010
1021	25882
3412	24527
8449	28282
9110	23607
2266	25437
9555	20030
6859	25543
6705	20499
4410	26608
488	26250
5568	24963
3227	26031
5251	21779
6924	23037
2014	24135
1740	23637
10361	27979
4330	26584
8302	20368
6577	27932
6167	21078
6727	24908
4146	20795
2549	20399
10342	24027
6785	27964
3476	28318
1950	25555
7315	21379
8141	26382
10281	27946
1982	22571
3571	27467
9052	25331
7784	20820
9564	21505
5779	23141
9023	22152
8718	28631
7200	27995
560	22029
2968	21078
5784	22322
4421	21154
8684	25053
5673	25949
4486	30277
9057	20976
2556	21505
7564	24751
10491	21769
1353	25018
6035	26453
6664	24508
2794	26031
5161	29479
3089	28604
2323	22322
10145	28747
9073	29161
7068	28701
501	24381
6695	21088
3702	26302
3141	20648
3241	25478
1226	20228
619	25480
9442	19937
7265	29118
2525	28034
3526	23831
6935	20292
5733	23637
6229	24584
4528	23656
5518	28775
482	29087
5603	21682
9733	28568
8168	25766
3575	22295
742	29799
10262	29635
4148	22151
1773	24034
9381	20302
7605	29121
4952	27678
7639	26311
9831	26343
8035	20035
9412	20739
1152	24850
2218	26042
3671	24118
536	25970
10412	29204
6186	22709
348	29249
5139	22787
6969	25555
2071	22050
1262	23878
9383	27976
2599	22402
433	21463
5000	28016
5322	25050
3636	21335
6801	30030
8020	21041
10401	29366
1281	28287
5628	20499
9370	20225
1201	23309
9246	20440
10185	22095
3991	23704
3632	21111
2404	21210
8158	21440
4312	20409
5550	23484
806	30094
5129	20303
3908	25643
2833	25272
7437	22462
3964	23862
8216	22181
1854	21662
1884	23589
5993	22712
5335	22949
5149	24034
484	22711
2257	24991
10160	29204
5740	24161
3023	27547
8459	23579
9196	27475
2282	23863
6064	28056
7448	27004
2895	23639
6932	28453
2000	26661
3048	26376
2615	27097
5336	24765
2542	28205
39	20977
46	21033
1845	21494
9271	24982
9324	29528
4042	29360
3416	27745
3567	27601
5510	20130
1659	22800
8281	20539
8466	23076
620	22784
9613	24496
10063	23674
585	28400
8194	25795
10048	26449
1053	22784
6179	21335
5526	23801
966	23361
8933	22402
6379	29746
1383	23457
10208	24991
1228	23509
4933	30288
2777	25656
3194	19886
9588	28034
7666	26750
7508	28995
951	22787
4510	22551
6452	27049
10452	28102
9942	28983
7717	25451
4063	24274
2837	24117
10126	23621
1275	25969
10221	20177
10075	30157
1712	29476
8299	24227
6853	21758
7378	28338
967	29528
9178	24246
7299	26564
3493	21944
1349	22322
9808	23051
7769	27932
6930	27693
6862	29484
3651	23271
9907	22402
1774	29499
8140	23318
8323	22975
1631	23662
7534	22991
3868	23593
3130	20833
9642	20664
9978	20862
7409	23526
8580	24971
6769	21075
1899	27793
5861	26061
3067	20467
3460	28034
669	28134
5434	29040
6665	25232
6398	25319
4844	26661
9976	28214
6078	25018
7340	29971
2298	20563
954	20978
726	21607
9950	22916
962	20115
6010	26305
2454	22878
6918	20294
4790	26119
7735	21095
6275	26432
4493	29996
6937	28049
8461	24051
8601	20543
6960	20132
832	25913
6176	26476
2519	19919
4645	25344
5141	28966
2425	23577
2808	28859
6717	24377
10009	24112
686	21327
1402	29587
4455	27039
3750	23710
8765	22152
511	22383
2154	21706
6371	27757
5846	28400
4853	20069
6086	19942
5291	22396
1397	21755
3771	22289
7134	28747
1901	25458
901	23379
3176	29774
197	24490
188	27252
1461	20030
321	25017
2989	23405
1068	23947
8077	22045
338	29921
8002	21427
8629	27936
4137	29637
3684	21821
4183	21253
4106	24034
5052	26949
9919	19937
8883	26431
9881	21713
9092	25652
4374	24130
8397	23428
2255	23838
6150	19908
4606	23066
9692	27236
1862	30236
25	22393
1270	24191
9024	23969
6272	30052
5864	23192
9429	28556
8421	24119
3953	26545
9026	29575
3638	30053
3211	26556
7705	22107
6633	22385
1853	29399
9529	24527
946	20030
2373	21854
8898	29435
5117	23483
8230	27306
2415	21944
2618	24644
4812	23428
9828	25271
1427	21883
6129	25681
6605	22474
6296	21451
765	27482
8570	30158
7854	29243
7881	23249
608	20499
9864	22486
10311	28359
9544	22215
5839	20491
2945	25791
9687	22827
6651	21099
10180	29758
3685	20294
6725	25849
3236	24917
10007	26848
2220	24567
9070	19856
6572	27795
9009	28345
126	25129
1531	19930
2077	26419
2620	20140
9857	20948
8689	24723
2697	27327
1866	27780
2096	26666
6159	30086
8173	26307
1500	28701
5215	29754
1595	29953
8640	29500
2708	30240
2030	23378
6191	27671
2701	23378
8108	21771
5050	25086
6367	24360
8350	30000
4913	25596
6863	26613
931	27122
8700	26097
8746	29280
5637	29651
7821	28457
6925	29040
2032	29285
3978	27780
6855	27338
7962	25711
672	26887
3371	24110
5330	25877
5971	25751
773	19897
6796	23861
6410	22530
5395	22023
7812	27974
9989	24345
7061	21327
5899	25798
6748	27850
22	24349
9254	27460
7054	22222
7332	23437
5058	21242
2268	22295
4642	25458
4624	23136
9173	23898
9791	21639
1722	22080
8269	25785
3480	28122
658	29262
3015	25317
10163	20648
8903	29053
2792	20499
5573	22392
9126	29916
3195	23641
8198	22623
3157	21395
5689	24017
9471	22902
10130	24094
4160	22358
3818	29161
1582	25434
4991	22402
10025	23006
8	21012
3975	22325
9789	30101
7523	21102
5447	29932
6441	20179
7895	29618
2304	22155
4093	26117
6899	21779
70	23618
7348	21779
7440	25439
4875	22831
8897	27792
1902	29405
8895	29774
9975	20093
7607	23137
4931	27605
4621	25864
4525	28049
217	20499
9322	30134
3832	22465
706	20356
6006	20099
4030	21443
5205	25671
10420	26913
7899	27722
7904	25601
3185	26385
2726	28056
5533	29803
7037	26688
955	29004
4852	27563
5735	24917
2603	19904
6878	29249
4024	22955
3334	29153
5869	23086
2258	27998
3361	21392
5214	26978
4549	24446
1551	25721
678	24504
1554	29193
8900	22659
5742	25652
7101	19996
8857	24045
4539	24127
8329	26319
1891	30050
4936	23816
5178	28426
2138	20076
1194	26804
2670	25555
9762	24371
9433	20050
4921	21925
1764	20976
2068	28016
3593	23149
4911	29282
10285	26182
10250	21607
8777	24103
7996	20167
947	23579
5924	27956
8426	28559
8942	25309
9815	21328
3106	28860
4679	26771
5577	22537
5569	22424
2166	21375
2678	23889
8673	27966
4033	25701
9804	21490
10305	25395
6885	26590
6465	26450
8328	26786
2955	23086
6098	21919
4598	26160
4229	29246
8332	26849
4889	25826
6225	26950
9249	21375
6959	22396
1876	29220
3268	27054
3321	29907
870	25918
9018	26028
3692	24037
6460	27081
7335	28374
191	22524
4965	28777
4080	29245
843	29601
4902	21451
3156	25220
6288	27110
9004	23969
654	23579
8617	23200
1664	28120
457	21748
3477	21806
5859	28282
4685	27690
9867	20099
646	26449
5739	28903
7293	24512
9404	29161
6985	25140
1252	29644
1530	29129
3943	24588
2746	29807
9958	22222
1557	28792
5571	28538
4547	28306
623	24582
3852	27130
6467	24819
7652	25643
4164	26119
189	26036
5633	25412
6630	24644
7575	28268
5723	22571
4260	24580
10005	29728
3340	20708
8674	22801
3914	22060
7737	22366
10481	27974
4270	20784
7747	20431
2799	25197
4760	21327
2651	23514
9064	21327
9337	22470
2010	26307
4956	24948
1176	22627
1234	21271
3791	25165
4158	20515
9283	21658
51	23484
3303	20427
3616	30151
9457	28570
21	23271
186	25493
1578	26771
2739	25181
8822	23889
3273	23599
3167	28201
4419	24068
9206	28948
9915	19991
8291	26538
3115	26665
4300	28891
1414	20167
7060	27017
8755	20175
6015	28988
18	23964
4018	27652
6082	25354
3618	27305
616	30265
3902	21055
6356	28024
996	25798
8921	23963
839	29471
371	21658
3886	27394
10091	25576
10255	26087
4223	25372
9899	20499
642	27270
2222	28453
4676	30235
9421	25459
6532	21191
7882	27979
6315	20122
4940	23381
1072	23239
6823	29653
2211	20566
2740	25320
5096	28085
9299	29525
8402	28656
469	26050
6360	30173
4067	20908
2317	19833
3465	25189
715	20318
4888	27396
9505	25530
4947	25742
6264	24715
7562	29496
207	24774
974	21327
5545	22636
9104	26895
9694	25263
6755	29662
8669	28912
385	23361
2395	24890
835	25415
3998	23006
7620	26172
4833	21610
9043	28318
6164	20156
781	24173
5287	30063
6996	21203
4057	27342
7902	26446
10132	22166
7047	26109
7585	22576
6632	23735
8285	29491
2334	29630
2925	25845
4293	26051
9248	20715
3549	27688
10105	20432
3516	28905
7444	20562
9553	25113
1658	28831
7275	29163
3951	23110
8970	23963
62	23491
1798	29118
465	24451
6968	25475
9313	23414
924	27279
4744	20860
1912	24097
1165	29837
7358	28572
3823	29227
5810	22238
5142	21420
7506	20301
1638	20537
6027	29388
9343	20428
1766	29476
5160	27967
2052	22833
8418	24622
364	20648
2496	21150
8834	25320
3187	27428
3717	20730
6910	28968
4778	27932
5433	28257
2319	22205
2200	28295
5763	24525
2187	24972
7507	20499
8925	26118
3668	22834
6316	22385
8565	26308
6153	25791
3444	27976
8976	24815
4822	24354
8202	20795
1499	19932
5267	27081
512	22389
5252	24117
2664	25197
6444	29206
6515	26310
7548	20312
9749	30037
5102	26082
2972	21268
9103	23077
921	21756
10456	25852
7	21944
6335	25928
2107	24937
6531	28900
9388	27004
3177	20817
5065	24420
6470	28757
3512	27037
5471	28197
6041	20581
1488	27873
9746	21104
4805	22322
1641	24415
9326	27160
6091	29565
1394	26664
32	25766
7708	30112
2513	20236
549	21953
3965	21967
5239	29243
5962	26382
3463	29641
2035	28839
250	25766
1877	22254
6194	29361
8415	27327
4930	27956
6026	21603
8863	21326
10076	23908
6478	27386
6140	24060
9315	27343
10103	23477
9676	24897
5617	24982
4182	29609
7114	24060
168	20941
3498	20024
5256	20397
7219	24860
9868	29751
5430	29651
5543	21747
2240	25186
7760	21518
5427	21944
2228	27842
2647	21819
2770	29518
6671	23717
5676	27767
2022	24451
7272	24296
8549	24656
9243	24912
2386	28875
3145	29280
8443	24365
5574	23862
1213	21501
5306	25342
1928	28835
6290	25500
6200	26128
247	22200
5191	28797
1873	22415
4268	30080
1109	29753
2786	21616
7503	25805
6456	25766
2327	27744
1407	20198
10326	24956
5958	23852
9497	28470
8410	29572
6613	23852
6454	22509
1151	25354
5040	29245
10310	19867
1061	25530
6473	24001
4007	26273
9161	28247
975	22721
1225	24982
156	29780
5773	26286
1073	27693
7343	25766
3827	22579
3072	29554
6311	20180
5887	21327
2721	27566
2259	26450
3252	27234
7741	21253
2393	20131
10253	25231
580	19897
244	28946
9997	25263
821	25372
3561	29868
9128	27979
2043	29916
10473	29101
6339	22067
4671	24161
1847	20236
3983	25882
1344	29693
1628	23867
4870	29268
9376	21854
1404	25817
9186	28541
893	27460
7554	29528
5025	21153
7957	28874
903	23825
9227	22480
212	22921
6435	20480
4151	23249
8305	30277
6403	23276
2665	25981
455	24622
8534	26627
2914	27307
4625	22022
943	21006
9340	22605
8513	23889
1305	29571
4725	25050
5298	26949
9034	25963
2476	21683
1477	27999
10217	26395
4403	22381
6358	19825
6075	29817
10062	20131
5247	30094
1285	22750
5039	27715
8648	20543
6884	20632
9410	22426
8343	23678
8779	22287
4127	29922
3610	26550
8762	23744
4521	24674
8377	23252
2005	23364
1365	26419
3017	27633
7149	25219
4317	29476
4451	21355
7968	26664
10351	23618
4236	24383
7526	30094
2064	20373
5326	21055
8326	19896
2066	23182
5805	24818
8661	20499
10274	21443
2660	19924
4026	21335
940	29593
230	27604
7861	20661
2877	25208
139	20983
89	23805
339	26912
1550	21950
5130	20445
8215	20460
5626	20952
5423	23333
5737	27903
291	21047
8219	27633
1426	22163
6891	30094
1841	23086
10339	21088
5902	26586
2693	26590
5675	29870
840	29070
7843	25472
3982	28701
7345	27057
1857	26632
2384	24066
5369	23549
640	26949
1238	28630
7445	29298
6408	25970
4189	20499
4082	28295
7766	28237
2150	22824
9973	20596
3400	20419
3525	23110
9096	21102
9490	22407
4604	28239
1760	24434
2121	27228
7693	24329
2442	29579
7447	25263
7584	26081
6085	25719
2490	22795
1699	21990
6123	20398
9912	25712
887	24908
3974	21603
1004	24606
6302	25849
7729	27925
3976	21150
8532	28771
171	26819
4037	22948
5829	29984
1114	26640
3395	28799
5249	27794
9688	26819
9519	30173
729	26082
3070	20656
5854	22126
6124	22927
63	25722
8873	23097
9081	21502
1599	29491
2971	25344
1106	25005
4848	24045
2797	24195
3709	25766
3728	25887
1588	20712
360	24692
7771	23798
9880	20228
4908	21268
5051	22525
797	26307
7754	24354
2288	20515
8948	27074
9712	20499
8195	28122
5777	21533
8120	23554
3026	20304
6716	29359
8073	21939
4850	23597
6961	20580
3033	25532
2471	26688
2463	23605
7244	26550
1345	30229
7397	22607
6729	29750
1974	28555
6534	29830
899	23006
604	24156
1770	21613
2184	20499
1105	27396
9237	26132
6585	28080
833	24851
9822	20201
10201	29538
1259	29249
3485	29280
8061	22029
10094	28874
8514	23378
698	23331
4506	30048
3613	21533
10260	25316
9367	20030
774	22392
523	21429
5222	23064
9217	27979
10115	29129
9250	28345
10423	20030
8351	27658
988	20499
7917	27718
2929	29716
6625	28402
1811	23194
10149	20609
2047	22081
72	21436
928	28299
7625	25272
7355	24372
7120	23068
5399	27693
3114	28615
2230	20122
8433	27745
5452	24772
2293	26020
6178	25553
9179	27550
8628	20676
2469	22616
1968	20921
2379	24060
1312	30133
3234	25949
7746	21754
2658	27954
9075	23428
4879	28891
1322	24991
3155	21033
10380	28468
5475	27979
7373	22948
9600	28400
5561	28282
7301	25166
6600	21990
665	29198
6879	27123
2143	23614
4929	23507
5296	22721
7178	29889
3188	22589
1520	23249
5120	28176
2144	25480
4407	23139
8603	21744
4495	28991
1806	20047
9119	23335
1301	20973
6043	29491
3655	27766
5135	26950
1540	25861
8653	27924
6926	26517
49	28444
5353	27979
6447	21880
6498	23549
5525	22571
8260	20676
5124	20024
5606	24772
7501	22398
5516	24860
3814	24136
567	25924
4454	24241
8097	22343
2446	23139
2756	30048
177	20827
8359	21950
8322	22351
4878	20174
3679	25053
4722	21427
1677	22077
849	28277
6773	25766
9909	25925
2555	21451
9524	25576
2192	20604
320	29678
1479	29587
10354	29441
9904	20936
3767	22067
1303	25575
2527	20685
3452	21621
118	25157
1284	24789
544	23086
494	22392
3923	25094
4368	19913
4382	25142
8680	24490
9494	27923
6039	22187
8703	26632
2467	22060
4585	29065
1103	22754
1448	30071
2718	25358
317	22402
2680	24171
6000	29870
7700	23390
6687	20427
5890	21564
3034	22386
2743	27925
9032	29314
7648	29440
7797	20244
7119	23938
985	30310
3028	25166
6337	19924
517	20409
8567	22319
7633	28233
10464	21616
9500	29524
5831	30067
7570	22571
9193	30086
6610	29988
1743	28741
2080	26602
3045	21658
10168	22338
10073	25399
10197	29491
2188	20268
6927	22537
7926	23703
8944	20264
8147	21104
9342	25892
2367	21572
5663	25697
1273	24982
5349	24749
9603	24357
1389	27284
1607	19903
1920	23235
8292	21335
710	22536
1911	23593
5155	27059
2436	23904
8817	23484
6359	28820
4324	25723
8916	27602
6516	27573
9614	21870
9928	29609
246	26052
3680	20080
7151	24345
4075	23454
5121	24497
389	27435
1874	27521
9014	20893
4605	21488
9743	27305
3357	21275
4004	27559
1568	23182
4028	28609
2169	25415
9461	25849
10252	19850
6808	23379
7596	27263
9946	25720
5825	29491
8000	26575
9163	25766
1615	27892
1393	22556
1742	26110
5528	27505
5181	28880
8877	30037
1949	23271
1695	27086
8044	27035
4788	22187
1925	27228
1633	21934
5780	27460
5428	26061
1660	21271
2702	26808
4587	23167
6469	29127
9253	24644
9520	26139
9871	27986
714	27612
7270	27569
10099	25271
434	25321
4447	21950
4636	24164
2765	23470
763	22012
7403	21078
7876	24918
485	23653
6779	27201
2041	28995
6382	28499
3069	25225
6543	22396
1384	20138
574	25195
332	30203
14	30235
6108	20910
4283	21726
5888	21411
8721	29253
6402	21506
10273	29076
9679	23244
8239	25201
3837	25166
7681	21943
4102	21289
2675	27640
7231	29609
3320	28909
10397	22993
7044	27194
7361	23549
2807	22147
914	28914
4959	27612
6092	21345
8899	20263
6941	21180
4522	22439
1573	20494
7053	29161
1198	23287
1667	27962
6261	20281
3683	29145
2410	24933
5998	27793
5212	27988
8985	25036
5010	26704
9025	27327
8416	25550
5957	21864
4025	25730
5451	20154
8334	20616
591	28247
220	29523
6223	27956
7734	20685
8102	24332
8482	29280
6032	29069
8191	27213
5272	28620
2020	22341
5494	28809
6380	29385
7521	24197
5127	24228
2444	29751
4843	28421
9333	22744
4484	23866
330	23141
5492	29198
4050	20948
3673	21413
5621	27557
1249	22119
6415	22827
10263	21840
8725	24178
6579	20463
7677	30137
676	30027
6787	26590
2186	26538
5509	24221
7410	27618
4578	29058
7430	24030
2236	28034
1533	25860
437	21897
5236	21769
10410	26050
7289	24644
8928	21370
2435	24097
3496	21335
10060	29474
8964	20499
1431	20132
6509	27553
6942	30003
4394	25600
634	24368
3867	20431
3427	27666
1875	26598
4633	20030
4401	25157
6074	27039
5814	28741
4719	22337
3846	27141
5632	28499
6715	27030
1575	23611
1485	21564
2212	21779
3597	20385
6336	23221
858	25425
6269	20518
847	24415
3402	27182
6528	26998
3006	28318
9963	29399
4333	23288
6227	23007
4207	21493
507	23086
6983	28747
2923	21404
3345	28529
8261	22159
2723	23633
2625	28922
5184	23744
3050	25321
6385	23210
5585	29288
7420	24451
1882	27979
2498	23137
4746	29728
5086	23117
5376	22190
853	22340
7096	26168
1188	24450
9191	29541
6476	27074
1825	25289
150	26913
7781	24470
2734	23405
3504	20708
4131	26231
2847	20264
841	26415
1118	20211
568	26134
3149	25800
6824	26498
9591	21155
1944	19903
3794	26127
9492	24030
1310	20563
6638	28445
10045	29971
9953	28874
5817	25710
1772	24199
904	20784
205	26492
747	30105
4899	28574
6832	24625
5331	27505
8963	27194
8880	20180
6448	22187
7665	25602
8414	24112
720	26895
2774	25721
7480	23086
8005	19968
9463	21447
9267	20673
500	28946
8738	21161
1464	26112
7706	20642
1043	28962
670	27003
2845	25454
2745	24986
9686	21903
3271	26035
6527	29810
2772	26527
8815	29720
1294	29698
10159	27780
1020	25516
8527	21820
8986	20469
5800	28701
2570	25091
8257	24022
994	29198
5613	29996
8309	28608
7390	24466
8081	23503
6197	26991
8188	19924
2919	23168
9851	25853
3497	22415
5580	19961
3554	27931
1186	20264
1363	20794
3829	23093
5407	22168
817	23096
1497	27505
2609	26590
3675	29609
421	29158
4088	22465
4650	22396
6486	22893
3552	24972
4634	27214
9995	24028
9887	28587
9898	26182
105	27923
6868	22250
5323	27780
1972	23343
3656	22579
1564	23654
7814	27059
2447	21603
9896	22568
4789	20839
3744	25730
5334	29688
8641	26471
2522	25178
6040	27651
3743	23744
3381	21769
6500	21658
3766	28372
7316	27979
3394	20320
1337	29971
8051	30073
10478	24060
3495	20332
3359	29747
4782	30093
9185	22361
7306	24470
621	24475
1558	25661
1468	22949
4409	27227
8297	30281
5228	28859
6547	26219
9582	28747
10206	23381
7152	29175
10069	24476
2834	21647
4966	21700
9527	22282
277	30264
9802	25414
1442	20044
5748	25036
964	29118
3505	27946
5880	20860
3255	26001
5145	22671
9740	20678
194	23117
4673	25925
789	28996
3116	29036
483	24116
741	27983
2241	23919
9641	27785
7617	28102
7028	21570
6107	27232
9143	26905
1432	22771
6668	25082
510	27396
2309	27327
10256	22791
4644	27780
1821	20225
1670	29022
7883	20215
10366	26578
3051	26164
1650	20502
738	29243
1887	29198
7529	20258
9469	26432
9224	21652
557	26449
3790	23710
7831	26608
5776	26123
5804	24815
978	24351
1059	21787
2854	20490
7278	30037
8104	27670
926	25553
2329	25485
2053	27127
8492	20492
2231	22722
1211	23862
1455	28926
6988	25708
4839	24181
8745	22817
7429	22678
3151	23161
8867	24004
3199	25643
4957	25680
10061	27600
100	23028
151	29211
143	28874
7421	29995
5387	30077
6592	24869
5411	21175
4115	28558
3087	27946
7023	20044
1812	25415
8121	29325
3772	29211
6101	24354
2012	23395
4413	22337
9964	28489
4152	20646
2191	24819
4884	25135
284	26632
2102	28117
1160	23194
3784	23920
4932	27429
2767	28964
7796	27693
2662	21819
4399	28365
10017	23251
7201	19904
4477	30120
2051	28203
4643	27097
5237	29019
2252	27738
6066	25208
4291	27063
2239	23006
3538	26037
275	24211
4635	24647
5415	22948
4053	30235
4440	25722
7426	22777
133	28952
1556	22640
1636	21530
1507	23984
1413	30172
1846	29816
4608	25826
2452	28374
5122	26585
3418	23681
3883	22902
7773	20674
1938	24384
6116	23091
4694	22332
4118	23441
3216	23678
9672	21225
7226	25710
3844	28299
5490	29127
5728	20018
6130	20220
9878	29243
1801	23322
1340	21637
8238	22470
10300	22951
1046	20783
7588	20616
1711	25268
537	26804
2276	23582
1787	24796
1681	26296
5496	23440
9604	29253
8076	28574
8536	24777
9651	28030
2437	20236
753	21358
10376	22023
6051	27228
1951	23878
4617	28034
8423	27323
8945	21435
6848	23507
369	22722
1570	25680
56	24060
4248	27307
2264	21062
6058	29651
6442	21362
8180	25845
2356	21068
3545	24116
9209	28874
3622	25577
4855	26773
4116	28400
26	26165
8971	25461
5972	21435
1583	25703
8227	29227
7026	29158
4960	29983
807	29137
9913	23878
8627	23117
6203	25177
248	28417
3161	21219
8025	26664
5651	24597
9800	20025
5591	29137
4984	25284
5622	27566
9883	20480
4379	20806
3907	28518
3916	29073
6858	28340
4988	22370
7583	28214
1005	21621
1163	28988
7699	25779
5067	24835
3558	22076
7150	23036
2247	20614
2956	23110
2539	26632
8126	29030
1969	29163
1181	24564
7022	25596
4517	23922
9039	28338
8531	27693
10074	20866
272	24354
5950	24768
1390	20416
2249	21950
3417	24274
8785	25047
4747	23396
6	21666
1324	27806
2244	30050
5582	28222
8045	23922
4450	25083
595	19850
1784	25914
4734	28689
3179	30211
7033	28510
492	28212
1116	23815
3925	21937
1423	29307
10085	26556
7483	27505
7186	21898
8820	28821
7930	22567
7660	29361
8826	27190
7710	27618
977	20604
9102	26172
6901	28473
8244	29445
4556	22302
9144	20063
8201	25320
3534	19961
10434	27949
981	28909
2445	29340
9755	22391
10176	27274
7500	22067
7886	22735
5192	23374
3309	22299
5092	26493
8246	29865
9007	27080
6349	24085
1332	29140
9605	28839
10294	20211
6232	22756
5883	24789
7568	25611
10133	25809
7973	29412
3752	21636
3362	24211
2992	21823
5900	22493
7241	27744
2399	26771
10408	22256
2882	24049
1849	27799
6134	23744
5534	29389
3443	20936
9327	22453
6864	23378
1227	20539
10178	24509
3217	21524
4736	26666
941	27256
2310	28025
7479	29175
4240	29994
9398	30240
1930	21617
3690	27413
7382	28316
3834	26140
223	25586
4108	22745
1157	27352
4646	29478
6843	29941
3585	24982
1859	20110
5084	30163
7366	27017
9652	21372
3540	29340
7537	23038
9426	22173
6505	20416
2763	20303
3520	30037
3863	24889
5521	24386
3494	27935
1010	22966
3812	23984
7246	26325
2590	24925
1734	21893
10391	25455
5757	29259
4163	24274
1683	25196
3599	26791
6767	28628
952	21050
7716	25166
1033	23377
10042	20941
8434	21497
8438	25870
3917	25053
1940	27499
8498	24815
1031	26135
8177	24557
9786	25107
751	20685
5497	20499
7233	25214
3226	24569
2499	22059
1027	28203
245	25600
4567	24508
2669	24332
4951	23642
5108	27236
7890	28433
6201	23101
2889	21518
10303	23085
2040	27979
10243	24889
3644	22829
6881	21848
5945	20661
2541	19917
4168	27398
8990	25320
8763	23799
2751	25166
5968	23221
7094	23187
6234	22241
5851	24923
2830	25866
3447	21006
10039	27706
1858	22137
6765	23965
8325	25930
7993	20536
8050	27011
9745	27979
3927	26250
7056	22766
7627	25969
9536	23499
2817	22202
1547	21345
3972	24312
2724	24032
5583	29472
10498	20466
680	29788
7237	27061
3164	19966
5765	20674
7530	24850
1869	23904
1298	28959
8810	21944
5431	21435
300	25854
9517	25596
6871	28203
9596	28147
7656	25735
8127	25532
5984	21955
8728	23476
6192	22290
1526	28760
5884	26477
6464	20085
7539	24509
7874	25263
5154	27506
1206	29509
965	23117
4835	27133
10169	28147
9053	26755
2735	19941
5361	23721
5612	24526
2622	28654
10100	20844
2388	28911
310	26353
2628	20559
552	19924
7963	20708
2290	20030
6184	27413
828	27520
6190	25950
10150	24580
2321	25422
5486	27041
7921	29534
6257	24683
7211	25766
10350	29450
872	29161
2856	29698
7974	21075
2969	29463
5115	26302
7668	24751
65	29797
7439	24453
7307	27501
7041	27484
7113	27417
1069	24606
3607	28266
10378	25456
1097	29198
7279	27207
10153	26450
7364	20757
7540	19897
6943	28558
7075	25456
7224	29361
9485	23007
8759	20499
2089	30129
2619	28536
8803	26905
9631	21557
3282	26590
8735	21547
4145	21144
5375	28349
218	24940
7394	21260
8646	22348
1810	29292
1673	23508
5077	23578
2802	20795
5250	26902
8283	28874
4319	27288
4891	23149
8181	21658
3419	20256
4172	29158
5517	24119
6199	26123
7451	28891
1088	28760
8872	21124
7122	29198
10205	22286
6799	24136
4263	27274
4190	21075
3163	25468
3456	25300
1378	20499
2465	27842
5666	24203
5830	23408
1510	27926
2202	25174
9675	22590
8668	28237
4395	24202
5207	28749
4086	22022
5243	24195
934	22065
7589	26649
3240	27255
643	20014
973	20247
155	29816
8896	21044
6143	28661
5138	30254
5755	20225
2477	25601
2617	23345
2364	28899
10240	22650
1352	25938
5043	28277
791	23378
4143	29910
6558	28971
8247	29284
2595	28705
6993	25497
9214	20480
2689	29856
8997	27004
1654	25942
9697	25451
8977	25450
8284	29330
3208	20215
2416	27566
2838	23917
2644	26450
990	21371
5783	25157
5844	26590
5944	23187
2639	23617
4354	25141
3042	29158
2206	28530
4845	26666
2130	21058
602	19924
431	28968
920	24527
5009	28799
5112	24833
8319	25887
8679	25625
4380	30052
6658	27460
9576	29108
2631	27127
2132	22327
6363	26541
3833	28293
8159	28453
5691	28428
2411	28056
10446	29211
4754	22222
3640	23295
7128	20642
4066	23857
6347	29249
8424	25255
8221	29933
10413	20610
5760	25723
33	20155
2087	19979
1889	27139
4371	22738
2851	27057
2292	29584
727	20434
1202	21354
7823	30102
1616	23165
6112	21367
2843	29249
8791	20044
9948	22402
4125	27737
9903	23582
4919	23068
9623	29528
3515	24683
129	28891
1822	24859
75	29267
8892	22754
1908	29101
8477	29604
5718	20509
9813	22194
8307	23545
1366	26755
3374	22024
5679	23973
4886	23991
7058	26855
2694	27979
2703	25005
2338	29249
2994	25800
6425	27644
3442	24196
3707	27753
7040	25271
4920	24114
9587	22065
5909	23805
4370	27974
9222	28795
5275	27467
5706	20638
10242	23462
6566	20499
6964	29161
4660	28034
6169	21700
1456	27903
8060	26875
9228	26585
4250	22173
4964	20132
10433	25596
131	29172
10170	27697
3606	23039
2057	23509
8300	24319
5987	27540
6333	27936
7407	20014
1172	19825
4581	29500
3892	24527
5301	21394
8650	21547
7477	29350
1523	24509
1055	20429
1757	22918
691	29243
3009	26982
6158	29030
4008	22144
5552	21379
1490	26852
5022	24026
5840	26127
4232	23635
4072	20485
5896	20499
7199	22616
10439	28134
4153	23480
2432	21422
7386	28047
4762	22667
5693	28514
9645	25175
4893	28996
4810	21350
5717	25228
6819	28166
2668	24479
7066	21999
6156	29752
8605	25268
5551	25258
9557	22565
2296	28936
8521	24429
214	28233
9943	22948
3641	25849
10403	25766
7753	23499
5964	26379
3753	27665
3704	25122
270	20132
6952	22437
1815	23351
6523	25817
8080	28751
38	25849
1682	22619
8481	21506
2029	27730
5922	21080
5575	24253
9776	20788
573	22204
262	28467
1224	23028
2704	19924
10414	20224
1906	25927
9969	21943
267	21451
4563	25208
6786	20385
3967	28201
6246	24839
8101	24951
4903	20303
10385	21335
192	26209
7419	26665
9158	28256
6376	28251
7001	29385
6661	28587
4470	28714
196	28891
1620	23032
8360	22402
5820	27806
9955	24676
4139	23139
3095	27896
10479	25721
7187	24097
4321	28618
605	29161
2023	20499
446	29706
7432	20389
2428	21567
6344	25363
6014	21607
1895	23428
10308	29816
2832	26582
5198	24723
7678	28428
9856	28358
8950	28251
652	25283
7206	25263
1306	30173
3799	30157
7097	26197
8851	24606
6390	21512
1751	22044
3912	29598
9213	22480
438	20115
4542	23948
1819	27394
8811	24012
7863	22392
5248	25945
4814	23462
516	26005
1208	20517
7941	21547
6265	28875
1745	20303
5440	24996
6266	23578
7337	25335
575	22161
2804	21203
1170	24171
9372	20641
8474	30173
7377	23273
8865	28473
6933	25623
5312	27816
9084	27039
6841	23838
4967	27952
1032	20898
305	28421
3984	29683
589	21607
3577	23206
6162	27289
5150	20015
336	23038
583	20973
4185	27488
3756	23641
9754	21176
4866	24868
1410	22230
5069	20176
145	29254
3547	27693
7955	28630
3839	26227
2674	28122
1707	29996
3094	19948
3687	29249
367	23029
4338	23723
3977	29578
7997	29440
5858	29324
9435	27118
757	26420
4173	26068
10031	29470
1251	25298
4356	20648
7209	28711
1354	24060
3955	27936
2171	27546
6629	27505
8214	19831
2280	29799
3682	22675
7730	21075
7281	21306
5873	27225
8294	28203
1545	30074
2048	22067
3589	28829
1676	25188
7672	29538
5801	27633
784	21397
2291	20198
8854	21636
10199	25208
3660	27910
5126	20499
2552	23337
6291	24136
335	23441
390	21370
5199	23589
868	28018
8372	25362
4678	24991
4204	22678
2394	23579
2328	21427
80	20622
2114	26849
3	29065
4922	24917
9382	26494
7112	24221
7455	28073
2311	26066
44	29076
3572	27616
8913	25904
3235	21764
8592	27979
5638	26016
6900	22470
5085	27061
5678	21700
3652	28528
4985	20681
2227	25208
1587	29182
6057	26019
5072	25516
9149	27979
9022	28432
2195	23006
5668	27850
3544	23681
1644	22565
8358	30277
8436	20304
8994	24216
5947	29562
368	26302
2002	25219
7363	27195
911	23668
5980	24349
1441	25601
9681	26806
3372	28822
2221	29672
4415	30163
7775	27327
8371	20853
9983	21636
1652	27819
10381	23038
9296	21944
3053	20115
6103	23792
10471	25146
5044	23320
9231	27693
8968	24106
2101	25596
2396	24065
5193	26486
8566	27085
9981	28570
1360	25404
1693	25166
7841	24654
2028	24477
3382	26171
1011	21990
2346	21950
4764	23472
2759	28869
3431	19969
2168	28573
7597	29118
7988	22482
7221	20821
6931	27693
4806	30158
9357	24162
10474	21602
9072	28701
10407	22327
6954	20994
8548	25363
2274	20122
709	23927
2214	20156
1756	27160
4258	22029
3811	24380
5224	28025
4752	29387
1559	20402
1093	29651
2475	23853
2122	20537
7169	26036
5389	23242
2484	22721
1535	22576
9986	22073
4079	23889
7232	26045
2361	21102
4841	21253
4772	24647
7055	22880
637	29004
2510	29297
3502	24644
5500	20120
9162	26806
172	24755
1066	25089
4383	26247
805	20590
8085	23514
6423	26549
10287	20256
9821	26973
2067	28400
9982	25849
2342	26909
8017	26250
2725	25089
10296	23759
2270	20003
9063	20347
7789	22126
10065	20499
10003	24063
1706	25462
2926	20146
467	24345
34	24642
2988	19996
4968	21330
7644	20771
5283	28011
10216	21854
9260	26703
1685	20608
4002	25033
2717	24692
4714	24165
1955	27413
4269	22893
61	19911
889	22230
2528	24681
4871	29144
5594	28158
2261	24118
5867	30132
5722	21875
4015	24772
8792	28961
4684	25297
6714	27305
8846	24723
8129	21404
7532	26450
1725	20416
7820	21092
4944	19837
9112	27806
972	23759
6956	26862
1450	26873
6236	21102
8750	29198
4147	26042
6495	27417
4241	22237
4192	26941
4900	20860
6471	21670
3810	24654
9911	25663
114	25295
4946	28025
5892	22457
4963	24719
7560	27017
6784	20480
5015	20621
5012	27900
916	24198
7893	21617
1713	28360
6967	25517
4785	30246
8125	25530
2065	29399
8218	25766
7154	27288
2086	22282
3595	27064
60	22721
4704	22629
7535	24686
2500	20215
6273	23599
6177	29778
5908	27267
1271	30203
5384	26043
8635	27288
5424	22807
7788	24386
6594	21370
10087	29773
2152	24097
4083	26812
6342	21547
9765	27951
27	26997
10226	20836
8277	20282
6949	27229
2550	19995
505	23523
8274	26231
1824	23413
6282	28863
4664	26839
8940	24279
10156	23649
7833	24112
5404	23249
5879	26061
2710	27947
1424	25462
7683	29572
9503	19937
10347	22360
7891	27004
3648	29192
4849	22012
6048	26250
6303	21532
8508	21636
10404	28874
3090	29161
4550	22555
2784	24908
5554	28534
8280	26970
2316	28585
1864	24517
7905	21075
2850	25770
5344	26450
1422	21842
4607	28073
1675	24415
4575	26795
8931	27308
9538	26118
2339	20768
2731	22327
6354	24996
9016	25759
3956	24817
2413	21576
4420	20018
9252	25952
7049	20229
8337	28389
8799	28102
8987	29799
844	23708
2699	23641
4117	23139
8802	27540
9141	24647
1639	25671
5045	21454
5100	21898
7643	24416
5932	22623
1328	26563
2099	21362
3761	27295
752	21999
174	28241
10370	29360
4681	21099
4729	29830
3162	28688
486	26250
3853	26938
2985	29182
2891	28628
995	29058
6104	24129
9414	28905
1112	28306
1121	28396
5515	27850
6307	24378
1269	25982
4021	24137
153	21530
7193	29284
2377	25611
4698	29472
2050	28155
3751	25569
808	29830
6216	26674
8878	29866
6685	30233
1403	26295
2848	25263
8380	26795
6797	27986
6373	26590
7557	28536
1769	25863
6788	30264
3389	24493
4417	28318
2672	29678
10454	20515
9125	23305
4786	24860
10167	21292
834	19903
1861	29118
3413	24214
4435	23799
5162	25924
4544	22241
5661	24028
8232	19889
7697	29916
744	20826
5386	25721
1909	25805
8109	23663
9705	22299
9859	22916
6698	25721
190	21380
3871	23373
2251	24137
1452	28922
5627	22807
10188	20213
9351	24772
588	23110
6077	27633
4552	29238
8130	30187
6492	30020
3697	28203
4273	28541
2779	25231
1796	29161
9090	20815
4471	25468
2320	27135
10239	21170
2115	21524
9845	27612
3307	30181
4595	22921
9164	20712
6149	23476
7127	24371
9405	20772
7939	28688
8200	22392
717	29297
9917	29188
4345	19903
10375	22870
9131	26628
6325	29479
9013	23994
323	28235
3284	29121
7805	22217
3461	27460
4436	23143
564	24982
5587	24446
41	23495
4668	26590
8352	20282
7637	28092
268	26307
481	20226
1090	27693
9453	25849
5350	20558
4969	22348
6640	27207
9717	21127
9175	20529
169	26318
9734	20215
4536	24117
3732	25388
2606	25858
8032	27635
10019	20910
8917	22948
9380	21692
5929	25424
5359	25471
9849	22012
1579	29845
8587	24928
5812	20225
7189	29816
5895	28247
1168	24587
5815	22392
108	23068
2581	22321
7531	20209
3806	28325
4252	29848
10489	23207
6673	23135
9106	25755
5292	22256
3031	23086
1108	21051
6292	23947
4130	24927
4934	25451
3037	30187
4094	20563
7172	21572
3941	23769
1471	21175
8919	24061
5242	25303
909	20373
1716	26632
2811	22358
5751	29544
10135	24850
8604	22718
4128	29933
9607	27396
3075	29040
3824	29262
10212	20304
3473	30179
4276	28459
2406	23922
1453	21963
8161	22520
815	26555
66	28237
10191	26273
374	27093
656	20110
3866	28914
4287	23024
5371	24228
6488	25007
7545	21848
1647	26515
9630	22750
1156	27327
3630	26305
8622	29284
4680	22893
198	22068
415	23302
9091	25978
10155	29284
2533	20034
1338	20132
4176	24687
173	25923
2018	23041
6193	22679
9830	26905
2564	27819
10487	21752
7664	28820
1885	24512
10301	21414
2223	23852
4918	19903
2886	29732
1663	30142
6897	28922
9067	22916
4375	21721
3861	22399
3289	22074
3314	19971
3040	27830
119	30173
6491	22396
3855	22437
3759	23715
10374	30163
9170	22396
8690	26613
9317	26494
6724	28105
4475	29609
3946	24034
7728	20798
2462	27806
707	20614
5097	21951
3733	20122
5539	24524
6324	29399
4255	27342
10028	25014
1382	24573
3693	26340
7790	24476
9514	28245
6353	21937
6132	25805
8651	27086
9773	21216
6627	25284
7160	29144
2016	27814
2841	27295
181	25007
7885	29190
3120	24030
2803	25005
8356	23295
8095	29198
4992	23039
3288	29731
12	25882
1779	28214
5823	22396
9086	24191
242	25992
4756	26735
2351	26589
9716	23110
6674	20292
5383	21532
8662	29048
9080	21530
10166	21327
5030	26946
4487	27022
8794	23062
9240	22366
10000	24380
2133	30085
1959	23921
7030	27195
2866	29158
1703	21595
1994	21386
971	21821
9763	29715
9036	25755
5307	21944
8874	25093
9330	29003
2095	28595
1416	23140
10306	27756
5466	28966
8435	22674
8655	24203
577	21504
9344	21530
3044	21468
6003	22735
5093	25083
6102	20941
10390	24232
9371	22163
3166	29773
7736	25576
4896	30284
2369	28783
9147	27711
4196	22166
5770	22154
3182	20685
10070	20228
610	25415
6215	25053
8007	25231
3731	28034
4458	29484
10419	24644
6656	22618
8737	22228
9363	21621
7779	20390
3046	29799
6660	28899
5698	22608
3933	24389
2084	23553
375	20738
1329	27544
9199	20844
7931	26139
4361	27989
5107	27281
9386	21467
9659	25171
1182	23091
9617	29951
4935	21670
3727	26450
810	21621
3860	28226
6938	29784
4162	22138
1098	20325
3281	24663
5147	28010
3429	25685
5646	28221
9690	22721
3592	23551
5793	25820
7084	23086
719	21203
10151	22402
3825	25359
3530	20992
2829	25177
6231	26084
6904	25263
2181	26642
3270	20482
3900	20837
8119	21950
1655	24544
4449	27544
9653	29541
436	22551
4328	26946
2558	21642
5179	21075
4632	23117
910	25882
4045	20510
8374	22138
3932	23719
400	24469
3406	22361
17	20837
7305	28466
9419	27785
5747	20685
8902	29285
6242	22389
3836	21779
3849	27923
5790	27542
8837	26585
9118	27580
8193	22935
4827	24951
8882	21475
7000	29130
539	29132
7494	29243
1645	22202
6348	20862
2949	28313
278	20256
7359	29073
9863	27269
1062	20762
3768	27780
798	20860
1746	27926
1924	29399
6070	24455
6573	21925
4564	25461
4078	27074
8660	27562
2787	29609
3921	20746
609	27793
1462	23831
2074	27799
380	29249
7406	26307
8705	20814
7369	23135
5285	22801
5027	26079
6144	24989
8984	22735
8131	20685
5187	25766
7765	22880
10162	27057
4687	23299
6146	23399
3578	27225
5186	23141
1050	21086
9560	24476
2800	24520
2199	22316
8197	29087
5623	27539
3363	20215
6283	25140
6445	21950
6712	27467
7085	27087
2591	26450
7800	20967
2219	24228
3565	25770
8663	30061
6148	28771
6065	20045
8827	23618
6992	23618
5949	26857
2278	22309
10052	21447
9826	27194
3165	25766
5414	27118
8510	22901
8949	24948
6187	19968
8179	30029
1110	29158
4126	29191
2879	23288
9620	19917
3795	24694
731	22381
3275	28574
8672	23171
8475	26001
7897	22322
1952	27573
2983	26024
8538	22494
1444	24546
6923	26629
5143	23383
2385	27004
5893	20225
5211	29646
1692	23234
2450	29164
6844	26768
4110	26311
3333	27228
1506	22116
9794	23596
7396	24982
9059	21923
2536	24246
6228	23166
4614	25053
8980	28951
5315	25296
8955	29544
7743	22322
5338	23550
9019	24345
263	28829
5948	22506
1624	29907
3703	26353
4978	27417
4515	27084
10324	28739
3035	26206
4504	25797
5920	29922
6521	23018
6009	29161
1008	29253
7690	21044
10499	29266
3877	21148
3722	24768
6856	29500
2303	26466
6838	20218
2575	25805
5253	20499
5432	23683
2001	24467
2482	22204
8517	21756
5874	21547
1544	24850
8395	26800
5333	29404
8430	25148
8205	22578
881	20099
4807	21315
2205	24616
9295	19886
6696	20480
406	22237
1792	24506
6310	28741
7334	27948
5986	26527
6762	25985
9549	20499
4659	23068
5042	28502
9197	29989
1519	22895
2755	28809
473	22329
6430	24490
2112	23919
407	22166
2362	20387
5876	24787
1048	22551
6252	29243
8478	26453
1071	26382
6412	20987
10496	28558
1610	25913
9284	28134
2207	21805
8910	26248
225	29653
7686	28086
5906	27084
2360	29491
1838	26530
5915	23076
5480	27925
8983	25005
2990	22202
53	28318
10480	22102
8522	23922
1379	20085
3822	20488
5297	23857
2284	21114
9089	28587
6205	24991
1022	27753
2515	25142
10047	20038
10161	20771
5295	22446
1155	20374
8676	26163
2937	25516
5171	26273
8888	27122
9580	28247
5886	24129
7731	22361
9202	23304
3843	29105
9595	30252
2621	24580
933	21427
2627	22061
6880	25280
6396	27260
1933	27393
8041	26481
8606	27745
8370	24526
3817	23549
3906	22139
1498	29575
8901	28940
6740	26309
4233	20239
2818	26307
4244	22110
10279	20179
334	21427
9918	21183
5035	29377
1126	28687
418	19877
10021	22138
2835	20845
9189	29144
2741	28914
9487	24386
2766	30151
3030	22870
622	23589
5196	29423
2760	24765
5875	27607
10345	23251
10437	26705
4424	30287
3730	28793
8087	24789
529	28277
1491	20285
7785	22322
10428	28740
2831	26142
7970	29730
9349	27394
4373	23294
1702	27108
4279	22416
6277	28206
1189	27998
1311	23244
6867	23663
9506	24730
4393	27371
8315	20030
316	29739
6204	20136
2975	27386
2720	28704
7940	20338
5263	24081
9416	20862
8314	20210
9578	24415
1287	28548
7827	21335
8858	24753
4661	23969
3140	23118
5849	24598
1486	23171
6604	22442
6770	23866
5631	20860
3899	27979
1392	23898
2636	21178
4422	24337
7786	22956
7802	25005
3085	28073
769	27133
7192	24195
3364	22057
10152	22402
4761	20557
6250	23991
4013	28412
8346	30018
7216	27792
10299	26127
6063	22895
4466	23773
10389	20552
9684	19948
460	27020
2862	24049
8028	27566
3451	26668
6814	28764
822	29773
1425	28026
8632	21075
9345	21950
5523	23903
5847	27152
8464	24918
2996	24171
5164	24197
1045	27230
1362	29568
10004	23954
297	21327
905	21117
1469	22366
8505	30187
743	25514
6708	28251
7347	25238
8427	22932
1184	20679
8279	27338
7933	22801
4583	28426
1278	20868
7619	25327
337	25592
2657	27872
7600	29609
9321	28206
6059	19880
3625	29102
3123	21379
6366	28152
3590	29816
7043	27979
3039	20742
2977	29727
7794	22074
4831	19924
6746	29720
9236	25797
6388	20159
1244	21944
1460	22321
6463	27173
99	26520
409	21607
8708	22396
5537	26079
7865	20749
9957	23229
7431	26794
7860	26022
8645	28025
9678	28299
5286	21041
2758	29198
1532	20122
1185	23007
3242	22217
9087	23953
3385	22806
5413	29491
7951	23507
2962	19968
6830	22953
1594	23351
8256	26494
6016	28271
2046	21271
3368	29244
9031	29325
9561	21044
4307	20531
7504	20050
2504	28369
1317	23553
1604	26574
5745	24416
1036	27969
8079	28579
7164	28747
6754	26949
4337	29866
8287	23166
8381	23066
7469	27936
5704	25515
7990	23462
506	29053
4776	23028
9872	28303
3448	21944
1708	27074
6428	20435
6821	23390
10086	24277
683	23690
5255	27612
4201	26008
3551	23263
1359	27327
9290	26934
2079	23964
10316	27701
594	26937
8170	25942
5642	20499
783	27713
9369	20292
10393	20890
2554	26847
9011	27697
6007	25462
6595	25236
10289	20389
386	28320
6950	27321
5111	26370
7297	21726
10458	26830
8098	21102
251	21102
6965	27979
6414	20480
7065	29522
9615	20685
10016	29584
117	28318
7223	22057
382	24112
8608	27355
4245	27049
10392	25766
1100	29249
5231	25723
4791	21335
8667	23589
7513	26587
8124	30068
6289	24490
9834	28318
997	28385
1536	26358
8992	29812
9541	21951
2073	23815
3316	22366
9825	20276
416	29812
6375	21854
4372	25819
7615	29075
2374	28515
5719	26714
4667	30151
4434	21636
2907	23242
7859	27799
9332	21472
5714	19961
2366	20499
7371	27123
4499	27954
3375	22985
10154	22342
1215	29238
2197	26034
3985	28577
9232	27952
9187	28073
2727	21614
3294	21976
8623	27761
4995	22623
5204	29509
6341	27553
7954	23975
2579	22076
9783	28214
3117	21937
515	20827
3688	20847
5006	21636
5056	26803
5862	23744
5891	22500
890	29191
9726	28256
8288	23857
7719	27439
4097	22856
1143	26536
6322	25602
6115	20276
5240	29906
3297	21037
2417	21116
5118	24372
1302	26442
394	23062
3815	22721
4949	24202
823	21567
5254	28314
6285	24491
8409	23744
732	21510
3583	26445
10327	28404
10231	28232
8059	20121
1250	24897
2864	23029
7654	30273
4181	28318
7302	21088
7071	24570
5498	27696
314	29443
9855	28914
4901	28261
912	20685
9279	28226
2254	26477
3103	23554
8767	20823
2641	25016
459	29249
2954	30309
1024	20201
7649	28783
6076	26079
3667	29402
1437	22679
1193	26830
4926	26117
10485	23969
1179	21295
2511	20679
8429	28034
1459	20303
7647	20768
20	25166
8264	30020
9693	24087
5445	26227
9967	23947
8624	29723
6525	29152
8432	25263
1478	25930
1705	24869
8262	25797
892	22322
6756	24723
8686	27956
8003	19968
7435	27688
8155	19924
3446	26307
762	28574
831	20808
5373	25369
4392	23482
7624	24629
3773	27693
6301	26050
2094	28247
4318	19904
3175	24800
4880	23579
4981	23867
3232	27806
1350	27979
10246	25450
9413	29818
3726	21567
7867	27954
9402	20014
8758	23759
4701	20479
2034	22477
8385	21779
530	24641
6097	27331
8487	28581
1996	28541
6825	26216
6650	27761
1081	24030
10189	22739
7261	24042
10079	25268
1632	22238
570	25271
4603	24384
6209	27039
7549	24765
696	21327
8146	29009
8852	26884
10213	25582
5824	21345
1988	23222
8568	19924
5629	23242
9532	23849
1917	25284
9241	29959
4134	20499
6258	28206
5068	20861
2149	26666
7493	27806
9257	29262
10026	24723
1698	21447
1966	22166
2538	21099
5730	29598
9534	20253
10128	28900
8515	25268
142	27788
7379	24554
3401	29417
10394	23986
6990	24457
1147	21958
9509	20014
13	24987
5185	25231
7565	19900
3379	21636
6369	22801
1696	25146
9001	23086
3669	20431
522	29384
9010	27947
6042	22640
6389	25225
8652	21858
10330	21605
8771	22022
2967	20079
8128	21817
3862	21451
9650	29412
10312	24165
4713	25180
2190	26718
7533	19948
6549	29668
3326	21057
8043	20198
9778	24648
8348	21493
9460	28494
7578	26472
10317	26206
929	28731
9999	20864
3488	25311
9714	21532
8393	24775
10383	23758
435	28242
8251	22159
6903	20094
7218	21759
3125	23301
2193	23589
2928	25068
4482	22215
8506	22351
10144	28340
8541	22916
7433	29318
9392	27304
6869	22815
8196	25577
7248	20110
9183	27964
3910	29307
6805	29463
342	28259
3086	23157
9225	30235
6013	28484
7471	27337
6198	30157
9725	26082
8678	24332
2	19857
5563	27954
4961	27964
1299	26033
7709	21769
4980	20179
6240	28558
7587	24948
10172	19924
1898	24354
8069	29223
2085	29310
548	23043
3501	27097
3059	25166
9194	22576
6508	27228
28	25366
1805	28875
4159	29922
7630	28647
9844	30085
5016	24928
1245	26971
4584	23300
7267	26806
7388	23904
1609	21923
9221	28944
6688	27510
4386	25751
3548	27936
6517	24959
772	29683
4590	26214
7840	24345
4376	23383
7650	28771
6966	28340
7525	24118
1187	23838
8053	29153
6127	27030
9142	21670
7928	21998
1123	29555
8064	20281
5080	29123
4941	27730
4647	25113
3346	21004
4323	25273
6457	20543
936	29211
2906	28795
5749	27710
6780	20447
1840	22705
5439	22081
6887	24723
809	21328
5837	21550
294	25918
5531	28031
9263	30048
8692	20499
6401	21652
9399	30255
9418	22942
1552	20685
6206	27519
440	20121
5209	24334
1140	21020
266	23086
4253	21268
6809	23086
7466	23579
5913	22348
8701	27449
3008	22205
2155	20721
8243	29285
2075	29500
4381	27256
6707	25094
74	21539
6072	27063
3573	25667
5364	23133
10148	24022
1117	21572
8573	25268
8388	20823
9882	21503
3934	24268
3776	21557
1893	24490
9888	25543
10081	26984
6173	21075
10314	26564
6450	22381
7074	30025
10484	23758
2299	20179
9407	22807
4129	20614
2488	21779
6137	20314
5767	25886
1642	19877
4864	21169
6024	26037
5567	22012
3470	29182
9215	20539
2387	26550
10049	21486
10034	20308
6804	30151
2324	25868
8988	27806
9569	24777
8021	27633
8413	20497
6170	30265
10475	28891
5377	24457
3143	29837
8975	27143
5402	23269
6230	29198
5053	23166
10313	29041
8375	25601
10071	20685
4509	29145
10297	22551
1671	29211
7021	25831
7464	20294
7924	23495
10098	23235
4523	24158
1240	25119
8647	26643
138	29890
937	25677
562	22381
10338	25139
6461	22593
1768	19903
10233	27605
9737	23158
3801	21362
7190	22053
9441	27725
3295	24263
9450	20968
9137	20409
4773	26454
9780	20739
8812	20138
1727	27936
7230	21412
7408	25615
599	28790
9556	28416
6081	29187
9666	20372
3716	27074
8890	26753
10490	27992
161	21595
256	22307
9805	23904
9208	20856
3873	24453
7139	24863
3757	24049
2060	26637
3152	25529
7546	26219
4615	30079
258	25458
1077	28206
7105	25852
7052	21327
9074	24833
4627	20303
9269	28544
508	22565
9244	24513
4061	22765
9735	25265
9124	21950
4112	22826
5327	25868
546	27396
3302	28444
3995	28876
3315	28916
8137	24383
6551	20499
2909	25139
2382	21720
2762	20771
7722	21201
6226	22190
9806	26260
5725	24310
424	21179
7005	21967
6836	27332
5789	22083
4576	28281
4657	23383
7165	30091
180	23085
2859	26839
4353	24211
7106	26665
10329	27424
9297	28839
8445	29892
122	20856
4285	24060
7577	26590
692	21548
8729	20499
6731	25791
2690	25263
8228	22620
636	24775
8869	22565
4630	24426
1800	27976
3857	22585
4360	23235
5116	23086
8644	25950
1134	26661
4622	28516
2597	28783
5014	23704
1991	24250
8697	30029
7008	25195
6440	28795
6399	26542
3563	20827
6249	20815
4205	24389
9562	28538
3356	21923
7162	22065
5618	25766
5197	21756
3096	29065
3895	19819
5074	25757
2358	20614
8122	28034
264	28471
6350	24118
8595	24479
8024	20435
176	27806
9354	22290
6580	30133
6973	25166
5216	25045
5529	25784
6386	29385
3339	27086
1095	22264
92	30040
8790	24513
1409	24840
4748	21335
5309	21494
2958	22857
5532	29637
2234	20443
2036	25715
1253	28701
5340	23639
2082	28357
10249	22449
203	23969
9308	20915
5764	19941
5152	26139
5707	29528
639	20534
1539	26980
4096	24029
6319	21580
2457	25330
470	20172
4589	28636
10131	23149
699	26735
8456	21416
803	22696
2652	26882
1265	29462
1327	29508
3388	22366
7768	26905
1643	25718
5008	28946
8408	25311
9990	21858
737	24641
10365	24796
1463	25177
4109	30169
4613	28909
7428	25897
5347	21104
2104	25408
4266	21617
6400	29773
2072	29327
4874	28690
5304	26754
1804	21033
2893	28468
4396	29425
5816	27149
1686	22095
7063	30264
238	21447
4799	25219
7312	25036
4513	24204
4325	29249
7489	22893
5356	25942
9127	20731
7670	28876
5897	27943
9464	24796
4278	25089
10462	29158
3280	20820
8929	26614
7807	22830
5808	24880
5865	28024
3148	24815
8838	20711
8022	28976
426	20559
6105	26095
4837	26980
9305	23106
10184	22829
3970	19925
7987	21835
1429	26973
3436	23838
1318	21253
5218	25849
6287	28747
9393	30148
6545	21628
5601	28897
292	23710
2738	21004
3142	25949
2959	21567
3813	24094
7080	27157
3686	22070
7402	23688
777	28421
3201	21668
10445	24103
8236	25680
9268	22341
9533	21779
6970	20139
8333	20662
5435	30129
5401	22343
3878	21929
1289	26755
4555	28899
9132	26626
7569	23808
2535	24819
8619	20030
5616	21253
9000	20139
2530	26973
7182	22383
9219	27232
8154	28922
9095	21776
4758	21829
3676	21829
1268	25688
9655	21607
3386	28156
705	29224
9674	23378
5153	28309
2397	27931
2883	28991
8063	28778
5570	25094
7822	27693
8677	27693
6568	27955
3439	22689
4468	23589
1128	22326
2947	23635
550	23773
10219	22171
9211	25135
7365	23663
2391	29234
2480	23104
2546	24634
9980	22826
299	28185
9819	28537
7676	27925
5935	24977
900	29350
3054	27872
8539	22161
2576	28293
6323	21747
3746	28421
6300	21495
8704	29763
6157	25836
2880	28914
9037	29340
2159	24372
8462	25742
5474	23672
6046	27692
503	22136
1470	21692
2350	28117
2419	21744
5549	20397
9772	22244
5060	27563
5032	22166
5662	29593
9723	22264
984	22366
5734	27137
5553	22067
4730	25659
4637	27159
7567	24275
4346	22237
1283	20721
9889	23194
5695	21463
3749	26344
1082	26666
8052	23431
4274	26182
7360	28299
124	25228
464	29953
2017	28054
10227	24775
1611	27274
7197	24054
5342	27282
1729	27225
7952	27338
945	19880
54	26182
6642	29959
7608	27003
5088	20397
8894	23149
2561	27576
2430	20091
2262	22069
7593	30309
9709	22202
3961	24998
1600	21162
1280	30085
3100	25912
6914	25804
6652	27925
1235	20621
8806	26768
3110	19822
5470	24345
2824	22068
10425	21384
513	28235
5316	21585
2587	23713
9082	26235
662	27327
3013	21991
10177	25268
7658	23395
463	24752
687	28574
1998	30174
6655	22024
4974	25750
2932	24163
10056	26248
2158	23951
9768	22767
1939	23062
1922	26684
8392	19924
8379	20955
1975	25017
9539	25719
7027	27956
4720	30054
10269	30018
5611	29816
4259	27584
8457	21506
4322	29161
5508	22398
876	27559
9910	23016
79	24034
7704	24077
8406	29161
5806	26542
6420	27644
3710	23331
5038	23553
8593	24649
1207	24103
3025	25669
4531	28566
9886	27338
4277	20676
5766	24393
9020	25723
1248	24433
7972	22162
2173	21253
4334	20256
10264	27307
341	20182
2326	21669
3183	20955
4197	23737
10006	20263
8049	22402
10125	26325
10457	24097
9744	23411
352	21463
1524	27710
2058	22402
10088	24163
5713	20653
5842	27110
4697	20258
1481	28654
10222	20949
8731	25766
6670	26513
1560	29784
9353	26657
3739	19829
9415	25197
8008	27323
209	24527
4897	26309
6791	24097
4825	23039
874	22695
592	28032
9962	25518
5289	25273
4577	26576
9512	25320
2272	26758
3588	20255
269	26606
3990	28651
4046	24112
4818	25432
8038	26984
3223	20256
8276	30173
2213	20499
8778	24918
1867	27819
5303	23734
3787	27341
7269	27745
8736	23145
9934	24923
2473	22913
4586	26521
480	22948
2852	20860
3366	22136
1689	28574
10333	23661
9535	27607
2076	26664
5868	23719
5329	19922
9094	28538
5131	22898
3792	23396
4727	23611
281	20154
40	27020
5995	24040
384	30081
5208	25901
2357	21758
1747	22136
3228	26061
6704	28620
8190	20400
9035	24527
6647	20809
2331	29150
10237	30267
4314	23405
2451	29325
9835	23618
606	25762
6554	24656
8809	27793
9108	22619
9599	25685
7701	26450
8171	26395
7692	23723
6185	28554
4055	27557
2543	21253
6608	22232
3445	25049
6666	21990
2890	24113
1003	26267
2716	29520
3553	24648
9788	23984
166	22768
3748	26128
811	27229
1264	23849
5592	26521
3291	24730
3181	25268
3249	21493
8761	25703
9838	29662
6833	26608
7984	25677
8310	28895
7783	20018
5669	26449
2997	29988
4924	20122
1367	20055
4492	24525
8023	27413
8845	21885
8671	30282
4769	20812
1449	28183
2613	29606
9245	29090
6248	20509
5933	22545
5188	28034
6583	22530
7707	24684
5203	21789
8254	29668
8849	21426
758	27364
4238	26328
8764	26093
2313	22250
7242	20927
918	23894
4342	20480
9847	27629
6045	24608
3586	28145
4977	25097
9069	23757
7912	29399
4074	29108
6953	24068
5827	23795
4009	29778
3159	22144
4326	23218
5089	22205
6555	24901
581	21390
5941	27745
7994	21078
