13880	98876
3430	88426
11103	96099
14809	99805
3110	88106
5142	90138
3865	88861
15932	100928
13391	98387
9454	94450
10909	95905
12742	97738
500	85496
5135	90131
15961	100957
3509	88505
14486	99482
11639	96635
4624	89620
3262	88258
1539	86535
16517	101513
3649	88645
5834	90830
7686	92682
13786	98782
7155	92151
4282	89278
3203	88199
9184	94180
9222	94218
1563	86559
9816	94812
978	85974
13671	98667
14643	99639
8185	93181
15741	100737
2311	87307
6228	91224
5800	90796
15688	100684
15525	100521
1689	86685
5265	90261
10648	95644
1106	86102
15450	100446
6348	91344
8768	93764
16531	101527
11036	96032
11533	96529
13165	98161
241	85237
1008	86004
1496	86492
13328	98324
2055	87051
9916	94912
7964	92960
8406	93402
13921	98917
790	85786
12869	97865
8436	93432
9358	94354
12247	97243
4372	89368
1768	86764
6669	91665
7601	92597
2774	87770
8357	93353
4404	89400
9646	94642
4171	89167
708	85704
16143	101139
13669	98665
195	85191
3358	88354
9189	94185
3974	88970
4743	89739
13448	98444
1007	86003
6970	91966
5181	90177
8682	93678
9694	94690
5215	90211
2852	87848
3193	88189
13723	98719
6655	91651
15230	100226
7049	92045
15292	100288
5582	90578
12323	97319
1773	86769
6617	91613
9708	94704
13981	98977
8248	93244
4746	89742
11972	96968
8262	93258
10386	95382
3169	88165
9185	94181
11380	96376
13538	98534
13135	98131
11635	96631
5187	90183
11863	96859
10769	95765
11291	96287
7242	92238
2768	87764
8236	93232
3156	88152
8360	93356
5297	90293
8486	93482
5809	90805
16098	101094
2291	87287
13931	98927
2528	87524
13145	98141
16018	101014
5247	90243
5870	90866
11092	96088
8707	93703
8380	93376
11002	95998
15653	100649
14619	99615
10692	95688
13210	98206
2523	87519
15242	100238
880	85876
10096	95092
16545	101541
9410	94406
8590	93586
7651	92647
226	85222
4574	89570
6056	91052
7536	92532
6931	91927
12302	97298
719	85715
15293	100289
3149	88145
4847	89843
16590	101586
13865	98861
14845	99841
2323	87319
8555	93551
2904	87900
5580	90576
3123	88119
15546	100542
3132	88128
11579	96575
13570	98566
10595	95591
11762	96758
5595	90591
7920	92916
16239	101235
10330	95326
15005	100001
2292	87288
4386	89382
12332	97328
14927	99923
11910	96906
15746	100742
2453	87449
13632	98628
6204	91200
4459	89455
6750	91746
4375	89371
15279	100275
11739	96735
1846	86842
5943	90939
2865	87861
126	85122
91	85087
13689	98685
10350	95346
2182	87178
12975	97971
573	85569
13176	98172
5756	90752
6983	91979
343	85339
3837	88833
11454	96450
16263	101259
9247	94243
906	85902
8727	93723
8031	93027
1672	86668
2853	87849
9085	94081
4256	89252
15789	100785
14388	99384
7469	92465
10602	95598
6791	91787
3418	88414
12292	97288
4015	89011
15760	100756
2642	87638
918	85914
12991	97987
14932	99928
6061	91057
5452	90448
13806	98802
8930	93926
4420	89416
11989	96985
5472	90468
1991	86987
14356	99352
12642	97638
10181	95177
8830	93826
16173	101169
13633	98629
1053	86049
6745	91741
2766	87762
2103	87099
4246	89242
7921	92917
6310	91306
7668	92664
1637	86633
15990	100986
255	85251
9857	94853
5014	90010
12646	97642
9019	94015
10563	95559
4175	89171
11402	96398
11456	96452
3559	88555
7728	92724
1946	86942
2945	87941
12773	97769
1540	86536
13535	98531
13648	98644
15390	100386
910	85906
10745	95741
9325	94321
11581	96577
8471	93467
11525	96521
6595	91591
8995	93991
5662	90658
15367	100363
7614	92610
13130	98126
5021	90017
1088	86084
15207	100203
4797	89793
10050	95046
8528	93524
1731	86727
2676	87672
220	85216
11922	96918
13431	98427
276	85272
15509	100505
10292	95288
16231	101227
8119	93115
11147	96143
14891	99887
3988	88984
10861	95857
6533	91529
8466	93462
16052	101048
15089	100085
13832	98828
841	85837
4431	89427
6837	91833
5615	90611
7953	92949
5357	90353
88	85084
16586	101582
9905	94901
16067	101063
3863	88859
393	85389
10885	95881
11418	96414
16145	101141
9374	94370
1234	86230
301	85297
8735	93731
4121	89117
3326	88322
9348	94344
5013	90009
11256	96252
7044	92040
9102	94098
964	85960
9144	94140
12183	97179
7571	92567
4628	89624
5643	90639
15610	100606
1467	86463
7820	92816
9138	94134
5475	90471
5627	90623
5411	90407
8572	93568
1889	86885
4719	89715
13759	98755
2835	87831
341	85337
8838	93834
10581	95577
10838	95834
5332	90328
7310	92306
7787	92783
3373	88369
10597	95593
8304	93300
12203	97199
10612	95608
10924	95920
6099	91095
8458	93454
8292	93288
13342	98338
6767	91763
133	85129
11506	96502
14351	99347
11114	96110
15784	100780
11727	96723
607	85603
5117	90113
15377	100373
11248	96244
13374	98370
14547	99543
16244	101240
13447	98443
13770	98766
5189	90185
10060	95056
4165	89161
14339	99335
15851	100847
9131	94127
8153	93149
5914	90910
16446	101442
6192	91188
3452	88448
9037	94033
349	85345
11671	96667
5108	90104
12064	97060
15622	100618
2277	87273
7508	92504
3218	88214
4741	89737
3685	88681
11874	96870
3562	88558
13527	98523
11927	96923
9763	94759
4016	89012
9705	94701
15593	100589
15592	100588
6486	91482
3121	88117
11992	96988
8490	93486
989	85985
7241	92237
14354	99350
15983	100979
10039	95035
10689	95685
16319	101315
6907	91903
15585	100581
9150	94146
1347	86343
5213	90209
6236	91232
11761	96757
3760	88756
7421	92417
11070	96066
13303	98299
3387	88383
6021	91017
8093	93089
6361	91357
7364	92360
4115	89111
5348	90344
10394	95390
10446	95442
7696	92692
5782	90778
15492	100488
1622	86618
2228	87224
6399	91395
4516	89512
12210	97206
16022	101018
12681	97677
12658	97654
15482	100478
14667	99663
2575	87571
16151	101147
16347	101343
2651	87647
7487	92483
14163	99159
1676	86672
14104	99100
14326	99322
13251	98247
11288	96284
10227	95223
7674	92670
8522	93518
7306	92302
8233	93229
3505	88501
1913	86909
798	85794
8502	93498
1585	86581
14180	99176
4988	89984
7279	92275
8495	93491
15613	100609
15127	100123
4409	89405
1311	86307
7799	92795
9829	94825
11616	96612
11481	96477
2107	87103
5973	90969
14777	99773
6492	91488
13181	98177
13994	98990
8882	93878
8800	93796
3074	88070
9778	94774
8942	93938
15278	100274
12717	97713
9289	94285
1477	86473
16003	100999
14969	99965
5368	90364
15086	100082
8548	93544
5121	90117
10887	95883
13243	98239
14454	99450
8241	93237
12133	97129
10072	95068
1485	86481
4394	89390
16350	101346
9892	94888
3774	88770
5115	90111
13036	98032
5571	90567
12024	97020
14391	99387
4609	89605
8612	93608
8617	93613
12775	97771
12087	97083
5207	90203
3340	88336
15869	100865
532	85528
1567	86563
7639	92635
4066	89062
1115	86111
2577	87573
15476	100472
3626	88622
2824	87820
7673	92669
1600	86596
3184	88180
3647	88643
10010	95006
14563	99559
2696	87692
6884	91880
162	85158
2912	87908
5078	90074
13452	98448
9113	94109
7809	92805
643	85639
4661	89657
14387	99383
6682	91678
13569	98565
2381	87377
8844	93840
1969	86965
4863	89859
1966	86962
11580	96576
16366	101362
1268	86264
14008	99004
316	85312
14449	99445
11325	96321
277	85273
13166	98162
13700	98696
5633	90629
7565	92561
8741	93737
10101	95097
3206	88202
15228	100224
3817	88813
7153	92149
15513	100509
9734	94730
16449	101445
2033	87029
5288	90284
7485	92481
14509	99505
2090	87086
1700	86696
3797	88793
4247	89243
5335	90331
3003	87999
3606	88602
6660	91656
10619	95615
7312	92308
15704	100700
10117	95113
7911	92907
3296	88292
2352	87348
7575	92571
8182	93178
5372	90368
10253	95249
2771	87767
1363	86359
16331	101327
12858	97854
5905	90901
4296	89292
10525	95521
10616	95612
3048	88044
15085	100081
15083	100079
12404	97400
14120	99116
10594	95590
9350	94346
1246	86242
6614	91610
2477	87473
65	85061
14272	99268
13335	98331
11352	96348
4978	89974
821	85817
13768	98764
8964	93960
8709	93705
4440	89436
7268	92264
5559	90555
7404	92400
9337	94333
5715	90711
10572	95568
4439	89435
5314	90310
11977	96973
13356	98352
14125	99121
1811	86807
15151	100147
5094	90090
8341	93337
11106	96102
16084	101080
871	85867
8	85004
7944	92940
10407	95403
12300	97296
14529	99525
13747	98743
604	85600
3615	88611
4277	89273
9101	94097
11144	96140
10609	95605
12139	97135
1520	86516
12940	97936
15595	100591
2248	87244
13372	98368
3773	88769
16092	101088
8520	93516
11072	96068
3322	88318
16469	101465
5773	90769
5903	90899
5473	90469
13913	98909
15155	100151
15249	100245
510	85506
13541	98537
483	85479
16183	101179
3826	88822
6998	91994
12944	97940
13909	98905
14129	99125
10384	95380
11316	96312
6296	91292
7527	92523
15796	100792
289	85285
868	85864
5629	90625
429	85425
3870	88866
8579	93575
11197	96193
3854	88850
3836	88832
9655	94651
1814	86810
5408	90404
1307	86303
5685	90681
13735	98731
13469	98465
3689	88685
1762	86758
13434	98430
7399	92395
10984	95980
5525	90521
5971	90967
6795	91791
9049	94045
7724	92720
5710	90706
6119	91115
10389	95385
4278	89274
14385	99381
223	85219
14732	99728
2387	87383
10357	95353
14466	99462
5433	90429
8042	93038
2531	87527
12470	97466
1351	86347
11786	96782
12416	97412
11557	96553
11984	96980
15925	100921
14881	99877
2963	87959
16298	101294
8724	93720
3641	88637
566	85562
11331	96327
8281	93277
15165	100161
4684	89680
15928	100924
9814	94810
11867	96863
8412	93408
15846	100842
9680	94676
10729	95725
7046	92042
3779	88775
2772	87768
14282	99278
11592	96588
6402	91398
893	85889
10972	95968
14629	99625
6147	91143
818	85814
13953	98949
3449	88445
16559	101555
2426	87422
10281	95277
2565	87561
11558	96554
3926	88922
15556	100552
1616	86612
1297	86293
12418	97414
8217	93213
15601	100597
14782	99778
5410	90406
3028	88024
10715	95711
14265	99261
15289	100285
445	85441
2705	87701
15495	100491
11014	96010
13869	98865
1597	86593
11327	96323
3396	88392
5779	90775
12923	97919
723	85719
13284	98280
16496	101492
3644	88640
9574	94570
13270	98266
9151	94147
5075	90071
11173	96169
10952	95948
15775	100771
14642	99638
14111	99107
6145	91141
15419	100415
6710	91706
7357	92353
1418	86414
3458	88454
1535	86531
1464	86460
2315	87311
10874	95870
1421	86417
9977	94973
10902	95898
13758	98754
16392	101388
1094	86090
5618	90614
3818	88814
5533	90529
13482	98478
6481	91477
8659	93655
14829	99825
7633	92629
9554	94550
9735	94731
15009	100005
51	85047
4148	89144
981	85977
1181	86177
563	85559
8571	93567
4677	89673
3805	88801
5681	90677
7352	92348
2889	87885
12451	97447
11816	96812
3164	88160
11318	96314
6869	91865
5796	90792
12794	97790
10433	95429
4959	89955
1713	86709
8143	93139
3766	88762
15884	100880
8044	93040
46	85042
6743	91739
11930	96926
448	85444
1399	86395
3419	88415
11981	96977
9927	94923
4709	89705
569	85565
5938	90934
4251	89247
4990	89986
9235	94231
14811	99807
3531	88527
10704	95700
163	85159
5382	90378
11584	96580
8152	93148
6678	91674
14712	99708
15802	100798
2712	87708
14119	99115
3265	88261
4731	89727
2328	87324
13640	98636
1209	86205
3792	88788
9753	94749
5567	90563
6582	91578
13105	98101
16190	101186
4873	89869
9774	94770
8193	93189
5098	90094
15709	100705
3669	88665
8546	93542
11414	96410
2331	87327
2750	87746
7697	92693
10880	95876
11622	96618
5650	90646
3308	88304
10762	95758
15774	100770
13034	98030
6805	91801
10898	95894
11705	96701
14409	99405
16065	101061
12341	97337
15403	100399
7297	92293
5657	90653
1664	86660
10121	95117
14976	99972
16121	101117
4417	89413
7395	92391
3920	88916
1208	86204
13849	98845
3844	88840
5696	90692
12622	97618
3607	88603
8796	93792
2104	87100
14941	99937
14551	99547
16408	101404
13047	98043
13271	98267
10914	95910
5960	90956
2068	87064
7947	92943
6851	91847
13751	98747
5049	90045
4770	89766
5461	90457
14860	99856
1561	86557
5698	90694
12656	97652
6304	91300
16375	101371
5195	90191
2244	87240
383	85379
8465	93461
512	85508
10967	95963
16530	101526
15198	100194
14717	99713
2181	87177
15773	100769
2681	87677
13997	98993
5268	90264
6199	91195
13116	98112
14806	99802
3095	88091
14737	99733
13628	98624
13714	98710
8454	93450
4994	89990
